481 500 7500
1 1 33 D
33 1 33 D
65 1 33 D
97 1 33 D
129 1 33 D
161 1 33 D
193 1 33 D
225 1 33 D
257 1 33 D
289 1 33 D
321 1 33 D
353 1 33 D
385 1 33 D
417 1 33 D
449 1 33 D
1 2 33 D
33 2 33 D
65 2 33 D
97 2 33 D
129 2 33 D
161 2 33 D
193 2 33 D
225 2 33 D
257 2 33 D
289 2 33 D
321 2 33 D
353 2 33 D
385 2 33 D
417 2 33 D
449 2 33 D
1 3 33 D
33 3 33 D
65 3 33 D
97 3 33 D
129 3 33 D
161 3 33 D
193 3 33 D
225 3 33 D
257 3 33 D
289 3 33 D
321 3 33 D
353 3 33 D
385 3 33 D
417 3 33 D
449 3 33 D
1 4 33 D
33 4 33 D
65 4 33 D
97 4 33 D
129 4 33 D
161 4 33 D
193 4 33 D
225 4 33 D
257 4 33 D
289 4 33 D
321 4 33 D
353 4 33 D
385 4 33 D
417 4 33 D
449 4 33 D
1 5 33 D
33 5 33 D
65 5 33 D
97 5 33 D
129 5 33 D
161 5 33 D
193 5 33 D
225 5 33 D
257 5 33 D
289 5 33 D
321 5 33 D
353 5 33 D
385 5 33 D
417 5 33 D
449 5 33 D
1 6 33 D
33 6 33 D
65 6 33 D
97 6 33 D
129 6 33 D
161 6 33 D
193 6 33 D
225 6 33 D
257 6 33 D
289 6 33 D
321 6 33 D
353 6 33 D
385 6 33 D
417 6 33 D
449 6 33 D
1 7 33 D
33 7 33 D
65 7 33 D
97 7 33 D
129 7 33 D
161 7 33 D
193 7 33 D
225 7 33 D
257 7 33 D
289 7 33 D
321 7 33 D
353 7 33 D
385 7 33 D
417 7 33 D
449 7 33 D
1 8 33 D
33 8 33 D
65 8 33 D
97 8 33 D
129 8 33 D
161 8 33 D
193 8 33 D
225 8 33 D
257 8 33 D
289 8 33 D
321 8 33 D
353 8 33 D
385 8 33 D
417 8 33 D
449 8 33 D
1 9 33 D
33 9 33 D
65 9 33 D
97 9 33 D
129 9 33 D
161 9 33 D
193 9 33 D
225 9 33 D
257 9 33 D
289 9 33 D
321 9 33 D
353 9 33 D
385 9 33 D
417 9 33 D
449 9 33 D
1 10 33 D
33 10 33 D
65 10 33 D
97 10 33 D
129 10 33 D
161 10 33 D
193 10 33 D
225 10 33 D
257 10 33 D
289 10 33 D
321 10 33 D
353 10 33 D
385 10 33 D
417 10 33 D
449 10 33 D
1 11 33 D
33 11 33 D
65 11 33 D
97 11 33 D
129 11 33 D
161 11 33 D
193 11 33 D
225 11 33 D
257 11 33 D
289 11 33 D
321 11 33 D
353 11 33 D
385 11 33 D
417 11 33 D
449 11 33 D
1 12 33 D
33 12 33 D
65 12 33 D
97 12 33 D
129 12 33 D
161 12 33 D
193 12 33 D
225 12 33 D
257 12 33 D
289 12 33 D
321 12 33 D
353 12 33 D
385 12 33 D
417 12 33 D
449 12 33 D
1 13 33 D
33 13 33 D
65 13 33 D
97 13 33 D
129 13 33 D
161 13 33 D
193 13 33 D
225 13 33 D
257 13 33 D
289 13 33 D
321 13 33 D
353 13 33 D
385 13 33 D
417 13 33 D
449 13 33 D
1 14 33 D
33 14 33 D
65 14 33 D
97 14 33 D
129 14 33 D
161 14 33 D
193 14 33 D
225 14 33 D
257 14 33 D
289 14 33 D
321 14 33 D
353 14 33 D
385 14 33 D
417 14 33 D
449 14 33 D
1 15 33 D
33 15 33 D
65 15 33 D
97 15 33 D
129 15 33 D
161 15 33 D
193 15 33 D
225 15 33 D
257 15 33 D
289 15 33 D
321 15 33 D
353 15 33 D
385 15 33 D
417 15 33 D
449 15 33 D
1 16 33 D
33 16 33 D
65 16 33 D
97 16 33 D
129 16 33 D
161 16 33 D
193 16 33 D
225 16 33 D
257 16 33 D
289 16 33 D
321 16 33 D
353 16 33 D
385 16 33 D
417 16 33 D
449 16 33 D
1 17 33 D
33 17 33 D
65 17 33 D
97 17 33 D
129 17 33 D
161 17 33 D
193 17 33 D
225 17 33 D
257 17 33 D
289 17 33 D
321 17 33 D
353 17 33 D
385 17 33 D
417 17 33 D
449 17 33 D
1 18 33 D
33 18 33 D
65 18 33 D
97 18 33 D
129 18 33 D
161 18 33 D
193 18 33 D
225 18 33 D
257 18 33 D
289 18 33 D
321 18 33 D
353 18 33 D
385 18 33 D
417 18 33 D
449 18 33 D
1 19 33 D
33 19 33 D
65 19 33 D
97 19 33 D
129 19 33 D
161 19 33 D
193 19 33 D
225 19 33 D
257 19 33 D
289 19 33 D
321 19 33 D
353 19 33 D
385 19 33 D
417 19 33 D
449 19 33 D
1 20 33 D
33 20 33 D
65 20 33 D
97 20 33 D
129 20 33 D
161 20 33 D
193 20 33 D
225 20 33 D
257 20 33 D
289 20 33 D
321 20 33 D
353 20 33 D
385 20 33 D
417 20 33 D
449 20 33 D
1 21 33 D
33 21 33 D
65 21 33 D
97 21 33 D
129 21 33 D
161 21 33 D
193 21 33 D
225 21 33 D
257 21 33 D
289 21 33 D
321 21 33 D
353 21 33 D
385 21 33 D
417 21 33 D
449 21 33 D
1 22 33 D
33 22 33 D
65 22 33 D
97 22 33 D
129 22 33 D
161 22 33 D
193 22 33 D
225 22 33 D
257 22 33 D
289 22 33 D
321 22 33 D
353 22 33 D
385 22 33 D
417 22 33 D
449 22 33 D
1 23 33 D
33 23 33 D
65 23 33 D
97 23 33 D
129 23 33 D
161 23 33 D
193 23 33 D
225 23 33 D
257 23 33 D
289 23 33 D
321 23 33 D
353 23 33 D
385 23 33 D
417 23 33 D
449 23 33 D
1 24 33 D
33 24 33 D
65 24 33 D
97 24 33 D
129 24 33 D
161 24 33 D
193 24 33 D
225 24 33 D
257 24 33 D
289 24 33 D
321 24 33 D
353 24 33 D
385 24 33 D
417 24 33 D
449 24 33 D
1 25 33 D
33 25 33 D
65 25 33 D
97 25 33 D
129 25 33 D
161 25 33 D
193 25 33 D
225 25 33 D
257 25 33 D
289 25 33 D
321 25 33 D
353 25 33 D
385 25 33 D
417 25 33 D
449 25 33 D
1 26 33 D
33 26 33 D
65 26 33 D
97 26 33 D
129 26 33 D
161 26 33 D
193 26 33 D
225 26 33 D
257 26 33 D
289 26 33 D
321 26 33 D
353 26 33 D
385 26 33 D
417 26 33 D
449 26 33 D
1 27 33 D
33 27 33 D
65 27 33 D
97 27 33 D
129 27 33 D
161 27 33 D
193 27 33 D
225 27 33 D
257 27 33 D
289 27 33 D
321 27 33 D
353 27 33 D
385 27 33 D
417 27 33 D
449 27 33 D
1 28 33 D
33 28 33 D
65 28 33 D
97 28 33 D
129 28 33 D
161 28 33 D
193 28 33 D
225 28 33 D
257 28 33 D
289 28 33 D
321 28 33 D
353 28 33 D
385 28 33 D
417 28 33 D
449 28 33 D
1 29 33 D
33 29 33 D
65 29 33 D
97 29 33 D
129 29 33 D
161 29 33 D
193 29 33 D
225 29 33 D
257 29 33 D
289 29 33 D
321 29 33 D
353 29 33 D
385 29 33 D
417 29 33 D
449 29 33 D
1 30 33 D
33 30 33 D
65 30 33 D
97 30 33 D
129 30 33 D
161 30 33 D
193 30 33 D
225 30 33 D
257 30 33 D
289 30 33 D
321 30 33 D
353 30 33 D
385 30 33 D
417 30 33 D
449 30 33 D
1 31 33 D
33 31 33 D
65 31 33 D
97 31 33 D
129 31 33 D
161 31 33 D
193 31 33 D
225 31 33 D
257 31 33 D
289 31 33 D
321 31 33 D
353 31 33 D
385 31 33 D
417 31 33 D
449 31 33 D
1 32 33 D
33 32 33 D
65 32 33 D
97 32 33 D
129 32 33 D
161 32 33 D
193 32 33 D
225 32 33 D
257 32 33 D
289 32 33 D
321 32 33 D
353 32 33 D
385 32 33 D
417 32 33 D
449 32 33 D
1 33 33 D
33 33 33 D
65 33 33 D
97 33 33 D
129 33 33 D
161 33 33 D
193 33 33 D
225 33 33 D
257 33 33 D
289 33 33 D
321 33 33 D
353 33 33 D
385 33 33 D
417 33 33 D
449 33 33 D
1 34 33 D
33 34 33 D
65 34 33 D
97 34 33 D
129 34 33 D
161 34 33 D
193 34 33 D
225 34 33 D
257 34 33 D
289 34 33 D
321 34 33 D
353 34 33 D
385 34 33 D
417 34 33 D
449 34 33 D
1 35 33 D
33 35 33 D
65 35 33 D
97 35 33 D
129 35 33 D
161 35 33 D
193 35 33 D
225 35 33 D
257 35 33 D
289 35 33 D
321 35 33 D
353 35 33 D
385 35 33 D
417 35 33 D
449 35 33 D
1 36 33 D
33 36 33 D
65 36 33 D
97 36 33 D
129 36 33 D
161 36 33 D
193 36 33 D
225 36 33 D
257 36 33 D
289 36 33 D
321 36 33 D
353 36 33 D
385 36 33 D
417 36 33 D
449 36 33 D
1 37 33 D
33 37 33 D
65 37 33 D
97 37 33 D
129 37 33 D
161 37 33 D
193 37 33 D
225 37 33 D
257 37 33 D
289 37 33 D
321 37 33 D
353 37 33 D
385 37 33 D
417 37 33 D
449 37 33 D
1 38 33 D
33 38 33 D
65 38 33 D
97 38 33 D
129 38 33 D
161 38 33 D
193 38 33 D
225 38 33 D
257 38 33 D
289 38 33 D
321 38 33 D
353 38 33 D
385 38 33 D
417 38 33 D
449 38 33 D
1 39 33 D
33 39 33 D
65 39 33 D
97 39 33 D
129 39 33 D
161 39 33 D
193 39 33 D
225 39 33 D
257 39 33 D
289 39 33 D
321 39 33 D
353 39 33 D
385 39 33 D
417 39 33 D
449 39 33 D
1 40 33 D
33 40 33 D
65 40 33 D
97 40 33 D
129 40 33 D
161 40 33 D
193 40 33 D
225 40 33 D
257 40 33 D
289 40 33 D
321 40 33 D
353 40 33 D
385 40 33 D
417 40 33 D
449 40 33 D
1 41 33 D
33 41 33 D
65 41 33 D
97 41 33 D
129 41 33 D
161 41 33 D
193 41 33 D
225 41 33 D
257 41 33 D
289 41 33 D
321 41 33 D
353 41 33 D
385 41 33 D
417 41 33 D
449 41 33 D
1 42 33 D
33 42 33 D
65 42 33 D
97 42 33 D
129 42 33 D
161 42 33 D
193 42 33 D
225 42 33 D
257 42 33 D
289 42 33 D
321 42 33 D
353 42 33 D
385 42 33 D
417 42 33 D
449 42 33 D
1 43 33 D
33 43 33 D
65 43 33 D
97 43 33 D
129 43 33 D
161 43 33 D
193 43 33 D
225 43 33 D
257 43 33 D
289 43 33 D
321 43 33 D
353 43 33 D
385 43 33 D
417 43 33 D
449 43 33 D
1 44 33 D
33 44 33 D
65 44 33 D
97 44 33 D
129 44 33 D
161 44 33 D
193 44 33 D
225 44 33 D
257 44 33 D
289 44 33 D
321 44 33 D
353 44 33 D
385 44 33 D
417 44 33 D
449 44 33 D
1 45 33 D
33 45 33 D
65 45 33 D
97 45 33 D
129 45 33 D
161 45 33 D
193 45 33 D
225 45 33 D
257 45 33 D
289 45 33 D
321 45 33 D
353 45 33 D
385 45 33 D
417 45 33 D
449 45 33 D
1 46 33 D
33 46 33 D
65 46 33 D
97 46 33 D
129 46 33 D
161 46 33 D
193 46 33 D
225 46 33 D
257 46 33 D
289 46 33 D
321 46 33 D
353 46 33 D
385 46 33 D
417 46 33 D
449 46 33 D
1 47 33 D
33 47 33 D
65 47 33 D
97 47 33 D
129 47 33 D
161 47 33 D
193 47 33 D
225 47 33 D
257 47 33 D
289 47 33 D
321 47 33 D
353 47 33 D
385 47 33 D
417 47 33 D
449 47 33 D
1 48 33 D
33 48 33 D
65 48 33 D
97 48 33 D
129 48 33 D
161 48 33 D
193 48 33 D
225 48 33 D
257 48 33 D
289 48 33 D
321 48 33 D
353 48 33 D
385 48 33 D
417 48 33 D
449 48 33 D
1 49 33 D
33 49 33 D
65 49 33 D
97 49 33 D
129 49 33 D
161 49 33 D
193 49 33 D
225 49 33 D
257 49 33 D
289 49 33 D
321 49 33 D
353 49 33 D
385 49 33 D
417 49 33 D
449 49 33 D
1 50 33 D
33 50 33 D
65 50 33 D
97 50 33 D
129 50 33 D
161 50 33 D
193 50 33 D
225 50 33 D
257 50 33 D
289 50 33 D
321 50 33 D
353 50 33 D
385 50 33 D
417 50 33 D
449 50 33 D
1 51 33 D
33 51 33 D
65 51 33 D
97 51 33 D
129 51 33 D
161 51 33 D
193 51 33 D
225 51 33 D
257 51 33 D
289 51 33 D
321 51 33 D
353 51 33 D
385 51 33 D
417 51 33 D
449 51 33 D
1 52 33 D
33 52 33 D
65 52 33 D
97 52 33 D
129 52 33 D
161 52 33 D
193 52 33 D
225 52 33 D
257 52 33 D
289 52 33 D
321 52 33 D
353 52 33 D
385 52 33 D
417 52 33 D
449 52 33 D
1 53 33 D
33 53 33 D
65 53 33 D
97 53 33 D
129 53 33 D
161 53 33 D
193 53 33 D
225 53 33 D
257 53 33 D
289 53 33 D
321 53 33 D
353 53 33 D
385 53 33 D
417 53 33 D
449 53 33 D
1 54 33 D
33 54 33 D
65 54 33 D
97 54 33 D
129 54 33 D
161 54 33 D
193 54 33 D
225 54 33 D
257 54 33 D
289 54 33 D
321 54 33 D
353 54 33 D
385 54 33 D
417 54 33 D
449 54 33 D
1 55 33 D
33 55 33 D
65 55 33 D
97 55 33 D
129 55 33 D
161 55 33 D
193 55 33 D
225 55 33 D
257 55 33 D
289 55 33 D
321 55 33 D
353 55 33 D
385 55 33 D
417 55 33 D
449 55 33 D
1 56 33 D
33 56 33 D
65 56 33 D
97 56 33 D
129 56 33 D
161 56 33 D
193 56 33 D
225 56 33 D
257 56 33 D
289 56 33 D
321 56 33 D
353 56 33 D
385 56 33 D
417 56 33 D
449 56 33 D
1 57 33 D
33 57 33 D
65 57 33 D
97 57 33 D
129 57 33 D
161 57 33 D
193 57 33 D
225 57 33 D
257 57 33 D
289 57 33 D
321 57 33 D
353 57 33 D
385 57 33 D
417 57 33 D
449 57 33 D
1 58 33 D
33 58 33 D
65 58 33 D
97 58 33 D
129 58 33 D
161 58 33 D
193 58 33 D
225 58 33 D
257 58 33 D
289 58 33 D
321 58 33 D
353 58 33 D
385 58 33 D
417 58 33 D
449 58 33 D
1 59 33 D
33 59 33 D
65 59 33 D
97 59 33 D
129 59 33 D
161 59 33 D
193 59 33 D
225 59 33 D
257 59 33 D
289 59 33 D
321 59 33 D
353 59 33 D
385 59 33 D
417 59 33 D
449 59 33 D
1 60 33 D
33 60 33 D
65 60 33 D
97 60 33 D
129 60 33 D
161 60 33 D
193 60 33 D
225 60 33 D
257 60 33 D
289 60 33 D
321 60 33 D
353 60 33 D
385 60 33 D
417 60 33 D
449 60 33 D
1 61 33 D
33 61 33 D
65 61 33 D
97 61 33 D
129 61 33 D
161 61 33 D
193 61 33 D
225 61 33 D
257 61 33 D
289 61 33 D
321 61 33 D
353 61 33 D
385 61 33 D
417 61 33 D
449 61 33 D
1 62 33 D
33 62 33 D
65 62 33 D
97 62 33 D
129 62 33 D
161 62 33 D
193 62 33 D
225 62 33 D
257 62 33 D
289 62 33 D
321 62 33 D
353 62 33 D
385 62 33 D
417 62 33 D
449 62 33 D
1 63 33 D
33 63 33 D
65 63 33 D
97 63 33 D
129 63 33 D
161 63 33 D
193 63 33 D
225 63 33 D
257 63 33 D
289 63 33 D
321 63 33 D
353 63 33 D
385 63 33 D
417 63 33 D
449 63 33 D
1 64 33 D
33 64 33 D
65 64 33 D
97 64 33 D
129 64 33 D
161 64 33 D
193 64 33 D
225 64 33 D
257 64 33 D
289 64 33 D
321 64 33 D
353 64 33 D
385 64 33 D
417 64 33 D
449 64 33 D
1 65 33 D
33 65 33 D
65 65 33 D
97 65 33 D
129 65 33 D
161 65 33 D
193 65 33 D
225 65 33 D
257 65 33 D
289 65 33 D
321 65 33 D
353 65 33 D
385 65 33 D
417 65 33 D
449 65 33 D
1 66 33 D
33 66 33 D
65 66 33 D
97 66 33 D
129 66 33 D
161 66 33 D
193 66 33 D
225 66 33 D
257 66 33 D
289 66 33 D
321 66 33 D
353 66 33 D
385 66 33 D
417 66 33 D
449 66 33 D
1 67 33 D
33 67 33 D
65 67 33 D
97 67 33 D
129 67 33 D
161 67 33 D
193 67 33 D
225 67 33 D
257 67 33 D
289 67 33 D
321 67 33 D
353 67 33 D
385 67 33 D
417 67 33 D
449 67 33 D
1 68 33 D
33 68 33 D
65 68 33 D
97 68 33 D
129 68 33 D
161 68 33 D
193 68 33 D
225 68 33 D
257 68 33 D
289 68 33 D
321 68 33 D
353 68 33 D
385 68 33 D
417 68 33 D
449 68 33 D
1 69 33 D
33 69 33 D
65 69 33 D
97 69 33 D
129 69 33 D
161 69 33 D
193 69 33 D
225 69 33 D
257 69 33 D
289 69 33 D
321 69 33 D
353 69 33 D
385 69 33 D
417 69 33 D
449 69 33 D
1 70 33 D
33 70 33 D
65 70 33 D
97 70 33 D
129 70 33 D
161 70 33 D
193 70 33 D
225 70 33 D
257 70 33 D
289 70 33 D
321 70 33 D
353 70 33 D
385 70 33 D
417 70 33 D
449 70 33 D
1 71 33 D
33 71 33 D
65 71 33 D
97 71 33 D
129 71 33 D
161 71 33 D
193 71 33 D
225 71 33 D
257 71 33 D
289 71 33 D
321 71 33 D
353 71 33 D
385 71 33 D
417 71 33 D
449 71 33 D
1 72 33 D
33 72 33 D
65 72 33 D
97 72 33 D
129 72 33 D
161 72 33 D
193 72 33 D
225 72 33 D
257 72 33 D
289 72 33 D
321 72 33 D
353 72 33 D
385 72 33 D
417 72 33 D
449 72 33 D
1 73 33 D
33 73 33 D
65 73 33 D
97 73 33 D
129 73 33 D
161 73 33 D
193 73 33 D
225 73 33 D
257 73 33 D
289 73 33 D
321 73 33 D
353 73 33 D
385 73 33 D
417 73 33 D
449 73 33 D
1 74 33 D
33 74 33 D
65 74 33 D
97 74 33 D
129 74 33 D
161 74 33 D
193 74 33 D
225 74 33 D
257 74 33 D
289 74 33 D
321 74 33 D
353 74 33 D
385 74 33 D
417 74 33 D
449 74 33 D
1 75 33 D
33 75 33 D
65 75 33 D
97 75 33 D
129 75 33 D
161 75 33 D
193 75 33 D
225 75 33 D
257 75 33 D
289 75 33 D
321 75 33 D
353 75 33 D
385 75 33 D
417 75 33 D
449 75 33 D
1 76 33 D
33 76 33 D
65 76 33 D
97 76 33 D
129 76 33 D
161 76 33 D
193 76 33 D
225 76 33 D
257 76 33 D
289 76 33 D
321 76 33 D
353 76 33 D
385 76 33 D
417 76 33 D
449 76 33 D
1 77 33 D
33 77 33 D
65 77 33 D
97 77 33 D
129 77 33 D
161 77 33 D
193 77 33 D
225 77 33 D
257 77 33 D
289 77 33 D
321 77 33 D
353 77 33 D
385 77 33 D
417 77 33 D
449 77 33 D
1 78 33 D
33 78 33 D
65 78 33 D
97 78 33 D
129 78 33 D
161 78 33 D
193 78 33 D
225 78 33 D
257 78 33 D
289 78 33 D
321 78 33 D
353 78 33 D
385 78 33 D
417 78 33 D
449 78 33 D
1 79 33 D
33 79 33 D
65 79 33 D
97 79 33 D
129 79 33 D
161 79 33 D
193 79 33 D
225 79 33 D
257 79 33 D
289 79 33 D
321 79 33 D
353 79 33 D
385 79 33 D
417 79 33 D
449 79 33 D
1 80 33 D
33 80 33 D
65 80 33 D
97 80 33 D
129 80 33 D
161 80 33 D
193 80 33 D
225 80 33 D
257 80 33 D
289 80 33 D
321 80 33 D
353 80 33 D
385 80 33 D
417 80 33 D
449 80 33 D
1 81 33 D
33 81 33 D
65 81 33 D
97 81 33 D
129 81 33 D
161 81 33 D
193 81 33 D
225 81 33 D
257 81 33 D
289 81 33 D
321 81 33 D
353 81 33 D
385 81 33 D
417 81 33 D
449 81 33 D
1 82 33 D
33 82 33 D
65 82 33 D
97 82 33 D
129 82 33 D
161 82 33 D
193 82 33 D
225 82 33 D
257 82 33 D
289 82 33 D
321 82 33 D
353 82 33 D
385 82 33 D
417 82 33 D
449 82 33 D
1 83 33 D
33 83 33 D
65 83 33 D
97 83 33 D
129 83 33 D
161 83 33 D
193 83 33 D
225 83 33 D
257 83 33 D
289 83 33 D
321 83 33 D
353 83 33 D
385 83 33 D
417 83 33 D
449 83 33 D
1 84 33 D
33 84 33 D
65 84 33 D
97 84 33 D
129 84 33 D
161 84 33 D
193 84 33 D
225 84 33 D
257 84 33 D
289 84 33 D
321 84 33 D
353 84 33 D
385 84 33 D
417 84 33 D
449 84 33 D
1 85 33 D
33 85 33 D
65 85 33 D
97 85 33 D
129 85 33 D
161 85 33 D
193 85 33 D
225 85 33 D
257 85 33 D
289 85 33 D
321 85 33 D
353 85 33 D
385 85 33 D
417 85 33 D
449 85 33 D
1 86 33 D
33 86 33 D
65 86 33 D
97 86 33 D
129 86 33 D
161 86 33 D
193 86 33 D
225 86 33 D
257 86 33 D
289 86 33 D
321 86 33 D
353 86 33 D
385 86 33 D
417 86 33 D
449 86 33 D
1 87 33 D
33 87 33 D
65 87 33 D
97 87 33 D
129 87 33 D
161 87 33 D
193 87 33 D
225 87 33 D
257 87 33 D
289 87 33 D
321 87 33 D
353 87 33 D
385 87 33 D
417 87 33 D
449 87 33 D
1 88 33 D
33 88 33 D
65 88 33 D
97 88 33 D
129 88 33 D
161 88 33 D
193 88 33 D
225 88 33 D
257 88 33 D
289 88 33 D
321 88 33 D
353 88 33 D
385 88 33 D
417 88 33 D
449 88 33 D
1 89 33 D
33 89 33 D
65 89 33 D
97 89 33 D
129 89 33 D
161 89 33 D
193 89 33 D
225 89 33 D
257 89 33 D
289 89 33 D
321 89 33 D
353 89 33 D
385 89 33 D
417 89 33 D
449 89 33 D
1 90 33 D
33 90 33 D
65 90 33 D
97 90 33 D
129 90 33 D
161 90 33 D
193 90 33 D
225 90 33 D
257 90 33 D
289 90 33 D
321 90 33 D
353 90 33 D
385 90 33 D
417 90 33 D
449 90 33 D
1 91 33 D
33 91 33 D
65 91 33 D
97 91 33 D
129 91 33 D
161 91 33 D
193 91 33 D
225 91 33 D
257 91 33 D
289 91 33 D
321 91 33 D
353 91 33 D
385 91 33 D
417 91 33 D
449 91 33 D
1 92 33 D
33 92 33 D
65 92 33 D
97 92 33 D
129 92 33 D
161 92 33 D
193 92 33 D
225 92 33 D
257 92 33 D
289 92 33 D
321 92 33 D
353 92 33 D
385 92 33 D
417 92 33 D
449 92 33 D
1 93 33 D
33 93 33 D
65 93 33 D
97 93 33 D
129 93 33 D
161 93 33 D
193 93 33 D
225 93 33 D
257 93 33 D
289 93 33 D
321 93 33 D
353 93 33 D
385 93 33 D
417 93 33 D
449 93 33 D
1 94 33 D
33 94 33 D
65 94 33 D
97 94 33 D
129 94 33 D
161 94 33 D
193 94 33 D
225 94 33 D
257 94 33 D
289 94 33 D
321 94 33 D
353 94 33 D
385 94 33 D
417 94 33 D
449 94 33 D
1 95 33 D
33 95 33 D
65 95 33 D
97 95 33 D
129 95 33 D
161 95 33 D
193 95 33 D
225 95 33 D
257 95 33 D
289 95 33 D
321 95 33 D
353 95 33 D
385 95 33 D
417 95 33 D
449 95 33 D
1 96 33 D
33 96 33 D
65 96 33 D
97 96 33 D
129 96 33 D
161 96 33 D
193 96 33 D
225 96 33 D
257 96 33 D
289 96 33 D
321 96 33 D
353 96 33 D
385 96 33 D
417 96 33 D
449 96 33 D
1 97 33 D
33 97 33 D
65 97 33 D
97 97 33 D
129 97 33 D
161 97 33 D
193 97 33 D
225 97 33 D
257 97 33 D
289 97 33 D
321 97 33 D
353 97 33 D
385 97 33 D
417 97 33 D
449 97 33 D
1 98 33 D
33 98 33 D
65 98 33 D
97 98 33 D
129 98 33 D
161 98 33 D
193 98 33 D
225 98 33 D
257 98 33 D
289 98 33 D
321 98 33 D
353 98 33 D
385 98 33 D
417 98 33 D
449 98 33 D
1 99 33 D
33 99 33 D
65 99 33 D
97 99 33 D
129 99 33 D
161 99 33 D
193 99 33 D
225 99 33 D
257 99 33 D
289 99 33 D
321 99 33 D
353 99 33 D
385 99 33 D
417 99 33 D
449 99 33 D
1 100 33 D
33 100 33 D
65 100 33 D
97 100 33 D
129 100 33 D
161 100 33 D
193 100 33 D
225 100 33 D
257 100 33 D
289 100 33 D
321 100 33 D
353 100 33 D
385 100 33 D
417 100 33 D
449 100 33 D
1 101 33 D
33 101 33 D
65 101 33 D
97 101 33 D
129 101 33 D
161 101 33 D
193 101 33 D
225 101 33 D
257 101 33 D
289 101 33 D
321 101 33 D
353 101 33 D
385 101 33 D
417 101 33 D
449 101 33 D
1 102 33 D
33 102 33 D
65 102 33 D
97 102 33 D
129 102 33 D
161 102 33 D
193 102 33 D
225 102 33 D
257 102 33 D
289 102 33 D
321 102 33 D
353 102 33 D
385 102 33 D
417 102 33 D
449 102 33 D
1 103 33 D
33 103 33 D
65 103 33 D
97 103 33 D
129 103 33 D
161 103 33 D
193 103 33 D
225 103 33 D
257 103 33 D
289 103 33 D
321 103 33 D
353 103 33 D
385 103 33 D
417 103 33 D
449 103 33 D
1 104 33 D
33 104 33 D
65 104 33 D
97 104 33 D
129 104 33 D
161 104 33 D
193 104 33 D
225 104 33 D
257 104 33 D
289 104 33 D
321 104 33 D
353 104 33 D
385 104 33 D
417 104 33 D
449 104 33 D
1 105 33 D
33 105 33 D
65 105 33 D
97 105 33 D
129 105 33 D
161 105 33 D
193 105 33 D
225 105 33 D
257 105 33 D
289 105 33 D
321 105 33 D
353 105 33 D
385 105 33 D
417 105 33 D
449 105 33 D
1 106 33 D
33 106 33 D
65 106 33 D
97 106 33 D
129 106 33 D
161 106 33 D
193 106 33 D
225 106 33 D
257 106 33 D
289 106 33 D
321 106 33 D
353 106 33 D
385 106 33 D
417 106 33 D
449 106 33 D
1 107 33 D
33 107 33 D
65 107 33 D
97 107 33 D
129 107 33 D
161 107 33 D
193 107 33 D
225 107 33 D
257 107 33 D
289 107 33 D
321 107 33 D
353 107 33 D
385 107 33 D
417 107 33 D
449 107 33 D
1 108 33 D
33 108 33 D
65 108 33 D
97 108 33 D
129 108 33 D
161 108 33 D
193 108 33 D
225 108 33 D
257 108 33 D
289 108 33 D
321 108 33 D
353 108 33 D
385 108 33 D
417 108 33 D
449 108 33 D
1 109 33 D
33 109 33 D
65 109 33 D
97 109 33 D
129 109 33 D
161 109 33 D
193 109 33 D
225 109 33 D
257 109 33 D
289 109 33 D
321 109 33 D
353 109 33 D
385 109 33 D
417 109 33 D
449 109 33 D
1 110 33 D
33 110 33 D
65 110 33 D
97 110 33 D
129 110 33 D
161 110 33 D
193 110 33 D
225 110 33 D
257 110 33 D
289 110 33 D
321 110 33 D
353 110 33 D
385 110 33 D
417 110 33 D
449 110 33 D
1 111 33 D
33 111 33 D
65 111 33 D
97 111 33 D
129 111 33 D
161 111 33 D
193 111 33 D
225 111 33 D
257 111 33 D
289 111 33 D
321 111 33 D
353 111 33 D
385 111 33 D
417 111 33 D
449 111 33 D
1 112 33 D
33 112 33 D
65 112 33 D
97 112 33 D
129 112 33 D
161 112 33 D
193 112 33 D
225 112 33 D
257 112 33 D
289 112 33 D
321 112 33 D
353 112 33 D
385 112 33 D
417 112 33 D
449 112 33 D
1 113 33 D
33 113 33 D
65 113 33 D
97 113 33 D
129 113 33 D
161 113 33 D
193 113 33 D
225 113 33 D
257 113 33 D
289 113 33 D
321 113 33 D
353 113 33 D
385 113 33 D
417 113 33 D
449 113 33 D
1 114 33 D
33 114 33 D
65 114 33 D
97 114 33 D
129 114 33 D
161 114 33 D
193 114 33 D
225 114 33 D
257 114 33 D
289 114 33 D
321 114 33 D
353 114 33 D
385 114 33 D
417 114 33 D
449 114 33 D
1 115 33 D
33 115 33 D
65 115 33 D
97 115 33 D
129 115 33 D
161 115 33 D
193 115 33 D
225 115 33 D
257 115 33 D
289 115 33 D
321 115 33 D
353 115 33 D
385 115 33 D
417 115 33 D
449 115 33 D
1 116 33 D
33 116 33 D
65 116 33 D
97 116 33 D
129 116 33 D
161 116 33 D
193 116 33 D
225 116 33 D
257 116 33 D
289 116 33 D
321 116 33 D
353 116 33 D
385 116 33 D
417 116 33 D
449 116 33 D
1 117 33 D
33 117 33 D
65 117 33 D
97 117 33 D
129 117 33 D
161 117 33 D
193 117 33 D
225 117 33 D
257 117 33 D
289 117 33 D
321 117 33 D
353 117 33 D
385 117 33 D
417 117 33 D
449 117 33 D
1 118 33 D
33 118 33 D
65 118 33 D
97 118 33 D
129 118 33 D
161 118 33 D
193 118 33 D
225 118 33 D
257 118 33 D
289 118 33 D
321 118 33 D
353 118 33 D
385 118 33 D
417 118 33 D
449 118 33 D
1 119 33 D
33 119 33 D
65 119 33 D
97 119 33 D
129 119 33 D
161 119 33 D
193 119 33 D
225 119 33 D
257 119 33 D
289 119 33 D
321 119 33 D
353 119 33 D
385 119 33 D
417 119 33 D
449 119 33 D
1 120 33 D
33 120 33 D
65 120 33 D
97 120 33 D
129 120 33 D
161 120 33 D
193 120 33 D
225 120 33 D
257 120 33 D
289 120 33 D
321 120 33 D
353 120 33 D
385 120 33 D
417 120 33 D
449 120 33 D
1 121 33 D
33 121 33 D
65 121 33 D
97 121 33 D
129 121 33 D
161 121 33 D
193 121 33 D
225 121 33 D
257 121 33 D
289 121 33 D
321 121 33 D
353 121 33 D
385 121 33 D
417 121 33 D
449 121 33 D
1 122 33 D
33 122 33 D
65 122 33 D
97 122 33 D
129 122 33 D
161 122 33 D
193 122 33 D
225 122 33 D
257 122 33 D
289 122 33 D
321 122 33 D
353 122 33 D
385 122 33 D
417 122 33 D
449 122 33 D
1 123 33 D
33 123 33 D
65 123 33 D
97 123 33 D
129 123 33 D
161 123 33 D
193 123 33 D
225 123 33 D
257 123 33 D
289 123 33 D
321 123 33 D
353 123 33 D
385 123 33 D
417 123 33 D
449 123 33 D
1 124 33 D
33 124 33 D
65 124 33 D
97 124 33 D
129 124 33 D
161 124 33 D
193 124 33 D
225 124 33 D
257 124 33 D
289 124 33 D
321 124 33 D
353 124 33 D
385 124 33 D
417 124 33 D
449 124 33 D
1 125 33 D
33 125 33 D
65 125 33 D
97 125 33 D
129 125 33 D
161 125 33 D
193 125 33 D
225 125 33 D
257 125 33 D
289 125 33 D
321 125 33 D
353 125 33 D
385 125 33 D
417 125 33 D
449 125 33 D
1 126 33 D
33 126 33 D
65 126 33 D
97 126 33 D
129 126 33 D
161 126 33 D
193 126 33 D
225 126 33 D
257 126 33 D
289 126 33 D
321 126 33 D
353 126 33 D
385 126 33 D
417 126 33 D
449 126 33 D
1 127 33 D
33 127 33 D
65 127 33 D
97 127 33 D
129 127 33 D
161 127 33 D
193 127 33 D
225 127 33 D
257 127 33 D
289 127 33 D
321 127 33 D
353 127 33 D
385 127 33 D
417 127 33 D
449 127 33 D
1 128 33 D
33 128 33 D
65 128 33 D
97 128 33 D
129 128 33 D
161 128 33 D
193 128 33 D
225 128 33 D
257 128 33 D
289 128 33 D
321 128 33 D
353 128 33 D
385 128 33 D
417 128 33 D
449 128 33 D
1 129 33 D
33 129 33 D
65 129 33 D
97 129 33 D
129 129 33 D
161 129 33 D
193 129 33 D
225 129 33 D
257 129 33 D
289 129 33 D
321 129 33 D
353 129 33 D
385 129 33 D
417 129 33 D
449 129 33 D
1 130 33 D
33 130 33 D
65 130 33 D
97 130 33 D
129 130 33 D
161 130 33 D
193 130 33 D
225 130 33 D
257 130 33 D
289 130 33 D
321 130 33 D
353 130 33 D
385 130 33 D
417 130 33 D
449 130 33 D
1 131 33 D
33 131 33 D
65 131 33 D
97 131 33 D
129 131 33 D
161 131 33 D
193 131 33 D
225 131 33 D
257 131 33 D
289 131 33 D
321 131 33 D
353 131 33 D
385 131 33 D
417 131 33 D
449 131 33 D
1 132 33 D
33 132 33 D
65 132 33 D
97 132 33 D
129 132 33 D
161 132 33 D
193 132 33 D
225 132 33 D
257 132 33 D
289 132 33 D
321 132 33 D
353 132 33 D
385 132 33 D
417 132 33 D
449 132 33 D
1 133 33 D
33 133 33 D
65 133 33 D
97 133 33 D
129 133 33 D
161 133 33 D
193 133 33 D
225 133 33 D
257 133 33 D
289 133 33 D
321 133 33 D
353 133 33 D
385 133 33 D
417 133 33 D
449 133 33 D
1 134 33 D
33 134 33 D
65 134 33 D
97 134 33 D
129 134 33 D
161 134 33 D
193 134 33 D
225 134 33 D
257 134 33 D
289 134 33 D
321 134 33 D
353 134 33 D
385 134 33 D
417 134 33 D
449 134 33 D
1 135 33 D
33 135 33 D
65 135 33 D
97 135 33 D
129 135 33 D
161 135 33 D
193 135 33 D
225 135 33 D
257 135 33 D
289 135 33 D
321 135 33 D
353 135 33 D
385 135 33 D
417 135 33 D
449 135 33 D
1 136 33 D
33 136 33 D
65 136 33 D
97 136 33 D
129 136 33 D
161 136 33 D
193 136 33 D
225 136 33 D
257 136 33 D
289 136 33 D
321 136 33 D
353 136 33 D
385 136 33 D
417 136 33 D
449 136 33 D
1 137 33 D
33 137 33 D
65 137 33 D
97 137 33 D
129 137 33 D
161 137 33 D
193 137 33 D
225 137 33 D
257 137 33 D
289 137 33 D
321 137 33 D
353 137 33 D
385 137 33 D
417 137 33 D
449 137 33 D
1 138 33 D
33 138 33 D
65 138 33 D
97 138 33 D
129 138 33 D
161 138 33 D
193 138 33 D
225 138 33 D
257 138 33 D
289 138 33 D
321 138 33 D
353 138 33 D
385 138 33 D
417 138 33 D
449 138 33 D
1 139 33 D
33 139 33 D
65 139 33 D
97 139 33 D
129 139 33 D
161 139 33 D
193 139 33 D
225 139 33 D
257 139 33 D
289 139 33 D
321 139 33 D
353 139 33 D
385 139 33 D
417 139 33 D
449 139 33 D
1 140 33 D
33 140 33 D
65 140 33 D
97 140 33 D
129 140 33 D
161 140 33 D
193 140 33 D
225 140 33 D
257 140 33 D
289 140 33 D
321 140 33 D
353 140 33 D
385 140 33 D
417 140 33 D
449 140 33 D
1 141 33 D
33 141 33 D
65 141 33 D
97 141 33 D
129 141 33 D
161 141 33 D
193 141 33 D
225 141 33 D
257 141 33 D
289 141 33 D
321 141 33 D
353 141 33 D
385 141 33 D
417 141 33 D
449 141 33 D
1 142 33 D
33 142 33 D
65 142 33 D
97 142 33 D
129 142 33 D
161 142 33 D
193 142 33 D
225 142 33 D
257 142 33 D
289 142 33 D
321 142 33 D
353 142 33 D
385 142 33 D
417 142 33 D
449 142 33 D
1 143 33 D
33 143 33 D
65 143 33 D
97 143 33 D
129 143 33 D
161 143 33 D
193 143 33 D
225 143 33 D
257 143 33 D
289 143 33 D
321 143 33 D
353 143 33 D
385 143 33 D
417 143 33 D
449 143 33 D
1 144 33 D
33 144 33 D
65 144 33 D
97 144 33 D
129 144 33 D
161 144 33 D
193 144 33 D
225 144 33 D
257 144 33 D
289 144 33 D
321 144 33 D
353 144 33 D
385 144 33 D
417 144 33 D
449 144 33 D
1 145 33 D
33 145 33 D
65 145 33 D
97 145 33 D
129 145 33 D
161 145 33 D
193 145 33 D
225 145 33 D
257 145 33 D
289 145 33 D
321 145 33 D
353 145 33 D
385 145 33 D
417 145 33 D
449 145 33 D
1 146 33 D
33 146 33 D
65 146 33 D
97 146 33 D
129 146 33 D
161 146 33 D
193 146 33 D
225 146 33 D
257 146 33 D
289 146 33 D
321 146 33 D
353 146 33 D
385 146 33 D
417 146 33 D
449 146 33 D
1 147 33 D
33 147 33 D
65 147 33 D
97 147 33 D
129 147 33 D
161 147 33 D
193 147 33 D
225 147 33 D
257 147 33 D
289 147 33 D
321 147 33 D
353 147 33 D
385 147 33 D
417 147 33 D
449 147 33 D
1 148 33 D
33 148 33 D
65 148 33 D
97 148 33 D
129 148 33 D
161 148 33 D
193 148 33 D
225 148 33 D
257 148 33 D
289 148 33 D
321 148 33 D
353 148 33 D
385 148 33 D
417 148 33 D
449 148 33 D
1 149 33 D
33 149 33 D
65 149 33 D
97 149 33 D
129 149 33 D
161 149 33 D
193 149 33 D
225 149 33 D
257 149 33 D
289 149 33 D
321 149 33 D
353 149 33 D
385 149 33 D
417 149 33 D
449 149 33 D
1 150 33 D
33 150 33 D
65 150 33 D
97 150 33 D
129 150 33 D
161 150 33 D
193 150 33 D
225 150 33 D
257 150 33 D
289 150 33 D
321 150 33 D
353 150 33 D
385 150 33 D
417 150 33 D
449 150 33 D
1 151 33 D
33 151 33 D
65 151 33 D
97 151 33 D
129 151 33 D
161 151 33 D
193 151 33 D
225 151 33 D
257 151 33 D
289 151 33 D
321 151 33 D
353 151 33 D
385 151 33 D
417 151 33 D
449 151 33 D
1 152 33 D
33 152 33 D
65 152 33 D
97 152 33 D
129 152 33 D
161 152 33 D
193 152 33 D
225 152 33 D
257 152 33 D
289 152 33 D
321 152 33 D
353 152 33 D
385 152 33 D
417 152 33 D
449 152 33 D
1 153 33 D
33 153 33 D
65 153 33 D
97 153 33 D
129 153 33 D
161 153 33 D
193 153 33 D
225 153 33 D
257 153 33 D
289 153 33 D
321 153 33 D
353 153 33 D
385 153 33 D
417 153 33 D
449 153 33 D
1 154 33 D
33 154 33 D
65 154 33 D
97 154 33 D
129 154 33 D
161 154 33 D
193 154 33 D
225 154 33 D
257 154 33 D
289 154 33 D
321 154 33 D
353 154 33 D
385 154 33 D
417 154 33 D
449 154 33 D
1 155 33 D
33 155 33 D
65 155 33 D
97 155 33 D
129 155 33 D
161 155 33 D
193 155 33 D
225 155 33 D
257 155 33 D
289 155 33 D
321 155 33 D
353 155 33 D
385 155 33 D
417 155 33 D
449 155 33 D
1 156 33 D
33 156 33 D
65 156 33 D
97 156 33 D
129 156 33 D
161 156 33 D
193 156 33 D
225 156 33 D
257 156 33 D
289 156 33 D
321 156 33 D
353 156 33 D
385 156 33 D
417 156 33 D
449 156 33 D
1 157 33 D
33 157 33 D
65 157 33 D
97 157 33 D
129 157 33 D
161 157 33 D
193 157 33 D
225 157 33 D
257 157 33 D
289 157 33 D
321 157 33 D
353 157 33 D
385 157 33 D
417 157 33 D
449 157 33 D
1 158 33 D
33 158 33 D
65 158 33 D
97 158 33 D
129 158 33 D
161 158 33 D
193 158 33 D
225 158 33 D
257 158 33 D
289 158 33 D
321 158 33 D
353 158 33 D
385 158 33 D
417 158 33 D
449 158 33 D
1 159 33 D
33 159 33 D
65 159 33 D
97 159 33 D
129 159 33 D
161 159 33 D
193 159 33 D
225 159 33 D
257 159 33 D
289 159 33 D
321 159 33 D
353 159 33 D
385 159 33 D
417 159 33 D
449 159 33 D
1 160 33 D
33 160 33 D
65 160 33 D
97 160 33 D
129 160 33 D
161 160 33 D
193 160 33 D
225 160 33 D
257 160 33 D
289 160 33 D
321 160 33 D
353 160 33 D
385 160 33 D
417 160 33 D
449 160 33 D
1 161 33 D
33 161 33 D
65 161 33 D
97 161 33 D
129 161 33 D
161 161 33 D
193 161 33 D
225 161 33 D
257 161 33 D
289 161 33 D
321 161 33 D
353 161 33 D
385 161 33 D
417 161 33 D
449 161 33 D
1 162 33 D
33 162 33 D
65 162 33 D
97 162 33 D
129 162 33 D
161 162 33 D
193 162 33 D
225 162 33 D
257 162 33 D
289 162 33 D
321 162 33 D
353 162 33 D
385 162 33 D
417 162 33 D
449 162 33 D
1 163 33 D
33 163 33 D
65 163 33 D
97 163 33 D
129 163 33 D
161 163 33 D
193 163 33 D
225 163 33 D
257 163 33 D
289 163 33 D
321 163 33 D
353 163 33 D
385 163 33 D
417 163 33 D
449 163 33 D
1 164 33 D
33 164 33 D
65 164 33 D
97 164 33 D
129 164 33 D
161 164 33 D
193 164 33 D
225 164 33 D
257 164 33 D
289 164 33 D
321 164 33 D
353 164 33 D
385 164 33 D
417 164 33 D
449 164 33 D
1 165 33 D
33 165 33 D
65 165 33 D
97 165 33 D
129 165 33 D
161 165 33 D
193 165 33 D
225 165 33 D
257 165 33 D
289 165 33 D
321 165 33 D
353 165 33 D
385 165 33 D
417 165 33 D
449 165 33 D
1 166 33 D
33 166 33 D
65 166 33 D
97 166 33 D
129 166 33 D
161 166 33 D
193 166 33 D
225 166 33 D
257 166 33 D
289 166 33 D
321 166 33 D
353 166 33 D
385 166 33 D
417 166 33 D
449 166 33 D
1 167 33 D
33 167 33 D
65 167 33 D
97 167 33 D
129 167 33 D
161 167 33 D
193 167 33 D
225 167 33 D
257 167 33 D
289 167 33 D
321 167 33 D
353 167 33 D
385 167 33 D
417 167 33 D
449 167 33 D
1 168 33 D
33 168 33 D
65 168 33 D
97 168 33 D
129 168 33 D
161 168 33 D
193 168 33 D
225 168 33 D
257 168 33 D
289 168 33 D
321 168 33 D
353 168 33 D
385 168 33 D
417 168 33 D
449 168 33 D
1 169 33 D
33 169 33 D
65 169 33 D
97 169 33 D
129 169 33 D
161 169 33 D
193 169 33 D
225 169 33 D
257 169 33 D
289 169 33 D
321 169 33 D
353 169 33 D
385 169 33 D
417 169 33 D
449 169 33 D
1 170 33 D
33 170 33 D
65 170 33 D
97 170 33 D
129 170 33 D
161 170 33 D
193 170 33 D
225 170 33 D
257 170 33 D
289 170 33 D
321 170 33 D
353 170 33 D
385 170 33 D
417 170 33 D
449 170 33 D
1 171 33 D
33 171 33 D
65 171 33 D
97 171 33 D
129 171 33 D
161 171 33 D
193 171 33 D
225 171 33 D
257 171 33 D
289 171 33 D
321 171 33 D
353 171 33 D
385 171 33 D
417 171 33 D
449 171 33 D
1 172 33 D
33 172 33 D
65 172 33 D
97 172 33 D
129 172 33 D
161 172 33 D
193 172 33 D
225 172 33 D
257 172 33 D
289 172 33 D
321 172 33 D
353 172 33 D
385 172 33 D
417 172 33 D
449 172 33 D
1 173 33 D
33 173 33 D
65 173 33 D
97 173 33 D
129 173 33 D
161 173 33 D
193 173 33 D
225 173 33 D
257 173 33 D
289 173 33 D
321 173 33 D
353 173 33 D
385 173 33 D
417 173 33 D
449 173 33 D
1 174 33 D
33 174 33 D
65 174 33 D
97 174 33 D
129 174 33 D
161 174 33 D
193 174 33 D
225 174 33 D
257 174 33 D
289 174 33 D
321 174 33 D
353 174 33 D
385 174 33 D
417 174 33 D
449 174 33 D
1 175 33 D
33 175 33 D
65 175 33 D
97 175 33 D
129 175 33 D
161 175 33 D
193 175 33 D
225 175 33 D
257 175 33 D
289 175 33 D
321 175 33 D
353 175 33 D
385 175 33 D
417 175 33 D
449 175 33 D
1 176 33 D
33 176 33 D
65 176 33 D
97 176 33 D
129 176 33 D
161 176 33 D
193 176 33 D
225 176 33 D
257 176 33 D
289 176 33 D
321 176 33 D
353 176 33 D
385 176 33 D
417 176 33 D
449 176 33 D
1 177 33 D
33 177 33 D
65 177 33 D
97 177 33 D
129 177 33 D
161 177 33 D
193 177 33 D
225 177 33 D
257 177 33 D
289 177 33 D
321 177 33 D
353 177 33 D
385 177 33 D
417 177 33 D
449 177 33 D
1 178 33 D
33 178 33 D
65 178 33 D
97 178 33 D
129 178 33 D
161 178 33 D
193 178 33 D
225 178 33 D
257 178 33 D
289 178 33 D
321 178 33 D
353 178 33 D
385 178 33 D
417 178 33 D
449 178 33 D
1 179 33 D
33 179 33 D
65 179 33 D
97 179 33 D
129 179 33 D
161 179 33 D
193 179 33 D
225 179 33 D
257 179 33 D
289 179 33 D
321 179 33 D
353 179 33 D
385 179 33 D
417 179 33 D
449 179 33 D
1 180 33 D
33 180 33 D
65 180 33 D
97 180 33 D
129 180 33 D
161 180 33 D
193 180 33 D
225 180 33 D
257 180 33 D
289 180 33 D
321 180 33 D
353 180 33 D
385 180 33 D
417 180 33 D
449 180 33 D
1 181 33 D
33 181 33 D
65 181 33 D
97 181 33 D
129 181 33 D
161 181 33 D
193 181 33 D
225 181 33 D
257 181 33 D
289 181 33 D
321 181 33 D
353 181 33 D
385 181 33 D
417 181 33 D
449 181 33 D
1 182 33 D
33 182 33 D
65 182 33 D
97 182 33 D
129 182 33 D
161 182 33 D
193 182 33 D
225 182 33 D
257 182 33 D
289 182 33 D
321 182 33 D
353 182 33 D
385 182 33 D
417 182 33 D
449 182 33 D
1 183 33 D
33 183 33 D
65 183 33 D
97 183 33 D
129 183 33 D
161 183 33 D
193 183 33 D
225 183 33 D
257 183 33 D
289 183 33 D
321 183 33 D
353 183 33 D
385 183 33 D
417 183 33 D
449 183 33 D
1 184 33 D
33 184 33 D
65 184 33 D
97 184 33 D
129 184 33 D
161 184 33 D
193 184 33 D
225 184 33 D
257 184 33 D
289 184 33 D
321 184 33 D
353 184 33 D
385 184 33 D
417 184 33 D
449 184 33 D
1 185 33 D
33 185 33 D
65 185 33 D
97 185 33 D
129 185 33 D
161 185 33 D
193 185 33 D
225 185 33 D
257 185 33 D
289 185 33 D
321 185 33 D
353 185 33 D
385 185 33 D
417 185 33 D
449 185 33 D
1 186 33 D
33 186 33 D
65 186 33 D
97 186 33 D
129 186 33 D
161 186 33 D
193 186 33 D
225 186 33 D
257 186 33 D
289 186 33 D
321 186 33 D
353 186 33 D
385 186 33 D
417 186 33 D
449 186 33 D
1 187 33 D
33 187 33 D
65 187 33 D
97 187 33 D
129 187 33 D
161 187 33 D
193 187 33 D
225 187 33 D
257 187 33 D
289 187 33 D
321 187 33 D
353 187 33 D
385 187 33 D
417 187 33 D
449 187 33 D
1 188 33 D
33 188 33 D
65 188 33 D
97 188 33 D
129 188 33 D
161 188 33 D
193 188 33 D
225 188 33 D
257 188 33 D
289 188 33 D
321 188 33 D
353 188 33 D
385 188 33 D
417 188 33 D
449 188 33 D
1 189 33 D
33 189 33 D
65 189 33 D
97 189 33 D
129 189 33 D
161 189 33 D
193 189 33 D
225 189 33 D
257 189 33 D
289 189 33 D
321 189 33 D
353 189 33 D
385 189 33 D
417 189 33 D
449 189 33 D
1 190 33 D
33 190 33 D
65 190 33 D
97 190 33 D
129 190 33 D
161 190 33 D
193 190 33 D
225 190 33 D
257 190 33 D
289 190 33 D
321 190 33 D
353 190 33 D
385 190 33 D
417 190 33 D
449 190 33 D
1 191 33 D
33 191 33 D
65 191 33 D
97 191 33 D
129 191 33 D
161 191 33 D
193 191 33 D
225 191 33 D
257 191 33 D
289 191 33 D
321 191 33 D
353 191 33 D
385 191 33 D
417 191 33 D
449 191 33 D
1 192 33 D
33 192 33 D
65 192 33 D
97 192 33 D
129 192 33 D
161 192 33 D
193 192 33 D
225 192 33 D
257 192 33 D
289 192 33 D
321 192 33 D
353 192 33 D
385 192 33 D
417 192 33 D
449 192 33 D
1 193 33 D
33 193 33 D
65 193 33 D
97 193 33 D
129 193 33 D
161 193 33 D
193 193 33 D
225 193 33 D
257 193 33 D
289 193 33 D
321 193 33 D
353 193 33 D
385 193 33 D
417 193 33 D
449 193 33 D
1 194 33 D
33 194 33 D
65 194 33 D
97 194 33 D
129 194 33 D
161 194 33 D
193 194 33 D
225 194 33 D
257 194 33 D
289 194 33 D
321 194 33 D
353 194 33 D
385 194 33 D
417 194 33 D
449 194 33 D
1 195 33 D
33 195 33 D
65 195 33 D
97 195 33 D
129 195 33 D
161 195 33 D
193 195 33 D
225 195 33 D
257 195 33 D
289 195 33 D
321 195 33 D
353 195 33 D
385 195 33 D
417 195 33 D
449 195 33 D
1 196 33 D
33 196 33 D
65 196 33 D
97 196 33 D
129 196 33 D
161 196 33 D
193 196 33 D
225 196 33 D
257 196 33 D
289 196 33 D
321 196 33 D
353 196 33 D
385 196 33 D
417 196 33 D
449 196 33 D
1 197 33 D
33 197 33 D
65 197 33 D
97 197 33 D
129 197 33 D
161 197 33 D
193 197 33 D
225 197 33 D
257 197 33 D
289 197 33 D
321 197 33 D
353 197 33 D
385 197 33 D
417 197 33 D
449 197 33 D
1 198 33 D
33 198 33 D
65 198 33 D
97 198 33 D
129 198 33 D
161 198 33 D
193 198 33 D
225 198 33 D
257 198 33 D
289 198 33 D
321 198 33 D
353 198 33 D
385 198 33 D
417 198 33 D
449 198 33 D
1 199 33 D
33 199 33 D
65 199 33 D
97 199 33 D
129 199 33 D
161 199 33 D
193 199 33 D
225 199 33 D
257 199 33 D
289 199 33 D
321 199 33 D
353 199 33 D
385 199 33 D
417 199 33 D
449 199 33 D
1 200 33 D
33 200 33 D
65 200 33 D
97 200 33 D
129 200 33 D
161 200 33 D
193 200 33 D
225 200 33 D
257 200 33 D
289 200 33 D
321 200 33 D
353 200 33 D
385 200 33 D
417 200 33 D
449 200 33 D
1 201 33 D
33 201 33 D
65 201 33 D
97 201 33 D
129 201 33 D
161 201 33 D
193 201 33 D
225 201 33 D
257 201 33 D
289 201 33 D
321 201 33 D
353 201 33 D
385 201 33 D
417 201 33 D
449 201 33 D
1 202 33 D
33 202 33 D
65 202 33 D
97 202 33 D
129 202 33 D
161 202 33 D
193 202 33 D
225 202 33 D
257 202 33 D
289 202 33 D
321 202 33 D
353 202 33 D
385 202 33 D
417 202 33 D
449 202 33 D
1 203 33 D
33 203 33 D
65 203 33 D
97 203 33 D
129 203 33 D
161 203 33 D
193 203 33 D
225 203 33 D
257 203 33 D
289 203 33 D
321 203 33 D
353 203 33 D
385 203 33 D
417 203 33 D
449 203 33 D
1 204 33 D
33 204 33 D
65 204 33 D
97 204 33 D
129 204 33 D
161 204 33 D
193 204 33 D
225 204 33 D
257 204 33 D
289 204 33 D
321 204 33 D
353 204 33 D
385 204 33 D
417 204 33 D
449 204 33 D
1 205 33 D
33 205 33 D
65 205 33 D
97 205 33 D
129 205 33 D
161 205 33 D
193 205 33 D
225 205 33 D
257 205 33 D
289 205 33 D
321 205 33 D
353 205 33 D
385 205 33 D
417 205 33 D
449 205 33 D
1 206 33 D
33 206 33 D
65 206 33 D
97 206 33 D
129 206 33 D
161 206 33 D
193 206 33 D
225 206 33 D
257 206 33 D
289 206 33 D
321 206 33 D
353 206 33 D
385 206 33 D
417 206 33 D
449 206 33 D
1 207 33 D
33 207 33 D
65 207 33 D
97 207 33 D
129 207 33 D
161 207 33 D
193 207 33 D
225 207 33 D
257 207 33 D
289 207 33 D
321 207 33 D
353 207 33 D
385 207 33 D
417 207 33 D
449 207 33 D
1 208 33 D
33 208 33 D
65 208 33 D
97 208 33 D
129 208 33 D
161 208 33 D
193 208 33 D
225 208 33 D
257 208 33 D
289 208 33 D
321 208 33 D
353 208 33 D
385 208 33 D
417 208 33 D
449 208 33 D
1 209 33 D
33 209 33 D
65 209 33 D
97 209 33 D
129 209 33 D
161 209 33 D
193 209 33 D
225 209 33 D
257 209 33 D
289 209 33 D
321 209 33 D
353 209 33 D
385 209 33 D
417 209 33 D
449 209 33 D
1 210 33 D
33 210 33 D
65 210 33 D
97 210 33 D
129 210 33 D
161 210 33 D
193 210 33 D
225 210 33 D
257 210 33 D
289 210 33 D
321 210 33 D
353 210 33 D
385 210 33 D
417 210 33 D
449 210 33 D
1 211 33 D
33 211 33 D
65 211 33 D
97 211 33 D
129 211 33 D
161 211 33 D
193 211 33 D
225 211 33 D
257 211 33 D
289 211 33 D
321 211 33 D
353 211 33 D
385 211 33 D
417 211 33 D
449 211 33 D
1 212 33 D
33 212 33 D
65 212 33 D
97 212 33 D
129 212 33 D
161 212 33 D
193 212 33 D
225 212 33 D
257 212 33 D
289 212 33 D
321 212 33 D
353 212 33 D
385 212 33 D
417 212 33 D
449 212 33 D
1 213 33 D
33 213 33 D
65 213 33 D
97 213 33 D
129 213 33 D
161 213 33 D
193 213 33 D
225 213 33 D
257 213 33 D
289 213 33 D
321 213 33 D
353 213 33 D
385 213 33 D
417 213 33 D
449 213 33 D
1 214 33 D
33 214 33 D
65 214 33 D
97 214 33 D
129 214 33 D
161 214 33 D
193 214 33 D
225 214 33 D
257 214 33 D
289 214 33 D
321 214 33 D
353 214 33 D
385 214 33 D
417 214 33 D
449 214 33 D
1 215 33 D
33 215 33 D
65 215 33 D
97 215 33 D
129 215 33 D
161 215 33 D
193 215 33 D
225 215 33 D
257 215 33 D
289 215 33 D
321 215 33 D
353 215 33 D
385 215 33 D
417 215 33 D
449 215 33 D
1 216 33 D
33 216 33 D
65 216 33 D
97 216 33 D
129 216 33 D
161 216 33 D
193 216 33 D
225 216 33 D
257 216 33 D
289 216 33 D
321 216 33 D
353 216 33 D
385 216 33 D
417 216 33 D
449 216 33 D
1 217 33 D
33 217 33 D
65 217 33 D
97 217 33 D
129 217 33 D
161 217 33 D
193 217 33 D
225 217 33 D
257 217 33 D
289 217 33 D
321 217 33 D
353 217 33 D
385 217 33 D
417 217 33 D
449 217 33 D
1 218 33 D
33 218 33 D
65 218 33 D
97 218 33 D
129 218 33 D
161 218 33 D
193 218 33 D
225 218 33 D
257 218 33 D
289 218 33 D
321 218 33 D
353 218 33 D
385 218 33 D
417 218 33 D
449 218 33 D
1 219 33 D
33 219 33 D
65 219 33 D
97 219 33 D
129 219 33 D
161 219 33 D
193 219 33 D
225 219 33 D
257 219 33 D
289 219 33 D
321 219 33 D
353 219 33 D
385 219 33 D
417 219 33 D
449 219 33 D
1 220 33 D
33 220 33 D
65 220 33 D
97 220 33 D
129 220 33 D
161 220 33 D
193 220 33 D
225 220 33 D
257 220 33 D
289 220 33 D
321 220 33 D
353 220 33 D
385 220 33 D
417 220 33 D
449 220 33 D
1 221 33 D
33 221 33 D
65 221 33 D
97 221 33 D
129 221 33 D
161 221 33 D
193 221 33 D
225 221 33 D
257 221 33 D
289 221 33 D
321 221 33 D
353 221 33 D
385 221 33 D
417 221 33 D
449 221 33 D
1 222 33 D
33 222 33 D
65 222 33 D
97 222 33 D
129 222 33 D
161 222 33 D
193 222 33 D
225 222 33 D
257 222 33 D
289 222 33 D
321 222 33 D
353 222 33 D
385 222 33 D
417 222 33 D
449 222 33 D
1 223 33 D
33 223 33 D
65 223 33 D
97 223 33 D
129 223 33 D
161 223 33 D
193 223 33 D
225 223 33 D
257 223 33 D
289 223 33 D
321 223 33 D
353 223 33 D
385 223 33 D
417 223 33 D
449 223 33 D
1 224 33 D
33 224 33 D
65 224 33 D
97 224 33 D
129 224 33 D
161 224 33 D
193 224 33 D
225 224 33 D
257 224 33 D
289 224 33 D
321 224 33 D
353 224 33 D
385 224 33 D
417 224 33 D
449 224 33 D
1 225 33 D
33 225 33 D
65 225 33 D
97 225 33 D
129 225 33 D
161 225 33 D
193 225 33 D
225 225 33 D
257 225 33 D
289 225 33 D
321 225 33 D
353 225 33 D
385 225 33 D
417 225 33 D
449 225 33 D
1 226 33 D
33 226 33 D
65 226 33 D
97 226 33 D
129 226 33 D
161 226 33 D
193 226 33 D
225 226 33 D
257 226 33 D
289 226 33 D
321 226 33 D
353 226 33 D
385 226 33 D
417 226 33 D
449 226 33 D
1 227 33 D
33 227 33 D
65 227 33 D
97 227 33 D
129 227 33 D
161 227 33 D
193 227 33 D
225 227 33 D
257 227 33 D
289 227 33 D
321 227 33 D
353 227 33 D
385 227 33 D
417 227 33 D
449 227 33 D
1 228 33 D
33 228 33 D
65 228 33 D
97 228 33 D
129 228 33 D
161 228 33 D
193 228 33 D
225 228 33 D
257 228 33 D
289 228 33 D
321 228 33 D
353 228 33 D
385 228 33 D
417 228 33 D
449 228 33 D
1 229 33 D
33 229 33 D
65 229 33 D
97 229 33 D
129 229 33 D
161 229 33 D
193 229 33 D
225 229 33 D
257 229 33 D
289 229 33 D
321 229 33 D
353 229 33 D
385 229 33 D
417 229 33 D
449 229 33 D
1 230 33 D
33 230 33 D
65 230 33 D
97 230 33 D
129 230 33 D
161 230 33 D
193 230 33 D
225 230 33 D
257 230 33 D
289 230 33 D
321 230 33 D
353 230 33 D
385 230 33 D
417 230 33 D
449 230 33 D
1 231 33 D
33 231 33 D
65 231 33 D
97 231 33 D
129 231 33 D
161 231 33 D
193 231 33 D
225 231 33 D
257 231 33 D
289 231 33 D
321 231 33 D
353 231 33 D
385 231 33 D
417 231 33 D
449 231 33 D
1 232 33 D
33 232 33 D
65 232 33 D
97 232 33 D
129 232 33 D
161 232 33 D
193 232 33 D
225 232 33 D
257 232 33 D
289 232 33 D
321 232 33 D
353 232 33 D
385 232 33 D
417 232 33 D
449 232 33 D
1 233 33 D
33 233 33 D
65 233 33 D
97 233 33 D
129 233 33 D
161 233 33 D
193 233 33 D
225 233 33 D
257 233 33 D
289 233 33 D
321 233 33 D
353 233 33 D
385 233 33 D
417 233 33 D
449 233 33 D
1 234 33 D
33 234 33 D
65 234 33 D
97 234 33 D
129 234 33 D
161 234 33 D
193 234 33 D
225 234 33 D
257 234 33 D
289 234 33 D
321 234 33 D
353 234 33 D
385 234 33 D
417 234 33 D
449 234 33 D
1 235 33 D
33 235 33 D
65 235 33 D
97 235 33 D
129 235 33 D
161 235 33 D
193 235 33 D
225 235 33 D
257 235 33 D
289 235 33 D
321 235 33 D
353 235 33 D
385 235 33 D
417 235 33 D
449 235 33 D
1 236 33 D
33 236 33 D
65 236 33 D
97 236 33 D
129 236 33 D
161 236 33 D
193 236 33 D
225 236 33 D
257 236 33 D
289 236 33 D
321 236 33 D
353 236 33 D
385 236 33 D
417 236 33 D
449 236 33 D
1 237 33 D
33 237 33 D
65 237 33 D
97 237 33 D
129 237 33 D
161 237 33 D
193 237 33 D
225 237 33 D
257 237 33 D
289 237 33 D
321 237 33 D
353 237 33 D
385 237 33 D
417 237 33 D
449 237 33 D
1 238 33 D
33 238 33 D
65 238 33 D
97 238 33 D
129 238 33 D
161 238 33 D
193 238 33 D
225 238 33 D
257 238 33 D
289 238 33 D
321 238 33 D
353 238 33 D
385 238 33 D
417 238 33 D
449 238 33 D
1 239 33 D
33 239 33 D
65 239 33 D
97 239 33 D
129 239 33 D
161 239 33 D
193 239 33 D
225 239 33 D
257 239 33 D
289 239 33 D
321 239 33 D
353 239 33 D
385 239 33 D
417 239 33 D
449 239 33 D
1 240 33 D
33 240 33 D
65 240 33 D
97 240 33 D
129 240 33 D
161 240 33 D
193 240 33 D
225 240 33 D
257 240 33 D
289 240 33 D
321 240 33 D
353 240 33 D
385 240 33 D
417 240 33 D
449 240 33 D
1 241 33 D
33 241 33 D
65 241 33 D
97 241 33 D
129 241 33 D
161 241 33 D
193 241 33 D
225 241 33 D
257 241 33 D
289 241 33 D
321 241 33 D
353 241 33 D
385 241 33 D
417 241 33 D
449 241 33 D
1 242 33 D
33 242 33 D
65 242 33 D
97 242 33 D
129 242 33 D
161 242 33 D
193 242 33 D
225 242 33 D
257 242 33 D
289 242 33 D
321 242 33 D
353 242 33 D
385 242 33 D
417 242 33 D
449 242 33 D
1 243 33 D
33 243 33 D
65 243 33 D
97 243 33 D
129 243 33 D
161 243 33 D
193 243 33 D
225 243 33 D
257 243 33 D
289 243 33 D
321 243 33 D
353 243 33 D
385 243 33 D
417 243 33 D
449 243 33 D
1 244 33 D
33 244 33 D
65 244 33 D
97 244 33 D
129 244 33 D
161 244 33 D
193 244 33 D
225 244 33 D
257 244 33 D
289 244 33 D
321 244 33 D
353 244 33 D
385 244 33 D
417 244 33 D
449 244 33 D
1 245 33 D
33 245 33 D
65 245 33 D
97 245 33 D
129 245 33 D
161 245 33 D
193 245 33 D
225 245 33 D
257 245 33 D
289 245 33 D
321 245 33 D
353 245 33 D
385 245 33 D
417 245 33 D
449 245 33 D
1 246 33 D
33 246 33 D
65 246 33 D
97 246 33 D
129 246 33 D
161 246 33 D
193 246 33 D
225 246 33 D
257 246 33 D
289 246 33 D
321 246 33 D
353 246 33 D
385 246 33 D
417 246 33 D
449 246 33 D
1 247 33 D
33 247 33 D
65 247 33 D
97 247 33 D
129 247 33 D
161 247 33 D
193 247 33 D
225 247 33 D
257 247 33 D
289 247 33 D
321 247 33 D
353 247 33 D
385 247 33 D
417 247 33 D
449 247 33 D
1 248 33 D
33 248 33 D
65 248 33 D
97 248 33 D
129 248 33 D
161 248 33 D
193 248 33 D
225 248 33 D
257 248 33 D
289 248 33 D
321 248 33 D
353 248 33 D
385 248 33 D
417 248 33 D
449 248 33 D
1 249 33 D
33 249 33 D
65 249 33 D
97 249 33 D
129 249 33 D
161 249 33 D
193 249 33 D
225 249 33 D
257 249 33 D
289 249 33 D
321 249 33 D
353 249 33 D
385 249 33 D
417 249 33 D
449 249 33 D
1 250 33 D
33 250 33 D
65 250 33 D
97 250 33 D
129 250 33 D
161 250 33 D
193 250 33 D
225 250 33 D
257 250 33 D
289 250 33 D
321 250 33 D
353 250 33 D
385 250 33 D
417 250 33 D
449 250 33 D
1 251 33 D
33 251 33 D
65 251 33 D
97 251 33 D
129 251 33 D
161 251 33 D
193 251 33 D
225 251 33 D
257 251 33 D
289 251 33 D
321 251 33 D
353 251 33 D
385 251 33 D
417 251 33 D
449 251 33 D
1 252 33 D
33 252 33 D
65 252 33 D
97 252 33 D
129 252 33 D
161 252 33 D
193 252 33 D
225 252 33 D
257 252 33 D
289 252 33 D
321 252 33 D
353 252 33 D
385 252 33 D
417 252 33 D
449 252 33 D
1 253 33 D
33 253 33 D
65 253 33 D
97 253 33 D
129 253 33 D
161 253 33 D
193 253 33 D
225 253 33 D
257 253 33 D
289 253 33 D
321 253 33 D
353 253 33 D
385 253 33 D
417 253 33 D
449 253 33 D
1 254 33 D
33 254 33 D
65 254 33 D
97 254 33 D
129 254 33 D
161 254 33 D
193 254 33 D
225 254 33 D
257 254 33 D
289 254 33 D
321 254 33 D
353 254 33 D
385 254 33 D
417 254 33 D
449 254 33 D
1 255 33 D
33 255 33 D
65 255 33 D
97 255 33 D
129 255 33 D
161 255 33 D
193 255 33 D
225 255 33 D
257 255 33 D
289 255 33 D
321 255 33 D
353 255 33 D
385 255 33 D
417 255 33 D
449 255 33 D
1 256 33 D
33 256 33 D
65 256 33 D
97 256 33 D
129 256 33 D
161 256 33 D
193 256 33 D
225 256 33 D
257 256 33 D
289 256 33 D
321 256 33 D
353 256 33 D
385 256 33 D
417 256 33 D
449 256 33 D
1 257 33 D
33 257 33 D
65 257 33 D
97 257 33 D
129 257 33 D
161 257 33 D
193 257 33 D
225 257 33 D
257 257 33 D
289 257 33 D
321 257 33 D
353 257 33 D
385 257 33 D
417 257 33 D
449 257 33 D
1 258 33 D
33 258 33 D
65 258 33 D
97 258 33 D
129 258 33 D
161 258 33 D
193 258 33 D
225 258 33 D
257 258 33 D
289 258 33 D
321 258 33 D
353 258 33 D
385 258 33 D
417 258 33 D
449 258 33 D
1 259 33 D
33 259 33 D
65 259 33 D
97 259 33 D
129 259 33 D
161 259 33 D
193 259 33 D
225 259 33 D
257 259 33 D
289 259 33 D
321 259 33 D
353 259 33 D
385 259 33 D
417 259 33 D
449 259 33 D
1 260 33 D
33 260 33 D
65 260 33 D
97 260 33 D
129 260 33 D
161 260 33 D
193 260 33 D
225 260 33 D
257 260 33 D
289 260 33 D
321 260 33 D
353 260 33 D
385 260 33 D
417 260 33 D
449 260 33 D
1 261 33 D
33 261 33 D
65 261 33 D
97 261 33 D
129 261 33 D
161 261 33 D
193 261 33 D
225 261 33 D
257 261 33 D
289 261 33 D
321 261 33 D
353 261 33 D
385 261 33 D
417 261 33 D
449 261 33 D
1 262 33 D
33 262 33 D
65 262 33 D
97 262 33 D
129 262 33 D
161 262 33 D
193 262 33 D
225 262 33 D
257 262 33 D
289 262 33 D
321 262 33 D
353 262 33 D
385 262 33 D
417 262 33 D
449 262 33 D
1 263 33 D
33 263 33 D
65 263 33 D
97 263 33 D
129 263 33 D
161 263 33 D
193 263 33 D
225 263 33 D
257 263 33 D
289 263 33 D
321 263 33 D
353 263 33 D
385 263 33 D
417 263 33 D
449 263 33 D
1 264 33 D
33 264 33 D
65 264 33 D
97 264 33 D
129 264 33 D
161 264 33 D
193 264 33 D
225 264 33 D
257 264 33 D
289 264 33 D
321 264 33 D
353 264 33 D
385 264 33 D
417 264 33 D
449 264 33 D
1 265 33 D
33 265 33 D
65 265 33 D
97 265 33 D
129 265 33 D
161 265 33 D
193 265 33 D
225 265 33 D
257 265 33 D
289 265 33 D
321 265 33 D
353 265 33 D
385 265 33 D
417 265 33 D
449 265 33 D
1 266 33 D
33 266 33 D
65 266 33 D
97 266 33 D
129 266 33 D
161 266 33 D
193 266 33 D
225 266 33 D
257 266 33 D
289 266 33 D
321 266 33 D
353 266 33 D
385 266 33 D
417 266 33 D
449 266 33 D
1 267 33 D
33 267 33 D
65 267 33 D
97 267 33 D
129 267 33 D
161 267 33 D
193 267 33 D
225 267 33 D
257 267 33 D
289 267 33 D
321 267 33 D
353 267 33 D
385 267 33 D
417 267 33 D
449 267 33 D
1 268 33 D
33 268 33 D
65 268 33 D
97 268 33 D
129 268 33 D
161 268 33 D
193 268 33 D
225 268 33 D
257 268 33 D
289 268 33 D
321 268 33 D
353 268 33 D
385 268 33 D
417 268 33 D
449 268 33 D
1 269 33 D
33 269 33 D
65 269 33 D
97 269 33 D
129 269 33 D
161 269 33 D
193 269 33 D
225 269 33 D
257 269 33 D
289 269 33 D
321 269 33 D
353 269 33 D
385 269 33 D
417 269 33 D
449 269 33 D
1 270 33 D
33 270 33 D
65 270 33 D
97 270 33 D
129 270 33 D
161 270 33 D
193 270 33 D
225 270 33 D
257 270 33 D
289 270 33 D
321 270 33 D
353 270 33 D
385 270 33 D
417 270 33 D
449 270 33 D
1 271 33 D
33 271 33 D
65 271 33 D
97 271 33 D
129 271 33 D
161 271 33 D
193 271 33 D
225 271 33 D
257 271 33 D
289 271 33 D
321 271 33 D
353 271 33 D
385 271 33 D
417 271 33 D
449 271 33 D
1 272 33 D
33 272 33 D
65 272 33 D
97 272 33 D
129 272 33 D
161 272 33 D
193 272 33 D
225 272 33 D
257 272 33 D
289 272 33 D
321 272 33 D
353 272 33 D
385 272 33 D
417 272 33 D
449 272 33 D
1 273 33 D
33 273 33 D
65 273 33 D
97 273 33 D
129 273 33 D
161 273 33 D
193 273 33 D
225 273 33 D
257 273 33 D
289 273 33 D
321 273 33 D
353 273 33 D
385 273 33 D
417 273 33 D
449 273 33 D
1 274 33 D
33 274 33 D
65 274 33 D
97 274 33 D
129 274 33 D
161 274 33 D
193 274 33 D
225 274 33 D
257 274 33 D
289 274 33 D
321 274 33 D
353 274 33 D
385 274 33 D
417 274 33 D
449 274 33 D
1 275 33 D
33 275 33 D
65 275 33 D
97 275 33 D
129 275 33 D
161 275 33 D
193 275 33 D
225 275 33 D
257 275 33 D
289 275 33 D
321 275 33 D
353 275 33 D
385 275 33 D
417 275 33 D
449 275 33 D
1 276 33 D
33 276 33 D
65 276 33 D
97 276 33 D
129 276 33 D
161 276 33 D
193 276 33 D
225 276 33 D
257 276 33 D
289 276 33 D
321 276 33 D
353 276 33 D
385 276 33 D
417 276 33 D
449 276 33 D
1 277 33 D
33 277 33 D
65 277 33 D
97 277 33 D
129 277 33 D
161 277 33 D
193 277 33 D
225 277 33 D
257 277 33 D
289 277 33 D
321 277 33 D
353 277 33 D
385 277 33 D
417 277 33 D
449 277 33 D
1 278 33 D
33 278 33 D
65 278 33 D
97 278 33 D
129 278 33 D
161 278 33 D
193 278 33 D
225 278 33 D
257 278 33 D
289 278 33 D
321 278 33 D
353 278 33 D
385 278 33 D
417 278 33 D
449 278 33 D
1 279 33 D
33 279 33 D
65 279 33 D
97 279 33 D
129 279 33 D
161 279 33 D
193 279 33 D
225 279 33 D
257 279 33 D
289 279 33 D
321 279 33 D
353 279 33 D
385 279 33 D
417 279 33 D
449 279 33 D
1 280 33 D
33 280 33 D
65 280 33 D
97 280 33 D
129 280 33 D
161 280 33 D
193 280 33 D
225 280 33 D
257 280 33 D
289 280 33 D
321 280 33 D
353 280 33 D
385 280 33 D
417 280 33 D
449 280 33 D
1 281 33 D
33 281 33 D
65 281 33 D
97 281 33 D
129 281 33 D
161 281 33 D
193 281 33 D
225 281 33 D
257 281 33 D
289 281 33 D
321 281 33 D
353 281 33 D
385 281 33 D
417 281 33 D
449 281 33 D
1 282 33 D
33 282 33 D
65 282 33 D
97 282 33 D
129 282 33 D
161 282 33 D
193 282 33 D
225 282 33 D
257 282 33 D
289 282 33 D
321 282 33 D
353 282 33 D
385 282 33 D
417 282 33 D
449 282 33 D
1 283 33 D
33 283 33 D
65 283 33 D
97 283 33 D
129 283 33 D
161 283 33 D
193 283 33 D
225 283 33 D
257 283 33 D
289 283 33 D
321 283 33 D
353 283 33 D
385 283 33 D
417 283 33 D
449 283 33 D
1 284 33 D
33 284 33 D
65 284 33 D
97 284 33 D
129 284 33 D
161 284 33 D
193 284 33 D
225 284 33 D
257 284 33 D
289 284 33 D
321 284 33 D
353 284 33 D
385 284 33 D
417 284 33 D
449 284 33 D
1 285 33 D
33 285 33 D
65 285 33 D
97 285 33 D
129 285 33 D
161 285 33 D
193 285 33 D
225 285 33 D
257 285 33 D
289 285 33 D
321 285 33 D
353 285 33 D
385 285 33 D
417 285 33 D
449 285 33 D
1 286 33 D
33 286 33 D
65 286 33 D
97 286 33 D
129 286 33 D
161 286 33 D
193 286 33 D
225 286 33 D
257 286 33 D
289 286 33 D
321 286 33 D
353 286 33 D
385 286 33 D
417 286 33 D
449 286 33 D
1 287 33 D
33 287 33 D
65 287 33 D
97 287 33 D
129 287 33 D
161 287 33 D
193 287 33 D
225 287 33 D
257 287 33 D
289 287 33 D
321 287 33 D
353 287 33 D
385 287 33 D
417 287 33 D
449 287 33 D
1 288 33 D
33 288 33 D
65 288 33 D
97 288 33 D
129 288 33 D
161 288 33 D
193 288 33 D
225 288 33 D
257 288 33 D
289 288 33 D
321 288 33 D
353 288 33 D
385 288 33 D
417 288 33 D
449 288 33 D
1 289 33 D
33 289 33 D
65 289 33 D
97 289 33 D
129 289 33 D
161 289 33 D
193 289 33 D
225 289 33 D
257 289 33 D
289 289 33 D
321 289 33 D
353 289 33 D
385 289 33 D
417 289 33 D
449 289 33 D
1 290 33 D
33 290 33 D
65 290 33 D
97 290 33 D
129 290 33 D
161 290 33 D
193 290 33 D
225 290 33 D
257 290 33 D
289 290 33 D
321 290 33 D
353 290 33 D
385 290 33 D
417 290 33 D
449 290 33 D
1 291 33 D
33 291 33 D
65 291 33 D
97 291 33 D
129 291 33 D
161 291 33 D
193 291 33 D
225 291 33 D
257 291 33 D
289 291 33 D
321 291 33 D
353 291 33 D
385 291 33 D
417 291 33 D
449 291 33 D
1 292 33 D
33 292 33 D
65 292 33 D
97 292 33 D
129 292 33 D
161 292 33 D
193 292 33 D
225 292 33 D
257 292 33 D
289 292 33 D
321 292 33 D
353 292 33 D
385 292 33 D
417 292 33 D
449 292 33 D
1 293 33 D
33 293 33 D
65 293 33 D
97 293 33 D
129 293 33 D
161 293 33 D
193 293 33 D
225 293 33 D
257 293 33 D
289 293 33 D
321 293 33 D
353 293 33 D
385 293 33 D
417 293 33 D
449 293 33 D
1 294 33 D
33 294 33 D
65 294 33 D
97 294 33 D
129 294 33 D
161 294 33 D
193 294 33 D
225 294 33 D
257 294 33 D
289 294 33 D
321 294 33 D
353 294 33 D
385 294 33 D
417 294 33 D
449 294 33 D
1 295 33 D
33 295 33 D
65 295 33 D
97 295 33 D
129 295 33 D
161 295 33 D
193 295 33 D
225 295 33 D
257 295 33 D
289 295 33 D
321 295 33 D
353 295 33 D
385 295 33 D
417 295 33 D
449 295 33 D
1 296 33 D
33 296 33 D
65 296 33 D
97 296 33 D
129 296 33 D
161 296 33 D
193 296 33 D
225 296 33 D
257 296 33 D
289 296 33 D
321 296 33 D
353 296 33 D
385 296 33 D
417 296 33 D
449 296 33 D
1 297 33 D
33 297 33 D
65 297 33 D
97 297 33 D
129 297 33 D
161 297 33 D
193 297 33 D
225 297 33 D
257 297 33 D
289 297 33 D
321 297 33 D
353 297 33 D
385 297 33 D
417 297 33 D
449 297 33 D
1 298 33 D
33 298 33 D
65 298 33 D
97 298 33 D
129 298 33 D
161 298 33 D
193 298 33 D
225 298 33 D
257 298 33 D
289 298 33 D
321 298 33 D
353 298 33 D
385 298 33 D
417 298 33 D
449 298 33 D
1 299 33 D
33 299 33 D
65 299 33 D
97 299 33 D
129 299 33 D
161 299 33 D
193 299 33 D
225 299 33 D
257 299 33 D
289 299 33 D
321 299 33 D
353 299 33 D
385 299 33 D
417 299 33 D
449 299 33 D
1 300 33 D
33 300 33 D
65 300 33 D
97 300 33 D
129 300 33 D
161 300 33 D
193 300 33 D
225 300 33 D
257 300 33 D
289 300 33 D
321 300 33 D
353 300 33 D
385 300 33 D
417 300 33 D
449 300 33 D
1 301 33 D
33 301 33 D
65 301 33 D
97 301 33 D
129 301 33 D
161 301 33 D
193 301 33 D
225 301 33 D
257 301 33 D
289 301 33 D
321 301 33 D
353 301 33 D
385 301 33 D
417 301 33 D
449 301 33 D
1 302 33 D
33 302 33 D
65 302 33 D
97 302 33 D
129 302 33 D
161 302 33 D
193 302 33 D
225 302 33 D
257 302 33 D
289 302 33 D
321 302 33 D
353 302 33 D
385 302 33 D
417 302 33 D
449 302 33 D
1 303 33 D
33 303 33 D
65 303 33 D
97 303 33 D
129 303 33 D
161 303 33 D
193 303 33 D
225 303 33 D
257 303 33 D
289 303 33 D
321 303 33 D
353 303 33 D
385 303 33 D
417 303 33 D
449 303 33 D
1 304 33 D
33 304 33 D
65 304 33 D
97 304 33 D
129 304 33 D
161 304 33 D
193 304 33 D
225 304 33 D
257 304 33 D
289 304 33 D
321 304 33 D
353 304 33 D
385 304 33 D
417 304 33 D
449 304 33 D
1 305 33 D
33 305 33 D
65 305 33 D
97 305 33 D
129 305 33 D
161 305 33 D
193 305 33 D
225 305 33 D
257 305 33 D
289 305 33 D
321 305 33 D
353 305 33 D
385 305 33 D
417 305 33 D
449 305 33 D
1 306 33 D
33 306 33 D
65 306 33 D
97 306 33 D
129 306 33 D
161 306 33 D
193 306 33 D
225 306 33 D
257 306 33 D
289 306 33 D
321 306 33 D
353 306 33 D
385 306 33 D
417 306 33 D
449 306 33 D
1 307 33 D
33 307 33 D
65 307 33 D
97 307 33 D
129 307 33 D
161 307 33 D
193 307 33 D
225 307 33 D
257 307 33 D
289 307 33 D
321 307 33 D
353 307 33 D
385 307 33 D
417 307 33 D
449 307 33 D
1 308 33 D
33 308 33 D
65 308 33 D
97 308 33 D
129 308 33 D
161 308 33 D
193 308 33 D
225 308 33 D
257 308 33 D
289 308 33 D
321 308 33 D
353 308 33 D
385 308 33 D
417 308 33 D
449 308 33 D
1 309 33 D
33 309 33 D
65 309 33 D
97 309 33 D
129 309 33 D
161 309 33 D
193 309 33 D
225 309 33 D
257 309 33 D
289 309 33 D
321 309 33 D
353 309 33 D
385 309 33 D
417 309 33 D
449 309 33 D
1 310 33 D
33 310 33 D
65 310 33 D
97 310 33 D
129 310 33 D
161 310 33 D
193 310 33 D
225 310 33 D
257 310 33 D
289 310 33 D
321 310 33 D
353 310 33 D
385 310 33 D
417 310 33 D
449 310 33 D
1 311 33 D
33 311 33 D
65 311 33 D
97 311 33 D
129 311 33 D
161 311 33 D
193 311 33 D
225 311 33 D
257 311 33 D
289 311 33 D
321 311 33 D
353 311 33 D
385 311 33 D
417 311 33 D
449 311 33 D
1 312 33 D
33 312 33 D
65 312 33 D
97 312 33 D
129 312 33 D
161 312 33 D
193 312 33 D
225 312 33 D
257 312 33 D
289 312 33 D
321 312 33 D
353 312 33 D
385 312 33 D
417 312 33 D
449 312 33 D
1 313 33 D
33 313 33 D
65 313 33 D
97 313 33 D
129 313 33 D
161 313 33 D
193 313 33 D
225 313 33 D
257 313 33 D
289 313 33 D
321 313 33 D
353 313 33 D
385 313 33 D
417 313 33 D
449 313 33 D
1 314 33 D
33 314 33 D
65 314 33 D
97 314 33 D
129 314 33 D
161 314 33 D
193 314 33 D
225 314 33 D
257 314 33 D
289 314 33 D
321 314 33 D
353 314 33 D
385 314 33 D
417 314 33 D
449 314 33 D
1 315 33 D
33 315 33 D
65 315 33 D
97 315 33 D
129 315 33 D
161 315 33 D
193 315 33 D
225 315 33 D
257 315 33 D
289 315 33 D
321 315 33 D
353 315 33 D
385 315 33 D
417 315 33 D
449 315 33 D
1 316 33 D
33 316 33 D
65 316 33 D
97 316 33 D
129 316 33 D
161 316 33 D
193 316 33 D
225 316 33 D
257 316 33 D
289 316 33 D
321 316 33 D
353 316 33 D
385 316 33 D
417 316 33 D
449 316 33 D
1 317 33 D
33 317 33 D
65 317 33 D
97 317 33 D
129 317 33 D
161 317 33 D
193 317 33 D
225 317 33 D
257 317 33 D
289 317 33 D
321 317 33 D
353 317 33 D
385 317 33 D
417 317 33 D
449 317 33 D
1 318 33 D
33 318 33 D
65 318 33 D
97 318 33 D
129 318 33 D
161 318 33 D
193 318 33 D
225 318 33 D
257 318 33 D
289 318 33 D
321 318 33 D
353 318 33 D
385 318 33 D
417 318 33 D
449 318 33 D
1 319 33 D
33 319 33 D
65 319 33 D
97 319 33 D
129 319 33 D
161 319 33 D
193 319 33 D
225 319 33 D
257 319 33 D
289 319 33 D
321 319 33 D
353 319 33 D
385 319 33 D
417 319 33 D
449 319 33 D
1 320 33 D
33 320 33 D
65 320 33 D
97 320 33 D
129 320 33 D
161 320 33 D
193 320 33 D
225 320 33 D
257 320 33 D
289 320 33 D
321 320 33 D
353 320 33 D
385 320 33 D
417 320 33 D
449 320 33 D
1 321 33 D
33 321 33 D
65 321 33 D
97 321 33 D
129 321 33 D
161 321 33 D
193 321 33 D
225 321 33 D
257 321 33 D
289 321 33 D
321 321 33 D
353 321 33 D
385 321 33 D
417 321 33 D
449 321 33 D
1 322 33 D
33 322 33 D
65 322 33 D
97 322 33 D
129 322 33 D
161 322 33 D
193 322 33 D
225 322 33 D
257 322 33 D
289 322 33 D
321 322 33 D
353 322 33 D
385 322 33 D
417 322 33 D
449 322 33 D
1 323 33 D
33 323 33 D
65 323 33 D
97 323 33 D
129 323 33 D
161 323 33 D
193 323 33 D
225 323 33 D
257 323 33 D
289 323 33 D
321 323 33 D
353 323 33 D
385 323 33 D
417 323 33 D
449 323 33 D
1 324 33 D
33 324 33 D
65 324 33 D
97 324 33 D
129 324 33 D
161 324 33 D
193 324 33 D
225 324 33 D
257 324 33 D
289 324 33 D
321 324 33 D
353 324 33 D
385 324 33 D
417 324 33 D
449 324 33 D
1 325 33 D
33 325 33 D
65 325 33 D
97 325 33 D
129 325 33 D
161 325 33 D
193 325 33 D
225 325 33 D
257 325 33 D
289 325 33 D
321 325 33 D
353 325 33 D
385 325 33 D
417 325 33 D
449 325 33 D
1 326 33 D
33 326 33 D
65 326 33 D
97 326 33 D
129 326 33 D
161 326 33 D
193 326 33 D
225 326 33 D
257 326 33 D
289 326 33 D
321 326 33 D
353 326 33 D
385 326 33 D
417 326 33 D
449 326 33 D
1 327 33 D
33 327 33 D
65 327 33 D
97 327 33 D
129 327 33 D
161 327 33 D
193 327 33 D
225 327 33 D
257 327 33 D
289 327 33 D
321 327 33 D
353 327 33 D
385 327 33 D
417 327 33 D
449 327 33 D
1 328 33 D
33 328 33 D
65 328 33 D
97 328 33 D
129 328 33 D
161 328 33 D
193 328 33 D
225 328 33 D
257 328 33 D
289 328 33 D
321 328 33 D
353 328 33 D
385 328 33 D
417 328 33 D
449 328 33 D
1 329 33 D
33 329 33 D
65 329 33 D
97 329 33 D
129 329 33 D
161 329 33 D
193 329 33 D
225 329 33 D
257 329 33 D
289 329 33 D
321 329 33 D
353 329 33 D
385 329 33 D
417 329 33 D
449 329 33 D
1 330 33 D
33 330 33 D
65 330 33 D
97 330 33 D
129 330 33 D
161 330 33 D
193 330 33 D
225 330 33 D
257 330 33 D
289 330 33 D
321 330 33 D
353 330 33 D
385 330 33 D
417 330 33 D
449 330 33 D
1 331 33 D
33 331 33 D
65 331 33 D
97 331 33 D
129 331 33 D
161 331 33 D
193 331 33 D
225 331 33 D
257 331 33 D
289 331 33 D
321 331 33 D
353 331 33 D
385 331 33 D
417 331 33 D
449 331 33 D
1 332 33 D
33 332 33 D
65 332 33 D
97 332 33 D
129 332 33 D
161 332 33 D
193 332 33 D
225 332 33 D
257 332 33 D
289 332 33 D
321 332 33 D
353 332 33 D
385 332 33 D
417 332 33 D
449 332 33 D
1 333 33 D
33 333 33 D
65 333 33 D
97 333 33 D
129 333 33 D
161 333 33 D
193 333 33 D
225 333 33 D
257 333 33 D
289 333 33 D
321 333 33 D
353 333 33 D
385 333 33 D
417 333 33 D
449 333 33 D
1 334 33 D
33 334 33 D
65 334 33 D
97 334 33 D
129 334 33 D
161 334 33 D
193 334 33 D
225 334 33 D
257 334 33 D
289 334 33 D
321 334 33 D
353 334 33 D
385 334 33 D
417 334 33 D
449 334 33 D
1 335 33 D
33 335 33 D
65 335 33 D
97 335 33 D
129 335 33 D
161 335 33 D
193 335 33 D
225 335 33 D
257 335 33 D
289 335 33 D
321 335 33 D
353 335 33 D
385 335 33 D
417 335 33 D
449 335 33 D
1 336 33 D
33 336 33 D
65 336 33 D
97 336 33 D
129 336 33 D
161 336 33 D
193 336 33 D
225 336 33 D
257 336 33 D
289 336 33 D
321 336 33 D
353 336 33 D
385 336 33 D
417 336 33 D
449 336 33 D
1 337 33 D
33 337 33 D
65 337 33 D
97 337 33 D
129 337 33 D
161 337 33 D
193 337 33 D
225 337 33 D
257 337 33 D
289 337 33 D
321 337 33 D
353 337 33 D
385 337 33 D
417 337 33 D
449 337 33 D
1 338 33 D
33 338 33 D
65 338 33 D
97 338 33 D
129 338 33 D
161 338 33 D
193 338 33 D
225 338 33 D
257 338 33 D
289 338 33 D
321 338 33 D
353 338 33 D
385 338 33 D
417 338 33 D
449 338 33 D
1 339 33 D
33 339 33 D
65 339 33 D
97 339 33 D
129 339 33 D
161 339 33 D
193 339 33 D
225 339 33 D
257 339 33 D
289 339 33 D
321 339 33 D
353 339 33 D
385 339 33 D
417 339 33 D
449 339 33 D
1 340 33 D
33 340 33 D
65 340 33 D
97 340 33 D
129 340 33 D
161 340 33 D
193 340 33 D
225 340 33 D
257 340 33 D
289 340 33 D
321 340 33 D
353 340 33 D
385 340 33 D
417 340 33 D
449 340 33 D
1 341 33 D
33 341 33 D
65 341 33 D
97 341 33 D
129 341 33 D
161 341 33 D
193 341 33 D
225 341 33 D
257 341 33 D
289 341 33 D
321 341 33 D
353 341 33 D
385 341 33 D
417 341 33 D
449 341 33 D
1 342 33 D
33 342 33 D
65 342 33 D
97 342 33 D
129 342 33 D
161 342 33 D
193 342 33 D
225 342 33 D
257 342 33 D
289 342 33 D
321 342 33 D
353 342 33 D
385 342 33 D
417 342 33 D
449 342 33 D
1 343 33 D
33 343 33 D
65 343 33 D
97 343 33 D
129 343 33 D
161 343 33 D
193 343 33 D
225 343 33 D
257 343 33 D
289 343 33 D
321 343 33 D
353 343 33 D
385 343 33 D
417 343 33 D
449 343 33 D
1 344 33 D
33 344 33 D
65 344 33 D
97 344 33 D
129 344 33 D
161 344 33 D
193 344 33 D
225 344 33 D
257 344 33 D
289 344 33 D
321 344 33 D
353 344 33 D
385 344 33 D
417 344 33 D
449 344 33 D
1 345 33 D
33 345 33 D
65 345 33 D
97 345 33 D
129 345 33 D
161 345 33 D
193 345 33 D
225 345 33 D
257 345 33 D
289 345 33 D
321 345 33 D
353 345 33 D
385 345 33 D
417 345 33 D
449 345 33 D
1 346 33 D
33 346 33 D
65 346 33 D
97 346 33 D
129 346 33 D
161 346 33 D
193 346 33 D
225 346 33 D
257 346 33 D
289 346 33 D
321 346 33 D
353 346 33 D
385 346 33 D
417 346 33 D
449 346 33 D
1 347 33 D
33 347 33 D
65 347 33 D
97 347 33 D
129 347 33 D
161 347 33 D
193 347 33 D
225 347 33 D
257 347 33 D
289 347 33 D
321 347 33 D
353 347 33 D
385 347 33 D
417 347 33 D
449 347 33 D
1 348 33 D
33 348 33 D
65 348 33 D
97 348 33 D
129 348 33 D
161 348 33 D
193 348 33 D
225 348 33 D
257 348 33 D
289 348 33 D
321 348 33 D
353 348 33 D
385 348 33 D
417 348 33 D
449 348 33 D
1 349 33 D
33 349 33 D
65 349 33 D
97 349 33 D
129 349 33 D
161 349 33 D
193 349 33 D
225 349 33 D
257 349 33 D
289 349 33 D
321 349 33 D
353 349 33 D
385 349 33 D
417 349 33 D
449 349 33 D
1 350 33 D
33 350 33 D
65 350 33 D
97 350 33 D
129 350 33 D
161 350 33 D
193 350 33 D
225 350 33 D
257 350 33 D
289 350 33 D
321 350 33 D
353 350 33 D
385 350 33 D
417 350 33 D
449 350 33 D
1 351 33 D
33 351 33 D
65 351 33 D
97 351 33 D
129 351 33 D
161 351 33 D
193 351 33 D
225 351 33 D
257 351 33 D
289 351 33 D
321 351 33 D
353 351 33 D
385 351 33 D
417 351 33 D
449 351 33 D
1 352 33 D
33 352 33 D
65 352 33 D
97 352 33 D
129 352 33 D
161 352 33 D
193 352 33 D
225 352 33 D
257 352 33 D
289 352 33 D
321 352 33 D
353 352 33 D
385 352 33 D
417 352 33 D
449 352 33 D
1 353 33 D
33 353 33 D
65 353 33 D
97 353 33 D
129 353 33 D
161 353 33 D
193 353 33 D
225 353 33 D
257 353 33 D
289 353 33 D
321 353 33 D
353 353 33 D
385 353 33 D
417 353 33 D
449 353 33 D
1 354 33 D
33 354 33 D
65 354 33 D
97 354 33 D
129 354 33 D
161 354 33 D
193 354 33 D
225 354 33 D
257 354 33 D
289 354 33 D
321 354 33 D
353 354 33 D
385 354 33 D
417 354 33 D
449 354 33 D
1 355 33 D
33 355 33 D
65 355 33 D
97 355 33 D
129 355 33 D
161 355 33 D
193 355 33 D
225 355 33 D
257 355 33 D
289 355 33 D
321 355 33 D
353 355 33 D
385 355 33 D
417 355 33 D
449 355 33 D
1 356 33 D
33 356 33 D
65 356 33 D
97 356 33 D
129 356 33 D
161 356 33 D
193 356 33 D
225 356 33 D
257 356 33 D
289 356 33 D
321 356 33 D
353 356 33 D
385 356 33 D
417 356 33 D
449 356 33 D
1 357 33 D
33 357 33 D
65 357 33 D
97 357 33 D
129 357 33 D
161 357 33 D
193 357 33 D
225 357 33 D
257 357 33 D
289 357 33 D
321 357 33 D
353 357 33 D
385 357 33 D
417 357 33 D
449 357 33 D
1 358 33 D
33 358 33 D
65 358 33 D
97 358 33 D
129 358 33 D
161 358 33 D
193 358 33 D
225 358 33 D
257 358 33 D
289 358 33 D
321 358 33 D
353 358 33 D
385 358 33 D
417 358 33 D
449 358 33 D
1 359 33 D
33 359 33 D
65 359 33 D
97 359 33 D
129 359 33 D
161 359 33 D
193 359 33 D
225 359 33 D
257 359 33 D
289 359 33 D
321 359 33 D
353 359 33 D
385 359 33 D
417 359 33 D
449 359 33 D
1 360 33 D
33 360 33 D
65 360 33 D
97 360 33 D
129 360 33 D
161 360 33 D
193 360 33 D
225 360 33 D
257 360 33 D
289 360 33 D
321 360 33 D
353 360 33 D
385 360 33 D
417 360 33 D
449 360 33 D
1 361 33 D
33 361 33 D
65 361 33 D
97 361 33 D
129 361 33 D
161 361 33 D
193 361 33 D
225 361 33 D
257 361 33 D
289 361 33 D
321 361 33 D
353 361 33 D
385 361 33 D
417 361 33 D
449 361 33 D
1 362 33 D
33 362 33 D
65 362 33 D
97 362 33 D
129 362 33 D
161 362 33 D
193 362 33 D
225 362 33 D
257 362 33 D
289 362 33 D
321 362 33 D
353 362 33 D
385 362 33 D
417 362 33 D
449 362 33 D
1 363 33 D
33 363 33 D
65 363 33 D
97 363 33 D
129 363 33 D
161 363 33 D
193 363 33 D
225 363 33 D
257 363 33 D
289 363 33 D
321 363 33 D
353 363 33 D
385 363 33 D
417 363 33 D
449 363 33 D
1 364 33 D
33 364 33 D
65 364 33 D
97 364 33 D
129 364 33 D
161 364 33 D
193 364 33 D
225 364 33 D
257 364 33 D
289 364 33 D
321 364 33 D
353 364 33 D
385 364 33 D
417 364 33 D
449 364 33 D
1 365 33 D
33 365 33 D
65 365 33 D
97 365 33 D
129 365 33 D
161 365 33 D
193 365 33 D
225 365 33 D
257 365 33 D
289 365 33 D
321 365 33 D
353 365 33 D
385 365 33 D
417 365 33 D
449 365 33 D
1 366 33 D
33 366 33 D
65 366 33 D
97 366 33 D
129 366 33 D
161 366 33 D
193 366 33 D
225 366 33 D
257 366 33 D
289 366 33 D
321 366 33 D
353 366 33 D
385 366 33 D
417 366 33 D
449 366 33 D
1 367 33 D
33 367 33 D
65 367 33 D
97 367 33 D
129 367 33 D
161 367 33 D
193 367 33 D
225 367 33 D
257 367 33 D
289 367 33 D
321 367 33 D
353 367 33 D
385 367 33 D
417 367 33 D
449 367 33 D
1 368 33 D
33 368 33 D
65 368 33 D
97 368 33 D
129 368 33 D
161 368 33 D
193 368 33 D
225 368 33 D
257 368 33 D
289 368 33 D
321 368 33 D
353 368 33 D
385 368 33 D
417 368 33 D
449 368 33 D
1 369 33 D
33 369 33 D
65 369 33 D
97 369 33 D
129 369 33 D
161 369 33 D
193 369 33 D
225 369 33 D
257 369 33 D
289 369 33 D
321 369 33 D
353 369 33 D
385 369 33 D
417 369 33 D
449 369 33 D
1 370 33 D
33 370 33 D
65 370 33 D
97 370 33 D
129 370 33 D
161 370 33 D
193 370 33 D
225 370 33 D
257 370 33 D
289 370 33 D
321 370 33 D
353 370 33 D
385 370 33 D
417 370 33 D
449 370 33 D
1 371 33 D
33 371 33 D
65 371 33 D
97 371 33 D
129 371 33 D
161 371 33 D
193 371 33 D
225 371 33 D
257 371 33 D
289 371 33 D
321 371 33 D
353 371 33 D
385 371 33 D
417 371 33 D
449 371 33 D
1 372 33 D
33 372 33 D
65 372 33 D
97 372 33 D
129 372 33 D
161 372 33 D
193 372 33 D
225 372 33 D
257 372 33 D
289 372 33 D
321 372 33 D
353 372 33 D
385 372 33 D
417 372 33 D
449 372 33 D
1 373 33 D
33 373 33 D
65 373 33 D
97 373 33 D
129 373 33 D
161 373 33 D
193 373 33 D
225 373 33 D
257 373 33 D
289 373 33 D
321 373 33 D
353 373 33 D
385 373 33 D
417 373 33 D
449 373 33 D
1 374 33 D
33 374 33 D
65 374 33 D
97 374 33 D
129 374 33 D
161 374 33 D
193 374 33 D
225 374 33 D
257 374 33 D
289 374 33 D
321 374 33 D
353 374 33 D
385 374 33 D
417 374 33 D
449 374 33 D
1 375 33 D
33 375 33 D
65 375 33 D
97 375 33 D
129 375 33 D
161 375 33 D
193 375 33 D
225 375 33 D
257 375 33 D
289 375 33 D
321 375 33 D
353 375 33 D
385 375 33 D
417 375 33 D
449 375 33 D
1 376 33 D
33 376 33 D
65 376 33 D
97 376 33 D
129 376 33 D
161 376 33 D
193 376 33 D
225 376 33 D
257 376 33 D
289 376 33 D
321 376 33 D
353 376 33 D
385 376 33 D
417 376 33 D
449 376 33 D
1 377 33 D
33 377 33 D
65 377 33 D
97 377 33 D
129 377 33 D
161 377 33 D
193 377 33 D
225 377 33 D
257 377 33 D
289 377 33 D
321 377 33 D
353 377 33 D
385 377 33 D
417 377 33 D
449 377 33 D
1 378 33 D
33 378 33 D
65 378 33 D
97 378 33 D
129 378 33 D
161 378 33 D
193 378 33 D
225 378 33 D
257 378 33 D
289 378 33 D
321 378 33 D
353 378 33 D
385 378 33 D
417 378 33 D
449 378 33 D
1 379 33 D
33 379 33 D
65 379 33 D
97 379 33 D
129 379 33 D
161 379 33 D
193 379 33 D
225 379 33 D
257 379 33 D
289 379 33 D
321 379 33 D
353 379 33 D
385 379 33 D
417 379 33 D
449 379 33 D
1 380 33 D
33 380 33 D
65 380 33 D
97 380 33 D
129 380 33 D
161 380 33 D
193 380 33 D
225 380 33 D
257 380 33 D
289 380 33 D
321 380 33 D
353 380 33 D
385 380 33 D
417 380 33 D
449 380 33 D
1 381 33 D
33 381 33 D
65 381 33 D
97 381 33 D
129 381 33 D
161 381 33 D
193 381 33 D
225 381 33 D
257 381 33 D
289 381 33 D
321 381 33 D
353 381 33 D
385 381 33 D
417 381 33 D
449 381 33 D
1 382 33 D
33 382 33 D
65 382 33 D
97 382 33 D
129 382 33 D
161 382 33 D
193 382 33 D
225 382 33 D
257 382 33 D
289 382 33 D
321 382 33 D
353 382 33 D
385 382 33 D
417 382 33 D
449 382 33 D
1 383 33 D
33 383 33 D
65 383 33 D
97 383 33 D
129 383 33 D
161 383 33 D
193 383 33 D
225 383 33 D
257 383 33 D
289 383 33 D
321 383 33 D
353 383 33 D
385 383 33 D
417 383 33 D
449 383 33 D
1 384 33 D
33 384 33 D
65 384 33 D
97 384 33 D
129 384 33 D
161 384 33 D
193 384 33 D
225 384 33 D
257 384 33 D
289 384 33 D
321 384 33 D
353 384 33 D
385 384 33 D
417 384 33 D
449 384 33 D
1 385 33 D
33 385 33 D
65 385 33 D
97 385 33 D
129 385 33 D
161 385 33 D
193 385 33 D
225 385 33 D
257 385 33 D
289 385 33 D
321 385 33 D
353 385 33 D
385 385 33 D
417 385 33 D
449 385 33 D
1 386 33 D
33 386 33 D
65 386 33 D
97 386 33 D
129 386 33 D
161 386 33 D
193 386 33 D
225 386 33 D
257 386 33 D
289 386 33 D
321 386 33 D
353 386 33 D
385 386 33 D
417 386 33 D
449 386 33 D
1 387 33 D
33 387 33 D
65 387 33 D
97 387 33 D
129 387 33 D
161 387 33 D
193 387 33 D
225 387 33 D
257 387 33 D
289 387 33 D
321 387 33 D
353 387 33 D
385 387 33 D
417 387 33 D
449 387 33 D
1 388 33 D
33 388 33 D
65 388 33 D
97 388 33 D
129 388 33 D
161 388 33 D
193 388 33 D
225 388 33 D
257 388 33 D
289 388 33 D
321 388 33 D
353 388 33 D
385 388 33 D
417 388 33 D
449 388 33 D
1 389 33 D
33 389 33 D
65 389 33 D
97 389 33 D
129 389 33 D
161 389 33 D
193 389 33 D
225 389 33 D
257 389 33 D
289 389 33 D
321 389 33 D
353 389 33 D
385 389 33 D
417 389 33 D
449 389 33 D
1 390 33 D
33 390 33 D
65 390 33 D
97 390 33 D
129 390 33 D
161 390 33 D
193 390 33 D
225 390 33 D
257 390 33 D
289 390 33 D
321 390 33 D
353 390 33 D
385 390 33 D
417 390 33 D
449 390 33 D
1 391 33 D
33 391 33 D
65 391 33 D
97 391 33 D
129 391 33 D
161 391 33 D
193 391 33 D
225 391 33 D
257 391 33 D
289 391 33 D
321 391 33 D
353 391 33 D
385 391 33 D
417 391 33 D
449 391 33 D
1 392 33 D
33 392 33 D
65 392 33 D
97 392 33 D
129 392 33 D
161 392 33 D
193 392 33 D
225 392 33 D
257 392 33 D
289 392 33 D
321 392 33 D
353 392 33 D
385 392 33 D
417 392 33 D
449 392 33 D
1 393 33 D
33 393 33 D
65 393 33 D
97 393 33 D
129 393 33 D
161 393 33 D
193 393 33 D
225 393 33 D
257 393 33 D
289 393 33 D
321 393 33 D
353 393 33 D
385 393 33 D
417 393 33 D
449 393 33 D
1 394 33 D
33 394 33 D
65 394 33 D
97 394 33 D
129 394 33 D
161 394 33 D
193 394 33 D
225 394 33 D
257 394 33 D
289 394 33 D
321 394 33 D
353 394 33 D
385 394 33 D
417 394 33 D
449 394 33 D
1 395 33 D
33 395 33 D
65 395 33 D
97 395 33 D
129 395 33 D
161 395 33 D
193 395 33 D
225 395 33 D
257 395 33 D
289 395 33 D
321 395 33 D
353 395 33 D
385 395 33 D
417 395 33 D
449 395 33 D
1 396 33 D
33 396 33 D
65 396 33 D
97 396 33 D
129 396 33 D
161 396 33 D
193 396 33 D
225 396 33 D
257 396 33 D
289 396 33 D
321 396 33 D
353 396 33 D
385 396 33 D
417 396 33 D
449 396 33 D
1 397 33 D
33 397 33 D
65 397 33 D
97 397 33 D
129 397 33 D
161 397 33 D
193 397 33 D
225 397 33 D
257 397 33 D
289 397 33 D
321 397 33 D
353 397 33 D
385 397 33 D
417 397 33 D
449 397 33 D
1 398 33 D
33 398 33 D
65 398 33 D
97 398 33 D
129 398 33 D
161 398 33 D
193 398 33 D
225 398 33 D
257 398 33 D
289 398 33 D
321 398 33 D
353 398 33 D
385 398 33 D
417 398 33 D
449 398 33 D
1 399 33 D
33 399 33 D
65 399 33 D
97 399 33 D
129 399 33 D
161 399 33 D
193 399 33 D
225 399 33 D
257 399 33 D
289 399 33 D
321 399 33 D
353 399 33 D
385 399 33 D
417 399 33 D
449 399 33 D
1 400 33 D
33 400 33 D
65 400 33 D
97 400 33 D
129 400 33 D
161 400 33 D
193 400 33 D
225 400 33 D
257 400 33 D
289 400 33 D
321 400 33 D
353 400 33 D
385 400 33 D
417 400 33 D
449 400 33 D
1 401 33 D
33 401 33 D
65 401 33 D
97 401 33 D
129 401 33 D
161 401 33 D
193 401 33 D
225 401 33 D
257 401 33 D
289 401 33 D
321 401 33 D
353 401 33 D
385 401 33 D
417 401 33 D
449 401 33 D
1 402 33 D
33 402 33 D
65 402 33 D
97 402 33 D
129 402 33 D
161 402 33 D
193 402 33 D
225 402 33 D
257 402 33 D
289 402 33 D
321 402 33 D
353 402 33 D
385 402 33 D
417 402 33 D
449 402 33 D
1 403 33 D
33 403 33 D
65 403 33 D
97 403 33 D
129 403 33 D
161 403 33 D
193 403 33 D
225 403 33 D
257 403 33 D
289 403 33 D
321 403 33 D
353 403 33 D
385 403 33 D
417 403 33 D
449 403 33 D
1 404 33 D
33 404 33 D
65 404 33 D
97 404 33 D
129 404 33 D
161 404 33 D
193 404 33 D
225 404 33 D
257 404 33 D
289 404 33 D
321 404 33 D
353 404 33 D
385 404 33 D
417 404 33 D
449 404 33 D
1 405 33 D
33 405 33 D
65 405 33 D
97 405 33 D
129 405 33 D
161 405 33 D
193 405 33 D
225 405 33 D
257 405 33 D
289 405 33 D
321 405 33 D
353 405 33 D
385 405 33 D
417 405 33 D
449 405 33 D
1 406 33 D
33 406 33 D
65 406 33 D
97 406 33 D
129 406 33 D
161 406 33 D
193 406 33 D
225 406 33 D
257 406 33 D
289 406 33 D
321 406 33 D
353 406 33 D
385 406 33 D
417 406 33 D
449 406 33 D
1 407 33 D
33 407 33 D
65 407 33 D
97 407 33 D
129 407 33 D
161 407 33 D
193 407 33 D
225 407 33 D
257 407 33 D
289 407 33 D
321 407 33 D
353 407 33 D
385 407 33 D
417 407 33 D
449 407 33 D
1 408 33 D
33 408 33 D
65 408 33 D
97 408 33 D
129 408 33 D
161 408 33 D
193 408 33 D
225 408 33 D
257 408 33 D
289 408 33 D
321 408 33 D
353 408 33 D
385 408 33 D
417 408 33 D
449 408 33 D
1 409 33 D
33 409 33 D
65 409 33 D
97 409 33 D
129 409 33 D
161 409 33 D
193 409 33 D
225 409 33 D
257 409 33 D
289 409 33 D
321 409 33 D
353 409 33 D
385 409 33 D
417 409 33 D
449 409 33 D
1 410 33 D
33 410 33 D
65 410 33 D
97 410 33 D
129 410 33 D
161 410 33 D
193 410 33 D
225 410 33 D
257 410 33 D
289 410 33 D
321 410 33 D
353 410 33 D
385 410 33 D
417 410 33 D
449 410 33 D
1 411 33 D
33 411 33 D
65 411 33 D
97 411 33 D
129 411 33 D
161 411 33 D
193 411 33 D
225 411 33 D
257 411 33 D
289 411 33 D
321 411 33 D
353 411 33 D
385 411 33 D
417 411 33 D
449 411 33 D
1 412 33 D
33 412 33 D
65 412 33 D
97 412 33 D
129 412 33 D
161 412 33 D
193 412 33 D
225 412 33 D
257 412 33 D
289 412 33 D
321 412 33 D
353 412 33 D
385 412 33 D
417 412 33 D
449 412 33 D
1 413 33 D
33 413 33 D
65 413 33 D
97 413 33 D
129 413 33 D
161 413 33 D
193 413 33 D
225 413 33 D
257 413 33 D
289 413 33 D
321 413 33 D
353 413 33 D
385 413 33 D
417 413 33 D
449 413 33 D
1 414 33 D
33 414 33 D
65 414 33 D
97 414 33 D
129 414 33 D
161 414 33 D
193 414 33 D
225 414 33 D
257 414 33 D
289 414 33 D
321 414 33 D
353 414 33 D
385 414 33 D
417 414 33 D
449 414 33 D
1 415 33 D
33 415 33 D
65 415 33 D
97 415 33 D
129 415 33 D
161 415 33 D
193 415 33 D
225 415 33 D
257 415 33 D
289 415 33 D
321 415 33 D
353 415 33 D
385 415 33 D
417 415 33 D
449 415 33 D
1 416 33 D
33 416 33 D
65 416 33 D
97 416 33 D
129 416 33 D
161 416 33 D
193 416 33 D
225 416 33 D
257 416 33 D
289 416 33 D
321 416 33 D
353 416 33 D
385 416 33 D
417 416 33 D
449 416 33 D
1 417 33 D
33 417 33 D
65 417 33 D
97 417 33 D
129 417 33 D
161 417 33 D
193 417 33 D
225 417 33 D
257 417 33 D
289 417 33 D
321 417 33 D
353 417 33 D
385 417 33 D
417 417 33 D
449 417 33 D
1 418 33 D
33 418 33 D
65 418 33 D
97 418 33 D
129 418 33 D
161 418 33 D
193 418 33 D
225 418 33 D
257 418 33 D
289 418 33 D
321 418 33 D
353 418 33 D
385 418 33 D
417 418 33 D
449 418 33 D
1 419 33 D
33 419 33 D
65 419 33 D
97 419 33 D
129 419 33 D
161 419 33 D
193 419 33 D
225 419 33 D
257 419 33 D
289 419 33 D
321 419 33 D
353 419 33 D
385 419 33 D
417 419 33 D
449 419 33 D
1 420 33 D
33 420 33 D
65 420 33 D
97 420 33 D
129 420 33 D
161 420 33 D
193 420 33 D
225 420 33 D
257 420 33 D
289 420 33 D
321 420 33 D
353 420 33 D
385 420 33 D
417 420 33 D
449 420 33 D
1 421 33 D
33 421 33 D
65 421 33 D
97 421 33 D
129 421 33 D
161 421 33 D
193 421 33 D
225 421 33 D
257 421 33 D
289 421 33 D
321 421 33 D
353 421 33 D
385 421 33 D
417 421 33 D
449 421 33 D
1 422 33 D
33 422 33 D
65 422 33 D
97 422 33 D
129 422 33 D
161 422 33 D
193 422 33 D
225 422 33 D
257 422 33 D
289 422 33 D
321 422 33 D
353 422 33 D
385 422 33 D
417 422 33 D
449 422 33 D
1 423 33 D
33 423 33 D
65 423 33 D
97 423 33 D
129 423 33 D
161 423 33 D
193 423 33 D
225 423 33 D
257 423 33 D
289 423 33 D
321 423 33 D
353 423 33 D
385 423 33 D
417 423 33 D
449 423 33 D
1 424 33 D
33 424 33 D
65 424 33 D
97 424 33 D
129 424 33 D
161 424 33 D
193 424 33 D
225 424 33 D
257 424 33 D
289 424 33 D
321 424 33 D
353 424 33 D
385 424 33 D
417 424 33 D
449 424 33 D
1 425 33 D
33 425 33 D
65 425 33 D
97 425 33 D
129 425 33 D
161 425 33 D
193 425 33 D
225 425 33 D
257 425 33 D
289 425 33 D
321 425 33 D
353 425 33 D
385 425 33 D
417 425 33 D
449 425 33 D
1 426 33 D
33 426 33 D
65 426 33 D
97 426 33 D
129 426 33 D
161 426 33 D
193 426 33 D
225 426 33 D
257 426 33 D
289 426 33 D
321 426 33 D
353 426 33 D
385 426 33 D
417 426 33 D
449 426 33 D
1 427 33 D
33 427 33 D
65 427 33 D
97 427 33 D
129 427 33 D
161 427 33 D
193 427 33 D
225 427 33 D
257 427 33 D
289 427 33 D
321 427 33 D
353 427 33 D
385 427 33 D
417 427 33 D
449 427 33 D
1 428 33 D
33 428 33 D
65 428 33 D
97 428 33 D
129 428 33 D
161 428 33 D
193 428 33 D
225 428 33 D
257 428 33 D
289 428 33 D
321 428 33 D
353 428 33 D
385 428 33 D
417 428 33 D
449 428 33 D
1 429 33 D
33 429 33 D
65 429 33 D
97 429 33 D
129 429 33 D
161 429 33 D
193 429 33 D
225 429 33 D
257 429 33 D
289 429 33 D
321 429 33 D
353 429 33 D
385 429 33 D
417 429 33 D
449 429 33 D
1 430 33 D
33 430 33 D
65 430 33 D
97 430 33 D
129 430 33 D
161 430 33 D
193 430 33 D
225 430 33 D
257 430 33 D
289 430 33 D
321 430 33 D
353 430 33 D
385 430 33 D
417 430 33 D
449 430 33 D
1 431 33 D
33 431 33 D
65 431 33 D
97 431 33 D
129 431 33 D
161 431 33 D
193 431 33 D
225 431 33 D
257 431 33 D
289 431 33 D
321 431 33 D
353 431 33 D
385 431 33 D
417 431 33 D
449 431 33 D
1 432 33 D
33 432 33 D
65 432 33 D
97 432 33 D
129 432 33 D
161 432 33 D
193 432 33 D
225 432 33 D
257 432 33 D
289 432 33 D
321 432 33 D
353 432 33 D
385 432 33 D
417 432 33 D
449 432 33 D
1 433 33 D
33 433 33 D
65 433 33 D
97 433 33 D
129 433 33 D
161 433 33 D
193 433 33 D
225 433 33 D
257 433 33 D
289 433 33 D
321 433 33 D
353 433 33 D
385 433 33 D
417 433 33 D
449 433 33 D
1 434 33 D
33 434 33 D
65 434 33 D
97 434 33 D
129 434 33 D
161 434 33 D
193 434 33 D
225 434 33 D
257 434 33 D
289 434 33 D
321 434 33 D
353 434 33 D
385 434 33 D
417 434 33 D
449 434 33 D
1 435 33 D
33 435 33 D
65 435 33 D
97 435 33 D
129 435 33 D
161 435 33 D
193 435 33 D
225 435 33 D
257 435 33 D
289 435 33 D
321 435 33 D
353 435 33 D
385 435 33 D
417 435 33 D
449 435 33 D
1 436 33 D
33 436 33 D
65 436 33 D
97 436 33 D
129 436 33 D
161 436 33 D
193 436 33 D
225 436 33 D
257 436 33 D
289 436 33 D
321 436 33 D
353 436 33 D
385 436 33 D
417 436 33 D
449 436 33 D
1 437 33 D
33 437 33 D
65 437 33 D
97 437 33 D
129 437 33 D
161 437 33 D
193 437 33 D
225 437 33 D
257 437 33 D
289 437 33 D
321 437 33 D
353 437 33 D
385 437 33 D
417 437 33 D
449 437 33 D
1 438 33 D
33 438 33 D
65 438 33 D
97 438 33 D
129 438 33 D
161 438 33 D
193 438 33 D
225 438 33 D
257 438 33 D
289 438 33 D
321 438 33 D
353 438 33 D
385 438 33 D
417 438 33 D
449 438 33 D
1 439 33 D
33 439 33 D
65 439 33 D
97 439 33 D
129 439 33 D
161 439 33 D
193 439 33 D
225 439 33 D
257 439 33 D
289 439 33 D
321 439 33 D
353 439 33 D
385 439 33 D
417 439 33 D
449 439 33 D
1 440 33 D
33 440 33 D
65 440 33 D
97 440 33 D
129 440 33 D
161 440 33 D
193 440 33 D
225 440 33 D
257 440 33 D
289 440 33 D
321 440 33 D
353 440 33 D
385 440 33 D
417 440 33 D
449 440 33 D
1 441 33 D
33 441 33 D
65 441 33 D
97 441 33 D
129 441 33 D
161 441 33 D
193 441 33 D
225 441 33 D
257 441 33 D
289 441 33 D
321 441 33 D
353 441 33 D
385 441 33 D
417 441 33 D
449 441 33 D
1 442 33 D
33 442 33 D
65 442 33 D
97 442 33 D
129 442 33 D
161 442 33 D
193 442 33 D
225 442 33 D
257 442 33 D
289 442 33 D
321 442 33 D
353 442 33 D
385 442 33 D
417 442 33 D
449 442 33 D
1 443 33 D
33 443 33 D
65 443 33 D
97 443 33 D
129 443 33 D
161 443 33 D
193 443 33 D
225 443 33 D
257 443 33 D
289 443 33 D
321 443 33 D
353 443 33 D
385 443 33 D
417 443 33 D
449 443 33 D
1 444 33 D
33 444 33 D
65 444 33 D
97 444 33 D
129 444 33 D
161 444 33 D
193 444 33 D
225 444 33 D
257 444 33 D
289 444 33 D
321 444 33 D
353 444 33 D
385 444 33 D
417 444 33 D
449 444 33 D
1 445 33 D
33 445 33 D
65 445 33 D
97 445 33 D
129 445 33 D
161 445 33 D
193 445 33 D
225 445 33 D
257 445 33 D
289 445 33 D
321 445 33 D
353 445 33 D
385 445 33 D
417 445 33 D
449 445 33 D
1 446 33 D
33 446 33 D
65 446 33 D
97 446 33 D
129 446 33 D
161 446 33 D
193 446 33 D
225 446 33 D
257 446 33 D
289 446 33 D
321 446 33 D
353 446 33 D
385 446 33 D
417 446 33 D
449 446 33 D
1 447 33 D
33 447 33 D
65 447 33 D
97 447 33 D
129 447 33 D
161 447 33 D
193 447 33 D
225 447 33 D
257 447 33 D
289 447 33 D
321 447 33 D
353 447 33 D
385 447 33 D
417 447 33 D
449 447 33 D
1 448 33 D
33 448 33 D
65 448 33 D
97 448 33 D
129 448 33 D
161 448 33 D
193 448 33 D
225 448 33 D
257 448 33 D
289 448 33 D
321 448 33 D
353 448 33 D
385 448 33 D
417 448 33 D
449 448 33 D
1 449 33 D
33 449 33 D
65 449 33 D
97 449 33 D
129 449 33 D
161 449 33 D
193 449 33 D
225 449 33 D
257 449 33 D
289 449 33 D
321 449 33 D
353 449 33 D
385 449 33 D
417 449 33 D
449 449 33 D
1 450 33 D
33 450 33 D
65 450 33 D
97 450 33 D
129 450 33 D
161 450 33 D
193 450 33 D
225 450 33 D
257 450 33 D
289 450 33 D
321 450 33 D
353 450 33 D
385 450 33 D
417 450 33 D
449 450 33 D
1 451 33 D
33 451 33 D
65 451 33 D
97 451 33 D
129 451 33 D
161 451 33 D
193 451 33 D
225 451 33 D
257 451 33 D
289 451 33 D
321 451 33 D
353 451 33 D
385 451 33 D
417 451 33 D
449 451 33 D
1 452 33 D
33 452 33 D
65 452 33 D
97 452 33 D
129 452 33 D
161 452 33 D
193 452 33 D
225 452 33 D
257 452 33 D
289 452 33 D
321 452 33 D
353 452 33 D
385 452 33 D
417 452 33 D
449 452 33 D
1 453 33 D
33 453 33 D
65 453 33 D
97 453 33 D
129 453 33 D
161 453 33 D
193 453 33 D
225 453 33 D
257 453 33 D
289 453 33 D
321 453 33 D
353 453 33 D
385 453 33 D
417 453 33 D
449 453 33 D
1 454 33 D
33 454 33 D
65 454 33 D
97 454 33 D
129 454 33 D
161 454 33 D
193 454 33 D
225 454 33 D
257 454 33 D
289 454 33 D
321 454 33 D
353 454 33 D
385 454 33 D
417 454 33 D
449 454 33 D
1 455 33 D
33 455 33 D
65 455 33 D
97 455 33 D
129 455 33 D
161 455 33 D
193 455 33 D
225 455 33 D
257 455 33 D
289 455 33 D
321 455 33 D
353 455 33 D
385 455 33 D
417 455 33 D
449 455 33 D
1 456 33 D
33 456 33 D
65 456 33 D
97 456 33 D
129 456 33 D
161 456 33 D
193 456 33 D
225 456 33 D
257 456 33 D
289 456 33 D
321 456 33 D
353 456 33 D
385 456 33 D
417 456 33 D
449 456 33 D
1 457 33 D
33 457 33 D
65 457 33 D
97 457 33 D
129 457 33 D
161 457 33 D
193 457 33 D
225 457 33 D
257 457 33 D
289 457 33 D
321 457 33 D
353 457 33 D
385 457 33 D
417 457 33 D
449 457 33 D
1 458 33 D
33 458 33 D
65 458 33 D
97 458 33 D
129 458 33 D
161 458 33 D
193 458 33 D
225 458 33 D
257 458 33 D
289 458 33 D
321 458 33 D
353 458 33 D
385 458 33 D
417 458 33 D
449 458 33 D
1 459 33 D
33 459 33 D
65 459 33 D
97 459 33 D
129 459 33 D
161 459 33 D
193 459 33 D
225 459 33 D
257 459 33 D
289 459 33 D
321 459 33 D
353 459 33 D
385 459 33 D
417 459 33 D
449 459 33 D
1 460 33 D
33 460 33 D
65 460 33 D
97 460 33 D
129 460 33 D
161 460 33 D
193 460 33 D
225 460 33 D
257 460 33 D
289 460 33 D
321 460 33 D
353 460 33 D
385 460 33 D
417 460 33 D
449 460 33 D
1 461 33 D
33 461 33 D
65 461 33 D
97 461 33 D
129 461 33 D
161 461 33 D
193 461 33 D
225 461 33 D
257 461 33 D
289 461 33 D
321 461 33 D
353 461 33 D
385 461 33 D
417 461 33 D
449 461 33 D
1 462 33 D
33 462 33 D
65 462 33 D
97 462 33 D
129 462 33 D
161 462 33 D
193 462 33 D
225 462 33 D
257 462 33 D
289 462 33 D
321 462 33 D
353 462 33 D
385 462 33 D
417 462 33 D
449 462 33 D
1 463 33 D
33 463 33 D
65 463 33 D
97 463 33 D
129 463 33 D
161 463 33 D
193 463 33 D
225 463 33 D
257 463 33 D
289 463 33 D
321 463 33 D
353 463 33 D
385 463 33 D
417 463 33 D
449 463 33 D
1 464 33 D
33 464 33 D
65 464 33 D
97 464 33 D
129 464 33 D
161 464 33 D
193 464 33 D
225 464 33 D
257 464 33 D
289 464 33 D
321 464 33 D
353 464 33 D
385 464 33 D
417 464 33 D
449 464 33 D
1 465 33 D
33 465 33 D
65 465 33 D
97 465 33 D
129 465 33 D
161 465 33 D
193 465 33 D
225 465 33 D
257 465 33 D
289 465 33 D
321 465 33 D
353 465 33 D
385 465 33 D
417 465 33 D
449 465 33 D
1 466 33 D
33 466 33 D
65 466 33 D
97 466 33 D
129 466 33 D
161 466 33 D
193 466 33 D
225 466 33 D
257 466 33 D
289 466 33 D
321 466 33 D
353 466 33 D
385 466 33 D
417 466 33 D
449 466 33 D
1 467 33 D
33 467 33 D
65 467 33 D
97 467 33 D
129 467 33 D
161 467 33 D
193 467 33 D
225 467 33 D
257 467 33 D
289 467 33 D
321 467 33 D
353 467 33 D
385 467 33 D
417 467 33 D
449 467 33 D
1 468 33 D
33 468 33 D
65 468 33 D
97 468 33 D
129 468 33 D
161 468 33 D
193 468 33 D
225 468 33 D
257 468 33 D
289 468 33 D
321 468 33 D
353 468 33 D
385 468 33 D
417 468 33 D
449 468 33 D
1 469 33 D
33 469 33 D
65 469 33 D
97 469 33 D
129 469 33 D
161 469 33 D
193 469 33 D
225 469 33 D
257 469 33 D
289 469 33 D
321 469 33 D
353 469 33 D
385 469 33 D
417 469 33 D
449 469 33 D
1 470 33 D
33 470 33 D
65 470 33 D
97 470 33 D
129 470 33 D
161 470 33 D
193 470 33 D
225 470 33 D
257 470 33 D
289 470 33 D
321 470 33 D
353 470 33 D
385 470 33 D
417 470 33 D
449 470 33 D
1 471 33 D
33 471 33 D
65 471 33 D
97 471 33 D
129 471 33 D
161 471 33 D
193 471 33 D
225 471 33 D
257 471 33 D
289 471 33 D
321 471 33 D
353 471 33 D
385 471 33 D
417 471 33 D
449 471 33 D
1 472 33 D
33 472 33 D
65 472 33 D
97 472 33 D
129 472 33 D
161 472 33 D
193 472 33 D
225 472 33 D
257 472 33 D
289 472 33 D
321 472 33 D
353 472 33 D
385 472 33 D
417 472 33 D
449 472 33 D
1 473 33 D
33 473 33 D
65 473 33 D
97 473 33 D
129 473 33 D
161 473 33 D
193 473 33 D
225 473 33 D
257 473 33 D
289 473 33 D
321 473 33 D
353 473 33 D
385 473 33 D
417 473 33 D
449 473 33 D
1 474 33 D
33 474 33 D
65 474 33 D
97 474 33 D
129 474 33 D
161 474 33 D
193 474 33 D
225 474 33 D
257 474 33 D
289 474 33 D
321 474 33 D
353 474 33 D
385 474 33 D
417 474 33 D
449 474 33 D
1 475 33 D
33 475 33 D
65 475 33 D
97 475 33 D
129 475 33 D
161 475 33 D
193 475 33 D
225 475 33 D
257 475 33 D
289 475 33 D
321 475 33 D
353 475 33 D
385 475 33 D
417 475 33 D
449 475 33 D
1 476 33 D
33 476 33 D
65 476 33 D
97 476 33 D
129 476 33 D
161 476 33 D
193 476 33 D
225 476 33 D
257 476 33 D
289 476 33 D
321 476 33 D
353 476 33 D
385 476 33 D
417 476 33 D
449 476 33 D
1 477 33 D
33 477 33 D
65 477 33 D
97 477 33 D
129 477 33 D
161 477 33 D
193 477 33 D
225 477 33 D
257 477 33 D
289 477 33 D
321 477 33 D
353 477 33 D
385 477 33 D
417 477 33 D
449 477 33 D
1 478 33 D
33 478 33 D
65 478 33 D
97 478 33 D
129 478 33 D
161 478 33 D
193 478 33 D
225 478 33 D
257 478 33 D
289 478 33 D
321 478 33 D
353 478 33 D
385 478 33 D
417 478 33 D
449 478 33 D
1 479 33 D
33 479 33 D
65 479 33 D
97 479 33 D
129 479 33 D
161 479 33 D
193 479 33 D
225 479 33 D
257 479 33 D
289 479 33 D
321 479 33 D
353 479 33 D
385 479 33 D
417 479 33 D
449 479 33 D
1 480 33 D
33 480 33 D
65 480 33 D
97 480 33 D
129 480 33 D
161 480 33 D
193 480 33 D
225 480 33 D
257 480 33 D
289 480 33 D
321 480 33 D
353 480 33 D
385 480 33 D
417 480 33 D
449 480 33 D
1 481 33 D
33 481 33 D
65 481 33 D
97 481 33 D
129 481 33 D
161 481 33 D
193 481 33 D
225 481 33 D
257 481 33 D
289 481 33 D
321 481 33 D
353 481 33 D
385 481 33 D
417 481 33 D
449 481 33 D
1 482 33 D
33 482 33 D
65 482 33 D
97 482 33 D
129 482 33 D
161 482 33 D
193 482 33 D
225 482 33 D
257 482 33 D
289 482 33 D
321 482 33 D
353 482 33 D
385 482 33 D
417 482 33 D
449 482 33 D
1 483 33 D
33 483 33 D
65 483 33 D
97 483 33 D
129 483 33 D
161 483 33 D
193 483 33 D
225 483 33 D
257 483 33 D
289 483 33 D
321 483 33 D
353 483 33 D
385 483 33 D
417 483 33 D
449 483 33 D
1 484 33 D
33 484 33 D
65 484 33 D
97 484 33 D
129 484 33 D
161 484 33 D
193 484 33 D
225 484 33 D
257 484 33 D
289 484 33 D
321 484 33 D
353 484 33 D
385 484 33 D
417 484 33 D
449 484 33 D
1 485 33 D
33 485 33 D
65 485 33 D
97 485 33 D
129 485 33 D
161 485 33 D
193 485 33 D
225 485 33 D
257 485 33 D
289 485 33 D
321 485 33 D
353 485 33 D
385 485 33 D
417 485 33 D
449 485 33 D
1 486 33 D
33 486 33 D
65 486 33 D
97 486 33 D
129 486 33 D
161 486 33 D
193 486 33 D
225 486 33 D
257 486 33 D
289 486 33 D
321 486 33 D
353 486 33 D
385 486 33 D
417 486 33 D
449 486 33 D
1 487 33 D
33 487 33 D
65 487 33 D
97 487 33 D
129 487 33 D
161 487 33 D
193 487 33 D
225 487 33 D
257 487 33 D
289 487 33 D
321 487 33 D
353 487 33 D
385 487 33 D
417 487 33 D
449 487 33 D
1 488 33 D
33 488 33 D
65 488 33 D
97 488 33 D
129 488 33 D
161 488 33 D
193 488 33 D
225 488 33 D
257 488 33 D
289 488 33 D
321 488 33 D
353 488 33 D
385 488 33 D
417 488 33 D
449 488 33 D
1 489 33 D
33 489 33 D
65 489 33 D
97 489 33 D
129 489 33 D
161 489 33 D
193 489 33 D
225 489 33 D
257 489 33 D
289 489 33 D
321 489 33 D
353 489 33 D
385 489 33 D
417 489 33 D
449 489 33 D
1 490 33 D
33 490 33 D
65 490 33 D
97 490 33 D
129 490 33 D
161 490 33 D
193 490 33 D
225 490 33 D
257 490 33 D
289 490 33 D
321 490 33 D
353 490 33 D
385 490 33 D
417 490 33 D
449 490 33 D
1 491 33 D
33 491 33 D
65 491 33 D
97 491 33 D
129 491 33 D
161 491 33 D
193 491 33 D
225 491 33 D
257 491 33 D
289 491 33 D
321 491 33 D
353 491 33 D
385 491 33 D
417 491 33 D
449 491 33 D
1 492 33 D
33 492 33 D
65 492 33 D
97 492 33 D
129 492 33 D
161 492 33 D
193 492 33 D
225 492 33 D
257 492 33 D
289 492 33 D
321 492 33 D
353 492 33 D
385 492 33 D
417 492 33 D
449 492 33 D
1 493 33 D
33 493 33 D
65 493 33 D
97 493 33 D
129 493 33 D
161 493 33 D
193 493 33 D
225 493 33 D
257 493 33 D
289 493 33 D
321 493 33 D
353 493 33 D
385 493 33 D
417 493 33 D
449 493 33 D
1 494 33 D
33 494 33 D
65 494 33 D
97 494 33 D
129 494 33 D
161 494 33 D
193 494 33 D
225 494 33 D
257 494 33 D
289 494 33 D
321 494 33 D
353 494 33 D
385 494 33 D
417 494 33 D
449 494 33 D
1 495 33 D
33 495 33 D
65 495 33 D
97 495 33 D
129 495 33 D
161 495 33 D
193 495 33 D
225 495 33 D
257 495 33 D
289 495 33 D
321 495 33 D
353 495 33 D
385 495 33 D
417 495 33 D
449 495 33 D
1 496 33 D
33 496 33 D
65 496 33 D
97 496 33 D
129 496 33 D
161 496 33 D
193 496 33 D
225 496 33 D
257 496 33 D
289 496 33 D
321 496 33 D
353 496 33 D
385 496 33 D
417 496 33 D
449 496 33 D
1 497 33 D
33 497 33 D
65 497 33 D
97 497 33 D
129 497 33 D
161 497 33 D
193 497 33 D
225 497 33 D
257 497 33 D
289 497 33 D
321 497 33 D
353 497 33 D
385 497 33 D
417 497 33 D
449 497 33 D
1 498 33 D
33 498 33 D
65 498 33 D
97 498 33 D
129 498 33 D
161 498 33 D
193 498 33 D
225 498 33 D
257 498 33 D
289 498 33 D
321 498 33 D
353 498 33 D
385 498 33 D
417 498 33 D
449 498 33 D
1 499 33 D
33 499 33 D
65 499 33 D
97 499 33 D
129 499 33 D
161 499 33 D
193 499 33 D
225 499 33 D
257 499 33 D
289 499 33 D
321 499 33 D
353 499 33 D
385 499 33 D
417 499 33 D
449 499 33 D
1 500 33 D
33 500 33 D
65 500 33 D
97 500 33 D
129 500 33 D
161 500 33 D
193 500 33 D
225 500 33 D
257 500 33 D
289 500 33 D
321 500 33 D
353 500 33 D
385 500 33 D
417 500 33 D
449 500 33 D
