50 100
-9908 -9815
-9920 -9839
-9910 -9819
-9989 -9977
-9911 -9821
-9924 -9847
-9942 -9883
-9986 -9971
-9991 -9981
-9983 -9965
-9984 -9967
-9913 -9825
-9926 -9851
-9998 -9995
-9922 -9843
-9996 -9991
-9936 -9871
-9917 -9833
-9975 -9949
-9987 -9973
-9938 -9875
-9939 -9877
-9965 -9929
-9954 -9907
-9961 -9921
-9915 -9829
-9948 -9895
-9943 -9885
-9947 -9893
-9979 -9957
-9946 -9891
-9912 -9823
-9978 -9955
-9950 -9899
-9980 -9959
-9963 -9925
-9953 -9905
-9928 -9855
-9918 -9835
-9902 -9803
-9925 -9849
-9956 -9911
-9952 -9903
-9955 -9909
-9972 -9943
-9957 -9913
-9951 -9901
-9968 -9935
-9932 -9863
-9973 -9945
-9964 -9927
-9960 -9919
-9914 -9827
-9959 -9917
-9901 -9801
-9931 -9861
-9940 -9879
-9907 -9813
-9933 -9865
-9992 -9983
-9999 -9997
-9935 -9869
-9921 -9841
-9969 -9937
-9919 -9837
-9949 -9897
-9930 -9859
-9929 -9857
-9990 -9979
-9967 -9933
-9904 -9807
-9941 -9881
-9982 -9963
-9909 -9817
-9903 -9805
-9988 -9975
-9977 -9953
-9944 -9887
-9934 -9867
-9945 -9889
-9905 -9809
-9906 -9811
-9970 -9939
-9923 -9845
-9976 -9951
-9995 -9989
-9927 -9853
-9994 -9987
-9958 -9915
-9993 -9985
-9962 -9923
-9966 -9931
-9985 -9969
-9971 -9941
-9937 -9873
-9974 -9947
-9981 -9961
-9916 -9831
-9997 -9993
-10000 -9999
