3 1000
-7878 1910
2440 -3595
-5374 -8197
-6400 -5214
-9968 -626
9277 7983
-1500 -3772
-3416 -8046
-3245 5645
5137 -4145
-8988 -4081
-2489 -6880
6163 -4950
6459 6249
3416 7722
3534 8706
3595 498
8837 -7601
-1747 6183
-3437 -5837
-4182 3279
-3963 -332
-5060 -8521
-7082 8227
2236 9128
276 6906
-3390 3599
-5783 7397
7353 -9481
-6258 4075
-1810 2772
9536 -3311
-5520 -4770
-8633 6116
-4258 -3854
8796 -3379
703 1139
4854 3061
-2950 -9281
7421 6459
-6915 -2716
7946 6404
-6548 -7479
2233 3704
6137 -8834
-7047 -8282
-7072 -7961
-1402 -160
518 2306
-1474 -2478
-5564 -4101
8829 -7675
3005 2042
8674 396
3499 4797
1829 -7170
7700 -405
3045 6351
9037 -2326
3995 -8265
-1510 -5637
-1554 -1556
1457 2153
-8637 -1132
-7240 -5514
1618 649
-8012 -8787
-6992 500
6355 1641
-6744 -2031
-6733 6120
5690 -7417
-213 2102
3286 -7194
1173 5607
-244 -9750
5698 4043
-2614 -2420
-2086 1304
-3714 -6453
-2428 1096
-5237 3590
-3635 -582
-4508 9435
-304 2150
-2828 6140
5651 8662
-3634 -9978
-1633 7410
9193 5897
-2016 -5568
7581 7068
-5641 -9300
9751 6516
-3250 -755
9634 2713
-3370 8020
-5108 8502
5845 9409
8251 -3520
-2718 -7656
-8193 -672
256 7957
-970 8514
7776 -5314
4105 -192
-2095 -6174
3344 -931
-3613 -8607
8331 6704
-7271 7293
-4515 4262
6925 -2293
1749 -8400
9019 1641
1066 8050
-1318 7566
1358 -3980
-2998 1101
6668 -9515
7657 -338
-5830 2790
9683 5027
736 -7799
9006 9744
-1271 3660
926 -1675
5733 -4845
758 9169
-2111 3168
4791 8134
1534 -380
8777 9716
2833 -1240
-3879 6756
77 -2569
-7030 -5371
8352 -2845
-7622 833
-8743 1470
-5251 -4067
-639 6962
-3272 6783
82 -8585
5744 -2021
8681 7549
2378 -7531
-4938 -4270
-2242 7257
6055 -5842
-1842 5143
7869 9904
-6014 8443
-1575 -723
-4636 5610
4223 -9054
1470 6708
1456 -9752
-4162 8670
6048 8130
4811 -3726
2307 3146
1308 9792
4872 9980
1132 -4783
-6344 -7115
3969 -1954
6467 7521
-3712 6519
-1024 -407
-1676 -4721
6758 -6239
2327 5376
9053 -8776
-5732 1551
-1038 -556
-3803 -7247
9760 2431
-8577 6808
-8007 5034
-284 -4814
1086 9676
-5276 8813
107 8960
773 -9161
7407 2603
-8743 -2668
3803 -7891
-4205 1809
-996 -8348
8344 4557
1966 -1431
-6543 -7324
4846 -8069
-7124 1785
-4727 -7383
-359 -4685
-3398 3325
-8095 2354
838 -8036
3649 -54
3928 6869
-5527 -9183
-1892 -2750
5662 -7562
978 -2637
-5297 -1624
6014 -2221
5454 -2133
4184 -7758
-3865 4556
-8631 -6481
-7651 -9681
1278 -3308
-2694 5141
8520 -6662
-3564 8944
-8435 5014
-1406 6348
-9763 9502
1026 261
-2550 -1756
-9703 5263
9873 8409
-3635 6714
7205 -1980
1977 -3485
-5248 -2410
-5404 1475
8995 -3300
-6966 5207
-9174 8949
5969 9501
-3844 3727
4555 6100
-1432 -1754
-3702 -5166
3712 8249
-7610 9034
123 856
5681 -5837
-3848 -2019
1494 -9383
-2297 3745
8451 -3379
6452 -5669
1509 -7849
3243 -6278
-5607 9846
6350 3757
3604 3809
-711 1930
-8796 -7721
7867 5392
-1444 -4933
-8845 4581
8203 -8274
-3918 -5093
-3911 -8616
-9681 -41
1292 -9840
-6842 4632
5463 -2867
9068 1654
-833 -5229
-6391 -84
-2700 4778
6402 8059
-9221 -4722
-9171 -8248
6683 -9698
5176 8107
-5954 7479
-5136 5643
-2520 -5105
506 3270
5813 3057
1435 6712
7939 -7126
-587 5796
-6939 5634
-7791 1078
-2483 5868
-8282 -6798
5373 -6922
6329 -6531
-5028 3245
-7799 -981
8639 6056
3179 1091
7695 8796
-6014 -220
20 2837
-3584 3741
-7705 -6341
-6800 -1734
4160 350
-763 -9821
6440 -4496
4869 2995
-9354 1486
904 746
1938 3960
-9940 3966
-7282 8656
-5480 6222
-925 -7709
-5710 4653
7230 3590
-3951 2955
2201 -4665
-2833 -9758
-4141 -6602
-5408 4222
-3435 -6324
-6711 -7871
7575 2873
-6091 7847
6405 4075
4396 8658
2339 -6961
5194 66
-5727 -3849
2765 2114
-3927 5969
-8907 -4351
1638 -4688
5861 -8033
6868 -4176
988 -5734
-9296 -8068
2232 4364
2444 6172
-2490 -6901
7510 -3218
8663 -2133
8865 -6468
-5683 -4284
6258 2708
-1433 5452
493 -2813
5120 -2817
-5100 -7438
1642 -7256
-8795 -4770
3949 5437
1979 -6614
-5239 -7483
6854 6879
-3316 -1106
4706 -3166
4127 -4571
-1027 1019
3825 328
-1694 5854
-1333 -2982
-256 -8979
-5487 6978
6596 7621
-5316 942
-1794 -4215
-8188 -3080
-6177 -7286
-8248 -1526
-2285 7051
9222 -8316
-2245 547
-131 4243
-5347 2950
-1543 -4880
4010 -8954
-2152 8226
-1604 7812
8472 8517
1643 2584
2974 3988
-7483 -1782
-4272 1967
-13 -3848
-8104 -6823
-2748 -4691
5727 1984
6734 5800
-7220 6269
-6792 3334
5772 -4626
7273 -4695
8705 -449
6328 -5541
9002 9348
5274 1111
-7692 8374
-5905 -177
9659 7888
4528 1501
-8307 -3365
-6999 6838
9614 4372
-7971 -7968
7567 2529
7253 2747
-3863 -9569
2311 7211
1645 533
-1268 4429
-9073 1077
3034 8425
-3700 -347
-1788 -5548
-9621 -3942
1821 -1876
5457 -2084
-2188 3380
-2889 -2513
-5658 248
-3257 -6892
4713 -1677
2734 3700
-6347 6908
4889 9773
-3885 -2253
1882 -622
779 -8690
-3630 2445
-4549 -7474
-2523 1916
-3451 6947
5315 -4846
9847 -6754
-2741 4033
-5314 -6986
642 -2844
8830 3764
1557 -7354
-3858 6102
4470 -5068
4295 1004
2312 3985
4679 -1886
1757 427
-8292 1023
-6649 -5041
3711 456
1204 -4457
-7422 -8694
-8089 -9226
-5613 -5542
7403 -7118
-1845 9328
-8589 8802
-5071 8064
4232 -7261
-5600 7351
5478 -1307
1215 -1254
9507 -3659
8193 3486
3215 -1250
8617 2702
879 -4660
-5206 -1007
-4267 8539
-4917 -9729
-7018 -2440
6554 1840
-6084 -2241
5483 7623
5834 8983
2876 -3499
-2550 -8639
-2817 4679
4482 -8009
1425 19
-4907 -9087
6888 9299
9901 -134
-9408 4303
-3798 -7784
-1275 7708
1146 7525
3203 4687
-6498 -825
-6419 -8825
8746 -1488
-8525 -5266
-2886 -6088
-311 8947
-646 8245
3239 7291
-176 3137
4461 7421
-8353 3503
-614 1793
-6391 761
7575 -4419
3474 -1826
-7409 -2184
-2586 6768
-4685 -3324
-9751 5242
7269 -5114
-3835 2328
-3848 6147
-5390 5030
779 -1469
-8945 1168
-2418 -4194
7308 9695
5899 -7417
1058 -2815
4210 4272
-642 3969
-5477 -2260
-4294 8317
-2911 -6355
5441 2148
2634 -3638
-886 -3344
-5695 -7562
-1452 1339
-3495 3532
5251 4821
-7189 4755
-4118 -9051
166 4359
4463 8570
-8483 5721
-3997 -1569
4112 -2468
1249 5667
-4381 3164
7228 -8732
-4734 5124
3282 1006
2192 5544
7280 -4774
8189 8649
1686 7970
7024 -3871
-5814 8838
-2462 -8636
2553 6052
-7303 -6570
8427 -5853
-8215 6828
9723 -5277
-2067 -2124
6330 3706
8170 -6301
-1196 3548
8170 4749
4728 3808
8912 -3202
2447 -1450
7402 3356
-3155 -6011
-1323 -5593
6867 4836
-8736 2466
-543 2765
3283 -8174
-379 5454
1374 1989
-8720 -378
9662 1178
8625 -3485
908 -9102
2627 3264
7071 7462
-7567 -1437
-8557 -8579
-3701 6102
9556 860
1760 4187
-8957 9459
-262 -5006
-344 -4711
-7750 1889
-6406 -8730
8425 8245
-6627 -6789
8506 -3794
9388 6405
528 8836
6376 -3320
-640 4070
6959 -3124
2798 -6069
1461 4653
4397 7432
-3827 -7404
7723 609
-2729 -3460
-8272 2124
-7439 -6948
1920 7861
-1752 2014
7018 2978
2905 -4762
5789 -5173
5846 -2940
-6251 5196
-7929 7834
4407 -4703
-9007 6284
4755 1961
-8896 -8366
9680 8445
7805 -8535
4988 -1688
6554 6230
-6263 5823
8540 6363
5545 1253
-8936 2935
-6415 -5395
-186 -2232
8940 6127
-4785 3970
7003 -2917
62 -7190
5626 -772
599 7888
-313 6398
-1754 -7487
1772 -3327
-5839 1258
3658 -1457
-6183 -8404
-1715 -485
3788 -3410
6902 600
-2071 4534
1081 5113
-4861 -3480
-5728 -4768
-4106 -2147
2612 -5254
9734 4236
-363 1430
-9102 8696
-5364 -2513
4290 156
9278 -8502
8962 9619
-7755 -9691
-8694 4865
-3463 4301
5147 -350
9136 -5535
901 8287
7720 -5247
-8977 1594
4128 8096
3897 5119
-764 -436
3375 5585
-1050 -4903
-3845 -3493
6006 -773
-5836 -1109
7250 -9753
4164 -2019
1103 -3736
1740 1972
-5123 560
-8125 -6368
6657 9716
3301 -9220
-8597 2914
8789 -3461
-4001 5886
8605 5319
-7107 -2090
-715 -4547
7060 5331
-5069 4443
-4068 -2
-6782 7724
7021 6106
3291 6917
2896 3834
-2253 -1519
8212 3251
-4113 -1281
-1522 6905
-9578 6065
-4744 4542
-5174 6595
-2539 8394
-6479 -6298
3474 2472
2081 -2138
3738 4296
9638 7440
8529 2504
696 6466
590 -1215
-1487 322
7323 7556
-2743 5282
-7795 -8166
-4877 2823
-9850 -1256
5593 4676
-3541 3079
9019 -478
4094 -7622
-8258 -2699
8928 -8063
4906 -7962
7673 -6798
164 9159
-1829 -6024
4483 8205
-3260 3885
1196 -3099
-7749 -6472
9531 -2495
1635 -9236
-232 -8617
-3495 -7442
6243 -7255
-4424 5837
5360 7474
2573 -4218
-9186 -2008
-5685 5004
3216 103
8666 -7968
-3720 2743
7030 2561
6805 6572
-8908 -8122
594 2364
-1522 1939
-8471 -4894
7032 1488
-4028 4767
2392 2700
9688 -342
8558 -7250
-527 3335
6129 3776
6685 965
7910 9641
4840 -3890
6568 2964
-1506 -6147
-5981 -9164
-4423 -8784
-2741 -7335
-9634 791
282 8587
-702 -1460
6824 -8121
-3206 -8308
3579 3827
3301 7666
8600 -5553
2717 9976
-5446 -2451
-8592 -7955
1542 -6461
5988 4866
-863 -1583
2056 -561
2370 2404
1083 9950
-8689 6634
7625 8588
8966 -8647
4060 7979
-2854 -5943
-4972 -7858
-4974 1009
-1230 1926
-9939 571
7547 5850
-4046 -8205
4324 -7708
-2641 6700
7919 3975
6015 9678
3792 656
-2011 2474
2669 988
6728 8159
-5823 -519
-8420 -7449
7700 -512
6519 6517
-2383 8173
-1294 -2419
-4872 4384
-8381 4301
-6151 -4622
-7586 -8177
1365 3327
8212 -7927
-6079 7546
997 -2988
-3542 -6613
-4173 -1603
-4849 3727
2016 -7521
-5326 -6013
-7999 -6914
-2661 -3369
7576 1516
6337 6075
8163 6689
227 -68
843 -6010
-9092 -2440
-3211 6237
2211 1819
3828 5218
-8666 -5008
9800 7233
302 4806
-3599 -8924
9620 1487
8210 1897
-8666 -8217
6569 -626
3670 909
3025 3654
-5569 -1676
-8002 -2534
5376 8304
7390 7880
-5287 -8765
-7212 -3880
-48 6570
-12 8892
8257 -6631
-4507 9639
6518 9397
-308 -6810
8310 -5330
8400 -7781
-62 -9562
-8545 8953
-7252 9487
8046 -9422
-6096 -1252
3468 -8226
-7208 120
-3004 -7187
5277 453
-4448 6661
2961 6632
-7135 -6477
-336 6689
-1191 6271
-7714 2899
8593 -4826
-1737 7775
6519 5406
-3222 -1083
3964 5717
5945 -6354
-3709 -8243
-6874 9358
8384 -7547
587 536
3460 -7107
-6332 8370
-5099 -7846
3664 3898
5734 -495
2599 -9366
5486 -2572
-7919 -2407
-907 4896
-6570 -1327
7542 -665
-8740 -684
4940 725
7704 -3602
1693 6258
9475 2275
8497 9002
-5053 8923
798 -986
-6562 -6879
8453 -9678
-6108 8608
227 2229
5140 -3868
-2135 8367
-5069 7374
-616 -8053
-74 3634
-3696 -9361
3828 -4748
-5518 -493
5844 -7312
-6745 5462
6679 5193
2565 -8352
4219 8019
2764 -4786
-3875 4111
-3220 6889
-8502 -8809
9337 5826
-1184 -9797
-7095 8133
2332 -3959
5090 -7478
4113 -3506
7119 -8455
-6090 -9642
-1856 1813
-5946 644
5023 -8332
-8451 3813
-7722 9735
-5431 1000
1920 2782
-4471 2134
-2177 -3656
7935 -1092
-5666 -3471
9177 7543
-6187 -3540
6486 7260
2784 -4222
8203 5430
1384 6656
7581 5303
5807 4743
-8713 -2713
8419 8501
9808 -308
5234 -4654
-8082 -115
5450 8053
-9553 -8206
2711 9841
-8525 -9298
-7195 -8401
4187 -8752
7472 -326
-6438 -392
-993 -2346
3075 -4240
-4636 607
-398 6790
-9579 5192
-2265 -2834
-878 4081
5664 6932
-7845 -1853
-169 -6265
9888 4832
552 -351
207 6153
5769 8720
9988 4764
5144 6163
4859 1534
1667 -4834
-3047 -6942
-7025 -7771
5336 -7451
9562 6966
-1204 2548
-7927 -2674
-4307 -7116
-5131 -3839
532 2331
8045 -9926
1973 7391
-4904 -3501
1951 6640
8414 9925
-9403 -5917
9802 -6764
6646 -47
8202 -4921
8021 2377
-8192 -804
2282 -1628
-3229 -3320
-8376 7584
-338 -2931
-7881 7228
5906 -768
-8130 1650
-8656 7972
-2207 -5043
-851 7288
5692 154
-768 6247
-6674 3215
2388 -1627
1150 5543
