3
3 3 1 0
3 1 0
2 0
6
6 5 5 4 3 3 0
6 4 3 3 1 0
6 4 3 1 1 0
4 2 2 1 0
3 1 1 0
1 1 1 0
1
19 18 17 16 15 14 13 12 11 10 9 8 7 6 5 4 3 2 1 0
11
11 10 9 8 7 6 5 4 3 2 1 0
10 9 8 7 6 5 4 3 2 1 0
9 8 7 6 5 4 3 2 1 0
8 7 6 5 4 3 2 1 0
7 6 5 4 3 2 1 0
6 5 4 3 2 1 0
5 4 3 2 1 0
4 3 2 1 0
3 2 1 0
2 1 0
1 0
10
10 0
10 0
10 0
10 0
10 0
10 0
10 0
10 0
10 0
10 0
10
1 1 1 1 1 1 1 1 1 1 1 1 1 1 1 1 1 1 1 0
1 1 1 1 1 1 1 1 1 1 1 1 1 1 1 1 1 1 1 0
1 1 1 1 1 1 1 1 1 1 1 1 1 1 1 1 1 1 1 0
1 1 1 1 1 1 1 1 1 1 1 1 1 1 1 1 1 1 1 0
1 1 1 1 1 1 1 1 1 1 1 1 1 1 1 1 1 1 1 0
1 1 1 1 1 1 1 1 1 1 1 1 1 1 1 1 1 1 1 0
1 1 1 1 1 1 1 1 1 1 1 1 1 1 1 1 1 1 1 0
1 1 1 1 1 1 1 1 1 1 1 1 1 1 1 1 1 1 1 0
1 1 1 1 1 1 1 1 1 1 1 1 1 1 1 1 1 1 1 0
1 1 1 1 1 1 1 1 1 1 1 1 1 1 1 1 1 1 1 0
6
7 7 5 3 2 1 0
6 6 5 2 0
4 3 1 0
4 3 1 0
3 3 0
2 2 0
5
15 9 0
4 3 0
2 1 0
2 0
1 0
5
8 6 1 1 1 0
6 4 0
5 2 0
1 0
1 0
4
13 6 1 1 0
13 2 0
6 0
4 0
11
15 11 1 1 1 0
12 6 0
6 0
2 0
2 0
1 0
1 0
1 0
1 0
1 0
1 0
2
5 1 0
1 0
6
17 16 12 3 0
7 6 6 0
2 0
1 0
1 0
1 0
4
20 7 1 0
10 6 1 0
4 2 0
2 2 0
4
8 2 1 1 0
8 1 0
2 0
1 0
4
16 14 5 0
5 0
2 0
1 0
1
1 0
6
11 4 4 3 2 0
10 3 3 3 0
2 2 1 1 0
2 0
1 0
1 0
3
17 15 15 14 11 1 1 1 1 1 0
16 12 10 9 8 0
15 8 6 5 0
5
8 5 4 1 0
6 4 0
5 1 0
3 1 0
1 0
4
20 2 2 1 0
20 0
9 0
4 0
4
13 1 1 0
9 1 0
9 1 0
3 0
4
14 9 8 5 3 2 0
12 0
5 0
1 0
2
6 1 1 0
3 0
2
9 1 1 0
1 1 1 0
4
4 0
3 0
3 0
3 0
3
19 8 6 0
10 2 0
3 0
2
17 14 1 0
10 0
4
17 4 4 2 2 1 0
16 3 2 1 1 1 0
11 0
11 0
1
3 0
2
5 5 5 2 0
4 1 1 1 0
3
4 4 4 4 1 0
4 4 4 1 0
3 0
3
15 2 0
4 0
3 0
3
4 1 1 1 1 0
3 1 1 1 1 0
3 0
6
10 5 2 1 0
2 0
2 0
2 0
1 0
1 0
3
17 4 2 0
15 0
8 0
5
20 16 1 0
17 3 1 0
7 1 0
7 0
1 0
2
9 5 0
6 3 0
3
9 1 1 0
2 0
1 0
7
20 14 5 5 3 3 3 2 2 1 1 0
10 2 0
6 1 0
6 0
4 0
3 0
2 0
11
16 13 11 0
12 8 7 0
10 7 6 0
8 7 6 0
7 7 6 0
6 6 5 0
4 3 2 0
3 3 1 0
2 2 1 0
1 1 1 0
1 0
3
9 0
5 0
2 0
3
16 5 5 3 0
11 4 0
1 0
6
7 7 5 0
3 0
2 0
2 0
2 0
1 0
0
