185
46 4
+20 +13 +15 +17 +16 +22 L L +8 0 0 -5 -10 +7 0 L 0 0 0 -10 -19 L +18 +8 -15 L 0 0 +5 -21 -14 -22 +8 L -22 +3 +7 L 0 -15 -33 0 -31 +3 L +1
34 8
+5 +12 0 L +11 +12 +3 +17 +4 -7 +13 +5 +21 +17 +17 -16 L +2 L L +14 0 +12 +5 -21 L 0 -12 0 0 -19 -6 0 L
27 30
+15 +17 0 +9 +20 +16 +13 L +3 +14 -9 -11 +10 0 0 +11 +8 L 0 L -4 +2 -8 -4 -10 -9 0
3 23
+2 0 -1
40 23
+19 -2 0 L +17 L 0 -1 -7 +20 0 -3 0 L +15 +24 L +23 0 L 0 +12 -11 +16 -1 -26 0 -15 +2 -20 L 0 0 -17 L L -34 -27 0 L
36 12
0 +22 +12 0 L 0 +20 +23 -2 0 L 0 0 -10 L -6 +17 -1 +8 -11 0 -13 +2 -19 L -17 L -10 0 -19 0 -15 0 0 L -28
3 27
+3 L +1
40 26
L +20 +24 +15 L 0 +14 L +25 0 +16 0 L 0 +17 0 L -13 +11 0 -14 0 0 -8 -12 +6 0 -7 -3 0 L -15 0 0 L 0 L -38 L 0
16 32
+10 +6 +7 0 +6 +11 -1 L -3 -9 +5 0 L 0 -4 0
27 14
0 0 +3 +14 0 -5 L 0 0 -2 +17 -2 0 0 L 0 0 L -3 -17 -9 -16 -6 +2 0 +1 L
33 8
L 0 0 L -2 +10 +21 -7 0 +4 0 0 L +8 L -3 0 0 L 0 +8 0 -22 L 0 L +2 -7 0 0 +2 L L
32 37
0 -1 L +3 +11 0 0 0 L 0 -3 0 L L 0 L -16 +11 0 L L 0 0 0 L 0 0 -14 -12 -1 -1 0
32 28
0 +15 +3 L -2 +7 +12 +21 +1 0 0 0 +8 +6 0 0 0 +1 0 +12 -13 +3 +6 0 0 L 0 +2 0 L L +1
13 33
L 0 0 L +4 -4 L -4 0 L -9 L -9
22 1
+16 0 L +4 +16 -1 0 L 0 +8 +10 L -12 -5 0 L -14 -15 +2 0 0 0
43 35
+11 L 0 L L +1 +23 0 +28 +29 0 L +19 L +15 +22 -12 +9 L 0 -10 -8 +1 +15 L 0 L 0 +1 L 0 0 L 0 +6 L -12 L 0 -40 -17 0 -11
5 36
-1 0 0 -2 L
26 2
+9 +7 0 0 +10 0 0 L 0 0 -8 L L L L 0 -14 -3 0 -18 L 0 0 -24 -2 -7
17 2
+10 -2 0 +7 0 +6 +5 -8 +5 0 L L L 0 -2 0 -8
16 18
+9 +6 +8 +8 0 0 L -2 0 -8 0 0 -6 0 -12 -8
38 13
0 +17 0 +12 +27 +8 +26 0 -3 L L -8 +25 +2 -5 +20 0 0 +8 L +4 +10 0 -23 0 -12 +8 0 -19 0 0 0 -1 0 L 0 -5 -7
32 24
+32 +24 +27 L L +11 0 L L 0 0 L 0 +17 L 0 +8 -9 0 L -19 -9 -20 0 L 0 0 -20 L -26 L L
39 1
0 0 +14 -1 L 0 0 L 0 0 +22 L +5 +10 0 L +20 -3 -18 L L 0 L 0 L L -22 L L -26 -25 L L L -3 0 0 0 L
44 32
+15 +29 L L L -6 0 0 0 L -9 +6 0 0 0 L L +25 -13 -16 +10 +16 0 +13 +7 +15 L -25 0 +6 L 0 +6 +9 -6 -17 0 -22 0 -36 L -30 -27 -27
36 36
+1 +12 +21 L -3 0 L -7 +8 0 0 L L L +14 -16 -14 L 0 0 +1 -10 L 0 -22 L L L -25 -12 -24 L -29 0 -7 -13
24 1
0 +19 +5 +21 L +4 +18 0 L 0 +8 +5 +8 -3 -1 0 -7 -11 -1 L -13 -7 -14 L
42 9
0 +22 +40 0 0 +11 +17 -6 -3 0 -11 L 0 +2 0 -1 -2 -15 +17 +9 -17 L 0 L L 0 -7 L L -14 0 +9 L -4 -9 L -18 -25 0 -22 0 0
33 34
L +13 L +5 +3 L +5 +25 L 0 0 +11 L -13 L -13 L 0 0 -19 0 +3 +5 -2 L -22 -15 L +2 -5 -6 0 0
45 26
+17 +23 0 -1 L L +9 L +28 +14 +25 +3 0 -4 -8 +20 0 +24 -8 0 -4 L 0 -10 L 0 L +10 0 +11 +6 -20 +8 +11 -13 0 0 -9 +2 -5 0 +1 -24 0 L
33 17
+22 +16 +5 0 -5 L 0 +17 L 0 L 0 0 -5 -6 L 0 L +11 -13 L 0 0 -11 +5 -14 L -25 0 -29 -18 -26 -12
33 35
L L +24 +22 0 0 +1 0 0 +16 -3 L +14 +1 0 +3 -8 0 -16 L -9 -7 -16 0 -6 -2 +1 L -9 -12 L +1 -2
2 12
+2 L
2 23
L 0
48 19
0 L +31 0 +16 0 0 0 L -4 +18 L -10 +14 0 0 0 +28 0 0 L 0 +16 +21 0 L 0 0 0 -23 0 -2 0 +15 0 0 L -5 -6 L -39 -14 +6 L L -28 -46 L
46 31
+36 +26 L +7 -5 +20 +31 +7 L L -9 +32 +29 0 0 L 0 +14 L L +19 0 -23 -24 -12 L -5 +12 L L 0 +4 0 L +11 -8 -21 -13 L -15 -13 -33 +4 -42 0 0
13 9
+9 +12 +9 L -1 0 +3 L L L -5 -3 L
29 2
+9 L 0 0 0 +21 0 0 -6 +19 -7 0 0 +1 +2 L L L 0 L 0 0 -23 0 0 -5 L L 0
5 27
+5 +3 +1 0 -2
27 16
0 +17 +22 0 -1 -5 0 +20 0 +9 L -12 +11 +11 L L -3 L 0 -8 -8 -16 0 -18 0 -3 -4
17 6
L +12 +14 +13 +11 0 -5 +5 +1 -9 +6 +1 0 -3 -2 -2 -4
30 3
+11 L +11 0 0 L +5 0 L L -10 L -3 0 -15 L +6 0 L -5 0 0 0 +5 L -12 -15 -5 0 0
50 19
0 +39 +1 +37 0 +23 +37 0 L 0 0 0 L -10 +28 +28 0 L +5 -10 0 L -11 L -4 L -6 L -26 -26 0 +13 -12 0 -10 -9 +3 L +9 +6 -25 0 0 0 L -39 -45 0 L -20
49 3
0 0 0 +46 +3 L +19 0 0 +38 +6 +36 0 +26 +24 +12 +6 L +31 +5 0 -6 +10 0 -6 0 +17 L -1 +7 -30 +4 0 -11 L -30 L 0 -5 -29 -35 L L L 0 0 L -22 L
2 14
+2 -2
35 10
L +21 0 +22 +24 0 0 +16 0 L L +2 0 +8 +21 -16 L 0 -18 +15 L -2 L +5 0 -24 0 -28 0 0 0 L -19 0 -31
29 25
0 0 +9 0 0 0 L +10 0 0 0 -12 L -2 0 -6 L 0 -2 -6 L -7 L -14 L L -18 L 0
5 40
0 0 -3 -4 0
49 36
0 0 +35 0 L L +35 +34 +3 +19 L 0 L +13 0 L 0 +21 0 -17 0 -9 0 +8 0 -5 +9 L L 0 L +16 L L 0 -10 -10 0 -38 0 -16 -41 -16 -17 0 -2 L -3 L
49 38
+23 +6 0 -1 0 0 L L +18 L L 0 L +30 0 +8 0 0 L -2 0 -6 +19 -18 +12 +11 L +2 L L L -9 L 0 -32 0 L 0 -27 +5 -37 L L -19 -37 -23 0 L L
18 37
L +1 +8 -1 L 0 L -3 0 -9 0 +5 0 L L L -16 0
9 34
+4 0 -3 0 0 0 -2 -2 -2
12 10
+1 -1 +4 0 L L +5 +2 +2 L -3 L
10 30
+5 +1 0 0 L +4 +4 +3 0 0
7 33
L 0 L -1 L 0 -1
42 18
+13 0 +35 +27 L L +1 +15 0 +16 L L -6 +16 -3 0 0 0 -19 -12 -18 -5 0 L +8 L -25 +10 +9 -10 +7 0 L 0 -13 +5 -24 0 -24 -32 0 L
30 28
+28 +16 L -4 +18 +13 +9 0 L -1 0 L L L -8 L -12 0 -8 -17 0 0 +1 0 L +1 0 -10 -24 0
24 38
+1 L +21 L +2 0 0 -8 L -9 0 -7 +11 -1 -1 L -6 -7 L 0 L -12 -3 0
7 40
+3 +5 L -3 L +2 -4
49 16
+18 L L +45 0 L +17 L 0 +12 -8 +16 -7 L L 0 +11 -7 0 +16 +9 -18 0 0 0 -24 0 +4 0 0 -13 -3 0 L -23 0 +2 0 -13 0 -17 0 +4 -3 L -14 0 -12 L
16 21
+3 0 0 L 0 0 L +1 +4 L 0 0 0 -3 -15 -12
26 3
+8 +10 -1 +19 0 L 0 L +8 L -5 +2 L -11 0 +2 0 L +1 0 0 -1 -9 0 L -25
9 17
0 +2 L 0 +2 +1 -4 L -3
38 14
+34 L 0 +20 L 0 +22 +19 +3 0 -1 L +7 -10 0 +11 0 0 +5 L 0 0 -10 +9 +8 -1 0 L -10 L -20 -13 0 +5 -10 -25 -13 L
21 4
0 L -3 L +12 L L L -4 L +10 -1 L +4 L L +2 0 L -14 -10
24 32
+19 0 +11 +21 +17 L L L -2 0 +5 0 -13 0 0 -7 -10 L -5 +1 +1 0 L 0
24 8
+18 0 L +21 L 0 0 +1 0 0 -3 L -2 0 +6 -4 -6 L +6 0 -17 +3 -9 -14
37 25
+25 0 +31 -3 0 +14 +31 L +27 +12 L +23 L 0 L -12 L 0 L 0 0 +3 +7 -19 0 0 L 0 -16 0 -3 -20 0 L L L 0
38 34
L L +25 L 0 0 +6 L +14 0 +12 0 -9 L 0 0 -16 +13 +19 +15 0 0 0 0 -1 0 0 0 +9 +2 0 -24 -32 0 0 L 0 L
1 11
-1
13 16
+3 0 +1 0 +8 -3 +1 0 0 -5 0 0 +1
34 25
+23 +21 +16 -3 +27 +10 0 0 L L 0 +18 0 -12 0 +6 -3 L 0 -2 +12 0 -9 -19 -12 +1 0 0 -21 L -11 -10 0 0
10 7
0 +4 +5 +4 0 0 -2 0 L L
32 21
L +7 +30 L +25 0 L 0 +20 -3 +6 +6 -2 +16 L +7 +14 0 0 0 0 -17 +3 -13 0 0 -18 L -14 L 0 0
47 12
0 +9 L +40 -5 +8 +28 L L L 0 0 L -11 L +19 L 0 -12 +3 0 0 L -23 L L -22 -21 -8 +16 -29 -30 0 -21 +8 0 L -19 L -19 L 0 -29 -34 L -18 0
8 19
+6 L +6 L -3 +1 +2 -3
28 32
+27 +26 L +18 -2 -2 L 0 -6 +17 +10 L 0 0 +14 -3 +9 -17 -3 -7 -13 0 -10 -14 +2 -16 0 0
33 15
+29 +23 0 +11 0 +27 +19 L -6 +18 +19 0 -8 -8 +14 -4 0 -13 0 -2 -4 -20 0 0 -10 -1 0 -27 L -14 L -6 -1
6 11
0 0 L 0 -1 0
47 6
L 0 L +41 0 +5 L 0 +6 0 -1 +36 0 0 +27 0 -12 0 +26 +27 0 0 -15 -5 -11 0 -15 0 +6 0 -28 -11 0 +14 -1 0 0 -25 0 0 -5 0 -4 -17 0 -17 -26
38 20
0 L L +16 L 0 -5 +26 -4 0 -8 0 L 0 -6 0 +3 +10 -19 +14 +2 0 0 0 L 0 0 -13 -8 0 -7 -23 -10 -8 -1 0 L 0
27 26
+22 +10 L 0 +3 +20 +4 +14 -2 0 -2 +16 -13 +14 -6 L L -17 0 -12 -11 -15 -6 -7 0 L L
15 21
0 +12 -1 +3 0 -4 -3 -3 -3 -5 0 L 0 0 -10
39 38
0 +37 +24 0 +18 0 +12 0 0 L L 0 +16 +4 -1 L 0 -18 0 -5 -13 L 0 +8 -7 -13 0 0 0 L L 0 -20 0 -5 L -8 -25 0
36 37
+18 +22 +23 +9 L +17 +29 L 0 +22 0 L +19 -14 +11 L -3 +9 0 0 L +9 L 0 -24 0 -13 -20 -8 +5 -25 0 L L 0 0
20 18
0 L +14 +17 +13 L +6 L L 0 -7 -5 0 0 0 0 0 -2 0 0
12 7
+5 +5 +10 +5 +5 L +1 0 L 0 0 -9
24 12
+16 +3 L 0 0 0 +12 +11 0 -10 +10 -7 -11 +5 0 -2 0 -4 L 0 0 -15 0 -5
40 24
+34 +20 +11 0 +32 L +25 +11 +2 0 +26 +7 0 +2 +1 -4 0 L 0 0 +4 0 L -8 L +9 0 -24 0 L L L 0 -23 -13 -1 0 -38 +2 -40
48 11
+36 0 +20 -4 +8 0 0 L 0 +7 0 L +11 0 -3 L 0 0 -2 L +3 L +24 0 L -16 -19 +16 0 0 -2 L +11 -11 L -36 0 0 0 -12 0 0 L 0 -28 -24 0 -42
43 14
0 +17 0 +2 +35 0 +22 L +15 -6 +21 0 +12 0 L -15 0 -17 -1 +19 -18 +4 0 L L -18 0 L -17 -21 L 0 0 0 0 -26 L 0 -6 L -15 L L
43 15
L +39 +12 0 0 +14 -2 0 L +8 L 0 L +15 -11 0 L 0 0 +10 +9 L 0 -11 +7 0 0 -15 -18 0 -30 +12 -18 0 -20 -16 -4 -10 -14 -27 -41 -9 -11
13 28
L 0 -1 +7 0 -5 -3 0 L 0 0 -6 -11
10 5
L +8 L -4 0 L -2 0 -9 0
44 26
0 L +10 +20 +9 +14 +19 +30 +7 +28 0 0 L +24 L 0 0 -16 0 -11 +13 0 +9 0 -13 0 L +17 0 +10 -31 0 -16 -1 0 0 -17 -16 0 L -34 0 -23 L
4 16
+2 +1 -3 -1
8 15
0 0 L 0 +3 0 L -3
48 29
+10 +14 0 0 0 +40 0 0 +4 L L -12 +34 +32 -2 +16 L +22 +28 +20 L L +25 -22 L -7 +1 0 -5 -30 -11 -7 0 +3 0 0 -9 -4 -17 L 0 -10 0 -15 0 0 0 -28
37 18
+5 0 +5 L 0 +20 0 +1 L 0 L +5 L +7 -15 -5 +9 -11 +14 0 -3 +1 0 -10 L -25 -19 L -22 L +7 0 L 0 0 0 0
36 20
0 +13 L L L +20 +27 +10 0 +6 +18 -5 0 -8 0 +19 +17 0 0 -20 -17 -17 -5 +13 -8 -17 +4 -17 0 +1 0 0 0 +1 -24 -30
40 31
L 0 +6 L 0 0 0 +24 0 0 0 +15 L +11 L L 0 +22 -2 0 -1 L 0 +14 -3 0 -8 L L 0 0 -10 -2 +3 0 0 -35 -24 L -40
18 40
+5 0 +9 0 +9 +2 0 +2 0 0 0 -7 0 0 0 -16 0 -2
16 11
+8 L 0 +5 +8 L L +3 L -9 +6 -9 0 -9 -10 0
36 26
+9 0 +23 L 0 L +10 0 0 L +14 +25 -4 +19 +8 +5 +5 -1 -6 0 L -14 L -14 +3 0 0 -16 0 +3 -28 0 0 0 -25 L
22 18
L +5 +19 +1 0 +13 +12 -2 +3 0 +8 0 +3 +7 +6 +4 -9 L -6 L L -9
9 17
+6 L +7 0 0 -2 L -1 0
6 17
-1 -1 -2 L L 0
17 36
0 0 +13 +13 0 +9 0 -8 -2 -3 0 0 +2 -6 L L -4
15 40
L L L +9 +6 L +1 L 0 0 -5 -4 +1 0 -8
7 19
+5 +4 -3 +1 L L 0
34 5
+34 +10 +32 L L 0 +19 -3 +14 +22 +23 L 0 0 L L 0 +4 0 +9 L +8 +6 L L 0 -7 -14 L L L -29 L 0
50 22
L +49 +45 0 -1 +45 +2 +20 +35 +22 -2 -6 0 L +6 L L 0 -17 L 0 L 0 L 0 +25 0 0 +12 +10 0 L +13 L +3 -11 -14 +2 -26 0 -7 -19 -26 +4 0 -41 L -25 -48 L
32 7
0 0 0 +28 0 0 L +16 +15 L +15 +15 0 0 0 L -7 L L +10 L L L -13 -1 -6 L -6 0 L 0 0
2 39
L 0
31 38
+28 L +20 0 +11 L -6 L L -3 0 -10 0 0 +6 -5 0 L +1 0 -4 0 0 -9 L 0 +1 -22 L -18 0
2 28
+2 +1
38 32
+25 +10 +3 0 0 +11 0 0 L L +1 0 0 -4 -15 +3 +1 0 +6 -13 +13 0 -3 0 -25 -22 -5 -6 +7 +2 0 0 L -2 -3 -2 0 -3
30 26
+2 +26 L 0 0 L +9 0 +6 +8 -6 L L -6 0 -1 +2 -6 +11 +1 -5 -9 L L 0 +5 -20 -28 0 -14
20 34
0 +14 L +7 -2 L L -2 +7 0 0 -11 -10 -9 -11 -8 -9 0 L 0
17 30
0 +8 0 0 L 0 L L 0 +7 0 L 0 0 -1 0 0
34 39
0 +1 0 L L +19 0 -1 +15 +23 +23 0 0 0 0 0 0 -17 +2 L +2 L 0 -16 +10 -3 +3 L L 0 -30 -16 -13 -28
42 30
+30 +21 +13 L 0 -5 +20 +21 L +7 +10 +20 +4 -9 0 +25 -15 -1 0 +14 0 0 0 -4 0 +3 0 0 0 0 -12 -30 0 -17 -11 0 0 -11 -12 -21 0 -2
7 26
L +2 L +1 L +1 0
15 1
0 0 +11 L +3 -1 0 -1 -4 -9 -10 0 -4 0 -9
30 12
+19 L 0 0 +15 -4 L 0 L 0 0 0 +10 -10 +10 L -3 +3 0 L -17 L +8 0 -19 L 0 0 -21 -7
28 24
L -1 -1 +25 0 0 +7 -4 L -2 0 -2 0 L -13 0 -11 L -10 L 0 -4 L 0 -19 -23 0 L
35 7
0 0 L L +16 0 L 0 0 0 0 +14 0 +7 +20 -14 -9 +12 +4 L -16 +9 +4 L -23 L -24 L 0 0 0 0 0 -6 -32
5 31
+3 0 0 L L
26 7
+14 +15 L +7 0 0 +18 L +3 L -10 +7 +11 +13 L 0 +6 L 0 -7 -20 -15 0 L 0 -6
11 19
L 0 L -2 L 0 +4 -6 +3 L L
10 26
L +7 +3 L 0 0 -7 -5 0 -9
40 11
+27 L +38 0 L +10 +8 0 +10 0 -3 0 +11 0 0 L +2 L 0 +18 0 +13 L 0 +13 -25 +8 +10 L +3 -20 0 -17 0 +6 L 0 -23 -28 0
12 21
L +11 +9 0 0 0 L +4 0 0 -10 -1
35 22
+12 L +25 +7 0 +25 0 0 L -6 L 0 0 -8 +10 0 +6 0 +11 L -14 +6 -3 -9 0 -24 -14 0 +5 0 -30 L -22 -24 -30
37 30
+16 +31 +23 +6 +10 +2 0 L +14 +20 L +7 -9 -2 L L 0 L 0 L 0 0 +5 L -4 +9 +7 +5 L 0 -20 0 -20 -26 -16 -28 -35
3 24
+2 L 0
17 4
+3 +12 +3 0 +6 0 +3 0 0 L -9 +4 0 0 L 0 0
20 40
+13 +14 0 0 0 0 +14 L 0 0 -7 -9 0 L -4 0 -2 L -7 0
35 19
+11 0 +31 0 L -3 +9 +18 L 0 +18 -9 +22 0 0 L +4 L -5 -13 0 0 0 L -17 +4 L -5 -26 L 0 -6 -8 L 0
26 6
L +21 +23 0 +6 +7 +9 0 0 +4 0 0 L -6 +11 +9 L -5 -1 L 0 0 -7 L 0 L
50 21
0 L 0 +44 +14 +21 +30 L -3 L 0 0 L 0 0 L 0 +29 +10 0 +21 +18 -22 +21 0 0 L -8 0 -7 0 +6 0 L 0 -1 -37 0 0 -14 -7 0 0 L L 0 0 0 L L
25 1
L 0 +9 0 +6 +4 +10 +17 -8 +8 -11 0 +9 0 0 L L -8 L 0 0 L -14 -13 -8
15 38
+7 +9 +9 L 0 +7 -3 -6 0 -5 -5 0 0 0 L
7 10
+3 +2 0 0 0 0 -1
14 9
0 L L +3 0 0 +6 0 0 0 -2 -5 -3 -13
9 5
0 0 +7 0 L +1 +1 -2 0
37 34
+21 +1 0 0 0 0 +22 +10 0 +22 -10 L +9 +8 L +7 +8 0 -18 0 0 -11 +6 -9 0 +11 -24 -24 -2 0 L -5 +2 -2 -22 -4 -15
16 40
L 0 0 L -4 L L +5 0 0 L L L -9 L -1
31 9
0 +24 L +25 -3 -3 L +2 +4 0 L +16 +11 L L +12 0 L 0 -11 0 L 0 +2 L -6 -9 L -6 -9 -23
39 34
L +20 L L +4 +31 L -3 L -9 0 L +20 -7 0 +5 +23 0 0 +2 0 0 L L 0 -12 -13 +2 -7 L 0 L +1 -15 0 -9 -11 -5 -20
16 35
+3 0 +13 +2 0 +1 +9 +3 +8 0 L 0 L -10 +1 -3
46 35
+9 L 0 +10 -3 0 0 L +19 L 0 L L 0 -13 L L -5 +20 L 0 +19 0 +15 0 -7 L +16 0 +3 -20 0 -6 -3 +12 -25 -20 0 +8 -3 L 0 0 -20 0 0
15 6
+6 L -3 0 +3 0 0 L 0 -5 -11 0 -6 +2 -12
15 38
0 L -3 +7 +5 L 0 +3 L -6 L L 0 -6 -7
1 29
0
35 28
+12 0 0 -3 0 +26 +14 +14 +16 0 -10 0 L L +10 L 0 +1 +16 +4 -17 0 +8 -8 -5 -7 0 0 0 +1 0 L -30 -26 -25
12 23
+2 +9 +6 L -5 +4 L 0 +2 -6 -10 L
19 27
0 0 0 0 +3 -3 +9 +9 +9 +7 0 -4 -2 L 0 -10 +2 -13 L
37 40
-1 -1 0 -4 0 0 +20 +30 L +6 0 +17 L L 0 +5 L +6 0 L 0 0 -2 +9 -1 L L -6 0 L -4 -21 -3 L -5 0 -14
41 27
L +10 +11 +37 0 -3 +32 0 +23 +28 0 +9 0 L +17 +1 -17 -3 -9 L 0 +4 L L 0 +2 0 +6 +11 -13 0 -28 -1 +4 0 -17 -8 -21 0 -37 L
31 34
+25 0 0 +18 0 +3 +22 +3 -6 L 0 0 +9 L -12 -2 L L 0 0 L +10 0 0 -16 -13 0 -8 0 -24 L
47 14
+32 +4 +16 L -4 +32 0 +27 +26 +26 +25 0 L +15 0 L 0 +26 +4 L L +3 L L 0 0 L L -16 -9 L -13 +9 +8 +12 -8 -21 -20 -10 0 -36 L L L 0 0 0
44 10
+27 +3 L 0 0 0 0 0 0 L L 0 0 0 0 0 -13 L -13 +8 0 +18 L -11 0 0 0 +4 +2 +10 L -20 0 0 -5 -18 -33 -36 L 0 L -23 -12 -3
42 39
+28 0 +26 0 +32 +35 L -5 +8 +24 0 L L 0 -12 L +23 0 +15 +4 +12 +1 0 +1 +3 0 -12 L L -16 L 0 L 0 0 -8 0 L 0 0 0 0
17 5
0 0 +13 +10 -4 +6 0 +4 +7 -1 -9 L 0 0 -13 0 0
41 25
L L L +3 0 L 0 0 L L -9 -12 L 0 L 0 +3 L L 0 0 -16 +12 -7 0 -14 0 L L L +4 -16 0 -17 0 -2 0 -5 -13 -21 0
42 25
+41 +37 0 L +31 0 +6 L +23 0 +15 -2 -2 0 -1 L L -9 -19 L L 0 -7 -15 -17 0 +7 0 +1 0 -9 0 L 0 0 -29 -8 -13 -36 L 0 -14
18 15
+16 L -3 0 0 +4 -4 0 0 -10 0 -10 0 -5 -3 0 -14 0
41 23
0 L +22 0 0 +5 +30 +25 -8 -6 +30 0 -12 L +13 L 0 +15 0 0 +16 0 0 +16 0 +3 0 L -13 -8 -13 0 L L 0 0 L L -17 L L
16 23
0 -2 +4 0 +7 -4 -1 -3 +4 -1 0 0 0 -14 L 0
12 7
0 0 +1 +9 +6 -4 L -2 0 -1 0 0
12 4
0 0 0 +9 +6 -3 -6 L L -4 -6 -10
32 32
+14 0 +2 +2 +18 0 +7 -7 L 0 +6 +9 0 +8 -8 +6 L L L -8 L 0 0 -12 0 L 0 +4 -11 0 -15 -27
15 18
0 0 +9 -2 0 +2 +8 0 L -5 L 0 L -14 L
48 24
L 0 0 L +2 -6 +39 L 0 0 +1 +20 0 -9 0 +19 0 L +12 0 L -1 +26 -13 +13 0 0 L 0 0 -21 +1 -3 -27 -35 0 -21 -35 0 0 -3 0 -5 0 0 -38 0 0
17 6
+8 L +10 +13 0 L +7 -4 -9 L +5 -8 L -13 0 +2 -16
23 31
L +15 +13 +10 +13 +14 0 0 L +13 L 0 L -3 0 -16 0 0 -3 +3 0 L -20
8 22
0 -1 0 -4 -2 +3 +2 -2
24 10
+15 +22 0 -2 0 0 0 0 -9 +9 0 0 +8 -11 -12 0 0 -13 -7 -18 0 -5 0 L
32 33
+29 L L 0 0 +10 +23 +2 +7 0 -4 0 -4 0 0 0 +1 -7 0 0 -7 0 -14 0 L 0 -8 -1 -18 0 -16 -11
31 12
L 0 +26 L L 0 L -1 +10 0 0 L -8 +7 +7 L L -12 0 0 -12 L 0 L L -22 0 0 L -20 -8
22 25
+14 +6 L +11 0 0 0 L -2 L L +7 0 -1 0 -5 0 -1 -3 L 0 0
33 19
+30 -1 0 +5 +11 +13 +4 0 -1 +12 0 L +3 0 +10 0 0 +1 0 -15 -20 -1 L 0 +5 0 -6 L 0 0 -3 0 -13
36 29
0 +21 0 L 0 0 -6 +6 +28 +3 +16 0 L +1 L L 0 +3 +6 -11 -19 L +14 L L 0 +10 -3 0 +2 -20 L -33 0 -18 -19
6 35
L +1 0 -1 -4 -2
33 36
0 L L 0 +15 L L 0 0 -1 -10 +4 L L -1 -15 -2 -13 -15 +13 L L L -15 L 0 -26 L -7 -15 0 -27 -16
