0
1
4
7
18
49
51
768
14620869502847191541363475497838020975058597914592510902204361283951976179586552645337352796149503179478915199645705653955442093222740377104219024536502266166339675034119709734357600898362146748573714438147955625787839844233439234303039664860113302083497647190511805899039383044514169190087008306594268350872111225891611267852686506617895349823337436892906558584804569735696620932837698955375910836288975130375860385134790292850027602437971896119705072823567048881356144640000000000000000000000000000000000000000000000000000000000000000000000000000
387299371535100332824401287347799596476023190303871715786884634165217065626114695066424865077192854898354794363171636790435767497129744380073476649085719836502028957044794463504794748014914556362384998400000000000000000000000000000000000000000000
153191479926947485527192406107445895870434973251374872769113032729901169144616876210528984942381140384153600000000000000
1595205988002091616991428156018046280400193027798682825681889528194182884038504307179554063177384431296002200362592514711527430568053534425020855790332227692687080365161226154312673072732871260041288874629558960128000000000000000000000000000000000000000000000000000
1402080447122032761505551217954958486478999672462446852665340992834133772828424920076643945161127760644787869849038835057625655866455275116041112753434780941276516942520149322404871158487220494978944991834376793534021813406589161851302351900379517540580592300022838549444992027707706820005757404040333574178206802040036148351881707520000000000000000000000000000000000000000000000000000000000000000000000000000000000000000000000
483961890855868235416635946534165914745203906640133051706632550113780914070646436318533721618456349583655347126600267518311460383052756250684890895231919327663261392190572928696320000000000000000000000000000000000000000000
160542346348845318530145013530185752583780605861909965971986086296074151638126328221090499788800000000000000000000000
149154970246816019615623296936765280449965139110545776496385079906923724305925503920554372929789366814481353398299851855473097545191562449994723210068415071235664119698619730111493018866491623164084006391629114900726858053148280949225696873618058872160771404772988624234469634377980322974437212160000000000000000000000000000000000000000000000000000000000000000
2924468607484833943696064289938724459760693694223091893575900325567237540447028267237787731831527791488993586327370485679051862179840000000000000000000000000000000000
286476253929103796075409070373880906105276566482509265607216627205703477254783974647175698932300336789459832377816272007489117771297455062704671564160295907844242736333562805443174525304832000000000000000000000000000000000000000
4638295948322867708232115491351571605913511560524395490933635357077744625729090180821626821474226717923726015933305804325136894097581331954804768338385298822968110531703529959184831949423682676477746615922196480000000000000000000000000000000000
45532488265758418006818815259049685401089132057056997563009702929403622515429682018549358487395830330651115923439835970068126970583411314442605665917873458535689538872142767513379172379501349187317210550460492466568983304476627564048257757784263483308312005193655083592808195323684957135609801473205001094327753356048331632000165966218460867244948916346847285963725199404782273925017548150956831539200000000000000000000000000000000000000000000000000000000000000000000000000000000000000000000000000000000
295855189786001582790306478685293959317906514079361604839876382878063646393391905591001450172971801263459498035102218717438070719736785204218020935796249575593579585975551442348431729973622117646895362182527930256058418976738593901692976427323798997453091373056000000000000000000000000000000000000000000000000
430857540520300170635248014704050835344427738726400000000
9436238833253009527979478090462201453077802505314936601674121802111398107557533937337566800297818079554293238529544182971650734666959016916721399668863935131645714592213860424165984955266029476798346879808374845845174663997123549574067537938229628591070736681067192675324194928384685253532783632284879570337792000000000000000000000000000000000000000000000000000000000000000000000000000
1416884201841009387451981781147572279155370690356138355263122917797072680184683543765040975140075578653480744659297453093128837127246141732782097503789785864952341463289924196431581209791217472411888177121988592800568556126208000000000000000000000000000000000000000000000000
3740990317783786458440419649258534504768115404094075549173411516317125048348558724265828516755853183740991808040960620529625248375326726147226032402439575367161815083344023606145785879179489557614624631461545313613326095536524514818614622569064333841922885830658183764820995820353990406993447503354087156213632904829365910390373391796544230106427555840000000000000000000000000000000000000000000000000000000000000000000000000000000000000000
24410410577674473286341620480794741698006162649672002432179396414968074711737129733343682067753497983979014324224000000000000000
8893734822239731394946502165751823678479361888378240160528937670728642508128145749702912868571887194734764848639682433998360024495566330388296148268998759593373423614413454354702331664082917003299970140895488222407998638999112821262587874427308177855520727997111820703416355901131511727151537834688512000000000000000000000000000000000000000000000000000000000
207395391433087582282359230447444301081942566355378440059615737935797797979117763764968393270347813059153516348458661933356453113236609711469107505311565331618864795228366167165059364082479384022220800000000000000000000000000000000000000000000
546207198043934210997723355597156716812370231543194017077743016078098320227695625450607358640963540160672073633763023956588320129691180665287559781137854706885412293314615224519982237498620422209780774234376031078927752931297710610463353296570491899348603502678602389726630060074303550369878689661859795786312401477959680000000000000000000000000000000000000000000000000000000000000
295319379269470934948711722954860729784531513343183868326564003096774235232283414126292759257690858409445938662353455653612489915663051875069156358223272201339160899754682755317760000000000000000000000000000000000000000000000000
352232420121713455633147372267698972795271469756345539480636015758074086838064003853790890635675772279563544200037952752891675138648050918876221287860701713218351259492848351696499029348252206015447040000000000000000000000000000000000000000000000000000000000000
591259769450739705141594768408397419011314470755638542842091429443168881761370439119449112462993531631710722586431619002043226164764638992004753108045246474666994241763305134099836010169528856147569827877198539853994287398139523872343424106894020323686382437619310766848043314551680986560949185747050105927028174981086969540499456795519092615249258026334588208570661471658662708947198701802679921417388032000000000000000000000000000000000000000000000000000000000000000000000000000000000000000000000000
162880811884390150109273727020170347185413488801392256636585548647200756433328326406280342109411221719642084457610650039154845126639291227519313321470590707059845540239029669977874181154487549744360451300124421523742516430315447440706324661763306860226500242806298999444747660659216466364099332700648775307613835190301454598175265602052030464000000000000000000000000000000000000000000000000000000000000000
31833170285865267583816716800362590412251261445790496169453401057783495703041625023398822582021347335877275780498464360731202230092352276830392358290124824527937283590163449924888856528376145786801766781119557921582664344864587335270050788686479978658295817553587014587179481917374576454885873252230060800451441162589731546637288422506654589074995201730951848657477431197696000000000000000000000000000000000000000000000000000000000000000000000
2632426584369091094449284096594590013889291209738851046347590867195768542034869149054587439237748738614156739703003083184541067633701577793923863497257331982347791372576264291145142501376000000000000000000000000000000000000000000000000000000
7739041856617429951987140526080000000
2872500268343566417178880634623319080960000000000
23653339973928232984600940746717897489338016193296471946603125324823382023454234214354294717361218967610014593624431699814117107602715059080080518691361899495619181398730902096822991687043638495494115269017600000000000000000000000000000000000000000000
4444444444444444444444444444444444444444444444444444444444444444444444444444444444444444444444444444444444444444444444444
7777777777777777777777777777777777777777777777777777777777777777777777777777777777777777777777777777777777777777777777777777777777777777
12345678901234567890123456789012345678901234567890123456789012345678901234567890123456789012345678901234567890123456789012345678901234567890123456789012345678901234567890123456789012345678901234567890123456789012345678901234567890
-1
