8385 187
5025124
3117930
1992906
4087253
4610815
2809068
1499007
1872930
1484031
1269404
1315255
1360822
1883757
1497694
3776471
1214560
1625202
333930
1875816
389011
2021211
4740461
108060
3887326
3103315
158415
3800513
3690410
619651
104873
4840056
1162498
2020333
2586225
3271055
768270
3985406
3893109
3878943
3821314
4654989
86761
2445764
1366741
1428963
1534371
5243121
1207566
2531931
5090247
1887237
1936471
2431589
3504390
3867869
3761195
3750891
4993063
3894477
4207017
4286088
4976964
4550856
1020686
3577285
3427204
3761128
4529112
2271853
5171656
1701357
977379
5046053
829822
2315212
2652657
1585879
1568575
145601
3916777
2567219
1300048
3709635
1538115
3671444
2026152
76444
4050375
1323230
3542421
3223904
1330547
3372980
2231771
5277575
789009
1022500
1275656
4091920
4445770
3196677
1291256
860444
2797827
1503164
5251144
2760307
3251520
5110557
4116253
1531150
4164417
2751794
233161
5095102
1360039
3690037
4135976
2616626
2132615
3183192
2086660
2445976
4680027
3166694
2583684
2820552
374629
4725096
2160994
5010797
1042440
3689097
4698363
982541
2997229
2781892
2280629
4792397
4524179
4359153
1282529
2109346
4681568
5275593
2212346
3432797
4338753
1539992
3390139
4744163
4240736
2925516
5050316
2621674
4725113
5232377
398527
3502341
3850301
4460464
4391658
4106637
2337294
5057313
3059856
3043978
4784879
5046202
1945364
1120235
2179454
1053153
3341852
4550711
357379
3815397
1608484
4683244
4397558
4657895
790783
5037606
4831420
2606826
1543028
1012214
882688
2479328
878714
696093
895742
4269121
4090236
4356299
4449854
4991900
3518387
2357732
582874
4866699
1992442
345340
2676016
1201659
4715164
2791681
4931176
4648701
4502619
1414164
916430
462990
4273287
521878
717610
998109
3063720
4572600
493646
3558502
4020691
4399885
3939355
5127053
1142596
2189573
4415957
5234318
4173172
3418774
3254989
4372381
1121222
2083172
1592908
4178847
2990972
3849323
1942479
1887561
4217460
653987
1147857
1427131
4048400
1287816
3514798
1785291
4156035
2841878
1576947
2595364
3413858
4467979
1115488
484685
959496
5240614
1006897
2173478
116563
2473596
4158870
4180691
2821964
774415
4899828
3558703
2016607
5288888
4335747
1280872
725321
4919766
4017273
4026644
2736753
3701088
2855304
4124328
3116000
2065954
3696206
1019186
1921148
4177965
4251952
755718
466678
3105784
5114279
2382275
1291575
3845747
3090489
3678404
2348903
770144
3550223
4126824
759286
3412492
4383624
625186
1841099
1354609
3126633
2318610
3099280
4154517
3704957
4313108
1075563
2294473
175183
1088530
4575818
1403969
4613330
2174335
4786330
1181716
4219346
2266010
4657055
152772
5109307
1238619
2478455
2622716
1542134
2271964
5061123
4197338
1354716
4150383
4398074
3889040
376432
3989056
4853707
1981605
4018535
4905920
4283184
1819478
5050762
2642851
4096631
3034505
108703
3037265
2072274
4688916
5107371
3228170
1738160
2866361
4294786
4595172
1996735
291645
3713092
153486
4040437
3115610
3100240
3089071
353970
3520145
5141060
5160114
1746965
3844572
1668584
2914375
5174332
3945469
4438452
2504321
5230011
4789116
723866
33391
5068901
4080734
3476349
1007038
3188522
4444312
4783989
3520353
3865652
4731366
1223369
5187415
5119916
1489689
1230571
4618087
4508851
3453314
5176101
3456732
355981
4038062
3936996
643551
1521831
4974748
4804637
3851978
26843
2332515
2113460
3821639
2695490
3548782
3955786
382974
780805
102264
2852690
3585623
2809821
1827438
3486508
3634772
463800
1574124
1576301
2439788
2203256
3140661
2744369
4166640
3713094
2603508
106993
112075
3919576
1965564
5102844
109529
539371
4370569
2740449
60484
896377
2483777
4699830
1506184
2736839
3326505
4577328
835264
4730572
35644
518227
2574363
2490210
5237241
5148579
836149
3037937
3861041
2783741
735648
2564185
4706748
788991
4064645
885312
4192928
247032
3139759
4161238
2725974
3216435
4552049
1351481
2289821
4555522
4300437
2235570
582272
1743235
101624
4150400
1125839
5216787
3992496
1495931
4916652
3851962
4851869
1081403
1781630
1272494
2435354
4370618
1800028
2666828
2268718
4604476
4461697
1305095
1471622
2291956
4371032
3062834
1668556
1634204
241511
1241746
1928666
1517569
1120496
4175571
1821386
3027976
955051
475494
4778031
501181
3157430
712732
3124918
5064538
1107760
1051254
4829130
672077
1317226
534621
136565
4464541
1923
370896
4216060
212906
448364
3311994
779362
2199897
4443897
1408113
2179590
3803266
1436095
4373967
1504877
3947991
4254411
3056594
3152151
4593995
3088515
1530471
4711044
3199610
2922114
1406088
3461546
3181755
3819163
168797
3644779
380301
1901561
2231972
2920697
869278
1444582
578365
4398551
1584408
2652704
1465897
4432045
4534576
946955
1421844
2488988
4149546
2175369
3612218
3963884
2481621
4391186
2058410
4329874
4485682
3718612
4413022
1573264
801049
1385666
4776186
4648533
4186525
1265241
1565891
1370248
1015252
658577
2216986
4274146
3780784
1422752
2786289
1441478
1904323
4091905
2228908
5308608
4159778
2133007
3776562
3983998
3597289
1989712
3428697
2756710
1392867
4755348
3737050
2517461
4453514
3370004
577041
4654307
1419550
1573938
4993409
758954
4741063
3822747
2813591
4596185
1485371
3073856
1619675
3974111
812969
3582177
3233057
1055109
2374978
2117117
870975
3049508
4641497
4329723
70570
967019
586547
1868614
3739710
1796200
5296715
937444
1525612
2157430
266631
174380
5104866
2431658
1234969
5008750
3152413
5026329
3552895
2360963
438303
752826
4027578
1545929
3761510
176859
3396829
105867
4110530
2555987
133372
3700068
2318040
695046
1768396
4397506
4148255
134488
2160208
1198411
857958
4342456
372229
4185404
495122
2881549
4956576
549620
3761135
151148
2039516
572433
4695170
74234
1265561
2282807
3498708
2795909
4418192
2026393
123738
813791
4310667
778302
3922397
2137346
378002
5281292
937746
679988
3132066
4321640
617321
2046727
80483
5077506
1255910
1215854
4868912
4422558
3747279
3778172
3446623
4449757
1324400
1691476
5154301
4628302
1228108
517735
1561721
1743866
49217
2736943
3040156
4008658
900240
4971578
333676
1109225
1204680
1352579
4365450
4965558
3182898
3174181
2404625
2862006
1112952
2278661
872693
3142684
5200301
145160
3748460
5102272
3420242
4187015
3503033
3059674
3020097
2219787
4406464
3228351
2461310
261192
2939761
1289514
562693
20904
805279
4725260
5275091
1156400
705508
3356399
3661148
1235760
2254568
1101931
1988845
3556596
3872277
3273436
1494743
4985118
2034258
1965458
2092874
2284786
3178483
2808953
705249
4674597
2045582
3506446
4690107
4226269
4011754
4450258
5313615
3668643
1472694
3328966
2804186
4438960
3126258
3553011
3104015
2285341
2776753
1950838
5210715
3574761
652397
5257105
1544415
2825847
4362306
3956980
4192964
4459675
4388411
3432377
627316
40896
104558
596204
284509
3904961
4768077
4416878
4975229
1854513
107828
643655
1131683
1981218
1823080
5315621
47580
3079768
3710330
451549
872310
1726584
2529256
1741944
1923113
2043185
1207286
2757149
3100886
3053219
2096184
4833365
4390056
4508935
4244544
5309197
4631059
3088835
4334403
2512696
3803286
2089261
3596279
1481854
907222
3510649
587921
5100169
4330977
46325
4759954
4202170
1449693
4949763
3087738
433197
3684418
1881691
2389522
703772
3600738
2668271
2856242
335056
2149016
819176
3654138
4568177
1996195
1262180
2958929
1426285
3650717
3250434
293988
1809611
4273091
3962914
789086
254768
1346037
3745636
3472276
4153689
2407144
4144142
1154563
276490
3786002
4611468
19516
116230
57670
2221625
2360730
5150303
661413
138986
4934031
2909682
1185052
900803
2351863
3947552
1883791
1327474
4098565
3725495
1552461
618031
3404693
4837376
1586592
4832944
587454
4259037
2249324
3315279
3171672
4505845
1623081
3275036
2416812
1902869
535180
2888444
4843385
2080911
3357203
1221418
2895980
1406579
831497
2146000
1879293
1454706
321321
5255665
4981059
3551259
1738631
3658775
1795956
1667226
4100186
1788004
689754
1403607
2189470
4419014
4997172
3368430
3010094
3573535
2790367
4182481
1966964
940071
2097576
1731221
980634
5299384
4003384
4398482
3631072
211171
4432819
1157950
186555
2040904
775853
3136968
4358238
1895415
5176438
3405873
155242
4029337
1493135
2549973
2792960
3247993
933235
5259249
1536770
1104354
2301965
1441043
1972187
29052
5293677
1357809
1761609
5130059
821840
5325838
125702
5046405
1562283
3659065
238893
3987652
4702822
2175729
2191563
3826808
3842678
290324
3411711
5092632
968051
3654652
475557
391219
619761
2046546
2950394
32799
1676940
1445563
557080
3266843
4078143
3907474
1240193
4682233
4705786
2319019
635906
167815
2316956
1277795
5105912
1339976
4653653
5286443
479986
82038
1985440
2004731
3510239
1260725
2893559
204583
420265
199675
1387538
4800734
4008074
4115572
1311056
478285
3111463
4908276
1562706
3467852
5130668
3360384
3284651
3507499
1956895
2819645
2410563
1610795
673115
2063438
5307065
4821268
3748763
708775
3637324
3288105
3595219
623492
3705005
3461021
2282872
2509859
4664368
19112
4333955
5043309
3016617
4540371
3372021
4265015
2034028
3197480
651525
4474474
3376769
3607848
1001343
1798010
4285305
2724970
2182322
1449411
4446492
4161619
1085308
1598380
1294919
3902913
3413588
4005807
276601
5134413
1551724
1404704
478292
3024312
4554878
1059619
1567047
256685
739939
871033
5264174
2611994
1295462
4228749
2040675
1060840
1657159
3523789
3897164
5190115
552960
4915557
4900749
139127
3210073
5280370
4721852
3214220
2085256
885122
4165996
1935523
3882954
1596952
828889
2963232
1463107
68204
4705631
871110
4387859
5257735
940264
1135515
1545399
1644622
5083927
101225
3874358
2044335
2068181
4920294
1239688
4355689
3542012
5087627
3677206
2941251
1317966
5147026
4118234
891838
1535099
445221
802870
1781032
3039427
1400764
1424307
3327620
837974
4772963
2946708
4174696
5078154
1738491
386450
4228168
1353525
324443
781324
2595915
4305703
89650
4355342
3660128
3350139
1927445
4642429
1670084
5272858
1177977
2797276
20384
2162445
725923
4520536
3142931
4007429
476128
720528
1627192
2083114
1976234
539016
614775
4813717
3872565
4795305
4286829
1802154
2791954
1845529
4317560
2142496
3021769
5065914
3134830
4729439
2210555
2692667
4478581
3224634
1388301
3978900
5253573
3060648
2580546
2298433
1978514
930045
4048378
1458486
5305708
2901641
3695088
4687853
5281191
3091673
5001432
2279131
3417611
3633672
1484216
875563
3308513
5300004
3483190
3827467
2433525
2571135
4980335
485082
3603141
1626197
1906545
2756038
3615191
2032449
3521323
3011177
22678
5035427
5238608
4493895
1133686
358665
1638271
1916400
2367631
246441
3405599
4644155
3719061
1644989
2607812
4482329
5059837
4504734
2947846
3593935
283500
85722
4505684
3636149
5375
1871498
1314819
2777027
3115599
3658374
4710771
3288614
924949
1269650
5178811
2983589
2163561
1429614
475240
676169
4117499
614228
1685199
1140125
2693760
4861086
1909043
2282694
407951
3172422
1115768
220869
5128058
2493170
2134229
392507
3164160
1166006
2176400
3928504
2329699
2852323
3210198
515881
4992665
3753863
2964771
5030985
3601568
1881931
1411578
5336344
2279545
2766871
3391864
1427583
5004774
1010900
3635702
2663007
3488130
834083
5027502
2922406
3182346
2692178
2300272
3365270
1094637
4716768
152974
4782947
2332696
3382621
3800398
5137962
227275
2870944
1321343
2084794
960612
5127017
414213
1228614
2199646
1832977
1912204
5060804
2134996
3959887
4553141
2634021
5081600
4047715
1073238
3196324
4922720
3663671
4205394
1428553
1019314
2045941
2422603
1299815
4693122
715459
2164104
3208192
606688
5023539
5163742
3014116
4046916
4750130
3664168
247070
1882587
1328674
1312126
22893
4688076
1458345
4114253
4158764
4553889
48686
3676823
3035923
2862994
3565036
4638631
3271392
2229733
5000984
2753497
3088577
3393714
3772769
1133063
5256092
446838
3154976
385194
3241579
3725432
4761797
3634681
2343937
3066018
3289868
3544901
76016
58385
3836314
3075957
2251871
3367972
3463765
4952097
1756656
4363748
3216057
4668883
1754328
219961
59742
5267041
4844825
3341560
3269480
5097800
68056
1595535
808188
3807376
2659976
4586243
4377295
4482410
3786338
5246075
2868121
2582346
4760414
2726078
308960
1778524
3509067
3720991
4993189
5229981
178969
4715232
764806
3837785
2084432
975810
917086
3759613
1236133
1872262
2055814
3247921
134962
1488122
4380661
747888
5336666
846285
3076244
4115041
2674500
4127096
909938
1731424
758912
934482
5286454
5162932
2367189
4488699
4948559
3683024
3107784
2070763
3096042
2420656
933412
1514649
2120893
965606
1140360
1039240
485407
2495667
2159317
3658348
1098912
178632
3830348
2657775
4222962
1082754
5039790
3161420
157797
193927
4654268
4137424
3847892
3565052
4084033
4843821
3934945
301988
4833886
480434
3330792
4981969
3431597
4220041
1452538
1122245
923937
338448
5203589
3898893
5141921
2850356
1994170
3142170
1020272
4253340
1533761
2078561
67611
2172109
5092044
3360072
1021490
924529
3810988
4975732
2651488
383046
725275
750647
2467165
1847895
4055153
1065071
4350540
2774584
4722351
544981
3199092
1679824
2559672
2029351
3804931
5036038
1928999
3444392
5002519
3046350
4390139
4132322
4020207
2767824
4544419
644946
4622513
2222187
5257325
1695598
629416
4670958
2701984
1035555
3288560
1783338
2691303
1749344
2417125
2737683
5301640
2430268
4219241
388635
4966350
3008312
2956688
3988880
977766
2962548
5225546
2800206
2066434
3603094
3464010
2084310
4682158
3395016
494448
2568830
2088695
2249784
1957435
3618952
1560320
5192476
2508956
2214522
1565938
4649434
1627720
94127
983817
4211212
4797953
810851
4662109
2448578
3156733
529835
3203299
3003703
482852
836049
3504263
982693
2166313
3381608
2456033
3944333
5275493
92908
1947970
3303483
2551066
4359658
3344526
2626616
2006154
3061885
1930150
3903567
4746163
4733168
1568433
1839900
2737632
2350927
2694469
1921921
1742146
3924939
2728076
782635
519486
1993995
3447654
1576873
3781856
2028489
3005510
3181814
1996828
2869579
2058338
4571502
5254671
4798741
3618845
339602
3240302
592043
409646
1618401
3056424
5314348
633867
914588
3892640
1660072
2856517
1486247
989162
2753354
5217476
2151795
4037165
982308
3113077
493777
1479672
4587268
4084334
3868429
940031
3871806
864134
3603349
2405337
1940975
3044618
1865916
798035
5223588
1032055
2619567
2298936
2511698
5313620
5176656
1222928
3770437
3710515
1647340
17016
4874507
1564295
4641525
2115385
3943594
1829280
403886
813764
5118731
2767130
1334303
1640991
3979619
2647202
4089013
4577618
3644644
3013051
2719775
2849484
3651768
1672095
4195783
3164176
374103
1258450
1936743
903200
4694893
583930
3664141
5114091
4167912
1437374
2170240
3702195
3208179
3837120
4119700
2778448
3098668
1855282
5184488
4584307
1705145
802862
2076574
4964622
328124
5100825
4588945
2257954
2312647
4425197
15159
2865082
2245463
970450
5313852
1462658
3866052
347634
708975
1840805
2149226
343928
3065173
5065409
2294950
3868252
4575923
1909340
1837168
3075330
5065142
5070578
784709
4221113
2583364
3274789
3352309
4725783
2619029
2531567
2185333
3362269
252724
2395084
1742124
3187578
2762420
5108509
889429
1961378
3790937
2515140
4802813
2058772
2557060
957170
4891776
1496643
4376197
1176506
3463581
4650132
4862132
2840644
3044958
2614758
2109838
171058
1413835
3449373
200631
3985521
757654
3168907
4087047
248007
3643049
2685038
1130112
4740517
1922722
787318
5308282
2729549
4859565
2439882
4634173
31389
4672784
604683
817326
11563
3603373
2968532
3708682
3790322
4011763
1001702
2104759
3360303
4893009
4768770
3460048
5318495
2836398
768474
803505
1421757
2404119
4833436
5044999
598967
3321410
2000068
2950199
4255563
2063735
4423252
1469157
3213993
1017588
1285991
480029
1074059
363665
3673782
4043322
859064
2834573
5227988
4128990
1373183
67701
2914797
5271178
3984556
3948067
2930332
3727416
790082
3830691
4162191
3321168
2448743
1556474
1190020
4309965
3006052
987082
3947529
1903598
668579
4022069
2503776
2642944
4247454
1612044
1666048
509566
5284119
4203640
133183
4982045
1921688
2827248
470629
3543890
3779651
2822838
5161713
3316350
3943878
2372458
1767117
1144880
4273528
2035695
3653115
2337008
3401684
1254038
4260698
3464453
3180717
389885
3081972
3569817
3029997
1781463
5159579
1006588
2702580
248391
3945157
3912567
3365912
3357579
2405004
1738896
3233692
263070
2635757
1759131
214804
2179787
764192
4252888
2479529
2119766
4923066
4666424
1442402
196987
1458171
1591313
131568
1224833
4155381
1705496
1940990
4849859
215770
3242292
5196916
4157042
522139
3346968
866979
234383
4838812
3127084
5011275
110171
988079
766706
1305028
4724428
2304239
3861830
4900831
3482031
1543584
5102312
3781267
2018224
1447054
4317897
2267236
3974235
409134
1504630
589037
1351590
5210477
3684266
1752037
1498645
4097328
860132
3367473
4001168
4158674
3866627
2169020
1888881
572876
1954222
1960848
4448793
777266
851486
2551887
2858902
2819662
2780853
3656413
797146
1148709
4252088
1459244
2788997
612115
3223398
5200272
1408654
4704970
3449971
3257228
1147819
2172400
1402241
1095135
112896
2262511
666425
614198
2350847
3129651
3744212
2605090
3056915
3765332
1410804
1398728
5096067
4634063
5116222
2972045
4640022
277382
738088
1219812
5342384
2056921
3492462
4861451
1253477
1387724
2909235
4458014
4213527
3873986
3326260
167251
711785
615049
2614921
2678823
2736546
4853416
1262826
194583
296914
3605248
2712449
4783502
242840
2279228
3313045
5031591
1589452
1243121
1557589
4740278
2658926
1890116
2941727
3359618
1274002
4844746
575427
5021600
1049985
5290828
4369936
2123817
3691378
3132356
1020451
2954303
1599007
878703
253273
3000043
3686764
2988111
2922816
4942159
5174541
1937437
1180413
3591326
1559190
1703837
5294360
2712260
2525314
2881008
2365827
543960
1729712
1612065
2099299
3276905
271305
4302338
3130446
1281328
2611128
3625720
540271
116108
92095
957894
745035
1818841
635918
3713976
3790922
4786124
2541547
1904562
2115155
1389672
2038762
224655
4071468
2039429
170271
1754697
593816
1696154
1861621
3342914
4263196
1488338
1685394
3853670
5300888
1881651
3803284
2916433
1574904
3869209
4064280
5326176
1486501
1693200
4686379
2452041
4390195
2102132
5318634
104876
1861567
5306837
1385248
4184586
682985
2803227
130992
1498838
3990210
2310764
5111398
842264
924855
2397303
2383326
3348325
2007207
1285816
2571086
5162317
621902
2707375
4035781
3004495
2023064
3013468
3625891
5133737
2878695
4262937
1239594
3681918
2761402
4270404
55971
1263540
3070694
3422158
3525141
3190543
1077185
4833093
3793732
2660655
1641599
4051899
2171024
1879487
486796
3658087
3463917
3021547
4365824
2208037
3153670
2358201
1597924
5145155
2864052
1621621
957535
4807680
3142006
2656399
3943492
1756425
449896
2393747
1658227
849463
931431
1202031
4759691
4910984
3663622
4346219
2478540
5045993
3023026
1672700
5230269
3342304
1892501
1454956
353750
3600765
3093317
2728061
1896059
4470523
3012988
640182
2306802
3477054
1684653
2838194
2856945
5148617
3986505
1863416
5094215
618128
3841833
4550280
4503382
3447686
2574107
1281108
3850620
3984311
3924019
3281851
1827366
524489
4176176
2780880
5044583
3301891
4267792
4910664
3408651
4610871
2796693
172528
513553
5135081
5062362
5131149
2121471
897286
3537218
4526818
2234143
109853
1188209
4386748
3250906
4425321
4653732
316002
355199
3833532
2353886
510193
3701541
814132
3802749
837250
3099428
667328
4130326
5109306
55998
1129148
2573804
2562022
2029337
671437
2845615
4397233
2835175
4779799
1662149
3033490
1766524
4243601
187158
4235298
4609367
11618
4948264
3849523
2497880
2594778
1488930
965558
1166439
1175760
4228490
2403156
1165286
1733960
2175505
2308787
4299721
5018716
5280330
463762
3588162
2754445
986244
3920505
184248
4751178
750639
1773427
4915286
3859964
1696630
565031
3591046
1587833
5101878
3642813
771401
1267278
1725646
322766
4508179
676673
515623
297456
4321421
3203336
1171352
403266
3864564
364316
1754846
1510621
1747823
773172
3852931
3998488
1754086
5144939
4446317
561836
454504
1230461
3961712
2677027
4214699
702752
4826617
766614
1842520
348921
2924306
2075910
3154800
3477731
3650469
390405
2540161
3026325
5273073
666355
1011848
1250158
808212
3568799
4356903
4154509
1581116
2430126
4622045
1345642
4032014
4748571
3826951
4217237
3412211
4583764
3919145
3007642
2711229
3239121
5009221
828302
370983
2487745
1129065
4002530
633145
954448
276025
4269643
4549187
1693619
3971136
1796253
4226243
1136022
2392200
2843943
522957
734076
3583182
3539691
1490165
3189347
590086
1098294
1150926
1126586
3736623
2757960
5324370
858215
2587083
4272193
5220613
2541415
528922
5241438
4707188
3795845
2892354
3392445
1114644
2365498
363650
670521
1776554
1184165
3871449
1556208
3174894
2897929
1592559
2746972
3520353
4543899
244002
4130145
2180220
1080364
924006
2310674
460178
3118522
5047552
1285886
2680520
4086416
2828564
1741439
1241296
1661975
2733566
4534628
4171275
3305798
2155292
35862
287848
592194
3418870
3183019
26344
1283387
3556740
4760380
1980925
4436331
359015
1584900
5090782
580234
3404803
2326784
298991
298407
1671923
1548096
5043804
3753307
1838003
3875677
2344135
3874078
301690
1020700
1332384
5162894
3932830
2104854
2611444
5109086
111978
702566
4592333
4890926
1345047
2471938
3801402
4497808
1960085
4111000
229859
1663856
3029918
3732166
4531066
3921474
36386
4693625
2781304
2846593
2929699
362451
1628724
7135
4236646
69855
3557803
3137765
2562996
2973119
965119
3462471
3908645
3204348
1861846
1304499
2673774
1956430
3688100
801597
1630732
4367486
865531
733932
1884633
1225480
761376
5342011
1012772
2623900
5135827
2062436
4635387
2294309
3073992
1723957
4478436
625970
1653460
273612
3093935
2297125
2923426
685548
4190702
2048793
1002376
2076229
2231706
3889235
3503312
1089845
4488451
2543708
614710
1842886
5010680
4038676
3072963
212518
3018692
1178933
4662799
4588212
4562826
3477707
2963329
3816396
5297088
4000235
3127624
1799655
4125437
4107658
2820127
2393851
108587
4626393
81566
4651356
1176063
2687154
3424395
4948105
3184446
630341
1601951
1598022
3155151
911626
2627986
1690902
2910359
3169947
2286488
4026881
3415667
3141141
1192440
1160275
4766546
422688
4250782
1800156
4605925
4179415
2388380
306887
638873
2904026
1267506
5044391
708426
53851
5140509
4325151
4211210
900373
967544
2837836
4095516
502414
3705555
4981555
5282927
2875475
3032355
4342333
4895054
1227021
3882748
2842598
4269498
4147564
2790294
1013079
1341920
1170334
205264
5223194
3376970
5073336
4219095
5322289
3434355
1667096
2323545
3273713
5343376
4678436
1075090
4974771
1914175
5014943
4712926
1989978
5021298
4122121
2454660
990422
5010986
3727799
5288628
598207
480670
1749761
274733
911201
2038175
816363
4184602
230967
1619339
286047
2073602
4020364
3200257
4329899
2278330
4560571
394663
1526068
3160801
4269111
4995790
2385816
4411338
5284693
4201025
3099073
616594
2517430
2011544
304246
2693932
4485941
2581979
997717
452020
776278
2312302
3062353
2727426
442532
566217
1985615
406888
4702710
4104318
899359
2781463
5103996
5175305
1797693
4388933
2004759
2275773
1492348
4040799
5074159
1087940
2902113
5065428
948799
3619822
4875398
3491541
3640643
3819561
2515581
376103
892478
480571
1691627
1152990
3977685
1591701
4334072
3304801
2957892
2343727
4912999
647941
2459916
4115333
1035881
2838171
355659
2800991
4554228
2025442
4461181
3341196
1559445
2536670
2637038
1961288
4319541
285707
3506507
533147
3051586
778042
4235389
3604670
924364
196141
794024
680319
4839774
4115711
5333188
5133913
2686952
1366005
3087597
2799701
4931840
4495508
2506758
350798
3716296
4267974
2356481
4621708
2490450
4364610
303582
1825140
1080689
2897033
3092054
410119
2599728
2867914
3136817
2339423
4832775
3449096
258275
262064
3154459
190621
1666361
2618995
526448
5036727
2832286
2567895
1317859
747944
4112951
4322476
1986958
2290841
2845399
2943740
1249841
2440951
3672163
1072355
2904217
2826839
548360
1197024
480411
3880162
4366172
1237695
2053985
3963540
3978469
199858
4104861
289815
1343481
2205393
5174006
2123039
1661608
3968659
5004962
1408001
722973
270020
3974970
423457
5179338
5169746
728124
810021
2790322
2027402
2437883
1116638
5120869
3769940
4832469
2787396
537860
4230365
4135692
3238353
2305043
1298585
3754160
1741237
266886
2496080
4642928
3232576
2599757
2655808
446793
2745244
4517498
4036917
1215167
1999225
968120
2720646
1584311
2893921
1773488
2011470
4497870
3510458
4951221
917069
3552330
3582370
1456695
4215516
3449085
4062693
229889
4195027
243208
3809560
3054963
176839
3624921
20085
3869330
2699334
927896
3312335
4898167
4756574
2263122
1507958
5264387
5280710
590533
3297155
2564865
3034895
4448500
4221625
91261
1015519
3794713
4838852
3966273
3619213
664484
2906492
4553232
3174324
1147919
1662202
3847700
4300830
1073902
716359
4041295
4311299
2465972
1561057
3609726
2356039
1233971
4784959
4719854
2040957
3157809
4908698
5022619
1344034
3012566
1651085
2601160
1735230
3182821
1966929
1585207
3145645
450557
176514
3963072
3657585
1209602
165992
3956327
817640
586394
658020
3146244
5263608
3158320
3848892
1069881
2769476
1115259
2171218
1366950
982654
3292533
1799300
2546320
4046509
2151773
4857904
1816196
4128935
3454334
4313623
3121990
3082957
2673544
263928
5290029
3669840
865476
2997850
4587436
4215211
4670195
1858122
5231423
1321189
3139469
1578563
131909
2711272
5116417
5005341
993194
863752
3747804
3436320
1666995
3977668
753914
3663146
2425216
3261607
4861659
1232128
4322273
2436244
2576470
3073753
2316169
3225637
967394
4954211
1756307
1147608
236189
1969087
1833104
5255042
2350441
4367817
2671339
4526346
873045
2488163
2299405
3326529
3532499
2341256
2361852
2592949
2494824
5115775
848205
2027007
2991062
1787186
4280421
3813022
1967586
5245607
1860035
4226484
2099623
3529329
2860055
171862
4804656
5291180
3360050
2795280
2838498
386075
2122943
5118756
1348174
170600
717855
488908
4773335
3056541
5184565
946526
2665191
2356480
4287098
2902339
2672185
2340306
2169948
3191942
3802564
4346913
3257517
842781
4327179
2997134
1507501
3005870
2330469
376075
2715491
2578854
3520945
2311257
680463
2260484
5120653
1054693
4312668
161358
2977448
3550007
209008
1811211
4915164
1698689
4118492
649535
822281
4680525
4705547
3735493
581406
3817170
236137
2338224
1945025
4579412
1596950
584466
2515286
4403829
21003
3100240
4525396
2408853
2153276
2319710
728200
2748139
964446
2853633
1447046
5294538
4178912
3825365
921033
4046396
2956391
232848
4370728
4267261
980080
3242263
4962640
4787185
3702030
800717
4545687
3158466
4449791
2085881
4931273
3539230
5211607
3526622
1745345
3386091
4448068
3987132
2093810
3350261
1561356
3216285
2595261
4470487
2355927
2832094
1360088
48179
4201682
3049018
4174336
1128995
357353
3942950
176036
2049843
3909203
4799936
2463757
763033
3508255
1494652
3319090
4789422
4625980
4682105
3120739
4549568
2041751
1960192
1666442
53967
5186138
4344272
3175427
5097067
1346110
2138341
519225
1803788
4034461
3729597
1755961
2566040
608323
1283524
2472932
691621
271211
2457117
1566448
2411078
5163103
1624151
2499385
1583918
2821567
1873841
1293341
5161346
2723534
1864482
5022133
2375245
627680
1037563
5243339
4593167
117246
979569
2358413
5241060
5018221
1135432
4977812
5179895
3608809
4047095
841230
5036979
90308
4537159
3271168
3084877
269087
4963880
592230
4976286
4498809
768139
2924618
1683387
550694
3302633
620795
2365730
4738319
166178
345992
4311276
1927373
3696533
1899903
3991171
5107313
781683
3920521
2986251
5213115
4229339
2011793
1268633
3316509
2308792
2133426
2394076
2623951
5109978
4390344
1512156
3228561
1770982
594373
520228
1658395
4287072
328253
2782055
3672774
3794509
130238
4347742
1018935
2373272
5228568
2602816
1520054
219558
3507126
1948887
1700598
5237477
2009565
4668416
4900963
1478084
3528078
525975
1250554
4694149
2443912
659618
2349446
1562440
511790
3259618
1484109
2238451
4398775
3088392
244628
3769124
1894664
2237395
3724811
5224921
2322370
1589330
5199526
1581490
1148400
4817827
234972
2091559
772111
876874
4322719
726833
2024506
4140760
182797
1261725
1136012
2105001
1834781
3064269
1253665
665176
4699399
4521042
1489937
4035495
3544708
5238810
3111730
1209108
4101331
5209460
1282946
4905339
1169807
5135920
4541815
4088620
2868931
2809513
3535023
1903629
871136
2995054
3247343
5107532
3591720
4694140
2426869
890073
4385501
932388
3825833
3886640
258394
3759855
2887067
2953901
4232735
264231
4067445
688469
2419616
3987456
4399513
3205328
845527
415584
2938294
1292168
3803338
1492882
4514099
2052584
900774
3453910
3030673
722323
3402425
3740518
3206579
4119103
3837066
5319362
2588592
4509851
3588126
3226714
4259675
3729364
4088713
1896874
4295148
858870
3770139
1993595
2585271
2869241
1651975
881005
199871
2566996
2423973
4991746
3782486
1018052
2395486
1173054
4161679
2508081
3461854
4324055
4436763
5293440
1178265
457496
509414
172738
1358868
1317590
297948
3951105
5257009
4622939
2413627
4952677
1075458
1404471
1274782
2865606
2388214
2476859
2333538
1757887
273537
4195862
3215382
3050284
4426047
4760312
5185739
866302
1216363
2218792
656005
2534563
1862831
2472525
869675
1309041
3557562
5068142
3261556
4834257
2033105
163257
1773383
2258371
2779294
3001096
3339277
3631406
384319
3806429
5118521
3812563
710383
980576
3163770
2253698
3362284
1459411
1048923
4689911
3743585
3843603
1391845
4616972
1384329
3751072
701808
104202
1017079
2869476
4838695
1163669
1097147
306474
4886765
234219
363020
4123931
4546878
1475993
1029244
2842506
3148902
2730099
2986630
1746897
332602
151557
2188341
1653994
2939709
327583
756570
4926233
329987
1980233
424480
4540876
3697814
2814866
1021365
1849133
5227204
189156
2335768
2525108
3560654
3056409
2490748
731943
2603017
4233012
81517
4864769
4189724
4112523
81178
333460
1740220
456323
3523187
4369797
1178663
2466066
776305
5069070
4870180
4288615
4472778
4464105
436477
2605922
4279373
677382
4890290
1128694
3033629
5275850
4104770
2635492
1374468
4198565
1462050
3330881
794427
4541899
1357479
2727126
1976790
1617061
787186
3838534
2132615
2349503
260166
2743893
1805224
899511
4967690
60241
2260417
469171
4172899
3914585
1944041
2022083
2228251
3835896
1953597
4247417
3367935
1709321
3585808
172065
3450145
3026684
5170719
3500869
3022455
478587
1598106
3252519
1568475
2568166
410969
1133453
2802276
2639017
580862
4692413
48265
4598090
3580344
3107079
1948006
477817
2132622
1239729
1956103
1742128
3335104
721373
2142879
3831020
3313108
2100687
4456546
4503092
1446908
1054175
3287978
5001595
1897829
1639912
827041
620905
5050800
534519
1988206
2117556
163973
2686890
1513159
1026142
1679254
2491075
2013391
3114937
962737
5299742
977190
3719020
3945146
1972100
4794496
4010404
4796138
1232655
1709308
4529313
954168
3690315
3563681
4047544
1417162
2100100
1043766
2948780
1280434
2404028
3478090
645787
2094442
4804555
413281
4102897
931808
709155
2773838
1483442
3383145
3208829
456978
533732
1986343
295573
5331064
3072119
4400644
37265
2370670
3612725
2238630
125879
2550637
2954353
3862878
5149294
858920
3477740
3449140
783604
2336430
4587216
2229259
3676769
5324565
1947374
3722698
2613226
1470412
1477860
3411276
701263
2687549
1908360
1453059
4902644
3028163
1880086
1824060
2322978
4733398
1674960
609289
150379
3287840
2479055
1049686
4879846
2287459
1093120
2363098
5094261
3772372
3633641
2932227
1735840
3160226
3347980
5186033
196668
3196484
1400903
3771917
5030607
3218451
4624933
1761545
2557842
2548432
685526
832590
365006
2778863
421429
5159211
1599524
2102983
1128636
3799953
2820366
613427
1408117
2214490
3479183
3694756
5150100
3359502
3038288
3676660
4667585
5125982
59915
3782987
393687
4787729
3110047
2962662
2549466
269542
974224
1080171
5079264
2244813
4592991
1317753
1380133
3860666
3378237
1123898
3423365
3976487
417881
4570625
3739421
4940089
17379
4331939
4865038
4396628
4483467
2720376
409098
2757008
3082319
4553655
3666370
2532480
4000727
623134
867670
2310400
4601097
1655519
1883196
3586445
3566710
4663944
3037589
551578
4338621
692451
1184310
5314539
1103220
1220723
4251175
5056083
5034935
2363416
3682146
137852
5240184
2979106
2284483
4676378
4393034
3746736
3961586
3569051
1884248
4545956
2172516
485797
1098736
543548
469559
3140150
3945033
1850069
2392099
1696115
627839
3546904
4082582
1978154
521902
3194963
1500599
1742715
3578986
1667924
4166681
1458338
1774624
3851018
943227
1313728
4920220
3763910
2297423
4716075
531204
1556595
2659534
4253709
3200611
2468454
1540233
3865566
4691870
4438415
1198613
1020430
5172364
853857
130409
27888
992408
649784
4056294
5060766
3932886
4534162
527644
5048151
2786520
3240125
1773989
1340773
760127
4683854
4394694
4893625
3886585
344194
4654958
5290810
810074
2361050
4842771
1777370
3147034
2908365
3138515
4831618
2914366
2944332
4018819
708528
3736378
4032496
2234932
4844920
4620458
2395541
1750360
4384205
3557163
253747
1363864
3624234
4664754
4004844
110579
590655
2828381
3993979
4615697
5243929
4217462
2778574
2072981
2577016
3152577
4927481
4985817
885769
3297667
1823975
1611361
2954350
3644211
857444
487268
697331
2071175
4152686
946706
4137387
3296259
831208
2599505
4898435
2267040
943511
717585
1564589
4609580
4441914
12488
646305
3146158
956658
1666399
255137
4968571
3744425
4037611
4522280
3468102
24663
877570
3502019
644362
3840721
355383
1952781
2582790
4099437
644729
2803077
4689624
4282840
4211666
3503018
1249990
5015513
1215461
627441
4147320
3431144
2920341
3484934
4029861
2836278
1891676
1988729
4223204
89443
2769276
46602
1917166
3718583
1028361
965726
1253173
1600118
3237283
2628952
1724426
3135934
4901584
2969790
5155641
3869150
4807640
3406423
1592533
2737179
4744603
244182
3066476
3823549
92697
2507335
2170658
4032414
715599
380712
4091691
2129637
753017
5021397
2998235
1221363
939910
2068054
1127586
2028081
2012612
2752581
1702876
241898
2553699
4767292
498467
507003
3560173
2674292
5053928
5318960
4478997
687957
1178681
1500032
1114636
1212697
3801669
2555992
3798027
3294026
2693043
893452
412710
3864307
2409393
4654872
5100420
3198364
1624893
2243298
1559346
5243792
2141373
2950139
3519069
4097686
606962
5158158
5053405
3717925
1644752
3887968
4994782
3560240
3318154
2261880
2210920
1916563
1622608
3523944
4066741
2498336
1534429
2409361
5254389
777285
3283471
1636345
5007389
465501
2080237
2653846
2771518
1525817
1543014
2102322
3818847
5022144
2688891
2287737
727870
1463610
5267765
493653
5004603
3759650
973505
3114195
3501519
1032116
107246
4001260
4458482
2709452
1404821
667197
190939
5312941
2591772
4065785
4936035
5291964
3775949
1152540
4178775
750378
4775432
1887405
4023917
1745402
1795003
2696677
4532058
624334
3530312
3467082
3792220
5022184
5251299
1091833
518215
552533
2372172
4451601
3220024
719929
3082304
3133591
750441
23566
2550060
4337659
2652680
3204502
4417774
2495849
76714
1069738
4923735
2377021
4461691
2535312
951718
5244278
3735252
1773360
1532539
2237201
5102412
3077041
2354456
5107550
3211380
2361583
423283
2973319
1822603
4265157
4912043
435247
5054705
1465479
4230449
3630686
3194441
1270116
4578501
3566031
3475999
719573
3581324
292862
3556479
137670
3684794
3711957
937788
2670839
4340429
2295870
4131492
2189284
1351731
4459354
3126594
2536040
1454279
1131005
4629093
1991984
874923
2683559
2222200
79112
2191866
4747993
1763636
4078626
2195635
1328286
3838665
3307327
5325388
4084428
1826397
355202
4346191
1292974
2866385
2722295
1190379
635417
618700
5086701
4595971
921522
2668717
4150949
1454753
622799
139871
4453001
4211945
2525665
2285230
170623
3795549
4719412
538615
405486
2135328
3409103
3959249
4334765
1103310
1120527
2816129
2167797
2762557
4598880
161271
4645515
4078526
3290338
5184888
3337829
2916584
4241023
3532601
1391617
766383
5098637
2660031
2966063
4872532
339359
3787453
4037372
4509628
2879729
1043898
1114205
4266897
4493222
628056
2064433
4317429
3910770
846215
4534566
4593085
1707564
2353563
1581020
819901
5345119
1403253
5285302
2058172
2858895
2895200
1611713
734511
1515829
2927723
898093
2594063
882313
337042
4490453
1144283
2812967
1751656
4727855
652777
3926671
4208859
3414357
2654636
3411330
1431109
2417199
376294
4686284
3557583
4740198
2475815
3448016
1323008
1109353
3826144
189789
5047501
2052079
4024557
4372103
4503175
850508
2792023
4266691
1955229
2283487
757879
2184549
530820
4943639
1379254
3480968
4795980
2667853
1446089
3060931
4024532
4987662
709733
5238953
3655044
470727
2700738
3726641
2399058
3729914
3587453
1938849
1407576
309787
4480263
2360940
4303268
893198
1971385
775231
3072793
1498425
2170823
2327338
2272792
4083316
2232657
2692528
2625150
3641517
1913415
981610
3639554
578067
3635775
1026138
726178
3885946
3019200
40238
4088822
4296762
4647591
2803804
3406602
1947047
5136009
3335665
2020381
1327787
4617196
5279092
3303587
1755743
3288836
2068198
2432823
3712325
2653588
552700
256402
24168
4525163
832405
2375808
88048
5216415
2379275
5186938
1379510
4951468
2453580
2723206
172527
3953208
1082545
5171121
1929821
2680343
590591
4667100
3058056
1168200
3491093
1603965
4663073
3274435
5110727
2732839
1496403
775756
2369349
1887468
3122952
2114295
966239
3238399
2645093
1439292
4134354
4084383
3498029
3294899
3166622
412008
2771861
2568943
1120602
2478740
337826
923704
566262
1428564
1543868
4509248
291590
3828981
743834
1239514
963315
1381313
712913
5203938
591884
3425903
1590929
656293
4341796
4814268
1740718
1775666
3429565
2219584
1041547
4227465
1962330
971554
4497008
3522662
2830497
1183711
1749321
3112783
2805572
362138
251950
3065758
4378968
4222992
5240209
3580177
3602749
5061022
1757332
3336300
2491567
1483902
2347613
2768707
4489850
1083960
1978327
5082907
1517157
539506
1136666
4638193
3389836
3843968
3193089
337494
3293328
5047798
4169404
4810869
3955568
220310
2797290
553553
1843210
2245899
4328905
2794934
663752
186446
2657094
5002467
4765703
782916
382149
4528783
1531151
2631121
882117
4600345
5056424
4325087
871821
3574480
4851907
1629962
3141173
3062462
871783
1240581
2566927
3057989
2943847
481809
2889397
2469181
604018
2081867
1986954
2926813
3391704
1708461
173722
2909346
2903295
3294683
3861585
2290761
994983
4410748
459294
3719582
2425962
2680971
2621922
3052915
305492
4051463
5204099
4612841
4960784
358245
3646900
2148066
2914173
1380499
3099360
4222629
4399984
4401317
5105279
2146285
2925439
1213416
460820
1409598
4049361
3936893
3862953
727428
5256118
4505103
1813238
2573146
4839894
2913891
720939
3855437
1604540
2206755
4443901
1748889
3220078
2097463
3154214
4752034
3943125
3859216
2993580
2275442
1314424
4197611
4603892
2816467
2853988
1015944
4120883
59503
1163044
1845800
5059645
184414
716376
3772679
3073636
1595317
4756852
2975422
1925919
534069
1439715
3983338
832712
2545522
1111208
501998
1150809
1605101
2059402
974739
5091492
1025140
2899766
814057
2843725
1488135
2831271
4120951
5068566
4665875
1051453
4903190
1881725
2151642
1227188
3255791
1767927
3187758
3590403
4450840
4586625
1786312
2048728
219826
3641230
2088762
1228130
4073241
1214533
1716132
4383517
4055767
4285620
3863263
1883550
1704890
155455
4978398
1643068
668878
375800
2172029
3303730
1465073
5182232
1643848
3944015
1375959
509715
822120
96201
4692851
2858552
5009633
3815070
4822823
2190942
387789
2004794
4599109
4830711
1467540
3840431
2941860
433209
226614
4358978
2900553
3778951
4988807
3107622
4559686
5175302
4661818
1563785
1061159
2036721
4444465
2518783
981717
5281587
3680598
179142
3613592
2548985
4974674
1663956
5092578
2901485
4556545
935986
3572906
2100816
983512
1831234
958887
1156414
2995088
4497799
4287467
2364321
3296342
1445019
2095634
3981248
4275296
4920357
3711163
3728846
324753
4236472
689958
2298771
2853864
321159
3415534
84066
1405424
1568827
647768
67688
3143737
583851
2824814
4620457
4171329
569736
511995
3333079
1668799
4761046
1646823
3415587
4478804
2717501
1481473
3325008
944526
3725317
531862
2681557
5004050
1733728
28658
84769
1762036
1177090
1590280
2095597
4643583
4323048
385793
4183705
695697
5303641
419152
4607265
4355543
597356
4097780
4231071
2173224
1421092
4705077
2263273
1239670
1797824
1939759
816303
4608919
4453015
2563400
132945
2360592
1589064
418445
2246379
1680183
1537400
3594249
2781259
3938463
2977559
1391951
1199577
4228994
214879
3636963
4087782
1165076
4600678
3065521
1726786
4135620
3487755
3011480
1282593
735025
1606255
911092
644864
2750335
3941895
982308
4926965
4115022
1297360
3912771
4681799
808174
4715955
4851513
4983431
1639565
416435
1298927
2809064
1815824
1654156
1097884
2365084
215930
1863356
3434880
3325333
618353
902952
2555199
3722909
1267736
271042
534860
382064
2613371
4540566
1413371
347537
3512035
1423973
729102
4250524
220749
258674
2881821
5239126
4667095
3466855
4140465
931950
3678367
664497
5141657
1522829
3213204
2103042
4332965
1777510
4532337
4121044
1214502
357882
138619
264159
4936689
583951
1860767
968601
5122489
2813426
3447077
2780901
3517161
5138346
3123311
5053850
3491898
856542
3919995
3662807
283332
5082773
4780201
1605462
174606
1993974
1388981
717323
1640952
4527949
4651183
323668
5108719
1115723
1693425
406287
2399135
3437257
3528671
2788902
4881637
203043
5011034
5243661
3148218
4900212
3793416
3800020
2217375
4895213
3269619
3760289
4271467
223704
2577252
1928158
656041
973261
4142109
2656514
5332330
4119087
4277022
3260762
3170801
706614
1899159
1949130
1714803
1819643
3596383
3502354
4582959
4033627
1811383
1736898
2778492
2084185
4463898
5148690
2910356
1807141
4158479
3619781
630186
200878
2987264
2899874
3805924
1434621
1193526
3894930
4055544
1329298
2204056
3381676
1818997
3572770
4104763
4574804
495278
3282514
1465590
3545562
3998012
4909458
4778547
1448790
3818919
727773
4998801
3950823
1129316
3042339
2598373
2853519
1360110
1673133
454783
1175511
4674246
353248
1023993
4544158
284659
4999777
2857873
348782
2903368
2278923
4283314
4077122
614656
2819060
797098
1904461
3584062
2389448
981260
4034819
5157804
5199916
519181
2356491
3577627
3331862
5094572
3070420
3740096
5185993
2809465
3722304
4135474
3026851
3128989
1750567
859261
2983059
4163779
2809536
67683
279675
959258
3050572
1488491
3197183
3420226
3594651
378096
2596502
1750668
1048490
2418171
918540
251679
1436322
1347626
4849681
2698083
997961
1599598
4008030
5182152
3901201
2431267
3054441
4625378
3841250
3774582
3486619
2250202
4202405
3152235
1372811
1409841
170584
2505682
3767775
2293041
1406800
537418
187284
2874559
1280604
1619727
1130202
4498393
1580624
905282
3425925
1362385
5142445
1603153
1582320
1364837
2538797
4478298
562815
5093250
4564070
2886457
1960115
3114707
2333051
1346663
2448961
721168
1778046
2985919
3655320
5023127
3355593
2126097
1531434
2563271
1712944
1886978
4150478
4228128
2955526
1832588
105107
884791
1093972
1491986
1484636
1954917
604225
4279735
131506
493160
2763747
1207211
1484826
199498
4280955
3609024
2152581
749310
1359933
4242237
1560446
3210156
4255316
3296061
1811153
2403063
1220550
3257145
4271027
1561454
2094485
2172119
2096919
2015696
591937
2927669
959004
4930337
2542302
1038853
2786080
1754893
2143800
3284611
3736206
4260641
1361721
1545211
3844326
537428
1874435
1325907
4295582
2185813
4150716
4353144
3933456
813044
2669151
3827592
3734880
3350179
2587727
4059957
1492169
682610
2103703
2335683
3141217
48614
1303587
2575876
2179102
2759738
2988600
2130797
2221441
260261
2284276
2506793
2690793
1600210
2873344
4409799
4097588
1072999
409708
3982347
2057979
1273506
2036504
859573
4965427
4963688
2518554
4426944
3291818
3087360
3626747
2255375
1871153
1640062
1371893
1623417
1577433
3681225
4356601
1205857
1266295
3035294
3729688
1191976
238227
405481
933732
4577709
406420
1458443
2483740
2548866
4935616
662391
2813556
4312102
4960647
1194146
1893657
879335
568954
1180106
4969130
3788678
687326
3775547
1796726
744300
702900
3958014
3882899
566047
2942654
3104575
4782334
2323352
1714970
2469359
3563734
4985072
3913191
3817743
2586987
161556
5324293
1961344
1085111
2007937
326359
4563057
1162855
4943005
3139714
241982
1181183
2415434
3560133
3263455
2880624
36024
2227549
3950248
3253861
5122731
3099354
4204636
2660443
4617766
5084966
2861423
2091565
3171847
1514622
2963887
4776128
1812162
157649
2270816
4336763
1647699
3222772
4335092
1742936
365112
3522089
5144298
3748795
1188901
4074407
3241482
1008019
1372046
2519556
114068
2844648
1014948
4366892
243917
2763772
4899144
4065441
3762986
1111009
765152
4839547
2538367
4902972
3729840
3822192
4344627
5200182
2215611
680096
5249228
1278269
1937129
3149880
4691943
2259210
1958524
1773727
736379
931284
3813189
891990
1803511
3180538
5018258
1079152
3700576
2725949
1485084
3984398
985730
410814
66969
8168
2884811
1379576
1208713
2685142
5133818
3815701
4004826
1092360
210933
3849461
304932
3462624
4153812
558156
5279546
4311717
4098595
3555993
2365049
698552
2210290
2554234
3553573
4808124
4745364
4523262
1372031
128213
5294708
1128110
4392495
3505462
1767507
2695821
988204
5185133
3050873
4274895
56966
4938672
1612907
429548
3598166
1827616
4348625
1277426
992199
1040444
4814941
2435304
996138
3044328
3866636
1220100
3564034
2133758
4048593
1739851
559461
164478
4253509
2065780
1646207
2092834
311108
2126863
780371
5037025
3935215
2858795
325154
4160765
4615026
2022991
4481665
2111746
3880035
3178295
2672143
5115320
38016
4742014
3909568
1640082
4429015
3142992
579947
606635
198169
4487515
1355225
2555622
4204885
3642561
4822890
534156
5139214
4369207
3488443
3663423
1258095
2378662
2916952
3121672
907998
4467333
4042652
1400347
3651800
944555
1833154
3469213
4129567
2976321
2235450
4605860
3595441
2933646
4627340
1598180
5223732
595432
2819901
207767
4025480
3707342
1730191
2338501
4800325
3323877
519478
5167055
4555707
2022740
3408393
4351185
3800005
871681
233373
662422
4146925
1987244
4832842
340802
5065764
137971
652326
5039208
2636117
2972723
2713104
3617186
690929
635715
1755950
3732965
4288152
2083195
2469749
4007718
2614806
1963139
785040
4356903
171084
60032
3863737
3778626
4741395
1132646
1063959
3656690
1888004
669512
3324645
2156311
3315832
278265
4190176
3625153
266837
3079100
5343207
3184310
662346
4574709
1718680
984714
2222832
4325044
4833209
567472
4667580
2184346
1756402
4740085
1057820
4985716
1952896
3625125
3094730
4530678
4297842
650616
2547538
3328973
3773753
4507902
4029051
987646
234594
1949683
4281029
3473927
4579769
833536
354022
3583289
486460
5177069
5192075
4918750
333504
3204499
3999708
164292
1710292
1430909
2401508
3798935
4263830
4150981
2774188
2192847
4749368
3152769
2908850
573511
1762998
1796359
3583273
3340460
2618414
275147
2036706
527567
88436
1874377
2425028
278076
3295756
2392375
5229039
4028135
1455528
314139
1558198
130647
1060512
1622009
1265282
1193098
1119472
2065726
2519660
2154729
2665146
2687511
967557
1371376
3570470
1822386
4609722
3536645
1952549
4302428
3276828
1753122
4241458
1137553
2375587
5298136
2990105
68020
3572483
36053
4537345
1626127
5053190
4894089
2044615
2924822
3967186
3236245
1925767
3526207
16803
427484
2027552
2768777
1621604
1717691
2930686
4767177
4537443
3947729
4782249
5159589
4124536
1195665
416003
1066295
3751535
536897
2525203
211154
5012250
4088107
910367
3198560
4351225
4558867
2048658
1675821
3473721
3542222
3284438
2168343
5146058
1950507
3442651
858761
3826861
4153181
3367242
614037
1918848
3309400
372944
1312977
2268316
4453396
792458
3095933
4002626
3102804
4141039
5170723
3408250
593588
3883959
4254690
4688172
3614830
2426809
795825
3047133
3442379
4994535
411992
2056400
4442172
2993048
4090689
3826815
1394520
5307191
3028325
1065751
723902
580336
1301122
43496
3700922
3021911
5339542
4497973
2777381
3703879
516396
1739553
2346624
1542878
3162903
1535439
5127387
2814181
3380973
1764035
615406
5246833
598586
2830682
900698
2321167
1174218
4090161
3769065
4131014
4023159
4876571
1597995
4799725
2218131
2979020
1494340
3914498
4550413
3042244
4699507
693750
3108869
4486952
1227481
255445
2725671
3440773
2621977
1637965
1650916
399927
2969612
2626498
268490
2697487
727785
1532126
2700822
3138076
5174978
1132636
2214976
1778161
5003575
2815175
2550538
591329
2019853
1205778
990114
3501176
723254
2419701
2415803
4013635
4227499
4991351
5059994
5215684
2534165
1811927
607127
2669228
1686792
4595063
1752108
645122
2780905
4780382
2995895
4571815
4089429
4874780
5340788
1931066
871792
2083444
3954454
4017408
4696081
1665276
5324647
29896
1520971
1045099
201710
900091
2788954
2238348
3391386
3502968
28200
4940909
2412516
1646793
3605936
3948909
4510331
3797858
1144009
3328389
1924402
5042874
5032809
973406
1415285
2528175
5184623
3708898
2356697
325198
1802939
3242131
5096938
4051507
2707518
1168587
5138954
2535959
1827593
2723222
22385
3771379
573852
3606145
3542292
1226831
2475162
588827
3890802
3433257
4749271
3923074
1170664
1971974
5013811
2089542
2051807
2356797
296816
302847
383388
2193329
2953442
2392932
1045898
3606259
1316173
1923569
247720
1340064
5160701
621658
674361
1570293
2789665
4145934
5281942
3073170
548544
1412763
5020689
2333347
3004040
858544
1648168
2149484
112410
2425980
3497588
5127780
3862757
2199255
2613209
775800
3068311
4433358
2151709
635389
3967487
893544
345535
4403464
2095936
5214694
2068164
1091130
855023
238909
2360549
4117696
1986829
4447383
883031
3931806
3543829
706051
969755
2559558
381207
2586303
1842978
3947962
5213671
5340973
2622919
2692280
1134233
1948717
2168942
325675
5175907
1826030
2413475
281553
4680513
3979838
2607786
4341413
1664563
18538
4676077
2330883
4525750
3280344
165506
1814684
1647981
3372489
4744857
5268281
3565531
5111732
1058117
4388226
4698779
2413395
985870
3385926
2996937
2656396
995892
5222610
733327
4480448
2579714
5345761
3100029
3723262
3204017
4689901
1329257
5141960
3617108
645077
1779995
4772805
699636
1989205
939504
1491868
4151320
2835292
479383
2662033
2887632
256706
142190
4920459
418613
3526317
4815975
289479
3884395
2237894
2411121
1071842
630911
4201954
4673307
5148507
3613024
551322
2307688
2309542
4713829
1708471
1009281
3450037
1977238
3273852
2330602
5115510
4767436
2890108
272413
496875
2516723
1761629
5346414
706095
1193581
913275
3389791
3077107
4111978
1649050
532105
2126779
2719244
4605948
4489309
4239064
460227
2746992
3678041
3543945
2636729
243331
841401
654600
992067
8243
1773269
270752
3935538
1539959
2092863
3464644
2678301
2036754
3014577
5127533
3289786
1485099
2033543
3298881
1769516
1778108
4125904
19598
3150828
5285753
808301
4439406
4418217
384274
4452196
4061858
3629808
1666212
4997621
424092
3766486
1762535
1833540
2940305
5043265
4388757
3781321
1805682
897449
1952563
389701
2699307
610032
1330195
3343715
4134398
3762478
314820
1366165
4098357
4353293
4491632
3177338
1378570
3345293
625809
2271034
3549403
492894
2031013
2172770
4498761
3913667
4696174
3084117
3526146
3426991
34941
892925
579887
2773270
2276737
1021159
927526
3326519
3297400
3466302
3081106
1652671
234427
2088656
3646065
1280573
322882
2298874
3128304
4251687
4983994
2042991
3305228
839857
1830348
3609660
1495089
1072424
3253685
4274672
837969
1294984
2872441
509884
3427741
4147473
4044928
4930407
5000161
3067612
1209233
2485365
1130229
5031362
190682
42697
4981958
47898
4139630
3229404
1064888
1783155
2135058
2522411
4563271
3710059
809890
2045608
5339419
5217598
3091469
858918
2584205
1018948
4739651
1441727
1370823
5261160
1867050
620305
19199
5064783
2622812
1972628
48074
2054210
43695
330590
895541
1305600
1023486
2341328
1604868
4443507
261259
4074856
2674972
770611
5250663
2147334
5103308
1232414
572355
4146298
236185
1859046
4866488
3311523
2960590
5042051
88024
676377
4616816
3387600
1752299
667540
926180
2547163
159580
914677
1825249
1498729
3838716
4524241
1743528
5077507
744778
5077390
3313023
985068
1921767
2757997
5179438
1207539
74202
1687128
5252916
3193902
1596866
1719966
1044928
1190440
3044022
4492045
3222682
3201860
3032812
4303232
4329273
2926563
3998018
4978093
4717467
4196593
1113223
4689699
2733000
3992010
2394776
4614773
3546012
1359261
5024799
1599441
3898826
1277444
2116823
4099001
1157099
3286139
486893
3848988
2273353
4181381
3930823
5134297
1792585
4955799
1592094
4027727
5267462
1001432
4078052
1695696
1992911
329630
3319155
2220698
5243154
1128318
2202307
3902583
3682666
4244173
4184253
1916758
1416336
1447358
1413274
4743168
4798483
4854510
3018499
4255379
3366663
2191064
2696956
3547228
3268706
3202266
322698
1906728
2408557
5262261
1068614
400804
3004943
2373975
716325
3912233
3528746
1190875
2687680
815447
3677130
3504954
2075620
497552
2859161
2821971
1619068
1901443
687713
1537402
1295210
3344434
3935775
1011667
2804076
1627900
5198558
3676868
151609
1621191
2964740
1991160
1458191
3873774
2200542
219861
1002119
3281794
514339
3568347
1981632
1132095
5266115
2602813
377687
2369637
2368379
554764
5122945
1621579
3960761
999757
2331816
376147
4348281
4442118
1580832
3435457
3744068
3483283
3271275
4617453
3837708
4367124
1921124
2090727
2553948
3868650
3013462
2696989
2442240
1015187
2345862
2345264
65693
2393166
4993710
1982392
2633876
1230411
942441
4851110
2008339
794780
4548637
3812088
462304
3302191
5021963
4020620
2407923
2478458
16366
2687596
4719585
4271227
939892
4449643
594010
3316240
4657272
2028026
1804143
4206086
275655
1236261
1381630
1146532
4086013
3160347
3228537
481792
4776057
4473254
1398399
1115951
3009562
5252755
841225
1426077
996455
2184338
1563828
2254208
184270
3288830
3101512
4085076
3623343
4947980
1968099
2622791
1465911
1679133
4555408
4380470
2939807
1849343
660205
3967564
4759737
1591464
3593927
4181703
2905391
4366054
3292176
3842730
3192584
3898165
3951054
450727
1683527
5299564
1397367
4534750
1573218
4865010
2096376
1867881
4500848
2977460
1945457
2952754
5340200
3681886
3682424
2446620
1411790
3353010
3083866
3603215
382497
191547
4113565
3122963
3375317
4184215
4734832
4544091
4927481
4443999
1239149
796514
2432333
3489245
1693551
4465360
4115881
1808317
717721
1350630
397048
5198711
707706
1827831
3787242
127898
4100430
5107809
376669
1245030
202811
787466
200549
5294864
1845936
268179
2020931
514964
3360658
5110046
3312432
1082974
3516577
4470307
1156145
2588912
4092892
3857225
4258222
3594188
373262
2896953
972662
2572291
1870310
2422498
3818533
2745773
2049260
3888427
3230629
228326
4818492
472675
2781675
2793477
4885347
1634581
4846957
2735070
4032149
3599822
4580375
3857252
3409746
5074161
2270345
3923382
2994612
4432355
5097005
1943899
2809533
3238312
4626268
1882526
2407217
1090791
2548849
4641256
3725734
4494867
4074565
3299067
2362789
2567997
1122372
115758
4250983
74875
2083845
3621117
1003961
3566312
916171
1890736
3101028
5277372
3446631
3186163
2869096
1032949
619570
3936083
330420
5162592
2447469
85286
195487
2925569
524790
2323287
2911448
491528
2973498
110182
1962276
649983
250346
3974258
2933970
3455574
2298418
942359
4554576
3997642
2757363
207834
3423280
3449527
4097292
3402946
1976996
1807427
136770
1600608
2249414
244091
1857079
2151766
4206775
4305349
2524744
4219288
387571
2960776
3620812
4164656
4848255
4715467
3417198
3977504
525513
1706904
136580
1394910
60492
3085802
4157893
3825693
1421675
160588
1173173
2269941
2497574
3934661
4879298
2415405
2937066
907193
5132627
2578083
94819
1224881
3416725
669339
334931
3782836
180918
4572877
4880303
440783
1791467
2911981
2067362
510677
2721947
4902798
4465565
5154500
5032188
4817179
4994104
3980399
3291241
1419503
309233
2769468
3698417
5280608
4393674
5301041
819940
1094308
4292883
346207
3418248
2323711
1242898
247245
5113370
974052
2973883
3400615
2013688
563847
2173491
2854700
3782202
493953
16693
5077931
1399726
5006057
1919727
1118950
391896
4704774
27562
705671
3091100
4459974
2109157
3911572
445352
2579570
1739754
3207652
1064642
5136488
1538320
1110945
304058
299904
1865758
3913567
1472408
5316080
5221025
1500473
4282840
2216689
4226429
1198123
3523268
552412
1196980
1481104
4653309
5229048
2099233
1935311
1463271
4870955
3454567
2845797
4746515
4199987
2501018
2449859
1291582
4319304
820254
5080718
1493805
445759
1236329
2349895
4842689
2685836
519017
381441
5030969
4625040
5309751
678960
3152828
4117385
578433
3532594
1302797
774419
3361223
974604
2516546
1170944
2367683
1893334
312783
3582599
2010645
4374077
321205
4958372
2322337
1521147
2986400
3053886
1909587
1485813
4689966
4263047
4233401
3832173
5254504
791970
1460576
678247
1900592
4182042
2775980
3796548
5321135
1622521
5087186
2417149
2709890
3074968
3161522
503885
4241365
1561558
1932835
4995588
306622
1980969
2534489
4412294
1566645
2810653
263303
1208117
4981889
3760659
4514108
715416
4085241
3204179
1008998
4490314
266887
2175946
945247
3373323
2457665
5153781
1014976
119585
3749129
3380796
3424174
1624314
4361500
3719840
4464485
4523180
533114
2363194
343783
4378286
53348
755239
4112252
2095812
822318
1673921
4613799
542948
3821451
2243024
1476505
4210088
4166233
252291
1843533
4216316
2281339
5071005
449398
4205777
3100345
4319306
4952800
670925
4350796
2709174
3086815
3470354
4282062
3441645
930977
1792338
2005223
3398717
2767149
3152485
3890530
1469311
4393165
5067543
2300331
1810116
2376371
2865180
3348131
1906227
3924414
4981445
4282366
1982663
1509290
1917220
1386287
4903774
2070466
1594944
4101470
3544844
3579282
61044
2800078
5321539
1204554
5285631
5148652
3375572
1895868
3068103
463469
3766806
2949703
4033772
3641249
3837439
4261467
3919566
3352468
2866919
1012088
975137
1993604
3882643
3398815
863159
2999331
3275184
4723359
2095135
815904
1542141
5201228
1901119
571827
2479347
2624486
3777540
4002970
2178757
1618287
2130870
3271559
2437108
1610164
2656589
1507554
4070795
2383866
1413502
5172049
3882461
3931754
1967518
2863835
5200701
5104491
1372555
2608911
2525586
129062
3071656
218389
3227678
3990994
661145
4452500
2112442
215917
4115364
3321429
2333377
818544
2019303
3851982
5128567
2954005
3740045
4926813
5104750
3733406
3593274
2963711
3631852
1609750
628169
1741031
4974735
3736159
4214448
1221633
2530772
1831024
1871216
5166943
2991206
1509137
1008421
2026677
1444615
672805
4253741
197669
4769269
5214675
4845755
4941493
587618
355463
3780769
348177
3010863
4956968
2302640
2084132
2533023
2902220
1607833
3591679
3346859
1534187
1746204
3638389
910211
5218536
2177131
3384517
1862184
2214920
2705206
686750
3872411
2007315
506525
928596
971544
271785
2182203
4045383
1882997
4390247
834870
1836166
4709855
5147302
4603910
4248648
1075193
3249372
694184
2078825
3944013
3772536
1632917
4630534
1935168
67573
944473
161859
3417222
3644612
318473
1008445
813553
3687807
2105790
1442070
4965944
3890633
3622604
3816936
1239063
3432950
3480404
4565908
1495642
5153524
4758403
4266689
3096462
1371342
2921558
1178486
3028826
4787822
757416
3242779
3027038
2395104
4622423
2298321
2285311
2509525
1171799
2709328
4243087
3113400
3019865
3084217
1815386
4274363
398237
2352855
2774736
4503058
809848
2267177
3688646
3779502
2146881
1480076
4042267
4412251
51316
552710
4526757
2638995
4946955
2167788
502271
1197990
482851
4836800
2108136
2590804
933535
382190
149042
2585390
4106136
2913633
670941
2608381
368290
4951584
582620
4051094
3640079
4775078
4703005
2689680
2330094
5336523
2158989
663236
3048947
1720521
3531976
3840135
3387984
2860320
440873
5020857
318448
1352588
3062287
4219673
1634720
5312089
3354494
4562369
5219906
1365307
2139989
3992477
2560900
4489183
132555
3260433
1722878
3582700
1197067
5158662
1276812
188223
317624
2044582
2696363
774505
3285863
4948183
402915
367233
2675008
3957071
1759212
2082317
3040666
655121
1720552
1041986
4272429
3371256
3177054
2712953
2884107
5082512
3654440
4703197
4705484
3666335
3965128
5318900
1159712
3234871
3109043
1634057
1785902
3542857
393586
1045158
4830097
3905668
2463464
4035466
2845099
791737
4571817
1343746
1331467
3572165
340286
1341687
3781487
3183698
2151874
2762628
1795859
4302147
2887513
1645788
1219280
2261172
4247719
3382995
1119838
2927324
2723217
4268392
826338
3659092
1128324
2767434
350265
3431031
945223
5255348
1060214
1510284
1947507
1170880
1613806
2829989
2959005
4739124
9757
3461670
1545236
2033544
3476548
2566423
3121545
4397493
3447315
401033
1815948
3162022
5316110
126449
1380057
1228657
2728748
4584454
4922209
299615
4160585
4482060
4675257
3770669
2738093
5128752
336521
1132809
5055509
1833475
4926406
4176713
4114314
4470736
1032303
219342
3547997
687535
4435988
2404947
4816917
954852
1594668
295965
2197679
2692852
4310203
4103210
4882909
3018138
4021060
3321003
2969382
514978
402447
1564334
710125
1017992
4425983
3588992
2179036
365439
253451
2732267
4869947
2503003
4772546
1245520
4200967
3033627
4571317
3314672
5191838
2362013
1503359
1281864
3123806
5227247
4311911
3498505
4488451
2643383
2200917
2014039
360459
3994166
192396
4632086
3283509
4682968
1924502
2816556
4905035
1785058
4380563
4497981
3087256
3769110
4516047
4104794
4282899
3828850
2599813
3389899
3014014
622608
5328641
1924970
1811427
1314997
1388943
1679284
2736184
3204776
3838301
953109
2192492
2231700
4102779
2478503
1034503
3079049
2753806
570830
2799338
4883257
3099780
3680750
5233514
4607696
155377
1189754
480650
3894045
997698
4181120
4799828
3690457
2303360
1629469
1630825
1927752
3883056
4214303
3294208
3044114
2252520
1776875
862485
2052313
1353297
1929163
3801203
4254763
4277801
170305
1428214
5158535
1578437
5133731
3570134
1662310
2821112
1235229
3821446
732138
1099982
4011913
5096364
2571583
5178780
875586
2727901
1487626
3175796
4029688
1616265
478051
1434818
2188366
3435406
2938049
1625879
134914
913130
178899
1943703
3375723
4058703
5238959
2635661
328494
2206138
159745
2256856
3484779
3399334
1759433
3154376
1384201
2083676
5202529
978919
1902201
4971973
3866005
4147972
732752
2039044
1339590
2166770
2315222
417596
1573440
156375
1992539
5112776
409888
2225518
4085100
299282
3489162
1807653
5143741
928408
3177364
4548137
1814486
4544987
4382289
3103668
4434225
3025581
2544898
3577239
2969423
2514119
5341468
1675075
2498378
1815723
2270736
1232152
358124
4284202
4535771
4740432
4948825
2574171
1738525
3014447
3662904
1691736
4158933
3424972
1620531
3009064
712085
1195126
2250131
2374084
4018803
5265563
532256
2100190
558589
1212463
2874494
917253
1457808
1883573
2702097
1485129
2117884
2049391
946975
1610806
5115892
781452
3430178
105836
536388
1952587
1447910
4577965
3714959
2251414
1454605
2481609
5308086
4891870
3226439
3041082
2751651
3851301
2000229
1500162
4383017
2481005
4395249
859024
66507
2085466
791224
3320616
1473792
1211230
142947
1998656
4017040
3838963
4286522
2089872
2999977
2297268
1245990
1316617
2964749
3027798
1361405
4636044
1376186
2553703
1580399
3462178
5092316
3472344
4694905
4364202
3375782
2306258
947328
4406443
2599365
1734398
4045676
3727381
5284544
5339711
3935430
604092
2082147
993731
5285944
2992909
5181363
1699213
4245284
2087412
2960035
3026986
2204796
4345492
4941448
3790973
2668766
4949609
3681306
889511
3567316
3151553
2065655
203278
1055433
3055996
3016168
4940977
712393
4406445
2606309
2156392
897466
576932
2263249
5299525
2065029
5321371
504501
1601930
5273989
643773
2751637
2120243
3859732
710643
2199654
1831863
3045340
2756542
4478662
3199826
3851980
2017002
4986406
1594438
250707
1591022
3412460
3084083
139433
25667
4603248
3798509
4370615
1180352
5311370
4399202
1513910
2168295
95673
1255167
5317344
1578737
4014406
892557
4466588
3568386
1299244
5100689
1450027
3637218
1056842
4468577
4767923
4545169
695223
2450273
4576194
1710978
24130
1908801
3203160
4896066
871699
4119975
4025715
4739225
2861591
2838930
789791
4647713
2085944
2751415
4286636
4483092
2330975
3480310
3556040
53347
4615867
990142
1499311
2424781
2726449
1596324
2790198
3948255
4923613
5109627
2670146
4639800
4732124
3079385
4550693
732121
1291980
340385
2447349
4161003
4222092
1574365
1806611
3535269
767325
3775339
2149454
391449
2786984
1410087
269037
1135453
491352
682599
4405254
116785
822244
4967271
2617621
2492581
1610231
833719
701111
3589852
4329914
3234000
5047730
2781156
2705784
4696889
3326446
4779325
3435090
4755113
4845604
1382624
5189980
279240
3704179
782242
5332217
4940566
4195373
3427802
1860388
2069710
443714
2971993
3713062
2469477
981278
1906244
2438213
130779
2782003
4501545
1719196
5166279
2318813
4255964
1137699
4442538
1912344
1732442
2529134
3136139
5254838
3628946
5058547
1059059
1878911
2353839
4059644
5330094
3572606
886858
4437606
3637339
828181
589245
4624419
4406423
389756
1872092
1155601
4475274
3008771
3154365
1916163
2877797
1886536
853238
609767
3359795
540663
2057945
3481496
3305873
2808546
4168151
3192796
179112
3204786
945874
128121
4845985
429609
141677
1884315
3718764
1912972
4663009
4692590
3250268
2461350
4987843
3921122
2460197
2643437
97019
2020859
4398326
4702969
4476083
1930422
925347
2479926
3172422
2347476
3155939
2857020
583668
3980741
1829364
1730015
1458829
4716999
2188732
1691853
3801330
4451626
4532020
195613
602765
4564295
4989886
807662
4472165
559555
2750503
2037076
4637779
3112148
2287537
1239088
3901008
1020399
1159659
3019012
2574990
2175274
2774003
1149598
2988843
2579451
1632813
2403035
105410
4644085
4577426
4312144
2492059
4250901
1585483
4121318
607959
668
3457184
782409
3375650
3999234
258923
255783
1184420
3015148
1594621
1886948
1362223
2397440
4760533
1352484
765681
2501540
958530
4380692
1864418
2424281
2944022
794331
340220
3878619
597686
2536055
990870
5072847
4907193
2130210
1461965
2601620
4857824
3597210
3045311
2729438
2515134
1532131
1202638
3699576
3397310
1603915
3375125
1665946
5033566
4359160
2506749
283047
418686
623113
473711
3648967
4488801
742058
4521685
979633
2189927
1835123
161438
534169
5110412
4018449
1549372
1213477
79320
4358645
3952335
1130066
199390
3230146
400773
4898142
3566568
3658639
4164343
3705700
1139290
3351839
4799519
3745185
4793860
1765854
4273019
2921255
206044
3529001
420509
3295946
4372499
100190
2044362
4679065
3066847
1712181
3957904
1082834
147462
2052134
4760070
1012487
5218943
2482708
1239648
4156292
3136963
3506925
199130
870579
4442035
940564
4292897
1640301
170721
4356842
581924
1924158
5058385
3747893
273818
4131114
558025
3639096
284948
4417207
5258000
256544
2785638
2265607
2303616
1359848
4859731
3660619
4581096
4291324
1996762
116926
3934377
2077668
4327729
3653555
4724042
2157344
5096501
3533087
3857023
1405292
2461897
2382809
877436
1519752
1715996
4566551
40938
1860178
1602814
3370390
3648790
1412444
3278492
4111238
3402939
4988902
5005719
3024140
5309096
203362
1421655
2749751
3519754
705293
1922559
2990659
1822802
199203
3795779
3703241
4112834
1045637
5165504
522838
4054252
3176601
2536652
739795
4374849
2660861
1987957
331302
3369607
1334422
1127598
792712
1294526
3192834
2164879
3628166
3714343
4226554
380806
2275606
2872671
3439210
2668377
2536331
446141
5135662
337101
2700228
1479461
3064898
3818052
2307327
3577083
1875808
351611
2603356
4583545
5315066
1207626
1748397
2520955
3519309
1388142
2173582
2565865
4288193
3401487
1524597
4318495
2139328
1119775
5125949
3333646
1436513
3812864
387654
3623973
2472826
2312785
2763929
443904
2020078
1571059
4693958
1725163
3007501
3433979
551358
2150264
4660768
4352257
1410912
4680447
4814110
4971181
3870387
130099
2182211
2719678
4245929
4735174
658000
5199410
431331
5156975
1621098
3750301
876726
692398
4662656
1359138
4340379
2198594
1612622
3090400
2168416
4714349
4773674
1468382
884560
4037786
3667577
2286905
1466554
5124956
2376228
991112
2558758
537311
2452160
1616930
95713
3112044
3887844
5101671
1304155
4902167
2249309
5027501
152133
4943861
742925
3078208
905314
2775941
253967
155175
4567097
1898379
2701498
1816230
2849331
4347611
2602178
4401588
2719250
2797048
1603256
4688510
4634875
5231838
565825
1563041
2496068
3376085
1349100
3986149
4541920
4402014
2407540
724593
3118027
4629522
5046889
3703404
3643723
167964
2651263
4405034
4877964
664310
3647315
3433973
5107733
4211318
2051557
767086
2014514
3396951
3648079
1180801
2618700
4058008
2823181
5207137
1395463
3418366
2542799
852146
