100 10000 53
1 39 54
11 1 86
78 93 77
38 32 87
10 35 43
50 20 42
72 90 65
46 14 1
36 94 85
78 4 50
80 99 69
3 33 26
90 82 85
79 89 73
22 33 67
61 33 67
38 81 5
14 48 12
16 29 56
52 21 3
56 70 32
52 18 39
66 90 1
42 43 9
87 21 76
47 82 87
91 95 78
49 28 79
92 12 68
80 57 93
51 10 29
58 47 33
53 66 25
58 33 77
75 91 72
95 10 24
15 2 4
59 81 39
73 49 47
2 63 79
12 21 9
87 23 52
30 42 93
97 83 29
91 91 31
43 4 68
28 97 76
62 70 57
6 16 97
59 95 53
42 5 7
30 44 78
18 67 12
63 56 66
25 48 17
32 79 78
98 83 95
48 48 33
55 68 14
41 54 84
83 81 79
38 34 73
39 15 90
19 4 75
74 4 67
1 94 73
10 62 90
19 50 68
76 28 7
71 26 88
77 92 33
39 20 93
22 9 13
19 66 19
71 42 91
91 91 99
63 89 94
24 70 87
74 99 49
44 44 95
29 98 80
92 57 91
98 24 60
2 52 53
73 71 100
63 77 12
45 83 16
79 38 62
71 86 68
56 49 69
9 42 47
96 23 25
96 13 71
66 6 73
15 14 99
8 96 5
93 39 22
39 92 70
58 100 43
64 31 26
44 73 72
97 33 62
19 21 25
71 69 46
31 97 19
82 61 81
46 56 9
4 46 11
43 90 37
56 69 67
4 11 99
77 12 55
45 3 78
76 11 48
80 93 88
75 24 19
21 48 70
87 43 25
57 99 31
94 12 51
33 81 96
73 3 97
52 99 62
5 88 90
74 94 73
92 35 22
72 94 17
84 11 12
3 96 44
57 65 20
45 51 64
11 44 63
69 24 7
33 30 12
64 35 71
55 36 4
77 27 66
71 56 84
99 1 57
2 36 48
6 59 61
91 23 29
60 85 69
61 16 96
32 23 83
65 90 82
11 63 21
56 4 42
29 57 31
47 34 6
62 98 24
52 65 14
66 52 100
84 43 52
46 53 9
64 33 91
2 68 12
98 47 32
50 80 22
29 39 53
68 96 29
95 14 99
42 11 69
58 66 22
25 37 11
5 15 70
31 10 80
45 99 72
89 90 33
45 88 87
82 34 90
8 83 95
65 2 92
86 24 52
72 95 80
43 52 24
49 12 42
43 89 50
69 30 11
6 61 28
38 16 95
12 39 60
19 69 67
83 53 8
67 96 59
44 70 72
36 3 39
22 93 14
70 98 59
29 34 77
40 38 48
10 31 92
36 100 71
80 98 21
47 52 59
59 15 86
71 30 93
4 61 83
95 69 48
19 84 98
78 11 32
69 32 65
11 58 51
7 88 87
18 64 91
5 74 91
3 48 99
82 89 34
39 56 97
76 41 75
24 92 33
67 7 83
16 45 66
79 77 26
6 11 33
4 72 87
59 87 94
27 97 95
49 86 67
29 69 85
47 13 83
78 41 2
50 16 76
54 67 64
59 32 26
29 59 60
89 61 19
22 41 30
64 39 98
72 64 89
76 83 28
8 98 25
6 10 54
56 95 61
93 11 92
16 55 41
74 24 39
7 52 98
52 71 18
44 40 67
98 71 52
28 7 18
79 100 5
1 80 13
91 27 23
84 96 66
29 71 83
69 38 11
1 96 35
58 36 99
25 7 3
43 27 52
13 46 48
88 66 24
16 67 36
87 86 75
85 95 61
70 37 77
83 59 52
20 87 1
49 88 74
26 7 52
12 49 32
78 74 85
21 89 69
66 29 13
43 22 29
59 68 58
33 52 3
21 90 51
82 88 34
43 77 49
35 92 40
97 75 17
62 30 49
15 47 51
72 73 31
93 99 92
78 15 40
31 41 20
4 37 6
91 30 73
39 51 58
8 3 45
70 23 28
5 41 91
87 22 16
43 92 74
51 44 84
15 52 22
36 34 77
20 16 81
71 34 77
53 50 82
62 74 12
5 23 8
13 48 51
14 89 68
86 53 44
83 79 44
49 81 66
57 50 70
75 6 51
89 65 74
99 50 37
2 23 5
13 79 39
83 75 99
50 22 98
17 33 17
7 93 85
17 87 33
100 69 2
32 100 5
10 87 11
34 74 77
37 13 8
31 16 96
84 40 55
51 72 30
70 18 35
70 63 27
22 4 67
14 26 77
45 68 42
71 25 53
86 70 69
3 15 85
7 81 3
63 51 32
16 88 26
42 91 57
4 57 64
47 65 69
39 20 41
89 46 70
76 4 36
14 30 58
9 14 94
22 12 57
9 34 15
93 16 29
10 65 70
37 42 70
99 27 5
65 16 23
4 71 96
28 51 14
26 17 69
5 54 7
72 68 67
73 47 57
56 17 33
59 80 97
81 97 44
29 76 44
1 88 12
2 99 74
83 44 21
100 65 11
72 79 56
94 28 79
10 5 83
1 12 58
37 9 25
13 33 82
43 85 87
41 95 25
93 5 24
24 32 48
64 50 72
74 3 43
13 57 74
48 34 42
25 23 66
62 81 3
64 48 6
76 67 55
52 30 73
18 58 42
62 3 23
1 20 82
74 98 3
5 27 43
54 41 17
94 72 12
97 9 97
61 35 44
74 41 77
76 19 9
65 48 73
29 20 47
35 57 37
84 30 48
20 1 88
1 41 90
87 21 13
56 50 14
82 91 86
71 88 70
16 32 74
40 95 100
53 61 19
4 91 69
71 16 18
96 67 50
36 22 13
41 75 87
97 12 46
38 4 72
25 41 57
67 81 60
29 91 4
84 12 49
16 80 60
81 48 92
78 60 100
39 62 55
43 18 100
38 32 64
24 97 71
87 68 90
13 76 71
80 77 42
68 2 38
1 19 79
34 93 90
65 38 72
60 15 91
89 46 50
75 37 99
78 99 93
84 16 18
16 35 98
8 3 56
26 69 72
22 40 69
36 7 59
1 88 1
2 76 21
21 45 63
6 73 55
28 95 7
12 10 78
22 47 33
84 85 57
12 8 53
83 11 89
99 10 43
48 89 75
63 8 45
26 85 57
17 5 80
67 2 15
14 13 43
64 42 38
8 34 68
44 9 10
95 50 70
82 94 57
83 61 96
17 63 28
68 34 6
14 58 55
93 51 49
85 47 88
99 57 90
55 33 38
32 73 93
23 93 74
66 12 85
67 50 92
57 2 6
69 28 24
33 50 88
13 54 95
5 82 2
11 14 68
11 99 50
61 45 53
23 16 79
32 43 16
79 23 18
20 86 90
40 39 22
6 59 66
47 16 100
33 75 26
57 54 23
81 90 34
34 8 44
34 10 63
38 60 5
26 45 59
72 62 65
90 74 37
38 48 69
58 28 84
52 3 44
5 60 8
3 12 91
96 85 15
25 55 94
11 69 50
9 36 2
58 84 100
45 76 7
11 33 20
83 29 8
1 70 62
57 26 64
57 74 82
44 64 37
64 72 4
75 45 98
8 4 99
60 47 40
83 44 45
79 43 61
75 1 62
61 7 29
74 29 21
14 16 84
99 2 77
89 34 20
65 83 22
66 32 87
84 9 63
39 50 69
68 44 76
3 32 37
82 73 93
12 1 38
15 14 62
90 16 10
42 47 34
84 86 57
2 13 23
39 79 60
89 67 40
21 85 26
5 53 60
97 25 76
27 28 19
83 66 96
64 87 14
71 89 74
75 53 8
59 56 19
56 22 97
47 89 62
13 88 90
39 69 74
9 69 11
57 19 98
9 77 99
100 20 74
6 81 76
53 45 61
30 5 10
10 15 36
49 47 1
67 90 68
28 68 4
10 69 92
100 23 39
4 38 90
24 72 55
1 61 63
27 26 33
74 64 57
9 45 21
6 87 30
4 21 96
97 34 77
97 97 44
81 89 74
77 66 29
19 61 43
40 32 49
100 59 3
92 88 36
7 14 65
38 15 72
38 95 45
97 9 63
5 71 81
91 73 31
48 14 94
91 80 35
17 93 72
82 65 40
96 87 36
72 85 20
51 45 71
38 92 89
52 15 75
55 30 72
46 20 68
2 47 37
30 68 87
89 66 16
76 62 32
21 58 11
50 1 90
18 6 26
28 93 67
13 1 49
5 14 30
50 69 58
33 76 63
80 84 10
59 84 18
78 90 17
61 99 31
10 18 84
56 74 17
59 4 82
86 44 76
3 14 62
40 49 17
68 6 42
27 17 41
86 18 21
37 5 3
26 34 89
53 10 16
89 89 37
72 4 65
56 25 59
83 95 43
53 59 29
10 10 13
19 39 56
97 82 68
100 97 35
30 29 35
1 17 70
82 48 87
12 48 82
66 7 23
43 30 42
84 76 10
63 37 20
58 15 65
15 94 70
21 16 23
11 90 30
74 24 3
18 53 66
32 1 30
48 64 91
62 55 4
61 69 46
60 72 68
99 2 64
85 95 22
49 41 75
7 32 94
5 83 71
32 52 98
3 92 36
85 33 12
5 98 18
51 43 18
59 68 82
18 43 71
46 93 41
30 65 55
66 69 41
79 28 78
6 54 18
88 30 42
99 1 58
1 29 27
51 26 41
79 60 21
22 62 33
41 77 89
41 77 4
77 15 42
90 39 78
11 7 59
66 98 7
4 17 40
48 92 37
30 10 19
12 77 91
59 2 33
32 23 24
93 9 16
36 90 82
2 42 68
29 53 78
34 78 81
49 3 22
41 70 15
54 26 70
62 79 83
18 37 68
57 61 28
4 17 50
96 18 100
55 95 28
72 75 74
77 88 11
9 74 85
98 16 53
49 84 98
69 73 93
80 11 82
62 20 2
89 84 66
76 65 4
69 57 1
20 24 19
69 46 55
48 89 85
96 5 84
37 54 7
6 53 59
45 14 51
69 10 7
67 34 82
41 14 46
87 67 73
62 53 19
53 19 25
7 58 82
86 94 58
47 83 9
34 68 58
80 80 59
2 52 23
59 29 3
79 87 92
71 48 72
10 22 61
7 78 13
92 92 74
93 39 19
91 7 80
91 93 17
55 62 32
87 72 30
17 34 68
6 46 30
72 31 90
56 83 59
3 1 20
28 70 1
75 14 31
40 51 74
63 55 85
85 2 6
44 70 94
42 32 15
16 43 80
40 6 20
69 72 89
32 51 94
42 78 29
14 56 45
64 39 23
47 22 97
57 47 17
26 5 59
46 37 42
91 8 100
42 99 89
100 37 50
73 95 28
78 94 32
50 49 77
52 91 94
56 41 46
28 75 67
40 42 57
19 53 97
82 19 95
97 67 55
51 82 67
85 81 60
74 65 86
81 35 8
13 77 91
4 65 49
83 55 68
80 20 57
71 79 8
23 84 18
17 60 66
38 60 83
91 47 72
30 51 72
4 12 87
80 13 76
13 98 95
47 53 7
3 86 67
29 47 46
89 50 85
20 22 25
84 35 25
99 94 6
43 54 71
73 67 2
99 22 79
33 2 46
89 94 93
67 3 60
44 22 16
56 41 69
93 40 77
46 75 4
95 99 69
50 93 65
33 15 2
79 94 34
12 86 73
14 89 70
6 81 76
24 18 100
82 67 69
34 79 10
22 46 48
90 91 89
12 88 67
59 77 58
10 65 11
61 42 17
27 56 78
88 87 48
89 35 56
1 3 35
10 47 30
7 21 84
66 11 69
30 50 88
81 3 19
72 67 30
91 82 17
52 5 45
39 24 52
54 33 47
65 97 81
57 73 72
76 10 84
57 82 26
27 71 100
43 21 84
81 49 93
73 3 39
30 7 61
17 87 50
46 23 22
96 4 87
88 77 58
20 3 7
16 10 79
11 91 32
70 18 9
29 74 77
84 8 97
82 7 60
44 81 80
15 39 98
5 60 44
78 39 35
44 44 98
67 27 24
73 11 1
9 8 27
59 2 30
30 12 47
79 70 69
36 52 100
82 71 27
71 30 32
49 34 57
12 71 100
84 92 15
25 81 22
80 34 64
25 93 31
78 79 63
97 77 89
56 73 48
15 38 14
51 49 91
12 62 70
94 38 2
82 96 43
48 81 53
86 92 40
5 66 81
31 91 93
47 36 88
13 71 96
11 68 94
91 28 100
7 57 91
65 66 19
57 42 88
54 55 1
73 44 63
92 18 95
96 23 98
48 8 24
58 38 49
90 82 17
30 49 20
20 75 58
44 67 26
39 66 21
26 5 25
47 39 23
40 2 74
66 52 61
61 40 46
47 64 73
84 62 38
67 6 58
22 66 5
3 55 85
63 57 6
81 9 60
69 48 57
23 30 17
90 29 13
51 87 2
20 14 2
34 17 31
16 96 52
25 28 24
51 35 79
2 8 10
34 1 17
41 88 1
96 38 72
77 55 91
36 85 32
7 16 59
51 27 66
98 4 70
69 23 24
94 31 51
66 12 30
32 62 70
44 31 38
47 67 82
44 76 16
67 98 83
30 5 71
72 37 38
90 85 6
57 43 39
20 63 84
100 48 31
77 54 97
42 39 23
57 40 48
37 25 59
26 74 73
74 88 75
92 23 66
97 47 92
83 34 30
59 37 15
58 47 67
40 35 54
95 32 57
30 81 25
96 47 41
22 100 84
76 43 19
6 5 25
52 63 7
64 46 14
62 78 76
100 8 45
75 57 73
95 41 58
78 81 66
64 11 15
41 63 3
7 33 11
75 73 46
22 40 46
64 64 68
93 94 77
47 95 54
40 28 39
60 58 86
49 1 40
32 24 80
85 89 57
13 82 85
43 77 26
63 93 72
38 85 38
62 75 11
70 90 30
23 95 24
68 26 33
33 7 63
50 42 4
10 98 13
43 41 94
26 94 62
76 30 70
24 28 56
86 45 83
48 84 8
36 89 11
81 49 36
64 62 32
34 39 100
69 3 44
47 19 21
19 45 71
72 78 83
41 98 25
87 40 62
88 16 59
58 62 49
55 44 76
66 67 33
19 14 47
90 68 41
95 9 3
19 92 12
52 91 77
15 63 95
78 100 83
17 5 19
41 98 28
32 40 2
79 35 27
60 77 11
27 99 38
76 49 89
88 15 4
91 42 31
61 4 17
34 32 14
24 33 57
33 78 13
2 91 4
84 98 3
31 23 21
50 76 22
12 78 61
78 99 12
34 82 37
49 75 32
33 67 40
12 39 78
10 19 98
52 11 47
43 30 85
60 27 43
33 57 67
25 46 99
30 35 52
16 12 67
31 86 2
38 35 21
6 52 43
82 85 4
23 30 64
6 4 82
59 47 50
69 98 35
25 60 71
35 62 99
65 53 83
17 27 56
92 4 57
92 44 76
57 87 36
19 39 98
57 41 82
53 1 92
85 38 89
5 37 99
11 42 49
49 2 65
52 57 67
49 70 36
66 93 65
49 55 6
96 32 88
42 88 41
60 22 28
46 26 88
55 58 64
88 92 74
48 38 49
50 3 100
44 16 100
94 17 12
46 81 10
4 24 76
44 44 95
65 36 67
55 75 88
84 38 89
16 54 84
50 21 10
68 65 58
57 28 95
61 69 99
65 95 29
88 31 87
99 81 83
61 57 64
4 84 61
69 15 73
18 36 41
79 30 48
34 42 77
99 82 73
43 97 21
37 24 63
85 34 40
33 4 87
34 63 79
79 54 45
11 67 91
71 56 3
94 99 64
67 49 31
46 53 84
75 79 63
90 70 6
70 98 10
5 28 61
60 73 62
43 63 80
24 85 12
26 81 76
23 42 62
62 8 52
21 83 96
80 34 49
85 1 65
84 86 70
7 49 68
2 90 31
96 90 17
8 74 34
19 25 7
84 16 39
29 42 12
17 72 73
6 93 62
47 69 42
35 53 39
58 10 18
76 1 57
25 62 47
45 41 47
66 68 40
71 36 20
23 2 94
52 81 66
2 75 36
82 61 13
89 55 82
6 72 65
92 48 46
18 8 59
55 49 64
54 4 68
28 93 50
48 95 71
8 54 79
9 9 71
34 26 1
56 51 77
52 69 94
58 94 51
84 78 29
16 99 26
30 36 6
53 83 66
99 36 73
33 70 17
36 50 99
14 57 37
25 79 52
86 85 34
83 95 78
36 43 56
20 17 77
8 27 44
57 42 92
95 95 25
40 63 96
40 26 64
15 56 27
56 78 27
5 13 18
92 74 82
40 38 50
91 18 71
3 15 72
76 72 11
34 3 83
28 2 74
32 46 41
14 73 47
82 92 2
26 51 26
93 16 95
6 89 86
50 52 83
85 18 45
99 13 21
32 17 75
69 36 11
79 78 5
31 6 38
41 9 24
18 85 46
13 38 94
94 94 87
62 19 78
3 1 87
83 74 93
17 60 66
26 86 69
99 20 82
16 10 5
19 14 94
55 4 65
11 13 78
97 90 6
41 36 77
82 93 48
12 34 58
35 96 95
7 34 93
62 48 72
89 80 56
49 12 36
72 80 22
39 41 12
8 93 17
16 3 9
45 97 10
37 25 3
73 84 66
60 73 58
49 44 45
66 90 77
67 15 47
65 11 26
63 81 76
37 66 79
76 49 92
19 95 43
76 6 38
95 67 72
84 6 49
40 1 67
21 20 1
99 70 41
62 12 1
70 74 14
43 19 81
42 77 67
12 19 5
94 73 77
49 21 71
71 45 7
46 29 81
12 95 56
62 47 89
72 33 69
4 13 24
16 59 45
15 12 89
67 47 36
10 70 20
95 42 50
41 94 70
71 35 23
29 49 2
13 40 26
3 88 85
99 43 61
38 89 46
65 77 32
67 9 80
6 87 48
87 40 51
22 65 91
77 39 28
39 18 84
64 58 41
33 81 43
97 92 57
38 86 58
27 87 40
96 37 57
88 31 65
12 24 29
75 2 70
10 92 88
85 48 57
100 91 68
19 88 11
68 58 67
92 75 65
40 46 64
97 72 2
15 10 66
95 4 86
83 74 12
52 36 62
61 38 73
16 79 78
81 59 5
92 25 13
35 69 26
66 20 33
48 93 1
25 66 3
47 44 16
91 15 49
71 89 55
7 1 46
86 66 97
76 27 16
84 44 84
10 10 61
38 97 18
36 36 1
91 88 47
55 50 33
57 55 92
14 51 20
20 48 51
75 87 67
75 55 1
68 34 94
87 54 35
58 94 30
72 96 3
31 33 85
20 46 20
70 21 9
57 66 22
72 38 14
26 4 17
36 79 59
66 91 46
36 9 98
35 49 57
39 4 70
48 11 73
3 17 82
56 40 51
2 31 47
6 99 42
10 30 11
51 25 21
30 38 94
73 22 100
75 63 8
93 21 96
56 28 7
30 63 95
21 56 27
51 100 24
38 93 99
69 29 23
82 30 62
85 14 89
47 52 7
30 94 11
49 71 39
83 11 34
74 13 16
22 43 29
81 16 9
47 77 85
87 9 76
58 37 86
100 34 74
29 9 96
27 3 7
35 77 89
73 98 8
11 2 91
98 6 72
64 60 25
66 76 43
9 83 29
68 94 34
95 30 89
43 72 55
86 75 20
42 54 8
8 65 92
30 53 76
28 16 27
100 9 35
88 9 96
6 69 37
13 100 44
67 33 58
36 63 66
74 34 2
10 96 10
74 20 15
48 7 76
99 33 37
58 65 1
93 95 54
46 93 38
16 78 79
97 37 55
96 4 68
93 32 31
19 14 26
81 31 17
98 71 76
32 60 61
80 93 38
43 25 79
12 41 64
83 66 100
53 29 76
45 83 18
43 8 84
16 76 35
5 100 16
11 62 42
25 12 6
38 12 90
46 42 37
96 34 86
84 94 6
98 4 37
95 10 28
28 75 49
83 29 76
100 97 13
22 51 11
79 41 64
15 86 40
74 84 95
96 47 42
40 33 47
17 100 60
78 53 5
55 50 77
77 75 1
80 90 94
5 12 40
18 32 30
26 75 14
79 54 98
31 44 24
12 86 46
26 92 82
51 77 49
97 35 52
42 64 68
78 24 45
78 69 58
73 84 60
36 87 12
67 77 2
19 68 31
89 79 35
61 19 21
100 65 46
81 92 33
91 21 78
30 20 40
37 64 73
75 3 63
29 15 92
20 82 34
62 63 9
62 59 84
97 5 78
24 72 69
69 4 99
59 77 99
78 77 89
23 54 19
11 53 60
39 48 69
90 4 94
93 35 27
15 67 50
55 14 15
96 79 56
59 87 68
55 57 32
7 98 35
75 22 3
97 86 91
73 48 99
85 58 91
86 44 97
1 27 97
98 38 6
87 86 65
33 17 82
78 40 67
77 9 83
52 21 81
37 7 76
80 79 81
84 79 97
23 74 2
47 81 84
72 59 84
15 70 46
38 10 80
11 67 72
31 45 100
17 6 77
92 85 33
23 47 12
26 91 36
48 25 84
84 74 55
80 74 46
10 47 1
61 64 72
72 73 17
50 75 90
12 55 99
32 40 30
16 39 96
59 96 29
31 31 93
90 35 96
92 71 39
35 43 71
6 91 88
98 7 98
43 92 68
20 38 91
81 29 52
86 47 94
78 24 39
42 55 72
11 6 49
76 12 68
83 32 92
76 66 43
64 42 11
47 79 80
87 86 91
96 41 89
27 28 59
62 22 78
70 90 15
67 71 66
90 4 30
84 45 95
99 51 32
37 74 6
62 17 40
26 5 21
51 39 81
59 38 74
43 69 87
67 70 32
99 84 79
32 70 11
93 52 56
10 74 85
54 94 69
6 49 57
47 73 62
5 75 69
5 17 42
31 82 1
89 43 100
36 15 73
41 40 89
33 90 48
14 96 8
93 68 74
95 56 96
99 87 65
80 61 18
56 28 35
7 12 82
46 83 29
68 4 51
41 85 48
32 100 63
39 88 38
11 96 66
36 77 85
4 81 66
43 58 75
39 65 42
10 88 75
76 5 61
89 46 91
14 17 1
86 56 8
2 14 31
54 68 88
50 9 78
13 23 35
1 48 72
27 52 61
53 25 83
98 87 12
88 86 17
54 58 49
94 80 22
27 28 98
64 67 62
16 20 88
76 42 67
75 83 13
88 17 12
49 12 41
6 9 19
1 94 49
37 81 76
14 22 7
37 16 84
75 99 30
38 36 40
60 40 77
32 59 5
57 53 8
82 89 73
18 69 41
57 90 74
16 63 21
72 62 99
63 33 55
7 49 64
16 58 65
96 22 24
60 75 58
25 15 86
28 9 25
14 73 6
96 1 64
94 50 20
32 59 27
41 39 22
3 37 42
60 87 26
6 43 97
54 21 98
82 79 27
41 92 58
12 91 70
60 57 68
38 98 23
18 27 60
60 93 17
26 26 68
3 95 22
71 91 89
39 18 79
52 26 73
18 9 60
55 57 55
88 88 89
19 40 41
35 6 85
47 47 72
8 89 77
49 2 91
94 6 31
81 99 20
10 78 56
89 95 83
44 99 51
100 64 33
55 35 27
48 71 84
29 32 92
25 50 69
12 14 48
48 33 42
23 71 78
84 66 98
17 78 18
70 16 21
63 46 94
61 60 54
92 41 92
32 53 9
12 8 27
67 54 81
3 49 46
34 75 15
7 35 84
82 10 3
51 75 33
68 44 45
7 59 71
76 96 97
17 21 27
100 7 22
22 19 78
23 85 46
18 91 36
20 67 11
33 29 23
99 27 100
84 2 38
70 16 79
57 67 37
6 68 12
23 63 43
29 83 95
89 90 51
69 56 13
38 19 84
12 100 83
16 29 24
52 41 89
11 79 19
37 87 94
99 84 45
83 29 22
70 71 45
62 27 23
96 3 16
40 1 55
11 41 70
64 84 21
89 8 76
95 95 43
12 32 40
51 16 19
40 76 23
45 15 34
96 67 51
16 19 10
24 3 56
27 37 20
13 63 45
69 5 9
89 25 21
30 46 74
29 61 24
86 72 70
30 25 60
66 3 7
82 17 46
89 43 56
60 79 21
39 60 29
13 46 91
10 20 82
65 1 42
84 71 61
61 95 43
29 98 29
60 26 47
77 50 82
76 38 93
13 37 20
94 75 55
22 23 13
98 2 86
80 57 92
32 9 63
7 68 14
9 37 91
68 14 70
66 16 24
84 36 38
8 69 26
43 83 39
27 31 51
67 40 26
61 49 14
51 16 25
8 24 78
26 96 81
61 56 81
67 3 9
82 63 28
77 72 33
71 74 17
13 55 74
28 34 6
53 38 1
13 24 97
8 98 96
71 32 30
50 41 91
80 95 39
58 15 42
64 43 83
21 10 35
93 49 41
24 2 6
93 68 51
28 77 82
94 74 99
86 62 69
4 48 62
91 69 30
11 27 28
54 31 57
41 63 96
9 71 60
61 86 2
36 1 57
62 49 40
3 87 51
31 18 60
97 84 81
12 95 97
25 64 47
46 10 28
72 88 82
9 91 70
69 5 13
32 9 21
100 39 25
97 3 83
93 92 99
17 18 53
31 92 74
21 69 74
98 92 55
96 91 50
52 79 19
9 1 91
77 57 47
40 63 60
20 30 36
15 10 61
36 11 64
69 67 90
91 92 72
38 36 4
50 4 87
83 74 17
31 8 24
9 91 89
26 38 51
96 74 49
54 64 12
84 78 22
47 26 88
58 14 74
4 39 35
50 80 71
18 35 29
76 47 93
98 86 20
21 18 7
28 43 35
33 31 74
17 67 70
60 73 67
51 72 77
93 62 11
19 64 14
50 65 74
94 72 57
7 32 72
70 63 54
96 70 90
66 64 69
26 47 33
92 5 81
33 33 69
12 74 89
20 3 60
15 41 74
6 70 86
2 92 70
85 25 21
26 19 44
87 46 93
59 72 91
97 70 87
35 29 9
11 62 87
43 29 27
51 6 47
48 71 84
50 86 70
58 51 26
88 94 67
28 90 33
97 34 87
5 47 15
2 57 48
5 53 98
68 91 6
73 66 3
11 17 6
59 54 83
67 99 17
78 59 61
10 22 28
48 32 40
91 1 17
52 48 92
10 69 4
91 38 30
82 84 95
6 41 74
43 8 43
94 98 63
60 18 7
50 37 11
31 92 55
60 8 83
48 98 61
16 25 96
95 79 21
7 100 80
73 21 97
68 5 27
27 71 63
28 37 89
8 8 18
74 62 47
12 54 98
71 16 100
58 90 69
54 31 20
23 88 65
26 98 16
60 42 36
97 45 35
15 35 81
57 34 64
1 57 51
9 51 94
32 30 51
28 18 7
18 89 72
47 23 52
21 43 7
26 18 54
80 56 10
81 19 56
4 56 19
5 14 20
83 95 28
39 24 83
77 95 23
42 90 30
86 26 32
44 2 40
29 83 9
75 97 8
71 15 30
74 14 64
59 82 32
2 92 4
83 88 90
31 80 66
100 67 34
80 68 87
84 38 12
76 77 26
89 43 28
44 85 55
95 66 22
89 64 42
72 20 50
41 67 69
48 57 42
45 56 52
38 48 99
20 92 15
81 47 89
57 15 20
4 98 66
82 13 61
71 40 73
83 45 24
86 35 100
70 36 2
30 85 73
47 95 3
62 20 82
32 53 59
78 21 97
53 52 18
62 91 82
97 81 98
69 77 64
12 21 52
18 76 63
97 19 79
84 49 91
92 100 52
50 56 27
29 73 72
40 40 74
64 70 69
12 75 65
36 85 90
34 33 38
15 66 27
22 95 45
3 85 99
60 37 75
23 62 34
11 39 44
19 75 86
40 84 78
93 51 75
53 58 62
48 38 89
54 8 28
28 80 22
54 50 82
71 8 61
66 30 33
23 53 78
42 76 39
78 22 3
59 88 87
26 16 52
5 54 98
84 1 17
1 42 1
33 49 14
39 11 58
60 37 51
88 3 9
36 80 96
93 58 89
93 12 11
15 29 22
32 52 66
39 10 95
35 29 35
15 4 49
45 76 43
76 90 74
34 36 77
15 8 95
35 72 41
59 81 84
52 33 94
82 22 98
98 33 30
85 4 30
18 73 62
97 65 91
95 74 68
26 99 31
97 65 75
75 73 77
20 57 87
51 31 55
48 79 22
1 40 15
60 95 83
52 57 11
75 89 94
64 68 87
32 66 9
92 17 67
79 72 58
84 43 60
74 82 77
55 18 71
96 47 1
49 42 17
61 62 87
3 75 51
60 5 3
69 93 57
32 79 66
41 45 29
70 26 73
91 95 19
22 1 91
30 4 72
18 11 87
45 92 55
41 77 89
54 26 49
8 26 40
50 71 76
2 85 72
52 52 10
82 98 84
85 69 14
30 41 75
63 69 11
35 57 49
54 88 15
74 37 55
76 100 29
71 63 29
56 88 26
94 13 24
79 52 18
15 31 2
91 6 57
84 48 92
2 32 12
81 68 38
19 99 11
97 98 66
16 54 39
39 1 89
49 53 76
70 54 3
36 88 33
9 46 11
3 90 41
60 79 9
2 84 81
27 51 64
78 72 36
10 44 19
42 85 20
17 14 69
43 27 22
59 19 44
5 25 7
93 93 72
21 89 73
64 88 90
21 67 37
58 23 16
58 17 92
55 3 44
22 66 76
34 15 46
65 12 88
48 39 25
14 11 6
60 72 37
23 58 20
1 62 14
20 65 14
74 3 22
2 17 41
50 24 56
89 93 48
20 16 54
53 3 44
8 89 50
35 99 86
56 61 78
29 89 48
85 36 51
83 98 13
3 72 11
58 10 81
47 99 74
87 38 88
50 15 90
43 14 65
79 77 46
21 41 64
38 30 57
85 74 89
67 21 9
86 5 76
79 18 28
19 91 94
11 67 55
63 68 20
54 68 20
92 79 96
6 92 87
47 17 4
60 67 86
28 81 5
16 27 19
45 11 42
26 17 15
70 63 76
47 18 71
78 23 28
60 35 29
91 72 88
98 31 74
3 9 53
83 97 22
65 43 24
25 85 65
21 5 24
10 62 40
20 18 25
57 8 53
22 9 100
81 70 47
37 92 1
8 55 12
29 59 43
91 56 18
13 95 43
4 80 19
69 61 22
78 77 12
51 75 67
64 56 9
35 18 83
35 62 12
35 33 2
88 16 59
6 44 24
43 79 63
96 1 65
31 65 20
34 48 37
4 57 82
43 56 19
51 46 73
93 40 12
22 16 53
30 52 25
99 42 94
23 59 10
39 17 2
76 32 17
42 14 69
10 82 88
91 6 20
7 44 23
73 39 25
92 40 64
99 55 20
78 3 22
27 44 19
45 29 22
47 61 22
73 45 95
69 3 35
23 86 47
70 54 13
44 98 56
33 22 98
49 28 45
26 94 15
68 70 92
29 86 37
94 91 6
5 76 9
35 81 83
63 42 90
62 10 5
2 9 100
69 50 1
81 77 46
59 65 77
16 67 70
43 12 64
6 35 29
13 90 69
73 25 100
63 80 97
12 60 53
10 98 29
5 80 98
2 75 20
71 49 90
50 56 78
29 44 5
36 81 8
53 41 47
1 33 36
22 62 91
40 27 66
8 11 70
94 4 70
5 72 77
2 1 11
61 66 7
62 81 83
85 1 12
27 95 28
17 74 20
23 58 67
24 32 14
15 62 31
96 29 60
65 79 59
98 84 16
16 6 33
28 94 11
19 53 18
25 8 39
93 22 9
72 76 97
40 77 50
100 23 21
35 20 74
89 59 45
28 20 87
62 34 67
49 57 55
16 79 98
27 90 62
93 90 40
1 76 16
72 30 41
56 68 70
92 9 63
4 78 52
20 3 52
30 50 14
36 31 32
78 64 86
90 31 68
30 23 28
18 99 91
66 44 100
100 34 57
55 86 12
14 77 89
22 88 4
11 91 2
20 83 78
24 37 42
96 5 100
50 61 78
13 23 13
63 63 83
76 73 17
52 26 34
17 85 99
26 78 3
88 71 10
53 63 71
40 73 48
12 88 74
50 98 9
77 35 5
14 58 77
33 23 80
56 96 22
25 31 41
86 92 69
5 36 41
25 48 31
91 23 95
84 58 67
20 35 24
70 89 77
3 16 98
100 35 8
58 94 32
70 50 72
81 82 69
95 99 2
88 56 78
32 96 18
85 11 88
14 62 50
68 26 6
50 34 33
51 44 60
73 97 29
15 78 9
51 4 48
36 82 41
50 6 87
67 91 26
57 59 28
40 88 37
38 42 6
19 47 73
15 7 27
87 86 36
7 84 25
36 100 9
88 78 71
31 86 47
90 31 87
75 20 90
58 76 60
10 82 93
43 66 22
55 50 14
33 76 13
24 23 61
6 13 45
18 15 77
40 47 93
98 52 25
53 82 57
57 63 9
16 5 98
82 85 36
41 67 58
47 18 35
24 34 46
17 37 77
41 48 36
61 95 61
43 54 79
5 63 60
30 42 6
12 26 89
63 2 73
48 8 9
61 2 11
74 14 92
61 81 96
46 56 23
22 78 29
31 28 29
26 42 15
24 8 44
43 95 18
17 31 73
73 74 69
92 8 60
91 22 29
81 70 93
99 74 46
28 69 2
34 51 2
100 79 23
22 64 2
40 42 57
1 47 12
28 70 65
40 53 76
35 24 54
49 49 92
22 55 72
36 35 95
47 44 27
44 77 47
79 32 41
43 55 94
65 34 38
92 42 70
18 94 89
44 64 14
60 7 23
97 10 97
6 43 10
14 72 67
77 58 92
26 54 19
18 39 23
24 37 67
59 92 75
62 95 97
53 43 24
16 51 77
61 47 11
57 89 62
16 25 59
100 8 84
82 67 82
9 22 54
54 73 1
37 33 69
63 83 16
48 92 4
41 15 75
79 44 25
50 66 100
40 31 91
79 2 64
3 48 62
23 51 49
58 33 92
34 40 72
93 14 38
93 66 16
45 6 68
60 81 71
39 63 66
51 44 81
4 10 3
1 73 75
30 7 21
66 14 91
83 13 80
52 87 86
74 78 60
43 15 94
21 64 90
88 71 18
7 13 9
31 66 44
18 48 1
54 57 15
88 47 2
84 69 1
22 60 16
70 89 14
76 20 88
24 57 31
50 41 42
59 18 100
85 52 22
100 66 97
5 2 36
24 75 6
73 99 34
30 6 68
95 76 10
56 43 52
63 44 76
21 67 92
90 20 89
82 44 100
87 6 62
58 33 40
23 67 65
87 7 98
71 36 86
70 79 5
75 4 41
52 10 63
99 33 86
45 69 65
13 32 65
38 66 28
33 100 84
47 54 61
98 74 50
78 21 59
87 27 44
49 20 49
3 13 54
50 41 2
66 70 65
99 7 78
77 64 58
22 45 5
59 39 7
25 73 58
11 61 96
84 39 56
96 11 70
69 61 29
11 49 90
26 63 100
8 11 69
56 25 80
30 88 91
69 30 58
72 74 51
65 63 59
86 49 33
41 55 68
34 53 13
84 38 88
33 61 60
18 41 67
35 38 26
49 52 78
60 58 11
23 12 94
78 71 83
100 95 44
51 10 28
35 87 70
68 54 66
37 24 22
77 68 20
1 68 17
78 53 18
43 12 75
62 87 14
66 7 43
62 4 33
32 16 80
97 68 86
24 100 25
72 46 62
27 10 39
58 69 82
79 41 57
70 78 80
6 100 60
98 16 44
78 89 85
61 52 39
55 78 8
27 19 100
56 89 77
51 50 40
5 78 18
42 83 25
100 61 81
67 97 96
37 51 26
34 65 12
52 57 58
78 60 53
53 12 62
61 21 95
55 80 23
10 27 21
83 15 42
46 73 67
9 31 4
98 26 73
5 85 48
62 52 39
81 11 93
54 5 7
93 70 15
79 59 78
96 43 96
77 85 88
10 86 15
91 74 30
28 68 2
80 94 49
22 37 20
64 56 39
14 28 45
99 55 48
35 47 82
74 60 80
72 33 82
75 61 29
20 51 42
7 77 65
48 63 44
48 45 52
59 8 56
19 90 68
43 69 49
23 51 99
1 77 40
48 9 13
97 26 77
63 56 60
34 33 64
53 90 32
45 68 64
39 45 59
50 61 24
74 37 41
76 81 9
8 62 70
94 37 91
56 49 50
97 77 55
86 87 69
3 63 19
93 48 33
26 82 20
63 75 70
62 42 93
47 1 85
58 25 16
100 39 66
32 77 49
85 73 11
60 36 65
19 94 51
30 54 100
83 11 90
1 26 49
51 78 43
22 89 69
24 62 74
61 96 95
62 18 43
83 1 6
1 64 17
52 1 14
40 1 82
27 56 98
90 81 45
2 95 81
10 39 25
98 40 2
62 9 7
56 33 2
29 96 3
31 5 78
62 87 65
27 6 85
27 17 34
27 38 87
100 50 90
82 26 14
38 3 71
24 36 88
38 83 76
20 97 8
60 98 59
76 49 36
72 88 32
68 58 40
61 97 24
82 92 74
32 67 70
99 88 74
44 36 48
38 21 66
36 60 52
98 16 71
59 74 92
2 56 60
72 88 65
79 85 17
5 12 36
89 2 51
15 1 51
39 88 93
95 72 49
50 68 31
45 48 93
39 75 17
9 17 36
48 8 29
19 57 41
81 49 14
67 48 31
90 87 92
91 68 31
35 94 99
21 60 43
30 76 81
55 78 63
15 15 14
64 48 72
67 55 62
78 72 67
85 73 90
47 49 67
65 2 93
96 20 6
85 66 79
54 11 91
53 58 57
60 82 48
8 65 46
39 56 83
89 1 92
99 90 50
94 30 14
34 99 94
15 37 33
2 41 14
24 2 57
21 91 11
16 41 46
60 36 51
88 48 64
27 39 84
1 94 32
65 87 88
39 99 77
48 20 57
44 51 70
45 7 23
20 94 15
26 73 49
28 88 33
72 99 17
33 4 74
80 20 17
11 5 71
91 58 42
75 48 88
30 70 46
26 81 43
63 67 1
27 59 78
8 34 17
84 94 70
43 39 81
67 61 10
100 79 63
59 56 27
42 58 57
30 71 9
51 36 51
7 42 75
59 72 51
29 82 70
70 27 96
81 77 46
93 99 1
12 71 59
82 45 16
67 63 28
87 34 94
11 92 58
74 85 70
35 93 17
41 80 21
18 22 45
4 92 2
61 98 9
50 48 88
36 91 62
95 18 54
19 87 1
55 89 37
64 37 99
40 39 59
98 96 53
61 47 42
85 15 34
76 29 56
33 44 21
24 63 100
10 69 4
64 40 38
36 34 38
78 86 50
40 48 58
17 81 25
93 34 86
79 91 6
83 34 69
69 96 56
1 90 40
95 65 49
71 100 23
7 62 88
26 36 94
11 73 65
29 18 52
49 31 20
5 14 99
81 92 82
36 14 17
38 25 22
93 33 88
67 74 40
100 81 21
45 40 74
76 61 22
29 55 92
14 31 37
33 57 2
64 47 92
73 50 77
69 6 34
75 20 94
33 23 3
13 88 91
26 15 87
43 35 100
65 48 38
37 27 95
77 65 14
8 45 27
50 67 55
89 51 48
22 67 31
93 17 30
67 5 71
83 88 77
29 76 44
18 23 66
95 75 37
57 76 100
40 29 97
85 44 5
36 66 79
65 93 37
87 3 44
31 80 27
80 91 26
61 82 74
13 15 26
78 50 38
31 21 7
27 59 83
17 91 48
73 58 77
96 91 38
76 75 50
94 22 21
19 93 20
87 71 28
86 90 99
36 18 7
89 34 67
58 23 63
31 52 13
48 92 88
83 98 10
77 8 84
49 84 16
16 27 95
43 30 36
17 61 81
60 48 26
81 40 69
58 90 72
71 9 18
81 68 90
81 12 86
55 23 53
85 41 92
53 70 89
26 50 34
75 55 92
86 64 77
89 22 39
97 24 53
41 79 83
83 96 66
75 95 29
58 20 46
54 27 81
81 18 81
98 40 89
64 27 43
17 15 65
54 8 10
62 8 54
52 21 5
35 25 8
89 99 26
99 51 4
28 23 54
6 38 88
83 19 76
86 92 4
68 85 55
29 4 57
42 69 37
43 1 6
73 17 11
59 55 99
39 46 89
99 23 97
63 84 95
21 19 79
80 44 21
9 92 86
19 100 66
22 80 83
36 93 50
67 78 76
63 36 68
4 67 20
52 90 15
95 18 52
5 42 14
16 73 87
27 56 63
68 1 51
17 88 72
27 6 48
72 46 70
96 81 54
14 95 25
1 2 90
64 6 70
91 75 15
22 87 85
82 83 56
65 64 17
41 94 31
15 6 48
6 30 14
60 61 53
97 20 93
6 88 1
55 14 51
65 22 10
31 16 63
28 62 14
72 36 1
40 98 21
30 41 92
29 62 73
68 49 94
60 34 2
12 5 16
6 60 27
38 73 90
52 85 38
25 48 93
53 87 40
8 42 14
56 32 2
56 29 18
75 65 87
92 71 52
45 68 36
65 21 61
12 59 43
75 33 57
50 81 98
44 65 6
16 78 29
31 33 55
52 93 40
4 58 1
67 73 48
71 17 55
59 73 31
49 70 89
31 44 78
52 38 58
85 21 61
17 58 47
96 18 78
6 85 26
32 51 55
73 37 47
31 39 10
51 19 29
20 27 18
35 84 80
63 24 79
54 96 9
23 55 46
58 98 61
49 58 51
16 22 8
21 70 20
67 24 16
97 8 21
6 85 49
16 6 77
94 10 79
42 52 95
5 9 97
98 16 23
91 74 85
33 97 71
1 68 93
20 81 61
66 68 87
86 19 97
90 34 42
49 65 36
66 72 15
25 52 79
45 79 13
59 64 40
74 43 54
94 41 50
1 69 47
82 83 9
41 34 72
6 84 95
81 84 79
17 69 6
41 36 15
30 77 82
95 41 17
43 17 58
82 26 90
97 56 95
41 15 33
3 59 16
11 36 32
27 83 97
28 60 39
64 98 76
25 32 50
35 28 8
67 90 82
38 90 87
60 33 31
13 84 10
43 53 35
22 87 11
55 71 23
39 92 72
75 51 26
89 99 72
97 3 78
85 75 93
54 20 30
41 90 99
11 52 7
80 63 9
86 17 64
40 84 18
58 74 42
41 31 58
27 18 13
22 82 30
66 34 17
97 25 5
72 57 85
22 52 9
23 74 17
96 51 75
46 41 90
53 75 77
14 93 4
13 85 77
33 47 92
35 61 98
3 19 43
71 5 78
9 88 50
70 63 13
9 100 84
48 27 29
56 92 31
78 46 32
58 83 18
39 88 67
93 89 40
66 28 61
89 25 79
64 56 61
71 43 53
45 65 77
2 38 94
78 96 45
72 35 22
94 16 71
26 18 29
99 70 75
15 77 40
85 67 90
81 5 81
57 16 84
30 77 15
24 16 27
89 61 8
56 2 41
29 78 56
54 36 38
31 47 62
53 49 36
98 95 23
63 27 24
4 73 6
28 6 51
5 31 86
48 88 31
41 49 1
87 100 10
61 62 33
74 99 75
19 3 8
14 83 66
99 12 50
84 6 75
19 8 52
9 25 56
70 14 12
37 77 65
1 21 76
72 47 74
68 59 97
86 49 47
21 60 61
74 11 38
87 29 56
27 52 60
15 86 6
98 46 73
30 17 92
2 91 67
6 94 14
51 22 84
4 49 42
61 40 89
23 29 22
65 96 54
65 90 55
91 40 58
28 53 19
16 58 2
65 27 81
90 33 62
2 69 92
69 2 68
76 64 32
7 47 42
24 88 17
70 40 47
87 24 54
60 15 89
91 78 98
65 28 78
15 45 8
47 1 67
72 53 45
78 91 87
64 35 80
64 36 58
47 88 82
59 83 79
73 15 49
17 34 74
61 44 35
70 8 84
17 39 52
41 13 39
20 66 60
100 22 19
49 36 91
100 56 96
84 38 11
89 69 90
68 16 96
87 32 91
26 52 9
86 13 8
59 91 88
18 77 68
62 26 11
35 100 35
63 15 69
64 51 38
97 17 50
65 40 94
42 7 44
44 91 2
29 71 53
93 34 67
6 3 16
6 80 96
88 14 32
36 80 35
17 4 38
33 45 76
42 69 77
65 13 81
41 63 19
3 98 44
71 37 72
97 48 68
11 32 36
67 15 37
54 5 84
19 21 78
34 53 16
23 65 31
92 16 98
39 93 46
90 90 1
23 37 91
12 76 21
7 6 74
72 48 92
32 52 79
33 4 82
4 84 66
61 63 24
48 79 96
82 26 86
42 21 84
40 61 96
7 36 15
78 76 44
40 18 81
25 8 10
78 100 81
55 74 72
6 38 82
60 96 52
54 95 61
10 70 17
11 40 11
40 72 87
89 20 47
53 18 56
37 30 46
12 47 20
24 13 43
68 95 78
87 72 89
31 30 41
89 69 90
95 21 84
46 88 70
83 38 91
81 2 51
40 98 53
43 27 76
1 83 21
51 78 96
63 47 75
20 60 44
8 71 79
37 28 44
87 2 70
45 60 9
40 92 85
60 17 15
82 52 5
54 31 33
76 64 33
44 73 72
28 58 6
47 14 51
76 86 62
79 35 71
8 67 50
60 4 65
92 29 9
70 51 72
5 33 99
62 50 1
88 31 17
43 80 24
92 77 89
48 67 65
9 10 29
59 88 73
26 7 63
45 73 49
54 64 40
63 86 37
20 77 31
85 40 37
97 91 4
16 76 9
64 33 34
17 98 76
3 97 24
37 72 50
40 73 26
7 53 81
34 40 51
62 40 37
85 41 14
56 57 48
56 24 23
38 85 69
1 62 32
20 10 100
66 84 81
25 60 23
54 91 36
76 78 3
95 11 14
38 100 27
11 50 72
3 4 6
58 94 69
46 93 4
94 85 46
9 31 90
17 37 17
8 68 93
77 87 65
72 44 10
61 36 32
72 2 99
37 31 4
78 50 17
53 47 1
60 83 96
100 95 35
46 41 4
82 71 78
55 42 14
79 35 95
18 1 88
24 91 82
60 4 73
19 89 82
96 39 53
65 47 70
15 39 97
99 64 51
91 72 15
47 33 68
13 97 63
36 42 62
16 70 90
36 70 90
87 85 14
51 39 22
93 15 93
88 41 99
81 40 73
25 91 37
59 57 82
69 37 58
80 88 26
34 39 81
70 44 95
17 37 55
40 57 17
84 7 60
15 47 88
69 76 44
95 68 92
55 56 21
98 62 92
1 86 75
82 10 63
79 99 34
100 36 17
46 11 67
42 1 85
3 14 34
69 75 51
54 9 76
68 52 81
98 9 5
99 33 62
54 8 79
10 77 99
100 72 32
30 20 14
75 69 31
90 6 30
41 36 11
8 90 20
16 86 73
12 61 71
27 49 92
72 99 69
76 92 20
71 84 23
51 100 24
75 64 40
18 80 52
69 29 39
87 53 54
11 52 22
53 38 4
84 25 45
22 75 88
28 29 100
25 46 91
67 29 61
7 64 1
89 48 40
69 7 18
72 81 3
12 26 94
4 32 31
85 62 67
36 43 80
25 74 51
90 11 65
32 70 67
100 20 33
63 65 46
62 56 80
26 65 62
21 20 85
62 75 26
65 53 21
69 99 48
13 14 41
50 34 46
17 19 52
77 76 96
26 60 27
18 1 65
61 32 91
99 23 98
28 23 9
10 86 2
7 84 71
43 31 11
83 69 87
6 12 31
81 40 48
79 55 34
60 88 70
4 91 82
15 65 69
62 75 11
64 73 58
82 94 32
13 47 82
27 31 55
52 35 28
100 89 70
59 6 67
65 51 77
90 76 29
63 37 65
7 49 65
96 79 44
97 18 60
17 20 75
74 87 46
43 11 58
85 83 21
11 82 65
15 20 34
9 72 65
70 54 56
82 15 30
90 47 36
20 89 46
5 65 11
18 84 66
91 100 97
63 64 33
70 91 41
3 31 37
52 60 10
50 29 35
48 60 71
55 73 64
77 69 33
49 62 99
51 26 37
52 74 65
15 8 7
99 53 8
29 86 37
24 20 73
63 36 2
41 49 12
31 20 26
74 30 1
6 31 26
39 44 66
91 4 2
55 48 2
8 64 50
31 57 67
9 97 60
15 8 21
89 19 39
51 62 68
90 33 88
1 94 99
11 73 48
85 79 5
83 79 81
5 86 50
20 91 99
96 100 9
14 24 10
46 97 27
8 37 70
86 64 85
39 21 39
88 48 67
54 74 67
34 30 12
50 62 92
85 30 57
73 31 86
20 77 93
55 11 74
93 75 88
47 7 95
59 97 3
30 22 83
32 89 31
4 43 76
66 81 52
62 62 51
9 83 56
90 32 75
72 68 48
60 51 38
51 81 76
5 13 95
96 54 19
68 34 92
58 33 51
70 44 63
86 10 19
11 73 2
17 86 88
49 89 41
67 98 22
10 74 69
28 22 56
22 86 90
34 41 32
67 32 67
13 50 55
25 12 85
8 10 100
49 62 75
24 24 29
6 33 12
77 25 53
53 59 52
46 76 53
6 55 57
64 16 9
90 61 28
32 91 46
87 43 97
23 34 33
62 13 25
45 10 8
21 19 54
61 50 14
70 7 44
57 57 47
46 58 26
85 31 82
90 78 21
42 95 21
37 91 58
85 34 2
6 35 83
56 53 3
1 32 34
90 42 31
51 10 22
4 28 44
89 1 86
26 56 54
5 59 53
70 92 40
90 26 37
41 86 94
60 19 13
69 24 96
2 79 60
6 49 14
8 62 70
27 92 70
20 80 19
17 32 30
69 27 28
29 88 62
70 75 57
41 9 60
8 75 50
28 90 32
54 30 85
56 4 82
39 44 52
74 39 13
80 24 53
51 29 66
30 95 76
57 47 99
63 21 95
77 9 45
82 14 17
1 61 97
86 76 61
67 52 83
70 64 72
11 1 12
23 29 45
16 12 46
96 61 9
63 66 81
92 37 42
78 81 23
20 26 20
51 12 34
12 45 83
73 37 20
41 72 42
78 52 53
68 64 91
84 22 43
45 83 8
42 57 51
95 89 34
1 92 49
5 31 47
60 68 6
7 7 21
49 38 70
29 81 7
28 65 17
55 31 26
36 33 70
22 4 42
21 26 55
2 46 11
100 2 93
7 96 9
21 17 41
37 68 48
80 9 18
11 18 19
99 93 36
42 59 97
11 96 13
17 77 1
58 99 91
85 3 97
2 62 87
32 33 32
23 10 27
12 85 6
62 75 31
72 18 45
20 84 59
27 15 37
26 24 95
83 39 25
93 37 12
2 1 89
27 78 23
84 5 35
74 28 22
48 68 92
2 44 96
55 33 42
29 20 51
28 66 54
81 90 38
58 97 5
5 32 36
52 23 53
67 77 2
80 26 38
96 67 6
40 16 84
6 74 4
75 34 94
58 74 77
22 75 12
90 30 85
10 42 6
32 61 3
46 51 6
81 64 92
89 3 100
61 67 62
1 34 99
63 9 24
50 59 7
1 87 1
26 86 51
85 53 9
40 74 68
49 74 90
77 87 38
42 3 100
18 11 49
93 26 89
29 14 89
82 100 25
53 60 100
95 28 45
35 71 63
2 92 38
65 40 87
19 68 38
74 21 53
22 47 90
16 46 73
55 2 12
40 9 45
91 91 20
87 60 76
46 65 20
1 4 50
1 92 99
42 62 82
46 22 97
16 81 83
56 36 85
29 60 80
45 4 85
25 87 4
64 13 16
45 48 15
39 61 23
60 14 37
19 48 74
40 2 36
34 100 22
79 29 25
1 31 90
7 37 93
100 18 19
5 69 94
62 30 4
5 19 76
28 66 5
8 72 14
67 68 92
99 8 16
65 80 27
89 93 86
3 13 78
77 86 15
44 12 37
56 64 50
1 74 93
70 67 93
65 89 1
34 31 50
46 69 14
22 47 57
23 85 20
93 35 9
12 84 27
51 17 51
38 28 43
75 43 27
40 70 33
95 44 60
62 15 89
91 80 8
69 8 79
17 57 32
13 75 58
8 85 42
17 42 47
79 25 81
41 57 51
2 48 68
7 26 32
54 72 51
83 61 95
70 82 62
28 41 51
39 2 30
45 94 51
93 68 40
25 58 11
6 4 34
85 90 93
80 47 69
24 46 75
97 69 49
31 95 9
54 24 16
27 42 69
33 94 55
44 37 72
94 14 68
67 92 12
85 17 85
20 27 71
38 2 65
28 20 15
10 29 96
65 82 41
92 10 71
38 48 89
49 95 22
38 58 41
17 47 69
26 90 51
44 18 27
22 75 94
10 24 10
97 44 52
93 82 51
26 58 41
41 19 45
80 37 42
11 8 52
19 64 41
92 86 55
47 77 90
98 36 37
49 29 8
5 9 3
14 3 10
88 59 13
51 19 44
15 86 4
42 8 66
46 42 11
74 48 99
43 98 81
91 62 26
51 79 66
69 64 51
59 17 85
63 96 21
56 93 74
32 95 100
36 6 50
41 7 9
17 76 24
54 80 66
51 31 57
100 64 14
1 89 99
80 46 17
48 30 15
88 64 68
68 1 85
65 76 9
36 58 70
9 92 38
84 50 38
26 88 77
19 35 7
46 17 14
75 95 39
93 70 48
69 12 92
91 38 67
44 81 18
94 28 39
82 65 82
24 25 53
74 42 50
23 46 93
14 77 41
41 42 99
7 21 60
20 7 60
91 20 46
60 54 44
20 59 66
78 49 15
64 95 80
2 15 64
53 15 74
25 18 84
38 64 6
64 9 66
46 93 41
89 58 51
70 15 94
39 72 55
19 43 100
21 41 65
70 32 4
40 39 8
100 79 28
12 8 29
19 58 73
96 50 90
54 11 64
20 27 98
98 16 35
44 47 73
14 99 77
19 65 89
86 21 27
23 25 60
21 33 58
22 87 62
67 93 65
15 23 25
96 93 91
16 50 31
64 22 7
14 56 53
95 14 37
31 34 55
82 43 19
54 15 49
4 44 59
25 70 51
73 36 41
56 80 3
6 51 74
33 50 11
98 85 38
48 60 84
25 77 34
82 81 76
67 80 59
50 91 64
35 5 81
6 65 72
99 82 65
5 85 33
10 50 92
64 58 26
29 27 76
90 69 86
36 7 98
63 76 19
77 30 65
19 78 56
92 29 78
25 11 90
63 73 58
44 28 97
16 91 86
85 46 64
70 38 20
43 90 74
76 37 93
76 88 31
63 98 53
31 29 78
58 48 34
74 67 26
22 80 7
96 89 65
20 59 5
66 57 90
10 78 81
47 29 98
7 86 2
5 56 78
44 54 3
40 19 95
68 99 50
100 72 17
54 13 10
4 83 81
24 65 62
59 59 66
27 63 19
19 74 12
14 28 63
6 47 34
48 52 5
5 55 20
81 14 68
40 96 81
15 49 20
72 87 62
53 53 56
31 80 7
89 62 49
64 36 42
56 10 96
32 1 15
49 69 72
1 63 71
26 11 87
86 7 9
70 50 46
87 45 97
79 43 52
31 40 38
62 9 18
26 35 18
45 12 68
71 6 15
86 61 22
98 15 64
60 22 45
45 94 58
100 66 7
10 23 78
66 41 89
21 44 84
34 95 21
73 9 44
23 92 86
83 90 62
63 82 38
11 48 49
88 98 61
9 21 10
35 50 67
47 89 2
90 97 24
65 30 20
43 46 82
89 39 25
20 90 55
5 42 33
52 93 55
72 25 96
32 100 96
35 39 27
34 48 42
40 50 91
2 28 98
68 69 37
2 20 55
56 93 4
59 79 44
34 68 55
7 67 77
72 97 22
28 74 12
100 36 74
88 59 52
13 98 44
81 58 82
10 19 8
87 80 24
73 48 99
37 35 8
39 75 2
72 35 24
91 97 54
55 91 74
4 46 85
100 6 75
11 88 68
96 93 77
100 75 99
69 99 64
58 80 63
71 82 34
77 67 65
76 76 61
66 14 46
13 65 85
47 82 48
59 1 88
24 39 83
38 71 45
55 34 73
28 28 76
74 26 68
68 97 19
32 73 6
46 3 60
32 43 22
99 7 21
73 85 99
23 29 96
36 90 62
57 37 62
70 14 33
88 72 30
33 44 59
55 26 17
31 13 83
21 13 44
89 32 55
23 28 60
17 67 86
1 41 33
39 93 82
32 75 41
18 53 35
62 19 59
48 75 32
20 30 38
74 77 46
97 44 100
58 8 80
73 36 68
51 100 97
39 100 78
66 75 87
3 63 5
4 87 14
5 86 91
55 1 33
90 67 26
91 51 26
83 36 64
25 53 97
48 60 19
35 93 17
36 94 64
50 67 75
94 75 92
89 73 50
56 81 59
78 31 2
46 95 24
86 67 75
77 58 4
92 38 11
82 89 33
43 48 31
86 90 4
73 38 12
67 27 96
100 19 52
79 15 90
22 18 39
77 16 81
76 31 42
19 81 80
60 6 17
65 39 9
57 31 14
7 63 19
22 11 55
5 24 19
47 1 92
80 65 4
45 31 85
48 86 4
33 48 50
59 13 81
1 50 70
98 51 88
85 57 94
20 37 99
71 31 69
92 60 39
23 61 18
1 43 23
8 37 50
60 23 56
88 18 24
9 42 69
14 100 35
51 39 9
70 15 69
80 68 74
83 64 85
58 17 89
55 63 56
84 98 16
95 73 20
15 46 93
56 77 31
70 14 11
52 30 68
53 33 40
72 50 36
63 48 75
54 91 38
50 68 89
31 80 76
8 39 78
22 70 17
12 83 28
12 80 59
34 21 7
39 86 50
63 100 80
48 57 42
94 97 95
90 46 69
83 90 72
37 78 16
9 6 75
97 97 39
94 41 75
30 18 35
52 52 43
21 66 19
24 98 16
76 51 36
72 4 20
22 82 74
11 64 82
20 53 54
46 93 15
8 5 81
21 48 89
98 47 87
81 78 9
15 28 79
57 63 35
99 40 91
55 98 3
76 17 69
87 93 26
2 60 63
83 16 27
44 73 11
90 79 10
78 27 98
60 11 33
27 55 92
85 68 70
70 32 37
68 97 80
41 96 98
31 87 33
48 97 39
82 61 35
69 14 4
78 71 13
12 83 39
33 40 46
9 63 100
61 20 67
8 89 72
1 74 94
5 15 75
26 27 45
59 71 29
10 21 100
28 55 73
71 33 31
30 72 20
26 68 1
38 62 90
80 24 7
67 31 55
32 4 36
73 94 11
31 49 47
40 29 76
85 31 51
84 51 93
81 46 26
29 61 3
70 85 20
91 64 68
24 60 16
9 47 48
39 89 86
43 10 23
54 37 68
44 23 35
80 24 27
60 99 58
39 98 28
48 37 34
78 87 1
56 75 42
84 17 89
15 15 48
93 24 28
74 55 2
74 43 97
63 84 19
53 4 14
2 12 88
27 84 18
56 53 45
67 94 89
67 99 93
5 92 41
7 49 33
24 89 17
2 63 35
7 17 48
13 63 39
94 31 69
89 67 14
6 15 38
6 50 90
49 52 5
46 56 95
70 70 49
67 62 30
85 69 51
22 14 64
86 25 95
93 15 38
93 31 70
85 51 20
58 97 79
36 92 68
58 65 89
67 5 43
64 89 93
74 31 99
22 61 96
73 27 28
8 28 8
35 8 80
36 31 70
56 43 100
87 45 7
50 6 93
51 51 37
32 51 70
57 44 24
43 85 40
27 76 16
61 84 54
10 41 14
33 36 51
92 99 86
92 83 19
7 70 34
97 74 67
94 99 65
50 74 68
1 33 31
100 99 75
81 6 36
43 87 85
27 60 83
8 4 37
31 51 15
12 50 14
86 78 7
86 51 91
25 95 39
20 14 93
57 58 15
76 20 92
94 41 47
17 78 71
94 47 75
96 93 2
20 44 27
25 73 26
40 99 69
10 46 77
83 86 41
66 30 85
95 53 71
28 49 75
92 50 87
13 85 20
42 76 43
59 18 35
49 92 31
78 56 95
92 5 43
14 46 15
23 56 60
77 39 71
49 59 8
39 29 22
66 70 4
54 85 15
62 90 51
13 18 16
79 32 20
100 35 5
48 48 36
30 23 10
20 6 93
26 24 45
9 27 22
61 57 64
16 97 63
82 81 35
49 26 93
77 25 59
25 39 97
73 6 69
41 35 18
54 17 64
39 85 70
99 31 55
45 17 42
11 51 30
52 97 44
86 33 37
71 7 97
58 83 79
44 39 22
96 29 56
76 26 50
45 50 57
48 23 96
100 2 14
74 18 39
49 36 38
98 64 93
86 36 1
36 49 93
72 77 55
64 92 75
49 4 48
79 76 84
92 63 45
30 15 90
49 43 100
7 74 86
70 8 7
38 80 59
60 66 39
57 60 16
94 69 99
91 72 87
97 88 65
62 50 69
91 15 26
40 69 51
47 50 41
28 91 82
20 9 96
95 90 38
47 80 45
79 2 94
26 67 93
69 60 53
31 82 31
44 64 33
72 20 64
51 82 74
42 61 52
39 74 87
99 71 83
10 42 38
7 35 97
81 5 83
25 34 86
72 76 98
98 78 28
89 97 7
53 68 62
94 31 68
34 13 45
55 69 33
53 87 82
91 50 94
7 6 33
32 33 12
66 92 15
29 30 70
2 44 79
63 67 68
80 96 27
74 11 70
59 89 48
74 64 47
60 60 25
65 67 88
67 34 38
49 73 40
58 34 17
35 14 30
19 26 1
39 20 12
4 94 6
1 39 79
25 61 78
42 32 6
93 94 41
94 1 51
15 44 98
51 22 28
65 88 1
64 98 79
11 27 63
86 85 37
84 90 40
32 71 66
31 59 97
64 11 77
75 62 4
19 57 26
90 48 57
38 94 47
99 55 20
2 32 20
100 89 94
70 45 28
64 89 92
100 47 58
29 86 64
30 58 64
90 73 99
81 82 75
16 41 77
71 44 39
34 75 12
85 56 5
30 43 39
9 66 13
53 80 35
92 49 62
64 8 5
88 69 31
90 85 37
30 89 14
44 15 77
8 93 12
85 15 34
73 36 50
16 41 92
67 48 49
45 30 68
81 94 65
62 56 44
93 87 41
88 97 66
32 2 89
68 59 21
52 6 55
94 51 30
70 85 4
56 98 66
62 37 82
97 13 39
93 89 51
69 12 68
99 71 97
95 6 48
22 92 36
75 2 14
70 52 79
19 74 36
96 9 59
5 22 9
92 85 30
94 34 90
19 90 32
78 65 11
13 87 55
96 51 2
29 19 78
77 78 35
24 8 21
45 33 11
62 16 96
61 17 72
96 6 87
78 57 20
49 52 63
44 73 37
62 94 49
83 45 80
19 38 12
16 76 100
17 29 53
88 34 38
31 88 74
99 17 55
1 84 61
24 33 64
78 11 99
99 3 54
41 59 79
36 51 30
39 43 95
81 17 6
54 8 81
99 72 36
79 58 90
92 3 16
7 25 84
43 7 22
78 54 22
14 32 14
14 25 8
30 69 36
67 20 91
58 45 59
67 33 94
61 7 78
67 30 31
57 13 24
54 15 67
16 79 66
4 34 6
19 96 24
82 48 37
7 55 85
80 80 84
98 54 28
50 8 56
56 71 79
41 70 64
33 18 100
43 31 73
60 64 49
22 95 45
47 71 96
40 99 31
94 76 19
75 50 20
12 31 47
55 67 34
91 2 14
86 24 80
78 56 22
63 5 45
25 73 36
100 42 87
65 18 53
77 68 77
65 20 62
61 46 49
71 59 22
26 55 50
85 77 87
68 85 70
27 1 91
18 20 85
82 80 19
25 92 47
33 47 41
21 32 47
18 54 79
54 81 8
67 74 93
43 21 79
46 35 97
34 37 75
93 76 98
55 21 25
93 39 95
21 42 77
18 33 90
38 5 18
41 87 26
95 80 76
87 67 55
51 54 60
51 95 19
20 100 28
100 73 17
57 77 93
39 94 90
86 8 45
41 41 94
91 37 68
30 15 70
29 52 45
70 100 95
85 38 20
6 80 8
65 87 11
93 32 65
16 76 7
5 57 26
20 46 99
13 65 93
11 9 97
15 65 36
11 43 98
5 77 72
42 89 55
1 36 64
82 58 77
74 54 3
14 67 36
31 58 47
9 94 20
55 11 90
1 64 47
50 88 73
22 98 59
49 52 24
46 9 63
49 43 7
55 47 65
60 6 11
34 88 57
47 59 3
98 32 91
42 22 23
99 100 21
12 35 23
74 55 91
29 74 48
93 10 39
8 48 55
100 91 64
49 45 79
75 66 59
63 29 63
12 98 79
30 59 56
47 29 56
29 15 68
48 24 28
86 47 51
52 87 65
96 63 29
49 46 30
9 24 23
17 73 67
16 87 94
26 88 82
55 67 69
62 31 33
100 53 29
2 94 68
50 23 60
26 96 28
7 59 83
75 97 39
34 4 87
31 67 94
69 19 60
17 70 36
23 48 93
77 24 3
20 84 97
61 87 20
61 78 43
73 57 12
62 7 27
51 59 21
75 71 78
64 15 46
51 73 91
35 31 47
48 31 50
2 6 33
10 58 85
100 93 89
32 86 1
44 65 72
100 42 57
72 95 22
83 34 38
20 78 19
52 76 71
5 24 18
98 55 17
20 8 95
2 15 62
56 54 25
26 46 93
89 76 79
37 59 100
34 81 44
23 71 100
67 42 86
81 25 95
3 55 1
4 52 28
66 100 16
80 40 12
82 44 13
67 47 74
72 76 5
72 90 12
57 42 49
34 29 18
78 9 23
47 91 92
65 80 56
21 68 31
37 9 16
65 23 19
5 16 3
89 40 82
64 17 14
62 56 79
85 13 52
78 9 21
11 86 34
47 63 100
45 39 96
4 85 69
14 46 94
30 27 22
98 32 93
15 79 83
38 92 90
40 77 37
21 88 42
68 34 88
88 97 22
34 34 99
84 93 14
29 85 77
11 58 41
29 18 66
89 81 7
48 63 76
62 94 12
97 96 24
84 1 55
16 23 59
91 78 76
88 36 69
69 17 91
71 66 45
17 52 8
92 48 4
45 58 51
95 86 65
57 25 9
87 24 5
10 12 51
5 82 38
48 15 93
81 97 44
69 9 53
1 7 29
22 11 73
10 4 17
64 38 33
41 50 88
57 12 85
61 53 7
16 38 15
91 19 21
21 62 47
71 1 30
50 53 78
80 36 64
17 41 86
83 43 61
89 49 77
33 75 85
7 94 68
57 97 54
5 31 74
96 99 38
49 98 96
14 84 28
6 57 69
64 12 30
99 12 17
70 68 99
28 86 77
15 42 93
41 93 42
98 14 30
73 19 16
46 89 47
22 58 75
93 80 66
87 1 30
47 91 34
53 56 84
70 52 45
79 32 86
60 30 57
18 10 78
81 98 83
90 2 77
4 54 24
67 65 38
97 15 49
27 12 37
86 86 40
22 70 91
85 60 13
51 43 5
69 100 76
25 14 49
5 57 6
18 78 60
52 29 56
25 41 6
6 29 80
15 43 24
68 58 93
33 32 4
6 72 6
38 61 7
45 4 85
97 99 12
20 46 64
6 28 16
11 75 92
85 43 45
59 21 39
77 55 93
71 55 99
24 92 14
59 96 43
64 19 23
60 84 25
5 15 26
4 58 86
27 60 81
81 82 2
3 73 31
55 32 50
26 73 64
7 74 47
23 33 14
24 30 37
81 82 70
44 55 4
8 32 69
36 94 38
43 15 75
9 61 39
21 50 4
9 14 38
31 73 65
86 97 52
40 12 26
10 84 35
93 24 23
14 46 40
74 64 47
89 39 66
86 89 82
2 79 52
43 62 51
37 55 65
1 92 55
4 7 21
80 28 23
45 36 26
38 21 45
94 99 36
91 26 69
32 45 5
23 38 58
49 39 56
50 52 63
35 69 93
92 71 39
80 98 13
50 64 4
85 69 26
76 82 50
38 100 19
59 61 9
39 17 85
30 20 94
98 45 95
98 78 28
8 57 31
48 57 33
14 4 92
20 72 92
9 72 33
61 80 16
83 28 56
33 47 49
46 23 18
63 8 95
84 56 21
43 44 52
61 8 78
14 41 26
44 82 4
11 29 60
73 6 47
69 14 36
21 19 63
42 42 58
98 2 4
64 40 32
34 88 69
3 76 25
89 67 32
58 40 93
100 96 83
11 76 59
21 74 94
45 77 30
92 1 38
65 86 68
12 29 35
1 19 21
17 3 44
37 34 1
43 7 43
75 98 27
50 10 18
52 67 70
92 87 74
60 16 98
67 23 52
55 58 41
24 22 27
36 98 81
90 51 87
39 80 5
48 97 29
40 79 95
80 67 57
3 69 85
69 40 57
29 71 39
60 10 56
28 8 61
86 95 97
54 20 46
100 41 40
10 29 9
100 30 86
40 33 36
5 69 42
66 26 1
35 68 89
75 20 31
24 57 74
55 74 11
76 94 36
23 57 62
28 73 38
92 94 4
88 24 25
83 79 60
97 17 32
79 43 27
84 8 71
40 29 43
27 72 40
78 8 10
19 74 33
83 56 29
8 51 99
48 15 58
22 82 92
88 5 54
47 39 81
29 96 3
72 12 36
60 48 41
64 26 42
76 64 55
56 63 95
14 32 6
56 9 22
73 88 94
29 83 27
58 35 78
18 11 58
40 88 50
62 86 99
18 46 92
76 28 10
14 46 64
76 69 26
5 47 1
80 18 3
35 20 37
66 52 23
67 12 72
39 49 12
79 40 1
33 68 82
79 7 3
84 46 4
21 54 95
13 67 40
82 4 73
53 91 90
86 70 88
67 19 35
45 85 30
76 82 85
29 61 19
60 3 28
13 99 74
64 17 15
82 77 65
19 6 32
35 69 65
38 98 95
47 83 61
54 8 84
18 78 5
30 91 94
74 28 54
7 74 82
40 15 20
97 57 11
36 87 30
32 53 52
98 50 49
79 86 46
34 18 96
44 55 68
55 9 19
16 99 36
75 62 50
99 31 74
34 67 36
8 32 48
83 97 9
71 97 79
22 53 61
59 33 42
82 85 17
26 72 12
77 79 83
94 28 79
71 15 92
71 65 14
58 58 46
42 9 16
51 43 18
57 24 84
52 88 47
55 45 9
77 86 50
56 64 2
14 91 2
60 52 59
18 81 95
26 73 82
3 40 77
69 5 9
49 17 37
56 72 88
45 11 85
35 25 81
68 72 37
72 71 23
58 22 54
32 5 7
51 51 75
37 67 77
88 95 100
3 86 33
15 93 46
38 64 88
41 21 66
98 1 11
97 47 87
53 93 32
10 75 38
21 17 62
91 67 31
88 20 86
3 29 24
83 31 93
78 41 14
85 82 4
25 67 40
34 57 14
40 72 42
86 48 55
55 61 79
52 48 68
60 60 27
4 98 60
25 7 84
83 91 69
93 75 77
66 37 20
1 31 94
100 13 97
63 52 56
50 60 83
74 31 47
12 48 6
89 49 74
84 84 44
9 97 76
47 19 13
91 79 56
88 100 44
20 59 25
56 78 52
33 47 85
17 68 86
7 65 20
49 37 12
99 54 76
62 23 100
68 75 17
60 71 28
31 53 83
79 10 66
91 67 20
37 42 32
29 35 44
99 11 69
48 51 94
69 83 24
32 44 80
88 73 41
52 83 76
89 31 90
22 29 45
86 32 36
17 52 95
6 22 98
54 61 78
53 49 85
50 93 65
74 94 87
80 84 80
77 72 82
88 96 97
24 44 21
20 35 22
41 44 21
37 39 84
21 70 92
37 80 96
68 87 47
6 51 99
59 99 87
78 6 89
87 11 26
35 54 13
14 89 12
28 42 36
66 89 55
57 47 75
85 70 11
8 56 24
74 60 19
13 26 62
41 81 96
5 60 45
46 59 21
32 1 41
21 10 78
60 4 11
19 32 74
59 42 72
76 15 64
24 76 24
87 38 93
89 46 85
72 78 3
70 47 17
45 38 87
11 1 46
19 93 75
22 33 15
59 47 1
3 8 66
86 76 100
6 23 63
4 88 4
24 56 96
26 44 5
46 86 69
48 49 2
91 84 19
72 35 96
43 38 40
83 17 89
27 93 1
1 87 74
89 91 86
47 9 95
91 15 92
91 92 93
56 87 51
93 64 65
3 86 50
65 10 80
28 11 72
52 49 72
24 97 19
99 31 4
24 30 91
16 7 53
41 96 71
60 2 90
87 20 42
60 19 43
34 19 43
22 16 28
65 22 5
91 25 95
16 38 69
100 32 37
17 59 28
80 91 75
95 34 69
85 91 17
13 13 18
26 44 63
53 82 73
48 60 3
34 21 79
64 92 73
32 5 79
84 15 32
43 51 68
38 97 27
18 91 82
45 86 82
84 92 99
16 72 90
71 15 11
72 90 58
36 94 73
39 2 41
99 74 92
91 87 46
61 55 50
6 11 30
17 74 38
29 84 98
62 38 65
26 64 65
79 38 4
97 52 18
62 90 86
62 20 6
9 54 24
46 6 92
6 74 94
23 61 29
39 6 62
95 73 87
31 41 40
52 97 61
47 93 17
63 78 95
42 58 93
28 74 2
30 73 57
58 50 12
95 100 83
82 33 73
27 37 40
53 38 99
47 62 50
12 58 32
11 18 97
41 49 86
70 77 94
64 32 85
61 6 77
46 10 45
89 3 23
72 94 82
31 31 12
30 69 40
7 34 47
83 11 70
75 56 54
84 15 32
42 22 59
90 55 33
100 23 21
41 74 30
69 60 43
26 84 98
30 25 60
90 4 46
89 8 52
7 67 51
27 50 38
71 24 29
31 98 59
77 34 15
82 11 30
42 9 28
61 50 11
90 76 8
66 56 76
39 96 43
26 46 4
73 23 39
58 97 54
83 9 59
27 23 29
88 63 95
41 25 45
58 84 98
14 65 64
76 28 80
75 88 31
64 2 85
66 84 66
97 17 36
28 50 11
95 43 29
74 2 11
59 87 74
74 95 80
2 26 85
91 31 73
9 61 3
57 32 36
23 18 13
65 17 74
48 48 89
59 83 35
61 55 40
6 69 73
5 32 15
39 73 4
79 64 42
9 36 93
15 91 62
49 44 16
58 76 13
36 15 55
98 75 14
100 12 20
22 36 65
6 55 87
49 73 6
25 26 47
94 91 51
61 71 39
67 73 17
45 46 72
94 90 46
18 25 43
95 7 24
83 22 18
57 82 17
66 50 89
61 53 52
69 49 73
86 92 49
50 88 50
67 91 11
46 81 100
95 64 68
38 47 72
11 57 15
22 36 31
71 41 82
64 100 10
41 76 78
100 23 96
73 68 94
4 13 44
15 8 22
15 1 32
28 19 83
20 95 19
73 99 77
44 6 38
35 75 82
55 49 14
49 88 74
90 54 29
42 83 3
61 95 5
99 18 83
45 78 28
57 83 80
32 42 88
4 48 82
13 15 12
11 48 30
13 4 75
59 32 73
87 64 33
36 33 64
39 99 40
78 54 56
39 34 57
56 55 73
22 33 41
21 80 35
72 16 27
82 63 80
67 34 85
2 62 36
22 19 7
87 74 87
29 83 18
16 79 59
66 46 62
54 82 2
62 95 13
10 65 82
4 75 67
31 77 37
24 24 28
41 50 47
98 25 80
47 98 18
46 33 14
17 3 81
21 13 5
74 47 89
66 14 34
14 81 7
16 98 24
32 68 65
42 7 45
72 86 37
38 84 78
93 1 50
79 59 9
68 50 4
76 31 46
4 69 14
35 78 8
95 23 27
80 44 43
59 24 35
78 98 13
66 60 96
38 88 51
61 36 40
91 67 4
94 25 95
69 26 31
70 85 4
91 80 53
51 5 19
93 12 50
20 89 75
14 5 8
25 26 31
97 41 36
75 60 96
96 76 63
2 100 10
21 35 8
50 23 60
19 23 78
47 57 32
99 96 71
99 85 65
52 96 28
42 85 38
59 41 74
53 16 83
1 36 33
51 39 29
52 4 55
4 48 38
77 45 66
3 4 70
18 71 23
45 49 75
76 2 92
70 77 36
4 43 66
81 80 52
50 6 93
92 57 38
82 28 13
28 39 25
39 58 31
27 32 49
42 97 24
93 56 10
20 95 5
66 23 16
58 5 18
36 25 84
38 23 5
30 58 90
49 18 9
56 8 76
48 80 29
83 89 75
10 78 9
41 18 100
40 73 89
85 7 60
49 100 59
48 3 24
78 12 65
3 69 89
84 18 76
67 38 85
92 68 34
12 99 77
9 87 17
62 59 52
77 12 77
86 62 20
98 29 23
22 76 52
31 88 90
42 100 83
83 48 82
95 75 91
75 63 29
76 46 36
2 74 91
53 93 33
25 82 93
61 45 35
58 48 14
13 52 18
36 7 27
3 17 51
46 2 75
32 43 39
70 24 84
81 5 19
85 14 90
38 22 76
49 63 80
40 49 6
9 10 76
52 4 26
76 87 89
21 57 14
96 77 58
10 30 6
33 18 63
79 3 5
56 86 36
16 74 47
89 2 49
91 37 58
37 58 74
34 48 93
37 90 37
14 22 59
42 93 50
36 11 17
49 9 18
30 50 20
45 2 15
17 29 78
7 63 10
100 19 35
56 92 85
50 79 23
62 96 71
83 58 41
88 34 36
73 13 43
81 100 66
18 25 81
36 51 4
39 29 66
78 15 2
95 34 42
45 62 26
11 79 39
66 2 37
66 46 94
55 33 91
64 74 55
12 43 44
86 51 70
47 86 12
99 92 51
66 17 34
7 75 77
42 7 84
5 96 45
40 20 4
35 36 47
54 57 68
66 2 70
2 85 77
16 83 5
14 76 53
40 75 82
98 78 84
15 53 59
100 51 69
46 83 80
36 1 55
44 75 49
57 28 45
72 56 44
52 68 31
85 96 76
61 44 81
25 94 47
70 91 65
15 11 40
11 6 82
14 15 37
47 57 36
90 8 28
23 50 88
10 81 53
1 96 35
52 78 43
55 83 9
55 26 12
32 34 75
34 61 23
9 76 16
1 59 84
54 51 77
84 8 13
91 30 37
40 3 76
13 72 77
31 86 2
90 31 2
92 90 89
49 37 67
100 59 10
21 89 32
19 67 51
36 52 61
80 17 57
95 7 80
51 70 12
55 64 70
28 98 5
81 32 6
61 67 6
1 84 100
51 7 59
10 31 37
66 23 22
3 95 10
97 87 93
18 11 69
26 91 93
69 76 18
87 13 29
67 78 71
92 16 35
59 91 90
4 50 14
32 19 27
10 5 13
93 98 5
19 10 22
26 19 44
63 54 45
94 63 45
15 58 87
61 79 56
42 51 57
24 89 46
70 38 77
21 45 25
56 45 8
88 79 66
54 35 27
85 42 88
25 56 81
46 30 88
95 20 12
20 82 74
65 1 74
64 96 60
15 70 58
21 99 67
43 4 34
60 14 42
76 74 91
87 93 1
76 15 11
28 100 24
18 23 3
8 54 22
49 72 41
69 60 54
84 86 6
3 48 93
71 28 18
17 4 11
64 73 34
77 57 37
81 63 61
18 89 36
53 47 42
29 94 11
38 77 11
12 66 79
82 1 75
63 52 71
9 77 89
82 88 46
63 85 6
68 62 36
30 75 70
46 68 92
23 5 96
22 50 91
27 91 36
98 27 3
66 85 20
83 7 78
4 1 4
44 77 49
54 89 26
91 16 22
60 20 70
93 94 70
85 49 34
14 62 75
18 42 67
22 84 54
84 36 4
15 10 16
24 45 59
44 79 28
62 95 52
68 100 43
6 14 93
52 79 97
42 72 11
38 71 44
10 64 4
98 64 40
53 14 89
99 33 49
75 100 63
41 16 95
98 75 11
64 70 36
38 88 38
1 99 15
41 60 23
45 56 95
74 35 52
16 80 63
43 32 33
49 50 37
8 80 95
46 82 77
39 62 91
28 42 74
24 68 42
42 84 80
57 78 45
23 66 61
26 31 65
80 33 67
49 33 87
32 40 64
59 84 83
5 23 9
22 29 16
67 36 90
48 1 64
81 95 45
23 60 19
4 31 55
100 21 54
74 45 71
99 3 35
69 12 20
38 35 29
38 98 45
28 66 28
52 44 97
45 73 62
74 94 73
17 13 80
48 83 59
92 97 59
93 56 45
79 83 44
88 32 89
92 7 100
77 40 99
28 16 98
72 58 94
93 14 34
49 99 55
44 82 17
34 95 27
48 99 86
84 82 58
54 24 16
74 36 42
77 61 59
13 77 12
66 94 50
63 32 75
79 26 69
18 71 54
97 63 78
65 33 40
30 72 90
61 75 93
39 27 97
32 40 26
10 78 22
77 58 69
7 79 43
77 58 20
60 62 73
50 36 77
51 32 51
6 34 65
14 63 66
17 72 51
4 28 35
89 47 34
40 18 81
31 83 66
85 98 13
79 45 25
20 66 95
33 94 12
44 13 98
78 100 16
6 74 37
42 33 12
38 28 80
29 57 67
7 86 42
79 78 39
20 91 1
26 18 27
57 75 46
74 97 54
99 6 93
65 35 16
39 77 70
28 18 83
3 36 6
15 6 73
12 89 94
12 62 91
93 94 74
10 24 19
64 44 10
39 38 51
31 85 57
24 28 96
52 43 60
28 5 3
92 21 5
25 35 13
54 57 12
55 41 30
84 46 4
94 47 1
29 13 21
82 71 60
77 18 95
66 49 58
79 26 89
89 93 73
46 72 14
69 44 28
25 4 64
74 24 18
8 15 58
42 21 81
25 97 66
34 40 17
22 48 57
83 8 9
11 91 92
31 20 85
88 23 81
45 74 42
29 83 7
46 32 69
20 15 67
52 4 49
30 9 76
38 73 41
87 20 30
93 86 1
58 53 63
31 26 87
62 82 88
70 49 4
77 68 91
38 44 28
40 15 94
91 26 57
9 72 82
83 98 71
99 29 28
65 46 40
5 48 47
90 81 71
84 88 40
68 19 71
55 44 81
55 71 76
59 5 78
4 79 78
4 59 25
17 3 56
84 57 91
39 23 81
17 55 26
36 6 15
99 38 74
31 2 94
22 48 89
6 48 6
21 90 50
95 73 75
93 99 33
16 67 49
36 7 19
71 2 75
82 11 91
51 67 62
50 71 63
88 2 88
43 95 8
78 82 14
14 37 94
63 3 27
98 48 42
31 1 68
97 8 43
72 46 31
92 87 69
56 15 99
54 85 46
80 57 64
60 28 100
97 54 56
93 85 50
22 14 31
54 76 43
53 69 88
7 38 62
71 68 94
10 73 58
76 22 9
97 30 92
52 26 32
25 86 1
96 50 12
16 16 39
34 99 11
11 94 40
76 65 46
85 67 38
99 60 19
23 90 47
4 70 75
80 30 92
30 77 57
56 20 33
60 40 50
38 93 86
1 48 73
56 14 2
36 98 71
76 9 24
26 64 85
21 98 13
68 3 43
87 87 67
28 75 91
40 32 20
69 47 72
61 19 28
86 91 64
11 33 51
58 74 89
49 2 50
54 66 5
26 73 6
61 98 56
97 5 63
39 34 92
38 33 15
45 30 14
6 90 14
5 17 6
1 42 41
76 13 5
2 26 70
40 87 37
39 19 98
51 90 70
97 12 41
10 97 25
10 50 2
6 49 92
51 33 64
23 13 59
91 100 7
12 17 75
82 21 83
26 93 11
23 80 13
34 42 36
6 17 58
96 87 48
33 37 94
75 78 8
89 49 87
33 69 14
34 82 26
15 38 90
26 91 42
61 64 49
63 39 8
76 37 58
87 14 75
5 89 2
31 80 13
100 4 58
20 1 65
96 90 55
65 50 92
60 94 2
10 88 67
3 90 75
40 51 92
92 40 31
34 31 64
36 99 41
37 88 85
36 46 58
62 81 5
1 33 49
88 72 33
55 66 7
98 2 47
20 88 14
30 82 20
65 77 55
41 92 88
43 45 61
41 81 78
63 64 99
10 76 98
81 74 86
32 40 30
39 51 82
34 71 81
100 5 21
30 40 49
10 78 43
99 45 3
7 40 48
8 18 16
52 11 40
86 36 1
52 67 77
61 72 70
62 28 79
20 66 52
56 34 70
34 26 93
81 9 39
34 64 82
86 28 44
82 96 61
92 19 76
65 93 1
38 88 58
52 53 39
99 1 65
73 40 72
68 51 33
15 58 32
61 70 2
80 11 91
20 8 53
48 14 93
37 86 62
3 12 2
2 82 26
74 19 44
23 27 9
3 69 40
8 41 89
98 22 78
12 11 34
12 84 52
30 13 5
78 11 46
90 95 35
84 49 37
49 97 28
71 47 31
75 13 29
18 11 41
22 12 20
9 62 75
32 94 90
60 64 92
67 34 6
16 26 94
43 62 93
47 45 13
7 8 63
27 100 56
43 8 81
22 100 5
25 45 21
50 32 47
89 39 80
23 32 20
44 69 91
14 63 43
78 18 44
15 6 50
33 58 89
64 41 86
74 69 58
67 50 36
41 87 38
47 92 46
77 37 6
81 98 44
71 4 99
43 25 35
81 41 58
82 17 41
94 34 85
69 51 46
34 36 4
1 21 52
79 57 94
6 19 24
81 87 41
70 78 35
1 58 86
32 1 31
36 54 84
96 91 34
40 34 17
54 84 53
47 28 76
98 38 42
67 19 16
38 69 82
25 17 85
15 46 48
96 77 92
84 72 14
68 74 99
72 14 75
35 26 57
63 9 45
73 99 17
45 66 80
56 89 49
93 77 50
6 2 31
19 86 4
95 73 1
5 2 65
83 53 35
41 93 32
60 74 48
30 98 54
47 70 46
75 29 100
90 35 13
99 81 56
46 45 66
81 74 12
33 24 19
42 14 90
16 68 86
44 1 74
88 19 18
95 98 9
96 44 23
61 28 5
56 85 31
62 63 100
30 6 17
89 62 42
69 98 54
69 11 31
62 80 39
86 82 51
3 47 93
10 3 18
32 49 87
82 6 70
62 67 38
65 87 49
29 99 32
93 79 16
45 29 95
64 61 24
2 2 42
41 42 69
25 23 76
9 66 27
20 58 86
79 3 44
97 10 18
84 94 33
34 40 64
33 37 65
58 7 61
27 47 31
55 77 11
63 11 4
76 52 76
84 69 47
16 18 24
11 36 68
53 46 99
56 49 87
89 76 83
36 17 55
9 48 15
87 97 80
7 71 54
83 15 40
54 97 43
3 65 47
67 82 1
23 31 26
55 14 69
81 10 25
29 74 26
88 11 64
75 6 30
23 30 42
10 7 10
35 6 36
38 78 22
68 52 95
29 26 4
98 92 91
63 78 96
60 10 52
7 19 13
55 47 82
20 13 3
58 96 81
25 17 91
88 22 66
1 80 97
15 42 68
96 17 65
34 50 47
89 24 28
61 18 84
59 91 6
22 28 13
77 68 12
47 51 75
95 40 74
36 37 11
30 58 72
95 77 88
42 41 72
59 16 66
78 89 34
75 17 32
81 30 38
67 16 27
82 57 36
10 45 35
17 26 46
66 96 18
96 61 10
21 8 56
91 26 48
18 2 82
37 77 65
15 51 38
41 16 79
56 37 41
50 31 1
84 10 18
45 10 3
74 28 78
91 86 20
3 84 100
95 36 33
75 64 30
84 40 64
98 42 20
75 15 82
43 39 44
97 98 78
24 40 31
16 55 70
69 74 32
18 24 59
43 30 58
93 48 15
78 48 33
33 41 82
99 30 75
74 63 5
76 42 12
77 99 6
23 39 29
62 16 23
55 97 76
63 13 22
33 74 99
62 15 55
30 6 62
59 31 94
60 17 93
85 60 35
56 34 64
47 10 84
62 65 26
23 42 88
18 87 32
20 36 1
31 66 28
85 16 95
54 15 48
6 77 40
56 34 87
33 62 64
59 77 38
61 13 84
26 38 93
36 22 35
42 23 21
65 6 87
36 89 6
43 21 78
28 91 1
41 97 9
55 92 20
11 86 99
74 46 68
5 98 83
74 96 21
42 72 70
58 65 72
73 4 90
93 53 96
20 77 46
96 87 69
93 34 91
17 7 95
11 64 31
17 26 1
12 42 65
22 19 45
23 14 55
69 49 72
77 25 16
95 67 33
45 42 82
87 35 53
73 96 28
53 36 42
61 59 66
53 88 34
49 65 48
64 83 63
95 24 5
81 75 37
23 59 81
4 66 98
3 89 85
50 35 39
91 78 53
78 20 48
77 8 66
34 6 30
71 89 20
71 51 57
31 92 2
23 95 9
3 31 2
33 99 94
91 25 79
1 39 66
60 85 65
78 50 82
96 9 5
49 99 72
14 91 4
12 8 81
44 50 92
69 74 38
33 59 8
15 22 60
20 25 13
21 75 4
48 91 48
60 30 49
4 99 90
81 33 48
67 6 99
46 92 64
78 46 75
30 51 58
14 33 88
92 95 45
88 74 68
94 83 60
5 55 94
60 35 56
96 97 95
80 44 80
91 98 66
45 59 52
69 33 74
29 94 40
78 49 17
13 30 17
79 83 54
7 89 86
48 79 66
40 86 99
81 44 59
79 80 96
8 100 25
5 66 100
7 7 21
51 38 4
88 11 1
60 78 60
10 53 96
50 85 32
71 97 60
35 16 98
49 62 41
64 96 22
3 58 57
80 61 66
69 43 100
13 88 57
27 83 56
96 48 47
73 40 6
76 66 96
1 19 22
59 100 54
33 31 42
76 27 79
30 14 32
55 71 60
23 36 12
15 85 73
95 31 99
65 33 46
84 4 77
30 24 25
20 85 15
31 87 72
75 61 13
31 66 22
98 73 47
32 86 17
86 51 6
20 62 90
46 39 24
69 97 44
65 65 62
62 11 30
34 26 99
24 58 15
58 61 29
26 61 43
20 100 19
98 21 78
92 33 4
82 19 16
16 71 81
91 66 23
26 7 3
93 88 41
28 90 38
99 64 30
50 52 18
26 56 96
99 64 2
33 74 30
50 93 42
52 98 21
18 84 44
47 62 77
19 87 49
33 35 18
45 47 12
68 50 15
98 100 3
57 23 44
31 84 5
81 30 38
45 34 4
61 37 12
6 40 4
81 45 52
14 62 47
69 94 57
54 42 14
65 9 5
32 97 28
56 34 48
93 81 84
31 39 8
96 2 17
41 31 58
42 79 35
51 45 76
7 37 41
16 65 75
26 86 4
79 95 98
24 58 26
68 45 35
17 51 50
38 52 100
34 97 21
78 19 61
9 74 72
46 90 72
66 72 51
88 43 25
82 64 94
24 72 73
91 67 77
52 16 54
75 73 67
2 88 67
12 25 16
80 41 62
27 65 48
32 49 47
40 30 2
71 40 86
27 40 26
26 31 12
27 86 46
61 86 6
12 7 54
58 41 12
57 31 94
60 13 28
93 84 9
59 81 5
4 15 37
86 19 96
54 37 47
60 21 25
89 15 94
42 21 71
54 12 57
80 60 71
52 14 65
8 95 100
27 58 89
35 70 50
52 51 64
30 78 97
28 95 13
57 62 89
56 64 94
92 64 31
62 24 21
76 50 49
16 12 15
50 98 54
12 89 72
33 20 85
44 86 75
28 4 37
50 17 62
2 28 78
33 80 60
70 12 14
96 2 26
88 94 34
4 64 12
74 54 76
27 78 39
47 99 48
71 66 54
12 69 89
55 47 77
89 27 5
58 50 38
36 89 14
34 55 42
16 87 90
87 37 86
42 98 45
96 37 69
80 15 77
41 94 37
35 50 47
35 19 29
39 35 96
6 1 93
24 48 47
21 17 40
99 11 94
8 24 81
98 70 55
16 20 48
9 52 83
54 16 95
48 17 49
95 20 82
33 53 39
52 12 31
53 88 2
40 76 80
68 17 70
35 35 63
41 6 67
91 95 45
73 28 23
41 50 51
31 60 22
40 10 63
90 98 84
82 56 9
17 5 28
25 14 92
66 3 52
42 25 80
91 7 43
5 39 25
37 30 50
7 59 56
56 46 32
19 34 4
12 93 4
14 52 71
67 96 39
81 72 57
61 98 59
65 75 55
50 72 99
92 8 56
45 58 92
2 24 97
35 60 25
24 46 73
25 16 59
14 92 38
31 23 39
24 62 85
60 71 28
93 71 13
89 48 17
83 41 15
49 43 35
20 65 90
76 87 26
6 15 93
83 51 85
2 32 1
38 68 2
45 31 26
29 52 80
17 70 74
59 38 92
46 40 85
47 41 93
59 74 40
62 87 85
40 26 74
50 24 98
38 63 96
62 71 39
74 31 17
72 34 92
30 38 30
16 42 33
78 26 48
50 90 46
67 65 72
10 73 57
41 16 59
18 35 61
93 27 35
85 43 78
71 80 7
92 84 27
20 8 71
83 52 21
41 55 92
32 83 22
18 40 87
26 94 36
39 12 40
36 7 63
58 89 58
33 52 44
89 40 73
75 74 75
87 59 83
14 41 93
74 44 63
71 39 44
62 57 38
35 58 31
2 11 65
16 35 19
39 20 57
40 85 37
88 6 86
73 64 77
13 4 99
55 22 18
82 39 84
5 13 56
62 93 94
90 14 62
95 73 49
94 79 10
21 2 74
64 13 18
97 81 10
66 74 41
100 64 87
1 97 53
44 42 90
5 62 33
51 78 18
88 70 2
30 38 99
84 42 12
2 74 42
61 55 51
58 89 49
89 52 76
88 42 93
47 97 79
47 35 24
55 27 39
12 53 97
99 43 54
13 97 19
12 47 42
35 95 27
91 72 88
78 11 73
17 98 25
79 85 67
73 43 79
19 56 18
88 15 55
97 9 98
42 59 97
85 20 65
39 86 14
29 54 81
62 10 9
100 76 54
40 85 72
35 55 69
57 94 89
58 79 24
13 39 23
20 70 85
19 27 35
28 19 24
84 36 41
3 5 7
57 100 23
67 85 75
16 77 2
50 44 25
69 90 32
29 11 41
72 83 97
66 50 26
69 63 45
89 30 1
42 32 49
93 58 1
37 68 11
100 40 6
82 19 71
51 71 61
41 37 42
43 69 77
35 100 95
99 31 62
75 78 52
87 22 7
67 37 65
66 67 77
13 40 68
62 48 46
16 23 35
23 89 17
71 1 64
23 79 53
90 2 36
70 91 33
82 17 55
12 39 52
98 70 49
36 34 40
16 6 12
99 22 28
36 57 2
47 15 90
58 46 74
68 27 100
59 74 64
13 51 30
55 58 33
1 9 27
57 75 1
77 2 99
96 63 96
99 29 28
91 62 12
64 17 33
84 38 41
41 17 37
62 25 7
7 59 3
35 88 14
40 72 14
42 93 51
5 60 96
6 68 46
95 45 96
1 59 100
37 68 33
42 44 13
54 72 14
42 84 10
39 23 44
98 33 46
80 66 19
46 36 67
99 3 56
74 30 74
51 39 80
95 44 23
58 44 59
58 17 55
7 57 58
50 12 51
91 28 81
57 83 78
1 40 34
19 45 5
35 75 32
47 36 62
100 51 26
47 7 13
45 49 55
59 22 61
96 88 37
16 4 99
1 72 65
28 1 34
76 18 39
17 84 7
16 80 97
79 42 49
3 54 23
70 62 15
37 60 24
46 94 17
54 67 15
6 46 31
39 99 33
97 32 26
25 32 2
63 54 60
55 4 68
78 23 22
39 70 15
88 52 10
62 86 41
90 58 55
33 57 40
19 10 22
35 73 34
24 79 63
49 8 97
18 32 12
23 77 17
64 21 100
45 80 8
38 97 22
30 56 52
8 78 60
42 82 74
49 50 75
64 95 81
72 57 88
43 29 19
34 96 60
96 49 42
52 82 89
21 32 14
4 23 54
13 1 40
53 8 80
83 85 37
41 62 48
49 80 79
89 58 15
84 8 53
96 50 72
62 46 20
81 81 10
18 42 99
6 87 11
72 88 37
38 30 82
82 11 70
48 34 32
77 64 34
5 57 15
22 68 49
60 79 39
65 21 84
58 46 20
76 95 53
54 34 55
9 40 34
18 44 71
1 26 85
18 15 57
51 6 2
41 37 70
27 68 30
23 70 88
94 36 69
45 58 17
72 42 87
6 77 74
98 70 33
20 64 36
39 77 40
52 49 11
83 62 85
9 72 82
52 68 12
42 89 75
43 39 96
69 68 30
42 14 75
37 55 26
89 53 22
12 41 30
44 49 57
26 88 12
84 72 14
40 67 12
48 28 54
55 41 72
46 15 37
89 28 7
91 59 95
11 7 13
90 65 72
2 94 42
3 58 49
64 9 95
95 57 62
97 49 75
90 35 95
85 56 96
35 99 85
73 19 5
65 94 88
4 9 78
37 51 99
45 57 73
98 30 20
98 36 11
12 65 70
12 14 74
66 39 61
46 79 35
22 18 84
16 9 35
3 38 42
45 89 42
53 66 96
48 28 16
14 48 50
99 31 90
92 12 49
10 24 19
48 94 12
62 3 81
88 42 68
99 94 15
82 14 89
92 59 3
89 15 40
38 16 56
4 91 73
3 68 75
19 23 84
92 65 11
44 83 44
18 60 22
96 34 57
56 96 27
11 59 97
56 55 50
27 93 58
3 26 68
16 78 60
53 88 65
58 21 79
66 95 25
95 2 73
89 17 34
45 59 45
2 2 50
96 37 17
11 14 57
12 57 73
90 36 4
95 93 67
47 50 15
8 41 50
64 26 68
55 22 78
84 25 96
21 3 43
73 40 82
23 46 42
88 56 43
98 88 37
69 66 45
93 26 11
3 60 81
74 2 82
26 65 58
67 80 84
56 77 86
17 57 12
81 91 4
68 43 100
1 34 57
33 65 26
7 22 16
19 34 90
46 64 68
35 16 45
92 32 67
46 12 1
18 95 81
69 63 7
63 87 73
66 41 68
37 72 15
7 47 68
48 3 43
52 17 77
32 82 30
59 1 64
32 34 38
88 96 53
89 37 77
40 23 10
57 8 54
43 82 31
21 90 50
61 97 39
67 85 77
21 39 98
47 6 89
44 97 39
50 17 87
33 42 14
46 13 24
89 85 68
2 57 2
54 61 96
52 46 57
22 57 94
66 52 35
79 96 10
9 12 93
27 97 61
55 92 14
36 56 100
91 91 70
64 82 4
48 66 95
50 96 54
28 10 16
91 96 76
58 41 92
18 5 23
57 17 48
51 64 17
44 46 85
32 83 95
29 30 4
30 54 18
39 20 41
50 48 92
88 85 49
3 55 50
20 31 94
21 62 64
28 64 65
18 40 41
52 16 28
82 67 85
28 97 71
99 59 9
51 83 78
52 35 80
65 40 51
96 62 30
33 59 3
1 67 87
99 13 56
21 99 12
40 95 53
50 95 79
94 65 91
6 7 28
4 60 16
55 32 62
15 54 76
59 6 67
50 67 48
29 9 83
60 33 48
30 54 39
10 22 56
81 69 31
10 51 38
63 47 12
12 93 31
37 77 46
78 60 39
95 74 87
63 52 56
28 16 44
67 48 62
32 82 14
61 79 84
54 21 83
54 3 22
100 49 90
58 72 33
81 46 6
6 25 53
92 82 12
66 24 84
95 70 69
34 5 45
2 33 89
46 4 99
13 2 72
44 89 11
28 27 84
1 58 33
8 73 26
26 96 43
84 82 62
33 85 20
36 16 95
35 56 23
100 82 47
53 100 79
42 68 65
11 36 46
87 73 32
50 86 82
65 20 92
95 47 75
46 65 58
27 38 88
40 13 9
79 53 81
6 15 37
5 50 99
100 2 72
33 36 87
6 72 75
87 89 70
95 35 10
27 89 17
39 37 85
30 60 63
27 59 21
43 2 99
74 21 52
8 58 55
47 74 36
74 15 86
32 82 33
64 62 55
64 73 33
1 36 33
94 5 9
28 27 16
7 32 11
32 93 73
34 12 26
91 59 21
86 72 36
1 15 88
72 71 80
27 70 26
16 44 5
3 57 41
81 41 87
14 74 36
26 50 2
50 44 8
50 45 61
93 16 79
75 35 60
40 90 38
18 98 80
92 62 70
68 21 53
68 21 71
51 47 75
50 37 64
54 1 73
72 31 85
53 84 53
85 43 96
27 91 92
36 16 61
35 67 90
86 11 38
53 16 25
94 6 47
17 57 12
97 5 79
46 12 40
35 3 13
72 74 67
76 35 7
25 21 24
76 7 23
18 10 25
16 64 65
45 39 59
31 81 79
63 58 34
19 39 22
90 33 74
63 1 4
38 11 38
21 5 53
100 90 46
73 30 99
66 45 83
32 36 30
51 35 66
10 41 40
93 4 34
1 61 39
51 46 92
73 47 55
51 23 13
28 69 31
100 58 74
3 41 93
62 73 2
47 10 100
60 63 79
25 89 34
50 53 60
49 47 48
17 26 65
15 98 96
96 7 5
23 99 26
27 30 50
53 78 5
8 45 79
96 5 22
26 61 10
98 53 81
11 48 67
4 95 45
80 91 75
50 81 29
36 75 73
65 24 84
41 59 13
52 3 84
35 42 91
96 90 86
34 11 75
59 17 2
46 96 5
98 3 7
11 22 3
67 68 82
16 6 67
66 57 17
33 41 26
17 22 63
3 14 91
97 90 72
94 22 79
18 78 96
83 83 39
66 96 95
17 91 77
88 74 92
25 93 85
30 8 29
12 3 35
98 50 58
74 32 17
94 69 46
12 96 25
38 81 76
79 60 80
80 100 18
91 3 44
88 3 29
82 17 87
89 45 24
23 26 87
83 24 53
73 90 92
17 2 99
3 10 79
86 36 64
81 12 85
97 8 24
57 40 74
7 18 23
24 61 53
46 62 86
77 40 65
40 99 2
20 52 24
37 100 63
31 72 38
4 5 61
54 57 92
7 40 2
42 67 34
74 53 84
58 78 61
73 38 12
20 93 89
52 78 66
3 3 71
7 14 99
19 30 64
59 58 62
27 42 87
87 1 73
1 68 99
56 63 81
27 76 54
52 44 52
86 45 100
70 33 31
77 18 52
44 42 46
52 32 69
68 25 79
31 85 89
41 65 58
66 70 68
25 64 46
60 46 26
54 74 4
14 34 41
59 61 59
18 51 75
28 40 87
63 57 91
38 14 88
28 27 79
52 11 49
39 72 47
43 54 56
90 89 87
79 85 20
43 4 57
7 1 85
42 14 85
5 89 38
4 89 55
41 87 36
65 20 74
28 34 64
41 24 43
45 43 78
64 62 87
81 59 25
79 76 98
67 92 30
43 39 95
85 70 64
55 38 92
35 75 64
93 32 17
85 50 6
89 92 70
24 20 38
59 73 88
2 72 15
93 70 75
57 21 45
11 12 32
3 20 93
84 23 76
50 35 13
31 93 74
14 6 86
99 7 39
59 93 31
36 60 96
70 39 44
53 43 19
2 18 100
73 46 36
85 77 12
40 72 67
7 88 87
15 42 41
28 64 86
37 2 75
4 26 32
98 99 20
23 69 31
77 1 34
61 75 4
38 34 57
40 11 74
69 49 75
30 90 85
60 85 33
87 34 64
86 100 97
81 73 42
37 74 88
49 80 76
11 6 41
45 71 44
42 15 50
86 34 86
61 99 38
14 16 24
35 38 74
3 80 35
73 31 6
10 82 48
71 81 71
70 38 69
94 58 99
61 7 43
33 41 31
81 16 5
3 93 77
61 91 93
85 31 17
42 10 23
57 25 52
92 63 97
92 9 95
9 85 1
77 65 88
20 20 69
37 73 72
81 47 69
83 6 26
14 50 99
18 94 30
16 40 68
44 2 34
33 93 49
74 62 4
30 31 41
46 28 95
98 32 90
55 81 83
71 94 36
51 64 47
74 88 86
82 2 17
44 2 51
4 40 41
31 83 28
73 16 79
76 88 37
9 63 56
13 1 20
11 80 5
4 66 44
39 9 8
73 91 36
44 94 88
83 95 7
23 59 66
7 8 100
56 46 50
33 30 77
38 67 48
72 38 73
27 80 3
19 39 63
52 20 94
65 27 19
94 95 5
51 15 1
84 38 70
94 51 64
60 58 30
5 15 86
55 77 33
100 55 70
97 48 65
64 58 75
2 51 4
4 76 45
63 4 87
47 25 19
3 49 33
99 90 70
42 18 96
38 7 81
76 88 57
37 32 34
93 93 1
15 14 75
83 94 58
64 45 10
13 59 61
38 9 45
51 43 29
38 62 55
42 10 98
40 68 38
12 82 14
6 9 83
90 31 57
22 90 47
11 31 57
54 41 36
64 32 33
73 46 47
44 70 46
8 83 44
90 6 48
74 73 14
3 83 71
55 36 73
10 44 27
44 2 33
23 55 4
65 87 77
91 91 48
55 86 58
66 64 41
32 52 76
38 39 80
66 43 29
76 74 26
17 61 52
83 45 8
19 30 31
40 50 89
32 56 97
88 97 3
88 21 10
67 70 67
11 99 88
80 44 35
96 6 32
89 98 5
72 51 72
24 57 92
77 31 92
36 15 72
65 31 41
84 81 56
59 67 31
80 66 24
81 76 10
78 44 78
64 53 100
85 45 96
8 94 17
67 66 35
74 11 87
83 7 96
23 7 98
2 28 83
82 26 94
52 2 4
41 75 17
41 94 72
34 47 91
63 46 74
21 4 88
8 98 83
94 79 19
38 18 84
70 44 27
69 39 43
83 95 24
69 44 24
68 7 71
94 69 77
82 32 86
69 61 25
57 67 72
56 52 28
19 6 42
2 41 33
83 38 14
71 90 30
80 34 17
19 67 34
27 40 46
33 88 34
61 46 55
47 10 54
22 67 74
48 16 44
46 1 34
69 78 25
20 72 94
17 78 52
62 95 80
47 48 11
87 86 89
41 31 36
72 1 55
43 24 8
73 6 73
42 68 34
40 88 77
86 4 12
67 11 68
23 45 66
11 61 97
83 19 44
100 28 23
76 49 30
88 38 67
89 86 12
98 57 64
26 62 26
94 57 92
97 26 33
88 70 64
46 80 79
30 26 33
87 32 6
26 52 10
64 5 59
34 50 82
17 74 69
44 89 68
92 70 85
41 60 16
79 43 84
89 85 41
94 45 44
89 55 87
94 36 30
10 73 34
57 31 86
62 87 82
66 37 72
30 28 97
52 17 64
35 62 4
50 44 98
22 76 61
37 11 6
90 64 32
98 1 90
35 71 97
67 53 66
58 97 60
98 69 99
49 37 34
16 3 35
51 2 94
17 41 46
15 11 57
10 58 88
73 44 13
35 88 1
67 63 5
2 56 63
65 97 7
91 69 67
8 81 9
7 62 38
22 97 78
55 98 97
47 88 42
44 26 49
92 26 48
65 35 71
24 37 74
29 59 98
23 100 76
6 92 34
28 89 86
24 98 53
36 73 69
21 21 23
13 19 45
97 57 30
7 6 55
62 59 61
17 88 62
97 16 13
16 52 19
22 82 68
93 93 20
2 89 14
42 60 16
84 47 99
96 80 54
27 84 35
5 49 15
35 20 85
100 74 85
11 25 39
98 36 32
94 35 71
19 14 68
70 46 85
32 56 78
69 59 76
3 7 100
46 74 92
61 67 17
55 22 61
34 43 25
89 24 79
94 60 61
16 95 8
20 40 87
35 47 32
64 47 17
92 34 48
2 19 61
24 80 25
86 11 17
46 42 46
84 72 32
90 4 65
13 94 4
42 43 27
56 94 47
20 78 10
88 73 38
34 26 91
92 39 84
42 72 93
54 41 92
60 73 37
96 15 82
45 94 50
9 2 90
96 14 57
59 30 67
29 71 95
86 99 88
66 29 80
95 62 48
32 62 86
71 78 84
94 30 2
82 22 100
16 98 35
79 18 97
4 77 68
1 24 3
41 83 45
45 37 89
17 36 33
86 10 5
35 88 70
66 42 14
49 67 40
95 27 19
31 35 5
35 79 24
100 13 8
45 4 93
44 18 84
34 62 67
46 36 47
89 14 20
23 12 17
86 90 41
85 19 29
8 20 89
77 67 51
10 92 38
47 58 14
6 73 57
77 1 85
2 20 47
96 36 37
66 67 20
56 82 89
94 82 12
57 54 5
72 90 2
77 22 76
74 8 7
72 72 74
65 1 72
99 20 75
61 49 32
75 100 52
44 38 68
31 7 22
38 63 27
65 58 48
43 57 17
92 14 20
92 15 30
33 37 26
98 55 67
100 80 100
80 98 21
80 93 88
60 48 15
37 60 83
81 22 10
76 3 22
62 46 87
19 71 10
72 75 46
44 71 28
39 28 25
39 59 83
8 37 47
24 3 61
40 69 37
1 95 44
63 43 23
13 26 20
1 51 1
44 41 31
56 89 55
33 22 95
98 51 26
65 85 1
56 44 27
4 96 80
73 80 22
4 89 62
36 30 55
95 6 14
2 52 66
52 79 80
98 83 56
65 34 26
47 86 46
6 5 35
85 64 46
20 8 84
69 38 14
8 24 27
30 68 74
28 59 8
25 38 33
32 40 49
85 30 40
52 60 100
75 84 18
2 7 16
81 92 41
100 94 82
80 53 84
31 3 44
84 52 83
48 76 3
88 21 81
25 4 94
35 20 51
81 94 6
15 66 8
50 89 42
6 43 71
71 47 6
14 40 58
14 80 98
9 4 74
64 92 62
61 37 74
7 89 55
75 84 80
53 92 31
63 3 13
72 87 12
27 9 84
31 53 100
50 15 99
92 73 68
98 4 49
75 55 67
10 47 2
38 25 95
52 85 91
52 89 75
7 95 21
6 70 41
17 90 99
92 19 25
56 65 64
21 18 100
64 2 15
72 77 41
4 20 12
72 25 56
56 5 83
4 97 81
73 41 82
49 63 18
54 28 43
71 40 65
92 88 64
71 87 77
19 57 49
53 72 37
31 51 20
78 13 80
93 24 7
56 93 47
62 57 91
2 65 92
31 97 25
7 55 31
7 16 56
68 11 47
69 62 68
28 94 85
11 74 86
24 59 24
4 41 30
68 37 47
65 32 20
5 81 63
28 73 47
95 78 23
99 78 54
64 62 75
6 26 50
60 26 46
51 23 56
57 14 82
16 21 13
86 78 97
90 15 73
19 48 31
57 49 46
37 35 96
65 61 76
68 10 45
86 75 33
77 30 75
24 3 27
64 94 73
1 32 88
46 97 13
33 65 89
48 69 75
9 49 41
45 22 3
84 66 53
9 4 77
85 62 91
27 44 10
62 10 54
55 16 35
50 53 25
7 95 66
50 85 65
63 54 95
46 48 64
94 25 61
12 30 46
84 17 34
41 33 51
57 4 51
65 65 62
83 37 64
70 85 15
85 70 26
95 50 1
88 51 99
12 68 67
48 98 53
5 10 81
57 64 88
23 79 97
53 73 77
10 2 38
9 92 2
34 97 59
78 99 31
57 15 31
84 79 100
88 13 10
14 86 17
76 13 5
100 12 15
97 14 62
47 58 31
25 23 95
34 15 93
53 64 73
54 73 67
9 38 20
39 16 10
75 59 78
87 65 20
64 97 56
1 53 83
49 49 6
13 26 85
3 11 72
19 52 35
24 2 26
95 40 26
72 26 94
14 48 57
54 66 71
6 77 64
15 4 86
8 10 76
88 30 40
19 69 72
73 73 20
37 21 5
56 25 7
62 14 38
74 59 52
66 32 41
3 3 81
98 13 5
8 66 44
55 20 40
40 5 45
26 79 18
41 78 54
19 61 29
26 66 54
75 74 11
56 60 27
89 27 7
61 30 38
7 65 62
80 21 22
34 17 65
88 72 47
90 89 47
87 28 66
9 87 90
35 6 88
91 64 17
55 30 58
46 9 21
96 85 72
75 5 53
64 69 33
24 46 68
25 38 20
96 26 58
45 62 85
46 18 96
53 46 67
13 60 21
13 27 71
55 2 75
38 94 1
83 40 4
45 37 48
96 68 58
24 8 95
32 88 58
81 14 99
76 93 48
81 28 98
26 53 29
6 88 15
94 30 82
100 100 8
70 32 89
100 12 73
20 62 11
91 64 38
11 57 6
36 84 45
78 18 96
21 17 36
70 98 96
76 78 27
29 21 23
53 82 70
100 51 65
37 48 15
78 100 25
56 92 93
26 49 36
95 64 57
84 93 65
32 78 35
44 11 14
68 76 44
93 2 92
70 80 25
40 14 93
26 90 38
14 9 44
73 30 49
3 80 78
83 90 70
82 68 41
33 88 58
68 17 90
64 44 60
91 89 6
86 13 19
16 52 78
3 97 3
62 17 15
4 90 30
62 51 72
58 45 80
100 72 34
95 33 62
1 16 52
77 66 8
73 63 95
79 65 85
85 29 61
98 26 38
93 91 92
48 32 40
61 40 77
93 60 61
27 70 93
93 8 59
87 73 37
87 24 29
82 41 90
72 11 26
87 14 58
76 23 29
10 27 78
26 73 15
50 26 65
38 61 96
21 75 73
68 53 7
35 78 28
8 27 80
63 12 47
65 23 71
36 42 86
56 34 74
45 50 41
28 59 3
96 36 31
8 38 37
1 91 32
46 83 52
12 4 34
52 86 74
68 93 50
100 65 26
95 95 81
58 91 90
50 70 33
15 48 85
94 73 17
64 31 17
10 77 89
24 41 12
31 96 8
78 26 20
68 1 32
71 18 28
82 9 13
2 34 14
43 37 70
54 5 76
62 74 20
68 78 21
32 58 77
12 11 82
64 17 51
70 35 39
94 58 6
21 20 50
54 89 12
93 73 26
42 99 49
12 89 40
83 2 37
92 69 74
47 8 10
69 95 35
52 30 92
68 53 98
69 49 36
94 55 72
74 93 12
18 51 99
24 55 37
47 95 43
45 88 38
13 51 40
41 68 2
93 82 67
16 14 11
73 49 50
62 100 24
74 60 39
90 12 94
72 68 49
5 73 58
90 79 80
9 93 62
23 94 34
51 38 62
13 25 27
25 80 13
12 52 84
86 3 35
29 48 46
29 31 42
54 14 42
18 42 73
77 84 8
68 13 76
90 51 11
75 15 47
69 58 49
71 40 11
6 4 17
98 29 24
38 91 92
76 25 56
50 50 12
23 57 69
51 18 45
83 48 17
84 82 70
29 52 35
97 28 19
10 78 39
43 41 37
55 84 80
19 50 57
54 60 59
69 68 89
92 92 34
86 67 85
45 30 34
37 36 1
28 99 4
9 41 94
31 10 81
81 18 97
24 12 17
74 75 67
37 96 43
62 59 79
39 28 61
72 51 75
44 73 47
72 93 88
5 88 31
33 32 17
29 50 37
24 42 14
74 64 14
86 68 6
56 84 10
94 73 42
52 11 42
90 88 11
53 68 77
14 76 66
24 92 57
26 4 55
96 74 91
98 25 27
95 20 73
76 81 98
42 55 32
53 23 19
100 52 81
100 51 65
67 99 34
38 88 50
78 27 45
14 91 85
31 59 96
39 4 99
3 56 53
18 43 3
15 91 74
18 29 81
73 53 35
1 64 55
33 1 92
14 4 42
40 12 87
19 21 9
11 7 5
74 23 13
44 80 78
99 73 38
40 30 4
58 24 79
100 3 83
20 65 64
53 64 67
78 44 43
7 50 36
17 65 88
48 94 85
11 74 57
54 73 55
1 32 46
26 81 8
11 33 55
4 37 32
9 31 1
85 41 37
61 48 46
88 3 66
62 64 50
95 22 24
61 29 44
77 32 12
37 92 6
92 49 72
11 39 54
6 32 77
54 64 57
51 9 35
10 34 64
78 1 41
49 95 23
87 66 16
4 49 70
44 87 93
35 31 47
100 38 32
12 77 86
9 28 10
93 89 33
77 22 81
25 9 76
8 63 23
65 52 54
77 38 51
11 28 66
28 47 15
17 100 18
28 20 64
92 33 11
55 100 5
100 84 9
52 8 59
25 13 23
58 35 25
3 86 65
21 69 1
85 12 93
62 40 51
30 57 4
19 46 92
1 72 41
42 60 29
64 7 79
80 72 17
49 64 65
62 31 88
29 73 1
95 46 82
22 31 58
74 81 60
93 76 21
76 35 9
37 51 86
64 73 46
80 34 72
84 68 17
61 40 88
42 10 78
50 43 24
88 45 84
100 47 68
52 67 48
26 22 16
47 63 43
65 74 88
84 100 8
81 14 93
33 22 79
71 87 64
49 42 47
63 39 79
31 82 68
63 28 24
44 82 75
58 86 65
18 56 60
27 4 36
54 4 26
34 33 34
67 2 72
60 52 7
66 80 96
52 47 50
81 50 68
66 4 85
90 72 70
12 24 60
60 23 61
2 4 67
56 78 3
77 38 77
77 42 51
42 65 32
65 99 62
33 44 56
90 57 75
13 36 14
88 48 17
79 85 20
70 58 74
51 78 100
91 62 38
19 19 44
56 2 94
42 51 50
30 55 46
60 35 66
97 75 74
86 85 69
47 48 36
78 9 100
42 70 20
10 62 15
11 66 81
79 45 43
68 69 11
22 15 47
54 79 53
90 10 95
71 95 21
70 87 72
59 72 34
66 89 48
47 14 36
53 9 22
44 72 32
76 1 91
63 30 57
15 49 68
43 55 6
93 90 14
73 16 23
2 18 5
56 57 15
72 6 55
47 64 32
30 46 94
49 93 46
43 30 49
39 39 100
81 89 38
58 10 45
62 37 47
83 59 39
97 64 48
89 35 45
5 88 74
96 3 9
25 68 67
79 73 2
54 60 3
38 36 72
39 44 61
76 4 85
22 38 40
54 34 86
82 13 66
41 81 83
62 71 22
84 18 59
46 48 88
93 43 35
52 32 58
23 10 28
55 43 29
39 47 99
64 17 88
82 12 42
95 36 33
20 99 51
13 50 91
6 12 34
71 23 43
22 88 15
91 39 60
61 50 73
43 66 60
42 49 91
82 16 21
9 34 31
68 24 23
13 46 26
49 98 53
50 61 19
5 60 16
87 92 33
100 1 85
48 19 23
34 67 48
7 83 60
73 6 68
83 40 87
94 88 38
30 31 48
38 91 2
78 17 15
83 42 46
83 42 6
63 54 63
10 93 68
37 7 43
93 94 40
43 44 96
52 28 27
5 5 9
3 94 57
12 98 61
74 7 63
60 68 99
58 1 46
35 3 21
71 78 35
58 77 85
45 10 61
69 41 26
64 16 83
94 55 46
93 31 48
59 48 36
60 19 8
76 40 41
25 73 2
16 47 85
7 70 36
78 11 32
62 9 95
40 11 36
57 90 86
58 84 18
3 66 56
1 74 46
26 98 27
95 69 89
99 74 30
33 70 47
68 58 37
86 99 90
33 87 92
40 1 92
70 25 76
46 46 91
3 85 38
80 7 56
80 35 43
53 57 1
96 84 96
33 40 34
21 79 81
1 1 6
69 18 79
24 52 13
77 38 12
15 30 38
9 74 12
96 88 58
34 99 34
5 95 21
26 27 43
13 12 73
57 51 99
36 56 66
84 5 78
80 96 97
51 37 17
22 39 97
16 56 9
20 50 40
38 28 84
94 60 84
45 68 75
30 94 47
80 97 24
30 95 76
63 99 72
22 28 18
23 31 85
6 82 33
67 71 95
22 2 70
73 78 95
82 20 57
4 20 51
46 51 93
74 3 43
29 66 39
60 55 42
12 48 91
50 11 91
3 23 28
2 6 49
72 41 93
55 85 88
92 22 66
51 88 11
98 82 65
71 33 69
74 73 38
6 41 6
43 83 78
62 64 32
97 67 31
19 14 50
17 97 63
70 77 70
73 62 33
74 64 50
54 48 26
66 77 51
95 56 25
8 96 35
27 23 52
5 71 22
65 20 11
94 50 37
100 22 35
93 52 43
81 73 17
87 84 9
25 95 80
49 60 23
98 73 85
79 100 52
44 29 5
95 14 41
55 4 32
100 62 12
96 6 93
52 86 65
100 51 89
58 79 61
32 45 27
14 97 96
33 47 12
62 81 97
3 4 65
89 52 3
19 36 82
90 31 51
52 91 47
18 93 47
33 83 79
5 70 57
1 25 95
53 41 33
81 96 19
81 35 29
46 8 53
27 35 43
95 37 92
17 60 81
95 99 50
48 52 28
57 100 83
41 64 69
31 95 21
23 38 82
91 60 21
86 90 69
91 89 93
40 31 41
50 98 7
65 53 25
22 7 61
10 21 83
55 43 98
91 66 96
6 56 76
60 26 85
96 19 23
67 98 29
33 62 12
51 83 100
29 26 55
81 56 100
65 26 89
69 81 39
11 57 36
22 3 79
46 6 14
58 51 49
2 26 85
35 1 68
25 15 20
61 90 64
68 25 35
4 67 34
26 4 1
11 99 73
75 95 5
46 55 70
64 94 85
28 41 30
79 72 86
8 94 69
79 78 76
93 27 95
36 95 19
64 67 31
83 52 71
99 41 91
60 87 86
92 26 46
47 70 75
26 23 63
7 99 20
64 53 96
89 65 77
50 98 79
59 28 23
30 1 51
14 100 35
61 20 65
54 3 97
94 47 40
67 64 48
36 87 86
69 93 46
96 9 79
71 67 89
10 2 41
65 95 3
34 83 80
52 66 83
71 98 21
94 94 50
58 35 21
54 22 23
38 88 34
59 34 82
15 81 13
100 14 38
70 36 38
73 72 70
66 51 68
18 14 6
91 29 54
95 44 78
35 62 86
75 16 27
28 77 86
81 35 43
50 41 36
92 8 22
90 30 48
74 32 74
45 13 22
12 65 20
54 5 79
19 84 66
45 4 30
1 29 100
97 67 30
80 15 51
37 61 21
54 10 43
24 47 70
23 63 10
33 31 1
57 20 82
11 64 75
79 61 54
1 45 21
59 72 57
90 33 91
31 40 91
85 79 95
74 62 65
22 15 32
78 60 25
87 54 22
32 80 25
97 92 55
90 94 69
68 87 49
92 10 54
27 30 85
1 94 51
70 75 17
25 67 6
3 35 53
49 41 90
74 30 90
74 63 7
2 41 1
51 2 49
21 33 55
78 93 4
61 60 61
37 64 20
60 84 5
17 77 17
90 8 60
79 93 86
96 83 22
76 72 65
52 19 3
25 35 83
3 61 8
63 73 48
52 93 90
4 68 37
31 96 95
100 4 37
98 88 20
57 88 30
62 57 36
94 78 28
44 57 70
71 93 90
20 77 48
93 3 44
31 18 59
35 21 19
15 34 50
34 79 25
56 18 10
34 89 11
4 77 42
94 53 97
81 98 3
33 46 68
21 97 35
83 55 74
90 84 60
79 36 68
3 24 78
33 83 52
41 96 79
83 82 26
12 3 5
18 23 21
25 2 72
4 88 40
64 95 16
13 22 81
55 10 24
73 98 22
24 99 75
71 84 10
71 47 92
20 64 11
19 23 79
57 99 70
18 31 89
63 82 50
96 17 32
35 86 6
14 63 53
33 100 54
99 70 20
75 97 100
74 23 56
51 89 42
41 15 49
83 33 74
99 53 61
40 36 12
57 79 59
1 5 52
49 44 95
71 25 21
90 80 71
76 95 13
54 100 45
48 77 62
17 48 32
18 57 67
51 72 62
13 80 71
70 8 18
96 17 94
61 15 68
48 10 43
78 13 83
21 48 1
60 55 85
38 12 88
8 15 70
47 15 67
7 24 9
19 94 87
52 19 10
16 91 33
76 14 55
90 74 65
22 20 30
79 95 19
1 62 40
31 83 13
89 90 74
72 47 46
12 92 6
89 29 19
96 87 36
68 28 23
6 36 50
67 75 87
39 100 29
57 93 62
85 12 85
12 11 38
33 12 14
40 57 48
38 45 21
28 77 82
60 70 46
69 27 56
20 31 20
76 81 80
41 76 9
87 15 41
68 84 95
93 83 45
36 45 98
23 80 63
95 53 83
16 29 96
7 5 13
82 11 85
40 16 13
90 68 55
20 50 58
71 93 26
6 97 7
17 5 63
85 93 87
62 26 50
64 60 9
28 64 1
53 66 98
37 26 30
58 40 88
60 13 16
31 73 58
58 75 11
87 22 61
46 70 65
99 28 71
3 41 77
27 39 53
42 11 69
74 7 78
12 63 71
12 23 22
64 58 68
77 15 6
56 66 22
13 40 2
88 46 32
30 47 36
69 50 85
53 35 16
84 100 24
83 47 85
25 83 45
80 67 55
42 51 82
69 52 95
63 34 1
98 28 83
19 9 29
96 44 66
38 69 94
74 62 37
30 17 12
57 38 55
91 48 88
65 19 9
38 47 85
92 36 86
34 74 92
10 46 89
57 87 69
82 2 82
55 82 32
7 3 39
4 1 49
27 50 41
50 85 1
69 8 54
44 70 26
45 58 82
1 55 99
91 94 40
61 78 21
90 79 10
34 92 46
68 74 47
47 90 12
10 50 11
54 89 57
17 65 1
82 61 8
48 43 97
88 65 31
84 92 11
86 62 92
41 91 6
88 11 93
50 8 44
11 2 88
35 24 7
86 34 69
24 97 95
7 21 29
24 3 43
60 11 36
36 74 51
33 89 72
26 5 35
3 3 60
54 70 40
16 48 82
99 62 74
48 27 66
54 32 41
36 32 50
67 55 88
78 72 67
28 35 83
75 34 51
16 97 83
91 59 13
72 95 27
67 36 68
9 41 85
58 70 75
39 22 29
61 41 1
41 45 7
57 99 69
13 100 35
32 51 94
40 52 39
45 51 69
26 9 19
58 33 73
99 92 85
33 45 53
97 26 72
82 26 74
48 93 90
3 44 100
18 16 54
98 59 78
77 10 7
1 52 54
2 38 33
70 12 72
46 10 23
72 58 62
10 37 77
91 92 73
22 82 42
46 79 8
29 64 36
83 88 58
25 9 10
56 83 28
96 85 86
14 34 73
47 36 47
73 31 4
38 64 87
88 77 33
12 47 85
44 26 58
47 85 46
5 14 64
2 89 37
23 58 47
4 12 30
56 38 94
40 10 28
42 74 1
11 94 41
2 75 72
37 32 85
60 94 4
88 87 92
55 48 14
1 33 38
11 73 49
10 40 1
74 45 5
29 27 13
78 24 43
62 64 90
81 65 12
98 68 11
62 90 64
52 92 89
75 14 93
23 98 56
100 14 42
69 49 86
89 58 57
75 58 72
26 24 56
93 100 3
23 80 7
6 22 28
93 3 13
81 54 84
84 40 50
72 48 91
49 70 75
55 56 84
58 75 57
8 18 13
33 76 7
29 74 51
76 44 76
97 97 22
46 92 87
5 67 90
13 8 28
81 36 67
35 94 15
8 10 97
6 97 23
74 26 55
63 49 17
13 54 60
40 95 23
64 63 54
42 73 1
73 94 99
37 87 26
20 77 90
69 76 80
51 91 2
95 51 85
66 5 18
93 40 77
19 98 5
49 29 3
37 59 97
33 50 48
39 11 57
48 44 76
94 57 94
24 58 2
38 42 77
39 83 56
96 71 96
80 72 69
33 67 74
14 5 9
74 52 96
9 88 37
98 68 2
19 15 82
78 67 33
23 36 33
32 93 14
7 93 99
57 95 13
23 82 11
54 91 6
12 17 2
69 60 25
18 76 98
2 22 78
49 4 77
66 94 90
30 50 82
88 50 46
10 49 82
24 98 95
2 2 67
51 53 8
67 29 7
54 12 64
98 9 60
67 36 34
8 80 56
63 65 88
53 79 18
4 20 58
50 83 81
35 62 4
9 16 18
77 94 12
40 53 66
34 81 13
91 6 42
32 79 13
65 70 14
13 18 45
82 34 70
9 74 51
75 35 84
54 7 98
99 3 54
11 18 22
54 45 96
69 12 93
12 9 44
71 77 51
11 78 84
79 83 45
60 18 44
37 8 97
38 9 53
29 10 25
56 76 19
15 99 15
51 54 96
94 10 22
94 99 77
27 56 28
80 45 78
65 11 90
25 17 58
61 61 97
50 99 62
27 85 70
38 58 93
33 25 44
33 94 77
18 55 99
69 76 18
27 4 20
42 82 85
15 34 51
46 11 87
51 62 41
98 75 20
62 17 2
38 54 19
4 60 52
53 54 24
4 21 5
67 52 83
70 91 65
62 69 68
50 18 59
28 98 5
4 7 100
64 12 65
95 21 23
67 33 55
81 85 88
51 89 14
5 77 64
16 78 16
87 41 30
76 74 73
16 32 15
51 18 45
65 97 24
87 89 4
49 37 33
54 47 26
9 100 28
90 82 55
58 36 4
11 20 67
54 12 26
1 45 22
68 30 4
78 20 40
27 56 8
88 38 46
89 63 16
13 7 23
66 28 5
18 71 24
47 21 56
1 13 81
54 49 68
97 16 63
8 57 82
31 44 53
48 2 26
53 60 3
32 97 83
41 97 59
55 68 90
35 50 12
98 35 3
100 42 47
84 93 34
37 65 94
55 52 60
7 38 75
93 31 41
64 6 46
17 49 42
52 31 4
22 76 78
86 29 8
97 91 55
61 81 3
2 55 14
10 25 78
18 89 6
75 18 79
66 51 57
47 46 6
62 28 52
81 80 3
34 2 1
42 5 13
89 33 14
67 8 19
38 34 20
85 46 64
60 28 39
21 77 6
14 24 84
40 38 89
99 3 13
30 97 39
70 70 37
81 15 70
56 12 74
7 22 16
44 76 23
66 24 8
91 97 25
78 36 17
28 18 66
66 91 68
41 31 87
47 58 88
40 24 96
22 1 64
7 48 65
45 44 95
33 52 63
39 59 66
67 26 30
3 68 69
22 1 70
79 49 6
34 41 94
21 26 55
55 68 50
50 91 72
23 22 63
5 100 52
39 98 44
50 42 50
95 78 13
34 2 99
54 52 23
84 70 12
10 3 63
55 10 81
83 85 34
65 66 44
47 76 44
99 29 56
14 30 68
34 88 14
96 79 19
75 22 54
88 45 24
82 26 40
87 48 26
86 86 42
38 27 43
85 88 86
29 96 35
22 86 82
40 57 36
46 74 42
8 96 29
28 17 93
24 65 69
60 13 79
25 82 58
53 9 59
100 78 43
13 72 11
40 50 69
71 54 98
18 60 43
96 18 54
16 24 29
45 84 63
48 63 54
52 69 34
8 4 58
83 21 7
22 47 64
92 11 41
13 84 53
69 66 56
54 87 30
13 13 45
83 11 89
65 71 59
34 88 31
76 75 46
91 86 62
9 47 33
98 44 19
81 71 98
65 86 90
42 88 4
44 67 82
64 94 99
30 68 70
31 78 81
6 2 82
90 20 73
76 22 95
24 76 8
96 14 55
78 57 2
37 99 91
48 94 2
66 26 49
33 5 100
26 11 77
7 58 34
93 79 80
63 72 57
84 77 70
46 38 11
34 56 81
28 12 82
86 92 93
70 90 51
51 35 3
77 49 87
26 35 78
84 56 25
89 61 52
27 75 46
16 4 38
73 90 2
58 58 2
18 65 1
88 4 94
57 7 97
47 31 90
99 75 58
37 76 56
31 88 26
30 67 50
67 76 83
81 86 72
13 87 58
81 2 11
82 99 4
12 4 88
41 67 58
18 60 81
24 28 21
83 1 33
43 50 40
7 18 78
32 96 100
5 74 33
75 6 90
39 11 32
11 17 74
80 21 10
78 76 24
70 52 79
5 20 14
23 41 73
7 49 82
16 32 33
86 76 54
60 87 94
80 38 41
28 43 63
37 84 19
26 33 2
65 5 84
71 83 95
43 73 40
48 15 11
67 4 26
98 73 58
43 26 57
66 71 66
61 62 12
17 3 59
96 37 72
35 52 76
1 58 46
47 71 39
58 36 30
47 10 63
94 13 29
13 49 88
48 63 29
28 91 62
26 36 90
54 23 45
49 43 63
78 37 87
92 17 69
94 25 44
14 68 73
10 81 21
88 67 88
97 63 61
7 80 78
86 98 81
20 67 93
85 85 91
45 80 22
6 37 33
84 97 61
33 13 83
6 2 46
20 75 49
17 43 98
62 12 62
61 5 16
34 54 27
61 27 54
96 10 98
100 21 53
36 9 27
69 64 87
10 71 44
85 65 1
41 4 15
46 5 52
28 64 34
10 21 3
75 93 4
37 80 10
81 5 54
94 80 56
35 38 14
63 99 91
56 70 46
10 3 81
68 66 76
64 92 26
70 15 64
63 48 1
71 43 96
64 51 37
29 45 79
69 40 30
37 33 82
22 72 46
43 58 73
99 25 13
74 62 34
77 67 75
28 99 2
14 38 46
60 84 96
45 64 55
33 5 10
67 75 49
41 76 13
81 100 13
100 53 27
50 8 18
15 28 13
90 89 74
69 39 9
5 37 91
90 70 72
28 50 86
80 22 84
52 35 45
54 87 69
89 9 23
69 25 35
94 89 99
100 47 11
83 32 85
74 90 85
17 98 45
16 81 8
95 91 15
97 25 29
31 26 58
76 75 94
26 67 57
50 22 27
73 3 59
43 5 81
13 95 19
77 52 78
59 68 11
90 17 12
41 35 97
42 27 7
93 72 85
13 62 64
17 86 41
87 59 96
63 64 73
86 54 3
16 74 93
69 65 41
90 38 33
39 52 27
40 31 20
90 42 92
92 33 62
64 66 96
59 89 40
28 96 19
53 2 89
23 56 84
43 51 41
17 48 70
64 87 11
78 2 64
18 20 41
85 5 60
34 100 23
28 76 3
100 95 23
65 94 57
91 24 97
92 92 67
31 12 55
21 29 80
81 90 85
17 15 50
76 58 50
7 65 77
16 81 98
38 52 35
67 48 64
55 57 20
28 35 79
82 70 33
56 94 46
23 76 84
53 74 90
91 29 66
23 10 3
65 65 36
79 26 85
80 64 87
82 42 30
94 26 20
57 42 57
71 14 94
51 5 54
100 87 94
85 35 13
90 41 70
19 62 47
72 40 26
57 52 54
58 77 38
38 58 51
97 8 3
27 74 70
79 71 13
27 14 37
12 45 9
37 36 6
78 100 29
20 36 11
63 100 7
5 48 11
31 65 91
59 87 30
63 90 31
52 28 23
95 30 40
32 44 80
68 25 98
81 42 57
54 74 34
50 17 34
1 78 80
10 31 26
11 25 53
22 98 23
35 70 86
68 76 7
52 25 39
55 34 46
30 13 44
78 95 96
78 49 82
34 35 24
40 81 16
23 4 47
63 38 49
13 94 40
13 59 44
44 82 62
24 28 54
48 57 68
4 75 46
43 87 46
36 5 56
92 38 69
38 53 63
23 25 27
87 13 95
51 32 42
43 92 32
63 30 88
18 65 12
64 46 62
26 86 92
26 58 99
29 91 33
1 12 86
95 85 12
46 66 60
81 15 87
14 48 68
85 100 53
93 48 33
85 87 73
38 55 40
3 79 28
96 86 1
26 52 7
18 46 68
49 68 89
84 49 69
26 51 94
34 24 66
11 45 95
90 35 13
75 34 32
21 65 89
17 21 71
76 24 9
51 56 23
22 2 36
31 44 45
94 45 63
47 10 81
56 47 14
73 82 36
36 11 4
74 77 46
14 88 20
70 26 30
55 64 4
80 93 75
58 33 62
78 99 15
59 92 49
53 46 33
82 2 32
92 7 76
60 33 82
17 58 69
61 17 42
100 99 41
27 68 94
4 49 51
23 3 100
59 68 93
95 46 85
6 88 17
4 13 54
6 32 86
65 43 24
49 78 43
93 28 81
2 23 71
6 6 31
10 53 39
10 76 97
26 87 69
24 24 27
14 62 34
22 29 78
70 69 2
31 13 35
70 79 3
75 94 40
39 55 2
72 65 77
59 52 100
90 48 1
36 99 82
22 8 96
16 19 29
49 89 68
92 92 2
3 63 19
72 88 64
52 93 17
56 68 74
65 33 30
12 16 96
27 16 95
52 6 38
15 60 45
64 18 79
59 55 65
38 4 75
36 100 96
9 9 45
24 89 33
56 11 64
59 36 38
21 55 20
62 7 81
26 88 26
98 96 23
68 49 70
83 13 27
45 89 30
59 21 10
45 24 35
72 37 14
47 57 88
81 11 14
12 71 10
83 59 52
57 22 56
92 65 72
34 10 13
66 51 73
3 55 77
67 87 20
73 98 76
63 13 10
19 86 32
46 14 36
5 30 50
-4
+5
-6
+8
+10
-12
-14
-15
+18
+19
+21
+24
-26
+28
+29
-30
-32
-34
+35
-36
+39
-40
-41
-42
+45
-46
-48
-49
-50
-51
+53
+54
+56
+61
-62
-68
-69
+71
-72
-73
-75
+76
+78
+79
+83
-85
-86
-87
-91
-92
-94
+96
+97
