100 10000 51
9 8 98
98 24 13
41 41 82
8 6 25
38 53 31
75 73 59
4 26 11
47 84 41
9 24 94
13 23 49
67 76 80
51 33 87
22 59 89
67 41 44
90 14 84
4 2 49
34 51 17
44 60 36
91 74 54
27 27 71
84 49 31
68 67 37
62 78 53
11 40 32
59 13 12
86 42 13
24 56 84
35 97 31
89 80 38
31 56 36
4 31 46
5 64 51
54 87 30
81 99 87
98 8 17
33 22 45
67 28 1
59 80 30
51 78 43
60 50 60
98 30 61
100 90 97
16 70 67
52 38 93
89 17 45
66 14 45
85 85 43
18 42 76
39 84 51
84 11 31
98 13 37
3 43 99
58 52 23
17 79 13
82 95 22
82 33 38
33 20 88
63 13 76
64 44 32
50 42 77
85 2 53
18 26 18
39 82 51
75 61 96
52 64 28
70 42 90
24 54 55
65 24 10
81 81 21
35 17 72
87 33 26
79 89 90
51 89 77
88 31 49
14 11 13
1 53 2
48 3 83
15 79 24
93 71 83
98 21 29
94 100 21
50 7 67
61 72 6
95 8 4
68 3 21
97 38 30
51 59 23
84 98 84
60 44 60
37 62 8
99 3 100
30 53 68
71 31 59
41 94 89
55 7 96
1 100 62
78 42 13
99 90 46
94 33 37
91 53 37
39 50 34
51 87 10
17 52 9
81 69 17
17 42 85
16 1 100
28 30 70
26 69 32
79 42 37
6 36 91
58 81 62
20 73 77
76 41 100
19 3 71
25 38 30
91 80 12
13 6 95
82 19 100
34 97 77
84 40 22
98 91 81
54 54 72
81 87 43
45 57 96
56 22 88
79 68 15
46 64 35
10 3 32
26 68 52
84 62 17
83 99 7
15 13 49
79 14 54
78 31 63
83 70 10
68 4 14
74 91 50
84 45 65
56 53 90
96 80 46
54 67 90
92 94 46
56 49 43
89 41 16
57 82 91
19 68 31
5 40 71
53 47 81
48 39 36
92 63 33
30 65 29
58 13 10
94 42 12
17 40 19
20 96 38
27 42 96
94 57 26
83 40 100
84 19 84
9 65 39
45 50 8
18 54 29
21 82 81
67 47 27
76 27 100
51 22 88
60 16 58
56 18 89
48 6 60
89 35 54
83 62 50
93 59 30
53 47 35
79 12 30
71 82 3
38 51 29
40 35 20
27 24 13
65 91 81
35 14 27
83 9 43
54 42 75
38 87 12
95 71 58
14 98 16
46 90 15
43 82 1
2 64 55
49 12 85
76 85 48
58 38 76
61 13 68
48 75 13
72 31 10
89 59 85
61 47 56
18 75 85
62 33 5
8 46 52
77 28 88
66 57 15
13 98 1
17 64 62
95 86 82
53 64 28
68 45 58
39 2 96
91 16 74
45 86 65
67 8 83
74 21 62
71 80 18
32 24 30
9 48 87
33 43 73
68 48 79
37 68 26
34 68 70
33 83 91
31 20 60
90 18 49
86 17 54
17 34 100
13 45 83
82 31 37
15 84 74
87 32 74
14 98 72
45 14 6
2 21 27
94 64 51
43 92 21
97 44 74
45 24 33
13 13 18
33 7 42
53 14 62
52 50 81
62 10 9
62 98 35
58 46 53
28 42 9
63 75 70
95 96 87
41 72 95
89 6 98
82 34 25
8 25 8
61 45 88
84 52 2
75 40 1
48 71 65
61 23 12
44 50 25
42 6 8
94 82 62
67 1 36
95 88 25
65 57 2
84 99 78
90 98 1
12 32 28
96 31 24
71 83 47
37 3 16
29 94 24
89 84 44
70 76 24
25 34 44
19 54 16
41 15 49
95 5 66
31 17 1
72 77 49
49 86 100
1 69 45
94 76 2
27 85 79
56 18 70
72 45 71
29 62 20
75 59 89
71 40 1
38 53 97
42 32 64
14 7 80
51 43 76
96 30 37
94 38 49
9 13 7
41 73 15
37 24 70
43 86 72
44 25 16
88 4 40
50 10 23
70 22 36
86 67 79
65 4 98
31 43 67
63 70 61
58 50 86
64 84 44
29 99 53
42 27 92
42 9 94
4 44 45
10 35 16
68 15 79
81 68 30
37 75 79
18 13 37
96 7 13
40 59 10
68 77 13
22 37 96
18 89 80
2 36 64
40 38 57
95 8 4
52 37 93
70 75 46
69 99 57
51 50 55
80 1 51
28 66 46
62 74 82
48 79 18
68 26 80
46 40 55
21 59 94
72 43 46
85 8 3
83 91 36
86 22 34
36 94 80
60 69 58
83 71 88
9 64 88
68 75 10
91 22 54
78 27 62
83 28 16
33 47 14
37 34 95
48 100 14
70 80 66
70 49 73
28 18 87
52 54 14
72 67 89
39 81 22
86 98 25
76 12 85
100 20 28
91 72 98
42 86 95
7 74 69
16 80 15
67 76 38
99 47 36
7 49 42
96 38 76
79 6 45
30 5 61
25 75 26
29 26 66
44 76 48
99 11 96
38 59 93
93 2 42
82 59 57
39 92 98
95 30 2
80 32 98
22 91 74
75 13 93
26 71 58
56 78 70
80 69 74
33 31 7
64 7 43
45 92 25
98 34 86
90 65 22
85 97 61
93 44 83
77 17 47
95 17 69
12 63 10
75 15 33
2 78 70
49 7 78
34 80 9
29 31 53
7 13 5
29 1 41
87 48 70
77 27 8
78 48 89
6 86 17
40 92 71
24 54 17
81 75 80
4 20 47
24 61 13
39 23 94
46 89 73
77 70 30
38 69 100
62 49 59
38 79 24
84 47 20
22 74 86
87 27 25
31 14 34
82 53 52
24 83 71
48 1 29
48 89 96
55 65 8
56 9 30
40 4 51
84 5 53
88 45 16
29 12 85
50 14 3
16 50 72
50 22 50
61 42 89
80 76 49
1 29 65
5 51 56
11 21 40
65 25 39
55 80 67
8 95 4
72 42 99
5 22 91
61 16 100
40 60 39
1 31 46
78 8 29
22 90 97
37 99 24
86 44 84
38 48 59
90 31 26
36 65 58
25 16 84
82 67 7
73 58 100
68 17 92
22 73 61
50 23 37
95 58 86
90 93 66
43 21 51
66 89 59
100 77 15
96 92 21
95 71 35
8 15 11
87 78 77
66 65 20
86 13 63
38 90 31
18 68 38
38 66 75
13 28 92
39 85 57
63 63 5
79 9 70
21 66 13
61 42 66
18 20 65
25 85 10
42 10 53
2 23 68
99 81 32
48 91 44
75 97 63
65 73 12
29 70 57
30 22 82
79 77 31
56 20 86
48 34 44
22 84 74
96 23 68
53 56 8
25 28 1
48 81 60
65 70 67
59 56 1
82 19 50
10 89 68
15 15 42
9 17 36
12 15 53
82 57 59
28 88 47
30 4 82
21 86 55
19 92 69
32 40 50
73 68 94
11 69 51
69 54 17
20 59 57
36 66 23
63 93 70
98 93 5
72 99 42
36 85 97
74 68 24
82 48 75
83 64 58
27 84 72
36 21 74
68 45 86
74 99 33
34 49 80
3 20 25
2 66 63
58 73 30
56 22 86
33 68 97
72 35 51
93 11 30
14 73 33
7 58 29
55 3 34
36 72 16
66 56 64
52 17 25
4 66 53
9 87 33
38 33 48
81 48 61
24 17 20
30 41 8
12 64 8
53 54 55
76 65 16
91 72 83
11 59 76
55 8 35
92 48 67
26 86 95
19 40 71
67 97 90
62 76 11
16 22 91
85 98 56
63 12 75
17 73 7
84 15 75
17 88 6
52 48 31
82 35 91
88 8 54
43 90 66
43 28 39
76 81 45
10 16 21
55 7 23
34 33 23
37 25 81
80 66 31
64 38 97
26 52 30
29 15 24
68 86 72
97 45 36
87 97 73
55 42 9
7 49 63
69 97 26
99 94 2
86 68 2
94 49 10
63 66 42
26 41 60
21 39 58
65 2 5
87 100 17
75 28 100
36 66 31
19 46 79
43 16 60
94 2 33
14 89 15
42 79 7
51 53 76
45 40 28
30 36 47
96 12 61
12 21 20
27 42 7
75 95 17
64 44 55
51 85 76
92 14 95
78 87 70
36 68 80
39 40 3
75 100 71
2 8 74
13 8 41
4 61 73
80 58 39
64 65 83
30 63 7
66 13 85
42 51 34
18 71 40
23 89 66
86 71 86
94 69 88
22 13 15
12 26 77
4 66 5
76 99 26
45 65 44
100 51 50
2 27 54
45 20 86
50 45 44
58 58 95
1 99 48
43 11 67
34 39 72
59 20 29
94 100 41
87 97 13
83 82 95
52 89 11
87 99 7
67 70 2
14 23 80
66 89 23
66 45 51
26 66 2
89 67 43
64 52 76
8 54 74
89 41 98
32 9 94
56 90 31
75 6 21
67 8 50
7 97 42
79 26 87
29 85 53
36 56 19
36 11 2
98 94 96
59 71 14
74 15 80
10 45 41
60 89 96
31 85 37
21 34 3
49 28 92
20 68 43
44 77 52
9 65 1
98 58 47
35 78 77
80 58 36
69 50 40
16 60 86
11 6 16
51 14 41
12 25 92
29 100 25
4 31 23
1 82 56
2 13 85
21 51 69
41 43 61
57 67 48
75 11 94
35 42 94
49 92 51
24 30 38
58 84 25
26 89 18
25 45 28
53 75 85
56 65 25
84 23 11
67 7 11
73 77 15
73 85 78
39 60 4
73 21 39
26 69 8
4 89 80
17 25 64
34 19 17
15 59 24
46 46 87
52 6 41
98 28 56
27 46 23
43 40 1
2 50 47
99 70 5
79 35 22
28 45 95
54 9 18
21 1 91
84 77 49
10 78 52
52 63 76
30 78 5
44 51 25
37 58 45
75 5 61
44 33 85
28 16 44
38 28 47
94 19 28
78 66 87
4 64 17
91 27 62
4 47 91
8 52 43
86 84 21
15 20 3
42 64 72
41 47 39
14 58 35
14 45 39
92 98 58
37 19 62
68 71 50
8 88 65
30 82 44
79 64 95
35 57 80
20 71 36
52 45 88
89 46 12
100 96 42
51 55 25
15 19 64
87 51 55
17 75 85
27 91 62
14 3 91
7 62 82
17 99 70
19 69 14
10 100 27
94 53 73
45 80 61
79 46 68
89 59 42
32 80 52
16 81 41
89 26 66
31 10 78
38 56 92
76 1 91
98 52 79
46 69 35
33 72 91
72 86 36
99 11 15
6 40 81
69 49 7
5 52 5
26 1 44
83 7 43
79 97 75
72 78 33
46 82 62
83 5 70
58 49 89
8 77 49
92 41 28
56 32 95
51 22 39
71 16 36
5 63 49
98 32 3
61 34 41
94 66 12
52 25 34
80 9 49
55 20 8
49 31 79
15 39 44
39 55 34
34 40 29
83 61 11
4 35 4
87 64 3
52 75 42
45 88 29
59 54 71
73 63 49
58 42 13
87 24 70
3 30 48
43 62 98
94 31 97
17 70 89
52 27 98
60 80 79
9 75 7
58 39 44
34 48 11
35 64 29
97 27 84
6 4 19
52 9 42
95 54 34
62 48 97
13 64 92
77 97 33
41 20 27
52 58 95
46 81 92
98 60 25
62 76 42
57 35 34
73 5 30
93 99 68
59 3 51
95 29 34
3 84 65
18 96 59
17 46 30
71 76 67
36 18 96
54 50 21
26 88 84
63 65 36
31 89 70
26 42 33
1 5 30
47 40 25
18 47 71
61 1 55
26 82 32
89 86 39
28 30 67
62 90 76
74 72 16
57 17 34
91 47 60
86 68 23
80 20 92
65 13 7
10 6 8
25 70 89
95 90 38
87 94 52
88 59 79
84 25 72
4 11 75
69 75 97
5 49 78
36 51 60
62 54 35
37 86 4
77 57 15
79 20 27
2 88 47
71 86 1
2 14 20
70 51 35
13 16 86
85 91 34
27 11 46
45 90 43
53 11 75
79 21 82
71 23 37
71 80 12
59 62 55
18 7 99
18 50 71
70 61 59
21 38 73
1 31 53
35 61 73
19 90 76
48 42 10
39 13 31
69 96 33
63 64 41
41 70 57
58 68 7
14 79 76
33 78 68
11 91 27
54 51 40
90 57 61
95 41 58
39 54 20
81 37 85
6 36 71
10 61 26
43 57 59
15 3 72
5 71 3
60 71 69
8 27 100
70 80 93
86 73 11
51 93 73
54 39 44
26 60 62
99 28 91
83 34 54
27 10 67
45 1 32
40 10 68
8 92 39
43 16 72
84 66 24
32 47 58
2 8 86
33 99 18
90 40 47
76 26 67
19 15 24
3 52 15
67 2 18
10 78 30
23 5 96
75 8 4
8 87 57
6 39 45
2 100 35
96 100 88
50 40 25
22 64 54
65 71 35
84 28 55
25 28 44
92 94 2
55 32 55
76 53 77
81 28 25
52 87 67
1 18 67
74 33 31
50 5 26
49 20 54
28 37 63
84 23 79
62 99 13
26 27 28
83 45 29
38 100 92
6 58 83
37 86 71
8 23 77
48 24 26
87 75 57
80 40 3
37 57 70
75 1 88
41 55 25
73 61 38
92 70 79
97 2 12
5 84 35
20 55 51
8 11 10
49 30 68
9 98 14
82 24 38
55 8 20
35 1 28
68 78 48
93 40 98
94 84 83
67 13 49
75 89 48
4 62 84
4 3 51
60 77 52
23 15 75
51 64 69
70 83 27
13 40 20
50 24 68
96 62 56
92 92 19
14 99 10
84 2 13
98 89 13
70 34 19
65 51 22
28 2 70
49 71 54
86 17 83
92 1 91
73 80 5
36 43 68
49 71 54
91 57 49
3 64 14
60 54 47
49 42 24
56 40 20
3 14 69
12 90 63
88 3 25
21 57 49
8 56 44
56 33 93
72 33 85
80 77 80
5 31 13
54 2 24
3 74 14
78 29 1
50 68 76
97 45 27
2 71 81
51 32 35
10 68 99
79 51 86
64 9 73
92 62 95
99 1 34
44 32 50
99 87 63
44 7 94
34 4 58
77 29 65
17 75 2
94 62 35
74 43 5
45 89 33
22 71 84
51 52 11
11 15 53
27 71 28
61 80 24
10 63 76
66 11 94
3 68 52
49 28 21
29 41 19
2 40 72
90 88 58
40 86 17
20 44 27
81 47 98
91 82 36
33 50 25
77 10 78
83 94 61
50 2 77
52 66 7
9 93 97
40 18 59
34 57 66
35 83 72
57 20 54
11 16 29
79 9 78
43 78 15
85 3 82
51 56 55
30 64 74
49 45 69
61 99 73
71 53 49
25 7 18
67 20 82
7 14 95
100 6 60
100 96 52
52 4 72
22 91 29
49 41 84
70 2 57
55 46 10
72 12 5
85 84 60
49 100 39
59 48 63
13 71 82
47 92 69
1 25 19
97 58 71
82 13 12
72 1 45
28 29 82
31 1 62
66 26 48
61 41 36
97 81 6
42 46 31
65 82 95
16 12 18
86 49 18
14 42 96
37 9 15
47 67 61
62 98 71
26 85 97
22 85 89
15 89 11
33 27 36
3 63 66
66 8 32
64 48 10
38 76 87
60 23 93
30 37 63
39 91 19
84 19 54
18 12 59
72 25 62
57 85 42
12 55 1
89 55 28
1 98 72
14 25 39
86 76 53
25 6 92
52 75 52
17 37 70
49 84 71
34 46 87
78 54 17
30 7 33
60 49 94
32 41 4
79 2 61
20 11 75
1 94 99
9 45 84
71 66 2
63 22 27
71 69 3
83 4 14
47 67 33
25 32 83
84 64 55
36 34 92
29 5 26
100 3 44
21 73 53
80 57 9
69 21 81
61 81 86
20 56 55
53 69 100
83 27 62
35 57 46
56 19 65
6 64 8
52 2 96
91 5 66
85 52 77
61 38 68
23 50 92
13 68 53
50 15 43
28 8 34
85 31 38
3 41 83
65 97 99
21 56 72
92 95 98
89 84 51
58 60 83
72 62 81
67 57 73
71 4 81
65 97 11
88 99 53
87 23 9
46 41 54
11 47 25
100 85 89
10 38 30
94 44 98
91 61 48
47 28 40
32 5 42
67 73 79
93 95 92
91 41 84
83 24 49
74 47 22
41 94 2
49 25 100
10 13 80
3 50 62
60 92 86
54 13 77
28 37 73
16 20 17
37 51 20
41 80 77
32 60 17
34 12 97
37 88 60
23 2 42
14 80 2
94 69 39
74 87 70
91 35 58
75 86 47
70 13 59
71 7 52
17 16 21
38 69 45
49 11 63
64 85 78
11 35 58
38 59 42
59 92 83
34 45 22
24 76 46
97 4 56
78 92 21
30 79 59
84 32 29
14 22 1
6 1 50
83 42 31
94 44 82
64 58 88
70 77 94
79 93 5
90 3 1
24 8 86
44 79 13
25 86 64
79 82 22
22 79 94
8 88 19
27 32 36
99 28 34
78 35 55
80 24 70
86 100 58
44 87 2
98 47 88
77 19 40
15 58 28
63 76 97
26 56 88
35 34 65
74 20 39
8 31 26
73 30 53
27 95 41
40 25 22
99 85 42
87 3 40
58 56 100
35 83 88
18 29 56
55 24 66
13 91 36
57 58 41
5 35 86
47 53 23
2 22 25
27 69 35
10 94 67
86 87 53
98 100 36
41 2 33
56 50 71
18 80 49
37 13 38
68 37 31
77 56 36
67 58 8
20 87 76
27 78 73
33 62 72
48 55 62
18 36 51
5 20 69
71 89 70
5 73 77
100 20 58
71 24 26
86 17 51
76 55 54
56 20 84
30 13 94
10 16 6
56 76 89
22 37 79
38 37 76
41 68 52
79 37 66
45 24 11
38 16 29
34 87 75
5 41 40
84 81 51
53 21 41
78 47 45
57 50 100
5 36 40
69 72 20
85 19 41
15 49 52
76 94 68
60 62 21
45 10 52
18 47 28
32 15 37
57 51 29
83 82 34
63 85 43
98 98 58
91 65 4
1 59 11
63 39 40
41 38 90
6 76 97
60 54 62
83 39 16
17 39 34
22 54 69
53 43 52
56 66 90
80 52 85
80 10 59
99 24 18
28 27 71
58 93 68
98 15 30
99 54 81
60 59 93
97 36 82
23 74 20
54 51 1
80 3 74
58 3 83
50 89 5
73 6 20
41 11 85
37 95 69
73 51 95
85 50 14
64 86 4
10 8 88
76 26 59
82 56 55
1 96 48
70 72 95
9 98 45
98 3 65
41 84 51
9 66 89
96 3 62
78 29 8
86 47 14
90 100 65
53 15 59
63 94 13
12 92 54
89 67 99
33 84 74
93 69 47
48 8 64
67 36 14
47 14 20
57 68 76
59 79 80
64 36 4
58 71 17
69 62 58
47 99 15
1 96 79
58 96 31
95 52 89
6 41 39
40 92 34
95 74 3
74 55 34
16 45 50
89 47 27
14 17 32
40 65 62
26 53 89
34 30 63
53 24 93
11 45 88
11 28 83
23 50 25
48 86 65
14 30 15
1 25 44
68 20 36
43 75 87
6 87 38
12 86 98
56 19 25
69 15 79
60 12 24
24 34 17
2 95 64
39 1 14
24 29 56
70 22 65
18 35 44
59 90 99
26 14 81
24 55 92
49 10 48
78 57 77
23 17 69
16 77 15
11 19 83
11 8 91
100 48 85
76 5 90
9 14 92
58 3 82
9 1 84
3 54 3
39 28 51
32 25 16
76 47 14
88 55 71
27 95 58
10 44 91
97 19 27
6 26 67
58 67 9
88 30 57
81 12 18
83 25 14
5 17 4
7 79 76
72 65 47
19 31 96
15 82 21
19 91 55
91 80 9
94 56 44
5 100 86
42 20 1
8 99 70
98 75 94
28 100 25
57 18 11
56 4 60
35 49 57
7 49 52
87 41 47
100 33 24
26 73 99
54 55 17
93 51 72
61 25 3
58 46 63
20 20 65
74 97 90
48 19 60
87 1 60
22 32 6
83 3 41
96 62 84
82 53 73
2 72 35
78 55 40
83 62 98
38 45 50
61 59 53
12 14 16
18 65 3
65 4 71
100 60 98
79 88 3
46 7 12
82 52 46
62 95 3
93 80 48
64 98 22
45 84 29
37 53 7
63 75 26
56 96 68
11 17 29
59 69 82
80 44 60
40 7 52
91 95 4
98 13 5
7 28 22
91 32 58
79 75 96
49 8 34
7 12 97
41 62 36
3 48 59
26 68 37
11 82 20
73 50 58
8 8 65
49 82 44
6 16 36
3 27 98
94 42 48
48 82 72
10 21 62
77 23 46
73 34 92
47 3 83
41 93 2
98 58 81
37 90 43
27 9 66
100 63 23
90 63 15
10 80 37
83 37 24
76 9 7
9 49 9
30 94 13
47 49 15
60 95 55
2 9 63
9 13 37
83 3 100
22 10 68
71 79 96
50 19 58
45 93 85
68 73 96
82 10 94
4 68 24
21 77 70
3 12 10
48 83 16
58 31 70
87 16 44
21 8 1
35 82 62
36 71 86
43 67 15
68 18 96
67 44 64
29 34 17
45 25 100
71 14 91
37 80 78
94 100 98
66 48 52
57 55 21
83 90 49
47 28 54
11 37 70
65 68 70
75 95 27
15 52 11
35 82 21
92 24 52
100 63 53
80 64 88
24 41 58
50 72 32
57 89 38
31 12 93
75 16 51
2 52 99
17 64 56
63 82 51
61 75 48
87 81 91
94 12 33
39 40 8
26 95 17
2 85 9
70 68 67
78 72 54
87 16 64
13 73 31
77 9 42
58 85 24
11 58 27
53 74 8
67 21 28
21 66 5
76 87 94
32 96 78
58 69 34
69 90 2
14 86 28
99 12 68
20 4 35
30 93 38
37 75 38
96 78 46
35 14 82
94 28 71
92 56 25
35 8 41
52 41 45
32 36 20
9 13 24
54 65 64
33 97 93
43 97 59
51 51 60
34 48 7
83 50 65
14 6 69
23 4 1
34 21 36
14 87 48
62 60 32
40 64 58
13 36 83
64 42 89
45 42 94
69 91 21
93 72 28
7 83 6
69 3 47
1 75 78
53 25 45
13 34 98
20 78 93
2 61 53
28 62 44
67 91 64
74 63 73
59 42 5
85 99 13
65 24 30
94 84 17
98 26 61
100 53 97
75 19 32
92 14 3
66 82 92
41 6 65
41 82 92
85 13 18
46 15 10
69 49 10
63 64 27
100 57 99
84 66 93
36 35 92
91 29 91
58 94 38
79 23 70
98 9 80
85 52 23
100 66 59
37 47 44
77 63 31
52 86 51
71 73 96
22 98 74
39 38 76
47 32 88
97 10 99
43 98 92
10 82 54
1 57 7
78 30 80
1 74 16
6 42 37
94 84 25
7 68 2
71 22 40
13 88 34
9 21 58
18 68 18
11 5 33
47 60 88
43 63 96
97 34 81
32 82 17
92 56 4
25 3 81
23 7 52
66 46 49
25 85 11
10 26 53
41 31 11
3 41 29
52 53 43
60 92 36
68 36 44
19 24 68
5 56 47
51 88 36
4 83 17
87 36 47
20 100 16
78 53 96
91 15 13
48 28 34
46 68 49
55 95 47
35 56 88
61 72 51
13 85 11
89 76 61
78 73 52
74 51 41
52 27 83
18 71 25
60 86 3
9 96 31
29 93 75
72 33 37
54 29 45
58 50 20
48 51 17
22 82 1
40 35 4
74 56 88
26 27 98
97 49 97
83 55 86
82 32 65
79 68 15
16 14 69
88 26 66
84 46 10
72 33 13
60 80 18
27 76 13
32 54 35
74 79 31
17 49 61
88 24 73
23 34 20
82 29 100
62 71 17
54 63 10
41 51 50
75 44 84
52 83 32
54 53 73
24 100 54
30 85 48
62 74 64
99 84 88
73 98 47
43 76 97
56 84 54
75 62 41
18 36 91
82 41 28
74 45 69
86 16 71
32 11 93
61 60 50
30 51 82
58 26 63
48 16 34
96 88 4
83 44 56
93 81 3
60 16 81
45 50 22
91 54 50
5 80 75
72 30 97
24 56 86
41 13 7
13 16 32
23 49 11
53 17 50
52 4 88
42 11 90
51 94 23
64 20 58
66 16 28
8 64 41
31 60 100
50 89 79
45 7 48
61 68 73
76 84 1
31 28 32
32 46 96
57 75 67
63 29 32
82 46 78
49 99 5
64 34 22
53 9 80
16 91 20
54 55 36
68 17 98
23 68 96
73 33 46
2 64 56
38 98 64
36 43 37
97 11 76
34 75 38
74 22 25
66 28 25
45 23 77
45 15 46
32 91 74
11 21 51
28 80 77
38 91 17
6 62 21
42 63 24
16 17 36
88 77 67
27 81 47
67 1 55
16 40 54
16 10 76
16 56 100
4 28 65
83 27 74
5 63 48
8 95 6
77 75 94
9 43 75
67 37 59
64 21 6
21 80 46
49 62 8
22 52 99
30 68 12
49 88 50
40 31 33
85 18 53
69 9 43
68 21 88
78 88 81
31 2 61
76 86 28
4 91 16
94 52 85
18 62 100
41 41 56
40 36 28
19 10 24
85 97 67
42 85 70
35 100 56
8 98 82
85 89 46
97 13 96
15 18 13
20 33 42
19 19 6
27 83 62
5 11 66
12 34 32
65 51 34
18 90 80
45 95 91
25 20 16
83 44 62
24 57 87
100 27 92
38 72 4
41 85 2
20 8 60
90 37 12
5 70 12
3 75 9
48 27 74
26 83 14
72 59 63
69 100 27
15 67 57
20 20 88
91 69 28
4 82 56
23 56 64
63 27 17
56 48 70
35 43 52
98 96 33
29 69 3
77 22 74
72 90 87
1 93 18
2 86 55
17 54 62
59 11 10
63 62 16
31 17 60
21 95 40
4 73 43
86 70 52
30 26 78
40 36 20
16 16 65
59 55 65
83 90 5
17 12 66
79 48 9
13 12 7
96 27 100
41 22 54
57 19 88
59 51 60
16 52 80
69 20 14
93 27 91
58 19 20
39 80 31
7 38 52
28 47 27
19 15 11
60 8 1
7 87 2
50 7 26
44 33 49
97 67 2
83 40 39
41 84 39
20 23 59
98 6 4
16 71 39
98 36 92
5 100 71
53 17 83
78 38 59
18 18 33
44 43 94
23 51 27
91 67 23
37 52 2
100 11 96
97 100 16
69 37 90
40 36 14
71 76 42
59 77 5
7 59 96
34 6 16
78 5 11
61 6 19
51 65 64
19 4 95
24 85 15
87 80 15
42 73 79
20 61 48
20 75 46
29 73 48
80 70 79
77 12 61
79 4 1
71 16 55
37 76 7
21 9 94
6 43 87
64 48 89
60 40 58
64 17 91
94 75 68
73 50 14
97 59 26
51 44 41
57 17 41
8 57 63
35 68 75
32 56 58
33 75 11
23 12 87
72 45 50
68 60 55
25 91 62
98 85 78
57 10 80
19 98 1
82 40 6
28 34 6
48 17 39
84 98 4
52 96 46
63 8 34
11 17 4
60 75 46
80 64 34
48 28 1
76 24 49
26 20 41
68 71 19
18 50 65
60 23 12
65 12 66
42 72 92
80 71 14
15 57 90
82 24 18
94 48 52
56 5 87
35 56 84
46 73 67
73 92 28
5 63 68
29 52 37
60 100 21
93 26 94
83 7 93
60 60 51
51 42 67
70 32 8
39 37 31
21 34 27
49 63 79
57 26 33
34 18 38
75 28 100
49 4 27
40 45 28
35 35 22
87 95 50
48 1 32
94 61 2
66 15 9
70 61 77
87 12 24
56 60 91
37 44 88
68 70 53
67 42 73
27 89 23
33 21 84
40 11 26
70 42 38
6 35 54
73 8 72
83 77 90
41 16 58
94 45 22
49 30 12
82 57 99
92 90 31
100 68 70
33 34 81
15 69 91
12 16 60
40 82 21
35 16 58
68 82 1
20 23 37
5 59 85
81 95 28
62 68 96
40 73 85
20 67 2
84 68 97
16 54 83
26 48 70
68 80 42
100 65 20
45 63 57
95 83 72
34 60 62
91 11 5
54 50 88
16 64 36
10 66 26
98 30 49
43 22 81
62 76 46
45 22 25
74 41 58
52 99 2
7 16 3
4 18 9
3 66 52
94 37 24
100 27 40
72 85 12
24 27 40
69 70 75
51 96 7
94 13 48
56 28 86
9 45 25
80 23 77
53 94 63
99 55 47
82 34 17
83 39 45
89 89 37
12 15 79
99 16 6
23 1 62
59 75 38
82 32 34
43 78 5
16 55 1
9 51 58
89 22 55
5 69 25
30 23 76
24 86 83
30 53 68
80 98 8
11 46 78
71 44 98
70 47 1
68 12 33
83 16 34
16 70 96
47 69 86
9 19 44
86 76 77
91 74 83
42 48 26
44 55 6
89 27 45
61 99 80
27 58 62
73 66 13
72 96 37
52 40 98
26 74 27
50 10 31
90 79 26
94 67 61
30 28 74
4 4 17
34 10 52
33 80 49
47 59 37
25 49 75
85 92 34
4 47 84
22 86 54
74 65 51
28 47 14
28 50 72
36 39 100
6 68 7
35 36 72
40 64 91
62 89 9
70 35 81
14 45 36
84 74 92
79 19 56
15 47 27
24 100 19
30 62 88
49 63 61
83 12 59
31 47 28
39 50 19
47 4 64
79 50 60
19 28 51
67 49 9
15 22 32
41 32 54
95 44 92
76 83 64
88 53 68
25 98 56
65 4 88
4 68 99
9 85 59
86 53 80
71 25 98
75 36 64
60 4 69
68 75 66
16 18 38
5 52 66
36 10 52
74 72 65
90 80 24
90 64 22
43 71 98
57 81 21
51 25 58
63 17 71
52 94 93
35 83 41
84 55 39
73 91 32
92 34 3
66 36 82
7 91 58
98 38 93
9 15 93
10 66 67
65 47 45
28 30 37
27 75 59
71 46 63
55 84 82
79 88 22
24 31 97
86 65 88
48 57 97
9 5 77
12 80 96
35 23 24
51 95 71
72 66 37
10 38 31
11 64 45
74 79 43
29 70 24
48 50 44
30 40 45
67 91 51
68 73 68
81 27 21
96 95 1
57 10 18
15 27 55
15 72 29
48 68 76
23 93 61
76 46 70
39 42 89
18 59 76
21 74 60
52 40 20
5 51 55
77 51 91
93 45 100
35 39 58
34 33 31
15 55 1
15 90 53
75 97 59
40 38 11
66 6 60
43 15 38
14 76 70
77 82 32
12 78 80
96 91 45
33 43 61
89 27 83
31 96 80
82 82 58
5 50 20
14 12 48
64 92 51
55 77 13
3 2 18
90 12 24
51 50 28
81 89 68
21 44 86
4 15 57
50 79 97
99 25 50
30 41 36
74 68 89
63 10 63
80 75 94
7 19 92
82 20 27
73 79 87
60 25 100
24 27 29
94 14 81
52 80 76
81 27 35
67 71 56
41 78 30
97 74 64
87 46 97
80 17 81
77 17 58
4 22 82
94 56 34
98 71 100
96 80 10
50 79 97
55 15 85
59 4 60
70 96 46
89 61 80
48 93 89
29 20 40
46 20 40
92 48 15
40 20 47
100 68 89
58 91 17
89 8 86
62 90 63
94 35 6
68 95 39
21 87 12
15 76 79
60 9 68
45 62 28
65 93 26
15 90 43
22 98 29
81 2 7
17 91 41
28 5 53
97 56 81
15 8 88
56 31 46
98 36 32
70 62 39
31 25 84
96 67 70
26 13 18
99 44 29
38 71 69
84 44 95
52 3 14
92 73 66
79 11 78
60 65 91
40 10 33
3 28 34
94 4 84
3 81 50
29 70 57
59 29 21
66 54 92
73 8 32
71 20 8
25 58 14
56 53 85
26 56 4
20 98 86
72 97 70
73 99 23
23 54 29
18 73 46
62 82 69
65 54 4
6 52 87
96 32 55
11 70 85
52 11 61
24 96 30
14 30 48
5 48 26
72 64 51
74 28 69
82 72 47
36 10 76
6 38 77
25 73 77
90 13 31
65 9 89
49 99 67
72 95 62
95 59 30
42 58 92
10 43 85
81 59 18
56 98 34
22 100 91
14 93 87
35 29 35
13 34 39
24 77 13
22 88 69
73 23 24
82 63 9
38 20 60
44 31 75
57 64 27
71 31 42
1 72 54
86 83 27
36 46 63
46 5 57
79 26 96
67 85 42
30 88 40
100 15 5
16 69 88
85 35 100
47 82 40
42 13 75
92 52 70
12 94 97
4 52 63
17 34 39
39 98 51
81 36 21
80 76 49
4 25 45
92 42 93
63 23 89
78 52 37
15 74 21
94 5 48
7 65 91
29 17 100
66 11 53
28 7 12
85 12 53
38 37 76
78 35 25
13 98 39
44 98 54
60 21 41
33 6 95
53 57 67
88 47 50
69 37 57
72 90 9
86 18 49
60 27 50
5 77 73
38 69 55
97 67 77
67 94 2
67 81 56
51 78 89
47 47 8
15 49 63
40 10 93
56 41 8
74 80 18
26 23 52
95 15 85
19 1 14
82 34 54
28 82 44
89 67 63
91 58 72
67 20 74
14 97 93
48 83 69
95 18 23
16 27 82
47 13 61
23 86 69
81 80 43
63 49 30
4 99 96
11 48 99
53 76 78
57 86 100
72 13 61
59 3 47
54 25 17
33 8 1
49 82 19
86 26 85
85 55 74
5 8 91
38 31 5
8 8 86
22 22 47
88 22 41
2 98 100
70 97 9
87 30 15
13 34 82
61 26 53
16 42 37
93 32 44
39 71 50
11 91 3
56 59 46
89 57 75
6 27 74
12 98 17
78 39 62
18 59 57
88 79 94
34 12 70
25 36 20
25 99 77
53 90 70
60 10 46
64 75 90
3 95 29
84 72 32
96 96 87
2 86 74
3 48 96
37 7 23
75 64 58
68 61 90
33 7 23
45 99 26
34 82 60
79 64 51
56 7 67
87 44 58
65 68 99
98 35 8
75 73 42
21 87 66
35 78 48
26 87 76
29 40 60
74 17 40
77 86 100
23 79 46
62 56 74
64 100 56
43 50 69
12 96 26
48 82 19
33 75 76
32 12 70
54 26 68
23 99 12
18 29 45
6 9 52
52 28 95
71 77 73
19 21 54
76 74 14
81 76 67
99 23 89
46 76 59
14 91 72
82 41 44
38 11 63
39 8 95
37 71 17
95 73 52
53 64 34
85 98 51
16 13 5
49 35 39
96 93 85
89 48 99
81 13 67
66 10 90
34 38 5
50 91 58
7 99 70
20 87 93
45 30 23
56 45 88
13 38 46
33 88 60
55 63 57
61 29 3
52 39 47
73 61 93
58 72 91
63 47 25
24 98 41
50 19 51
64 23 49
66 14 45
92 29 98
82 36 100
83 96 46
66 17 1
93 46 57
86 43 12
61 55 25
46 63 90
14 42 37
43 30 37
46 82 4
68 100 91
72 30 38
27 33 31
100 73 26
39 33 66
83 80 43
11 22 41
3 87 78
18 47 36
80 56 74
20 75 42
90 68 73
32 51 47
89 17 83
33 49 78
68 97 89
74 75 59
43 58 84
83 64 39
32 33 12
10 78 48
84 24 53
48 34 92
41 18 15
78 38 18
56 99 5
43 98 51
57 52 53
78 59 33
92 52 24
3 43 13
58 67 57
37 3 14
64 47 56
29 64 21
30 52 13
24 82 36
36 30 52
58 97 66
88 86 22
54 40 69
86 6 91
80 22 81
15 8 34
28 89 2
73 72 40
34 98 32
12 89 85
86 22 17
18 64 83
9 93 49
80 56 92
33 23 9
96 47 50
8 58 6
31 43 94
15 9 99
95 19 28
79 67 7
91 9 46
29 42 43
25 9 46
99 15 75
85 22 3
28 95 84
14 47 22
95 90 68
93 52 43
91 65 88
55 34 6
62 87 24
57 86 69
94 42 5
42 26 76
23 35 54
19 30 67
35 76 66
97 21 1
32 67 23
92 90 53
81 13 90
55 56 40
67 39 34
100 1 28
70 34 86
97 38 46
50 74 8
7 99 75
87 35 28
9 11 7
63 26 52
14 31 18
48 28 51
61 18 73
41 70 59
37 41 82
52 17 51
26 82 14
70 100 58
19 78 23
67 70 5
14 92 100
39 8 81
6 41 88
52 9 85
25 7 75
67 76 63
86 13 80
42 30 76
42 15 73
5 43 10
81 42 80
57 51 22
47 25 34
85 25 16
44 21 98
38 40 4
45 28 54
97 76 68
16 57 77
96 29 88
89 61 52
16 5 79
42 100 58
96 77 42
35 56 4
61 23 99
5 30 77
25 64 88
70 9 94
41 85 9
13 29 32
18 27 35
2 1 81
36 49 37
15 91 34
21 75 89
35 8 83
100 17 32
72 49 68
80 57 63
30 29 3
38 44 17
85 66 48
34 31 43
68 89 46
65 13 97
66 61 9
91 18 52
80 77 42
80 25 8
57 62 1
80 37 26
38 41 91
82 4 6
48 38 31
43 36 35
6 27 20
24 78 42
23 76 94
19 35 17
70 63 70
41 41 100
4 26 67
65 81 72
54 92 56
84 68 61
41 11 61
34 63 53
49 31 13
30 46 75
94 77 2
96 42 30
80 76 61
23 51 50
30 68 66
90 37 7
32 22 88
98 30 77
58 95 84
71 7 18
41 39 44
8 10 78
81 13 26
5 84 8
46 1 41
66 60 86
37 76 18
64 86 32
41 54 6
29 82 1
40 2 15
68 18 7
58 69 55
88 61 46
54 27 8
68 98 28
81 78 48
11 64 91
69 69 14
69 20 92
91 88 36
59 41 100
14 66 9
57 34 72
10 11 33
25 1 28
39 88 16
20 14 39
93 21 41
34 74 84
26 70 13
33 70 42
54 6 81
47 35 64
84 25 72
89 44 56
10 50 21
48 72 27
78 27 40
83 2 96
86 89 24
60 45 50
54 28 84
66 17 98
22 64 72
51 54 17
87 18 42
78 89 12
19 49 9
4 45 20
50 30 99
86 85 59
35 94 80
51 59 52
24 99 78
8 35 56
67 17 88
32 92 40
32 96 12
15 25 62
97 37 26
60 92 39
81 96 42
60 14 88
65 80 5
63 72 84
31 76 57
43 90 15
41 70 85
48 34 28
41 91 21
90 61 97
83 22 100
90 38 10
69 54 14
16 60 86
56 91 65
67 10 12
15 97 66
21 95 50
88 11 42
46 12 10
91 53 59
40 80 97
64 10 94
78 43 49
61 75 23
83 72 32
44 49 10
3 20 86
85 100 86
61 35 98
40 64 27
17 88 40
7 12 7
18 51 60
75 58 32
56 48 52
31 79 87
64 56 27
37 35 62
41 52 90
11 24 70
89 78 76
87 22 51
51 52 13
76 72 86
98 65 21
35 62 19
74 81 82
32 5 97
84 16 92
89 35 29
61 61 31
91 50 47
77 69 81
53 1 44
67 54 19
37 95 69
29 13 30
63 60 92
50 35 8
28 81 8
30 22 36
41 80 94
98 44 100
63 43 59
97 59 67
29 19 4
99 23 24
49 94 38
44 50 98
31 22 82
54 40 47
96 6 47
37 80 33
66 10 11
66 98 74
71 45 83
67 91 3
80 89 67
71 6 29
16 81 69
20 43 93
11 58 74
53 55 47
29 33 11
83 49 94
55 64 83
13 51 44
93 87 43
55 82 27
92 16 44
55 31 9
37 80 12
12 82 21
25 99 67
43 39 21
36 61 79
39 20 6
10 38 79
33 16 44
12 89 9
10 88 39
73 97 11
33 51 32
2 50 58
27 75 80
63 71 1
83 82 50
10 35 32
33 70 61
32 56 86
28 46 99
83 25 17
88 93 42
30 84 86
98 35 74
3 26 49
14 76 63
85 76 90
88 86 47
74 10 26
10 17 20
30 47 45
24 53 79
94 13 73
99 94 11
40 97 85
55 18 7
58 45 1
9 100 56
93 76 99
49 46 77
43 47 54
22 64 6
82 71 60
88 98 69
83 77 97
71 13 42
36 15 37
8 51 4
18 78 15
92 32 95
86 64 27
13 9 94
90 31 78
76 7 68
85 47 91
8 99 31
95 29 64
86 63 9
42 84 71
64 18 9
29 4 14
33 51 71
19 82 34
47 80 57
63 62 56
64 91 62
53 2 46
80 16 62
25 97 23
90 6 100
30 28 20
85 97 26
100 79 57
49 83 16
63 47 20
6 85 26
61 31 85
55 4 32
12 82 81
92 5 59
40 87 99
87 24 87
73 59 79
96 60 65
55 12 26
99 94 15
79 88 65
55 74 54
71 94 96
61 88 69
31 70 37
89 5 77
92 41 20
28 66 46
73 65 98
44 61 78
70 90 33
28 49 33
27 71 51
97 6 27
86 52 76
60 56 83
34 75 89
22 61 80
9 61 80
40 75 57
91 31 75
71 4 17
35 54 36
55 34 22
49 4 44
63 32 95
55 50 56
12 46 13
18 39 41
21 95 56
22 40 1
31 29 16
17 18 73
14 68 89
84 97 87
44 98 36
88 31 11
17 2 7
82 54 39
45 60 44
97 18 99
77 68 18
15 86 60
51 69 4
18 96 24
22 53 66
30 10 85
29 45 98
79 49 93
40 10 90
97 89 13
33 63 33
95 66 78
30 59 38
91 75 33
7 46 9
55 53 52
82 32 60
3 72 58
6 100 50
36 70 73
79 46 78
23 90 15
91 42 59
54 40 47
69 66 13
81 81 62
33 2 66
31 14 28
39 53 30
1 54 3
51 12 37
11 26 7
23 45 74
80 12 11
30 27 86
9 75 46
98 45 98
23 18 63
19 92 27
90 13 10
22 39 1
47 30 48
91 58 100
53 89 87
21 81 8
20 97 79
95 24 42
20 39 50
30 62 95
51 95 29
56 57 9
46 98 91
53 74 64
11 89 23
15 90 7
40 70 52
13 78 24
26 81 100
96 6 86
1 46 15
34 18 66
74 88 58
95 77 73
80 29 14
17 35 56
64 60 51
2 85 70
80 31 42
89 22 56
29 92 55
92 62 82
61 82 69
71 49 12
94 43 15
23 32 40
20 15 48
66 26 76
38 97 12
50 88 44
66 14 86
84 43 93
33 15 30
75 88 98
77 58 81
2 7 66
37 29 21
49 40 32
70 64 84
70 25 1
55 24 59
6 67 12
84 3 6
11 65 41
55 11 97
62 1 91
93 38 37
30 93 78
95 90 18
98 69 60
97 62 4
7 26 37
60 34 69
70 16 44
15 90 24
71 59 63
34 78 97
19 30 10
41 100 25
1 18 48
74 30 7
25 31 7
49 93 2
49 9 94
91 14 92
60 43 93
68 21 22
29 71 19
72 67 48
27 89 5
32 4 41
21 69 36
62 8 4
37 82 39
62 30 59
22 30 24
62 4 40
59 29 40
28 16 51
12 29 6
81 1 86
54 76 31
53 9 63
77 63 75
19 43 75
26 60 65
3 79 9
52 89 7
87 64 40
94 94 97
1 52 49
30 47 95
5 24 53
81 83 44
77 60 92
30 48 67
27 98 56
35 17 44
65 27 35
80 48 61
22 22 44
98 8 88
62 11 78
44 80 42
55 96 76
71 93 89
56 4 86
5 38 2
12 59 38
13 32 92
12 48 11
35 45 55
17 79 97
66 89 90
42 3 69
7 69 64
44 82 6
43 17 72
39 24 7
74 14 84
16 6 41
61 51 40
53 33 42
29 44 56
94 79 52
98 12 70
5 90 2
43 50 22
61 23 52
48 53 67
31 24 33
39 74 58
44 87 11
30 35 29
41 41 82
39 51 62
78 26 78
80 39 51
2 16 56
89 40 41
5 8 16
64 8 71
73 2 18
40 45 56
43 33 5
87 80 89
37 26 94
92 92 88
17 45 1
80 36 71
100 46 9
40 22 74
11 38 59
36 85 31
41 67 99
62 70 5
2 51 91
89 53 31
97 30 78
8 68 10
11 29 58
59 22 25
7 32 58
30 57 70
14 75 76
98 59 48
52 1 92
59 42 43
63 78 75
50 53 96
73 45 58
32 100 34
2 69 41
55 21 3
64 36 60
23 92 86
65 5 99
11 38 24
31 76 11
39 7 66
49 81 50
87 60 44
12 8 20
77 19 40
73 54 91
90 41 81
53 40 44
30 10 48
32 60 86
56 85 7
31 100 35
51 100 69
77 100 27
15 35 64
87 9 7
52 50 56
4 7 15
85 95 69
3 9 18
14 5 48
91 91 55
71 38 93
65 16 22
70 63 38
47 77 13
63 57 30
50 60 71
66 69 56
4 51 6
79 65 55
29 13 33
45 73 23
48 9 76
11 14 40
86 47 92
71 8 88
33 62 39
29 57 93
18 79 87
46 90 87
94 59 11
88 3 83
56 55 56
52 86 32
99 86 95
81 6 100
72 8 74
25 67 24
38 2 33
27 32 50
46 30 89
30 97 48
76 18 46
58 66 90
88 77 96
33 100 20
14 58 21
75 76 2
37 84 72
35 42 31
14 9 77
82 59 96
13 14 71
34 13 73
93 83 91
48 26 53
51 36 34
14 90 68
72 84 86
16 86 8
56 82 45
68 21 44
26 23 80
84 34 95
33 17 65
60 49 38
98 1 83
81 28 25
57 64 86
83 97 12
32 71 82
40 24 80
89 39 84
58 37 42
95 93 24
92 89 11
75 16 47
29 25 45
100 54 84
18 58 47
90 18 93
16 19 4
30 66 30
25 14 22
89 29 22
99 34 100
75 15 90
43 31 70
2 81 84
61 58 28
18 43 99
83 56 17
44 56 50
78 22 32
11 76 75
11 1 100
32 11 42
17 7 11
40 43 85
7 23 97
56 60 58
75 44 1
59 22 41
26 23 73
33 39 8
89 50 17
45 55 51
46 54 4
82 94 46
81 45 32
74 71 25
29 13 5
42 59 67
87 55 72
35 42 49
97 26 67
82 69 60
18 7 10
49 63 9
39 9 52
75 37 97
11 35 50
99 13 79
76 92 29
66 98 55
34 58 29
56 7 57
84 51 95
75 43 96
63 84 81
71 95 88
24 70 48
37 79 7
68 69 14
94 83 6
61 45 83
55 51 8
54 43 78
42 30 15
83 93 11
47 88 64
70 76 12
77 20 35
81 76 26
36 32 21
66 89 5
67 34 29
15 84 36
40 44 74
94 20 45
53 37 99
62 1 71
62 96 90
55 42 61
28 56 74
94 42 94
15 15 97
73 25 32
54 52 18
60 22 19
70 14 4
20 58 41
73 87 26
80 46 5
38 14 54
3 92 54
76 65 14
84 34 84
21 75 63
77 24 31
11 23 46
7 49 80
73 7 93
3 43 89
49 87 73
57 12 79
3 48 77
59 44 6
82 72 47
51 7 80
86 8 92
84 91 35
1 41 16
71 72 100
56 80 61
85 41 16
12 43 12
92 11 67
16 83 6
89 19 65
75 53 85
98 42 33
52 70 38
86 2 46
17 95 1
44 82 91
9 8 69
50 16 47
65 71 58
34 97 57
31 83 92
97 39 72
54 48 73
13 79 85
24 6 92
17 77 75
54 5 94
33 93 63
68 64 51
45 39 58
24 17 88
95 4 51
11 27 8
45 30 37
4 29 34
20 89 9
93 95 71
93 30 61
14 84 22
71 72 3
9 42 11
31 8 40
16 57 97
36 18 7
41 65 3
25 62 81
48 70 18
59 79 10
84 8 72
97 18 80
45 95 65
100 52 99
13 25 27
71 12 85
37 79 9
31 71 86
90 46 73
17 63 77
39 71 98
3 41 36
35 76 85
70 87 11
69 79 93
98 57 61
26 59 13
13 43 63
35 18 67
76 79 11
83 54 55
79 96 48
33 51 71
33 22 92
5 15 97
31 45 6
70 25 40
99 16 74
5 48 93
32 64 20
23 33 87
13 92 32
63 25 92
2 3 60
84 73 52
13 5 99
61 84 82
48 31 75
68 30 75
84 5 53
64 83 74
68 22 14
43 12 76
53 50 41
77 46 49
97 18 73
97 24 37
69 68 53
88 4 54
78 24 26
89 100 55
38 99 42
27 41 19
31 76 67
42 82 40
55 1 22
15 59 97
56 34 58
72 73 18
45 58 98
36 43 49
38 75 78
52 22 100
27 41 45
95 85 70
18 61 18
61 40 28
100 11 9
6 94 97
51 3 95
8 25 50
77 20 95
93 20 56
74 5 11
73 11 38
52 32 22
31 13 93
21 60 41
78 1 44
10 72 14
52 67 2
88 18 99
97 64 74
89 3 22
82 78 59
17 16 25
75 96 46
18 64 69
21 17 3
88 91 74
50 47 56
28 1 16
70 68 48
57 25 64
21 11 90
12 22 100
97 55 50
8 36 1
46 98 1
70 73 48
74 95 19
22 77 5
53 73 30
39 48 94
14 54 74
63 81 1
37 5 61
24 15 9
36 79 93
78 25 29
21 85 53
63 83 47
40 82 32
17 21 95
99 4 69
57 51 55
15 66 61
90 7 76
65 100 84
37 69 100
97 59 42
20 16 50
33 60 74
73 41 19
64 83 21
85 82 8
36 68 76
77 59 11
32 78 85
93 8 3
38 34 86
13 1 45
89 55 21
49 100 35
27 6 1
53 52 90
43 8 65
30 33 5
57 60 58
100 72 4
50 95 32
98 46 15
96 43 66
63 25 91
21 80 73
20 23 49
14 30 87
78 6 45
35 76 87
60 100 81
89 64 74
69 95 25
8 68 49
19 63 48
34 61 63
81 42 10
99 71 45
18 48 89
6 63 57
44 21 32
50 8 47
99 74 98
14 7 31
91 57 48
63 28 83
83 96 18
55 23 94
27 79 37
62 61 49
16 83 81
83 73 97
53 98 84
16 44 84
56 68 76
72 40 34
60 95 36
40 74 41
70 75 96
6 16 72
69 23 26
38 41 83
49 46 24
17 8 16
44 97 23
54 46 9
30 46 10
66 26 89
81 57 49
14 91 51
24 80 38
28 85 53
73 25 6
38 56 16
40 26 99
21 29 21
61 62 19
36 97 2
12 54 56
67 100 44
83 33 18
70 75 31
44 5 73
97 45 41
52 83 4
91 2 5
25 70 24
18 80 79
88 64 98
81 54 36
15 93 89
85 38 75
59 69 28
97 43 94
33 89 5
23 76 97
21 23 5
36 23 48
24 79 48
48 88 72
42 20 45
77 96 7
41 65 4
96 33 66
4 68 89
85 64 62
3 49 7
47 3 86
54 86 56
85 31 52
83 11 80
56 30 43
35 11 89
15 96 77
5 26 80
43 38 52
45 8 69
60 41 27
33 58 64
98 93 63
51 100 22
92 73 76
25 91 72
76 17 21
73 90 15
22 48 77
37 6 25
47 92 20
96 59 68
91 70 43
55 5 7
35 6 47
38 42 15
72 9 61
96 33 96
65 32 62
57 15 70
67 53 75
24 87 7
7 15 42
98 69 95
5 85 26
40 48 89
46 33 79
62 66 12
40 92 45
90 28 35
94 30 43
36 70 79
90 43 94
93 21 72
61 15 31
67 30 94
55 1 40
8 14 36
31 4 72
47 12 15
62 96 12
79 40 25
26 45 17
51 92 6
64 13 24
76 7 5
22 99 87
2 96 11
81 38 61
71 22 51
56 3 27
79 28 100
42 48 89
35 73 94
95 64 100
60 37 73
54 77 18
82 6 64
63 60 83
4 15 66
91 27 44
30 62 51
88 81 3
70 58 16
99 50 39
34 45 74
61 6 100
36 50 19
81 79 49
73 96 9
59 88 16
58 58 50
52 3 29
47 40 35
44 84 45
66 35 17
9 30 33
51 69 19
78 32 62
23 40 86
49 10 5
51 49 23
66 76 73
69 65 56
54 45 32
31 1 41
46 38 24
1 71 51
54 94 9
73 66 48
96 57 99
75 29 14
14 9 38
30 36 91
90 57 73
1 23 94
16 59 33
65 31 96
43 73 77
38 76 78
23 93 52
88 83 34
82 39 71
73 56 74
74 74 35
12 69 22
40 22 4
38 75 70
65 23 63
46 73 9
13 61 52
59 53 76
98 56 82
80 90 76
34 94 61
40 55 62
99 78 90
95 78 12
16 54 72
67 56 100
71 59 76
2 5 57
10 59 57
9 21 1
26 19 4
40 23 80
7 94 85
39 11 73
1 38 66
79 53 26
43 13 75
67 76 53
70 30 11
13 87 31
5 71 21
39 72 50
42 64 81
23 45 55
82 46 75
49 75 23
18 36 55
10 40 62
66 65 54
48 21 35
58 100 8
98 42 61
60 90 37
87 72 88
77 98 19
2 29 17
40 10 59
34 90 42
17 1 83
83 91 45
99 72 98
98 69 65
34 25 1
87 32 16
26 22 44
39 89 5
37 23 87
89 98 83
96 10 46
62 42 75
46 56 65
63 5 63
94 93 75
58 41 58
87 77 79
8 16 84
66 46 79
96 90 33
19 90 52
56 29 86
41 41 19
9 64 32
79 100 54
31 31 11
93 11 79
12 100 92
76 89 68
41 22 86
97 23 12
45 75 90
10 63 13
19 42 87
25 82 4
52 74 65
47 87 99
39 56 1
7 95 44
76 26 12
50 72 16
14 59 43
2 61 63
92 93 79
86 69 88
24 22 92
41 47 3
48 27 55
46 47 60
71 60 62
41 34 17
46 35 74
59 32 20
13 60 27
17 21 19
46 78 48
71 51 16
58 17 58
47 86 8
41 1 35
92 5 9
21 4 25
93 87 76
75 66 59
66 68 7
38 16 58
97 29 74
95 80 73
100 61 90
93 7 59
73 20 72
65 25 27
20 29 39
3 69 71
4 75 96
60 31 89
59 96 23
96 51 35
34 75 57
53 33 90
37 70 10
63 25 8
29 14 21
67 22 92
86 100 22
21 96 31
47 29 91
14 17 29
6 62 82
64 83 55
61 9 67
65 79 38
72 44 29
18 41 44
41 79 76
25 57 59
65 76 24
93 47 29
45 51 4
20 13 67
70 97 12
51 51 62
30 66 99
64 48 33
75 80 10
46 99 73
65 43 78
42 86 100
80 54 36
16 49 5
43 85 53
48 38 68
25 51 44
69 89 80
59 19 32
28 67 80
91 61 46
4 61 99
86 41 86
56 51 81
88 23 90
76 32 21
28 21 54
46 73 52
40 18 94
46 51 62
79 19 74
98 62 65
85 16 3
12 73 48
27 12 80
95 74 83
65 32 29
6 44 19
93 64 29
56 79 24
37 2 13
49 27 88
90 52 30
41 63 79
7 17 83
44 55 51
36 8 36
37 45 3
13 67 15
67 4 83
36 75 90
94 26 67
22 78 70
26 39 60
33 99 97
6 74 65
33 57 89
99 30 11
33 38 12
43 50 28
9 72 34
100 54 83
85 84 28
77 8 54
65 92 60
63 40 83
22 85 66
26 92 45
51 75 57
80 14 71
28 85 24
15 32 82
18 14 51
51 58 41
21 7 43
34 87 94
38 4 14
38 97 11
99 66 31
80 90 52
58 93 57
79 55 35
82 75 2
86 94 61
54 36 71
45 31 30
42 45 95
12 65 32
94 25 83
62 10 24
15 100 16
48 60 16
76 45 60
38 34 22
85 71 100
13 35 64
32 46 66
88 65 50
46 35 27
24 89 75
97 74 69
48 25 81
80 54 34
39 4 64
20 85 43
85 27 74
11 33 96
57 96 53
49 40 28
19 41 29
35 35 92
92 26 52
43 33 66
89 39 55
31 35 21
46 53 94
67 53 2
61 39 98
50 5 46
84 33 75
47 30 61
82 87 94
12 16 95
73 90 99
83 69 14
71 82 25
3 76 15
91 1 51
28 63 61
46 12 57
77 56 92
89 10 89
72 2 66
15 72 19
40 49 99
94 12 37
95 88 83
80 74 35
11 9 37
6 57 38
98 65 19
79 68 30
7 87 2
43 58 35
52 48 42
99 96 42
36 93 77
52 23 68
9 86 14
33 42 85
60 74 60
92 97 99
41 20 65
18 9 30
97 46 18
53 9 10
44 62 25
57 48 87
68 92 21
69 92 6
1 1 92
3 55 50
87 44 65
21 79 59
22 65 50
9 17 34
76 9 75
63 18 53
41 47 64
71 61 30
13 21 41
40 91 27
56 85 7
55 3 35
18 4 81
99 93 63
12 70 15
69 82 29
14 56 21
62 37 66
79 45 91
62 53 2
78 6 14
81 26 7
9 47 98
43 15 23
55 4 51
42 60 100
58 87 13
68 18 97
24 41 14
41 22 88
35 31 68
48 76 48
78 9 12
100 87 13
69 89 37
91 61 38
97 87 13
38 49 75
8 95 3
81 42 37
62 77 48
58 10 94
40 100 86
72 4 17
61 86 54
5 37 53
80 74 62
62 75 73
42 98 45
23 35 86
53 93 67
25 97 18
33 53 2
78 56 58
10 6 8
51 80 26
47 82 28
13 68 59
41 48 99
64 24 97
51 59 87
32 32 20
15 60 20
43 74 54
1 24 78
13 92 98
64 55 45
35 93 80
9 26 90
22 11 59
29 20 55
43 22 81
32 1 64
80 31 63
98 14 20
29 98 20
26 83 22
9 84 21
46 67 85
10 87 7
89 76 11
40 21 50
28 68 75
66 12 61
58 100 35
40 93 5
86 5 2
92 48 15
55 7 75
46 28 82
91 58 56
67 55 98
4 3 64
75 19 39
8 44 56
51 75 43
19 31 30
54 7 67
45 68 94
9 13 24
25 100 45
9 50 4
90 27 34
68 16 17
1 52 66
54 83 28
39 78 30
2 74 58
97 46 66
82 4 72
16 28 95
46 82 16
12 98 56
42 91 62
50 44 91
91 26 23
92 91 81
93 48 33
72 80 59
64 79 33
7 18 31
29 35 81
73 79 66
5 41 58
79 73 94
93 86 98
48 5 26
4 80 63
89 44 50
57 41 83
12 41 58
39 69 92
80 54 60
16 85 49
1 62 25
61 55 84
8 54 17
2 100 34
40 80 42
55 43 23
75 19 92
82 94 73
14 24 7
70 59 7
70 54 45
2 60 4
95 80 73
86 74 25
17 28 27
68 90 26
46 89 5
14 8 55
90 8 25
6 12 77
22 54 56
48 23 53
98 100 69
23 20 100
19 88 3
35 37 67
70 15 67
100 26 15
81 91 32
5 71 86
60 97 11
76 21 8
19 67 78
86 47 65
2 95 51
20 75 57
72 51 34
31 71 14
30 26 70
25 95 40
91 20 32
29 30 48
45 98 86
3 52 87
87 72 86
11 43 12
63 6 17
64 57 79
10 13 33
32 29 83
55 74 69
17 59 85
90 52 79
81 6 47
100 29 62
25 44 58
89 94 33
88 43 48
46 34 72
87 86 1
11 64 35
54 25 55
18 9 63
16 78 5
39 8 95
25 24 33
48 66 53
40 22 58
74 98 17
39 3 65
7 23 80
50 39 82
88 65 84
49 66 59
95 8 45
75 91 16
11 97 75
100 7 11
55 13 97
16 91 82
21 49 15
95 87 13
29 98 17
25 85 12
14 91 51
96 45 29
46 16 29
71 46 59
67 69 83
29 43 12
82 53 7
47 83 8
75 97 99
69 99 96
33 75 15
98 96 11
12 55 21
15 42 2
40 86 41
83 6 29
55 64 54
89 82 50
92 3 25
67 61 70
10 22 27
100 49 42
35 8 20
83 31 66
50 56 17
67 90 31
28 35 69
19 15 94
94 53 85
15 52 79
55 26 46
60 88 41
16 17 35
66 65 16
73 24 53
87 68 57
94 51 81
59 97 26
57 21 19
83 99 52
32 75 9
25 99 5
3 72 1
70 92 64
36 95 44
75 25 21
80 47 86
51 68 33
8 19 20
13 100 71
82 91 4
23 93 15
29 43 90
51 83 41
67 39 21
29 18 76
77 11 10
25 95 44
7 12 66
65 27 64
6 63 96
23 34 41
10 16 65
50 26 96
16 52 77
29 34 71
22 78 23
25 96 99
97 30 5
60 2 26
35 92 4
30 12 33
33 58 32
85 62 56
70 56 54
29 35 65
51 88 25
83 47 14
86 39 19
40 88 54
73 8 20
61 76 79
45 74 36
78 14 6
53 5 73
15 90 52
13 46 63
34 72 3
49 31 79
92 94 68
37 89 59
39 43 85
89 65 82
68 57 33
81 10 38
36 53 76
63 9 57
32 22 47
1 77 2
7 54 3
68 69 27
68 61 46
78 29 56
57 32 92
39 89 42
96 2 33
84 38 31
40 34 82
100 11 46
15 28 64
35 57 18
61 42 37
9 76 73
80 91 39
58 8 64
51 14 55
4 47 72
48 16 50
70 18 53
19 30 70
31 91 100
97 8 29
11 28 65
50 87 61
33 88 65
69 48 61
35 61 59
81 67 48
62 46 61
20 16 86
82 15 76
96 67 61
69 41 50
39 76 42
15 3 69
46 84 1
75 34 62
78 84 71
99 55 32
88 50 47
16 56 65
94 53 31
82 84 62
99 89 94
77 44 54
72 33 68
35 88 58
30 77 66
41 100 40
11 85 96
26 87 85
19 58 8
80 55 62
39 96 87
87 72 81
65 36 84
49 6 55
70 59 49
51 7 26
36 47 20
57 24 87
55 79 99
56 72 54
51 2 33
31 41 40
52 48 46
84 13 99
8 63 99
99 38 15
37 69 25
99 31 96
34 34 20
25 13 46
79 3 88
37 8 92
32 83 71
68 3 100
27 3 4
51 46 87
55 38 48
29 3 62
96 92 6
12 10 48
51 43 13
36 89 87
31 99 97
21 39 35
76 92 100
18 35 54
47 94 89
73 90 10
99 24 80
44 36 82
22 3 6
60 72 71
85 83 74
35 53 57
3 55 6
99 35 60
39 80 90
86 90 80
51 45 54
16 6 17
48 52 67
99 88 91
88 32 62
90 81 36
26 98 36
26 77 87
88 19 88
70 79 89
21 42 9
97 61 80
81 79 78
22 68 12
31 30 26
6 87 99
30 1 14
78 71 14
60 3 14
82 12 38
66 85 94
12 98 54
56 5 43
97 99 10
23 37 85
75 79 85
84 84 92
18 23 75
54 71 14
60 45 92
60 72 58
4 77 13
92 30 68
67 17 40
34 59 63
22 8 82
96 53 7
59 80 59
41 14 34
90 53 10
46 49 97
56 59 63
21 7 5
66 66 68
64 43 42
11 7 68
97 50 65
26 88 28
81 57 61
1 42 80
14 24 31
86 54 47
100 48 77
50 29 100
17 73 70
16 42 70
85 94 87
66 72 41
87 32 47
46 15 87
28 49 37
39 33 77
17 81 44
13 14 16
28 13 93
15 51 4
8 23 96
29 32 81
3 24 96
97 82 29
12 37 93
31 5 79
78 19 62
25 70 43
74 12 93
78 93 99
45 82 16
99 1 81
3 16 64
28 85 31
26 24 97
8 81 27
85 27 84
28 1 84
56 44 3
17 84 100
44 25 69
5 22 71
69 29 81
25 18 75
7 82 32
58 64 19
61 37 38
21 82 41
47 56 27
27 69 50
26 60 50
26 72 8
30 26 73
17 85 53
89 38 73
13 78 37
96 44 92
8 38 61
42 5 15
50 9 97
30 94 11
29 66 23
68 44 36
45 11 33
96 77 61
40 82 69
65 20 21
88 66 2
74 62 44
83 28 95
49 38 93
10 15 30
60 86 45
70 55 88
71 44 58
62 30 9
93 69 28
63 60 16
24 77 11
94 29 72
42 83 4
52 57 37
13 95 21
72 64 54
67 67 2
27 19 50
56 32 6
44 15 80
89 99 49
34 70 99
54 68 78
16 14 54
5 41 82
25 9 5
25 56 54
41 51 72
21 67 57
48 75 48
82 13 76
18 8 74
74 23 10
61 98 34
7 19 65
98 85 78
73 64 65
33 99 78
85 70 18
99 16 72
59 36 47
34 18 48
66 34 92
24 38 73
72 86 34
62 15 96
54 30 61
4 21 71
100 53 66
66 9 43
35 53 31
73 8 95
65 40 3
35 21 14
41 45 95
48 18 68
58 43 59
61 9 57
70 23 15
84 37 42
6 41 98
71 29 82
62 73 10
47 31 90
44 35 91
43 48 87
81 74 54
41 20 84
29 9 75
38 1 32
41 28 25
71 6 98
34 33 2
28 23 26
53 65 27
44 16 64
100 21 83
98 34 36
14 34 4
5 99 18
20 76 79
54 21 20
61 35 16
36 4 50
55 70 80
9 5 11
51 65 82
66 47 28
64 81 51
43 25 83
88 59 5
96 86 65
54 46 49
33 1 32
44 81 58
28 78 70
3 71 44
27 78 42
88 88 71
78 40 22
36 68 38
58 40 64
31 66 68
84 43 30
19 9 5
22 53 46
54 29 39
39 100 14
94 99 13
44 92 28
6 37 66
84 24 61
38 73 67
91 24 90
45 51 20
89 39 69
27 91 41
98 59 33
78 70 30
10 85 80
3 58 14
58 94 75
75 100 16
45 17 69
100 27 41
39 23 93
22 15 80
81 48 67
91 33 73
75 25 58
78 96 94
91 1 71
46 94 42
28 93 9
94 94 61
40 70 13
69 52 37
95 60 28
38 48 11
66 96 85
71 82 91
50 31 7
28 56 45
75 46 59
79 88 25
70 24 61
84 8 83
49 8 41
1 29 44
38 19 1
66 37 42
79 51 95
89 26 57
80 43 97
58 41 25
66 32 81
2 93 63
64 49 2
34 47 39
47 37 30
61 87 48
11 1 20
17 51 50
1 41 3
24 49 75
51 54 84
34 97 66
30 82 83
59 57 96
82 34 8
56 69 74
48 39 1
42 86 50
43 7 49
86 5 7
97 15 89
68 3 50
60 23 33
60 74 91
84 60 64
70 77 78
26 28 35
88 93 87
47 51 54
28 45 62
94 67 80
64 71 82
35 14 60
22 92 81
8 58 40
52 52 67
51 56 91
76 45 98
4 69 55
50 29 40
12 12 89
43 5 94
41 48 2
76 83 14
90 22 25
60 20 3
84 6 84
70 93 26
42 25 60
9 86 100
23 85 75
34 52 18
57 63 49
22 77 59
79 75 52
28 53 23
62 49 57
80 67 63
81 56 72
15 88 69
55 27 39
93 6 92
70 33 24
97 54 41
63 70 67
77 39 29
100 73 2
36 24 7
31 19 40
62 97 57
42 11 18
7 17 71
23 22 3
57 48 11
34 89 59
8 78 9
11 39 88
35 94 73
56 79 24
93 36 39
47 25 36
62 52 5
52 26 15
59 77 68
64 88 20
8 62 65
70 94 46
11 91 62
49 75 87
45 14 47
12 79 38
1 13 93
83 37 11
19 95 74
13 39 34
21 15 7
81 47 45
83 43 2
25 12 43
37 80 5
10 31 70
19 52 10
85 91 45
35 26 24
42 93 57
58 35 62
60 3 54
64 18 11
16 51 71
81 93 30
51 41 58
53 22 39
53 96 77
92 48 94
100 71 72
58 97 94
87 95 64
65 23 15
34 23 70
80 16 55
72 90 2
40 81 50
90 70 23
32 23 67
19 1 17
43 85 66
86 32 27
38 77 12
8 24 57
100 96 30
11 2 87
21 86 27
54 19 17
61 39 74
53 33 85
86 22 34
92 54 92
97 91 32
15 71 47
73 45 69
69 16 50
5 23 85
62 36 81
92 92 86
56 82 45
32 72 39
28 96 5
61 89 42
85 32 28
68 54 82
24 6 16
32 34 17
91 38 63
53 85 77
13 82 8
34 48 63
89 26 13
39 88 27
14 69 27
95 26 66
53 42 63
2 74 98
81 85 52
37 40 14
31 99 7
71 22 35
9 79 46
63 11 89
43 62 35
62 28 14
100 44 88
92 34 54
33 45 65
8 4 40
54 53 18
79 46 5
66 96 37
2 67 68
85 75 66
94 9 99
43 92 69
3 47 41
95 74 92
1 6 36
63 53 33
17 14 40
15 56 71
84 23 11
27 44 20
4 50 27
59 90 94
15 31 94
43 35 83
23 20 39
71 52 7
1 16 19
78 46 61
77 51 47
40 22 4
14 46 79
9 98 16
32 6 36
48 71 1
94 73 13
91 9 12
36 72 4
29 62 88
40 43 23
54 94 52
50 76 87
50 94 99
100 74 3
43 35 21
31 64 54
93 60 36
88 83 22
51 55 3
95 88 74
27 19 71
72 34 35
35 42 24
72 42 66
98 19 54
68 15 18
82 31 2
13 55 47
83 9 42
20 96 68
74 49 75
47 41 40
28 23 75
50 1 88
85 45 81
12 74 34
45 84 44
97 93 11
16 28 64
36 26 63
79 15 49
26 56 100
69 52 43
55 23 12
62 63 49
28 14 47
24 61 87
73 17 88
26 64 3
2 12 85
77 2 97
21 41 72
98 20 47
61 1 88
13 63 43
74 16 40
48 82 60
18 36 6
52 7 43
6 2 80
39 28 86
44 22 62
18 57 33
54 21 62
59 93 13
32 54 50
4 34 32
69 23 99
64 100 16
63 31 10
33 31 46
60 36 20
51 26 46
54 34 98
50 21 45
99 24 10
84 95 6
2 53 7
93 75 68
4 5 66
47 17 34
87 79 18
87 31 26
62 11 97
41 33 66
76 78 79
68 4 86
45 98 92
60 76 93
24 100 36
88 28 45
27 20 22
44 18 89
40 92 20
26 87 11
48 53 80
13 35 45
73 18 48
42 22 32
97 55 28
82 18 87
73 18 85
6 32 41
50 11 38
33 56 64
42 8 14
17 55 34
25 52 26
54 76 23
96 71 17
41 50 65
39 79 49
37 29 84
74 10 75
84 66 93
49 5 90
62 46 59
30 70 89
70 67 96
84 94 31
47 48 11
81 68 2
49 7 2
29 43 59
75 92 55
58 17 92
61 68 10
52 96 73
26 77 38
49 53 38
94 23 66
75 8 34
62 60 64
24 64 25
39 32 6
77 66 96
84 50 17
27 12 70
15 66 79
36 47 22
18 75 10
41 58 29
20 43 5
87 76 9
42 35 21
1 83 45
14 19 58
30 23 67
88 63 90
95 12 10
43 39 65
36 99 23
30 81 34
61 10 96
74 62 16
94 9 18
95 2 15
26 95 86
62 18 67
81 11 42
98 36 6
60 16 45
46 7 78
9 95 88
7 31 77
17 86 6
20 83 20
58 53 73
49 100 14
59 80 68
42 85 79
80 51 27
90 42 12
24 88 95
72 80 57
46 6 44
32 75 80
86 82 19
9 4 32
83 86 83
2 92 44
87 77 57
8 61 67
1 33 90
21 85 26
68 64 17
75 93 78
80 66 52
58 61 46
48 94 49
84 71 34
26 88 91
90 16 35
15 57 79
55 34 62
87 25 65
80 75 9
66 37 13
98 2 49
65 31 61
41 88 51
53 64 19
25 13 94
23 27 88
82 23 33
28 6 51
75 2 11
15 75 99
78 81 28
90 67 85
73 43 78
3 72 58
68 15 12
99 20 45
25 60 82
46 100 19
17 9 57
98 25 64
51 28 98
16 4 56
56 76 70
32 100 35
65 51 29
19 13 87
65 87 37
48 59 93
19 69 39
54 33 89
100 9 31
21 82 55
69 63 59
18 79 80
39 17 6
81 2 30
61 71 55
65 15 13
67 92 83
51 32 4
35 29 34
44 18 76
91 34 95
50 81 6
57 87 99
37 50 81
90 59 87
40 14 4
6 15 99
99 23 66
34 96 26
88 90 33
25 11 23
48 9 48
95 45 88
40 99 73
35 7 70
60 74 69
47 22 74
24 79 96
37 98 22
32 7 67
43 16 36
43 66 57
30 29 74
62 58 47
50 40 100
71 55 60
84 73 5
65 85 48
17 84 45
71 48 12
45 4 81
39 69 45
90 80 90
50 53 59
13 19 29
72 38 9
92 42 75
38 99 63
60 74 39
17 67 93
87 23 7
43 83 22
95 57 96
62 30 43
20 56 100
35 42 76
35 68 7
1 8 92
31 91 72
14 81 28
79 14 72
98 85 38
92 56 25
40 80 99
63 84 6
57 69 17
66 48 73
46 85 73
70 55 65
54 64 88
78 32 41
13 28 40
28 44 95
33 89 43
18 71 72
73 46 94
80 93 52
86 32 71
58 21 44
25 43 49
4 90 53
24 38 53
3 14 84
74 4 3
69 52 37
3 17 19
49 19 56
50 11 13
2 22 62
17 13 48
3 78 11
56 38 11
97 82 69
84 1 86
11 39 47
14 84 64
70 92 1
98 65 8
5 30 48
71 89 77
22 44 71
79 28 19
43 31 9
98 52 38
4 47 8
95 25 56
57 74 41
82 48 97
41 54 14
43 79 57
59 75 24
38 87 18
2 95 82
50 22 58
75 91 100
5 52 73
43 95 40
37 87 67
88 87 97
46 39 54
57 20 60
13 71 19
21 42 31
76 83 28
56 69 14
29 7 97
81 46 9
20 7 11
26 16 81
55 77 10
5 62 29
52 64 71
93 65 95
72 59 93
53 70 5
39 30 11
55 84 95
14 59 37
11 71 51
14 84 4
2 32 16
79 74 25
21 52 57
4 39 92
22 68 73
26 59 73
65 88 14
86 79 63
92 5 89
92 82 69
63 96 33
3 68 48
5 5 12
59 20 22
58 89 73
35 35 81
37 39 19
14 17 32
64 28 98
24 72 45
42 35 88
64 90 93
45 15 7
81 44 6
60 49 43
70 36 4
30 75 78
81 57 89
49 73 99
20 34 1
70 42 24
14 92 22
59 47 95
60 87 48
79 43 7
62 99 57
50 11 53
67 68 57
20 77 15
34 21 91
93 35 20
6 9 15
93 1 82
56 39 45
41 59 7
98 50 56
4 88 6
63 16 28
61 11 77
94 38 99
60 55 88
65 93 24
78 74 88
80 84 6
50 76 66
10 3 82
95 86 74
7 57 9
27 62 54
50 43 23
4 13 43
44 51 45
15 53 70
7 88 21
33 71 82
13 99 11
39 18 93
62 45 64
46 44 60
39 71 72
97 25 41
45 52 13
52 56 4
92 100 69
42 88 86
29 74 86
77 2 70
54 14 25
53 4 62
75 11 10
13 97 63
61 51 50
67 99 94
26 52 97
34 81 100
51 65 47
60 22 58
10 95 65
36 15 30
36 26 73
98 58 16
61 82 50
62 20 21
93 9 31
69 58 40
90 63 38
8 81 17
70 86 29
43 66 87
9 25 56
92 89 38
69 47 82
53 4 36
53 19 74
74 63 76
38 12 94
19 40 44
55 16 47
56 61 59
10 65 32
23 71 3
5 68 43
43 46 33
61 29 27
89 74 47
21 66 85
50 87 38
27 67 18
94 59 53
7 58 60
54 99 37
43 28 91
52 95 32
88 87 79
29 13 31
25 75 31
5 53 52
57 100 92
13 97 15
10 28 29
51 58 29
10 48 61
46 61 2
24 53 31
62 58 45
88 22 17
79 60 20
14 80 9
49 96 61
44 73 87
76 24 9
88 6 28
7 52 12
60 60 95
31 16 25
51 74 62
5 19 28
30 81 32
33 3 40
51 82 86
66 36 45
21 11 73
90 81 71
30 58 83
23 82 32
27 61 87
52 65 60
28 95 81
73 41 60
85 62 36
47 49 24
62 52 76
72 21 17
25 7 99
70 49 18
95 43 99
41 92 28
15 58 16
33 75 52
8 51 25
42 70 80
89 37 90
13 84 4
68 53 43
12 22 64
48 39 81
67 73 12
4 54 32
31 80 43
98 86 56
25 95 34
27 16 65
22 95 25
11 35 62
99 8 98
95 35 4
27 41 28
5 48 46
17 58 1
92 81 100
46 61 52
74 79 33
3 4 25
26 28 92
84 44 69
18 43 93
84 29 16
92 23 48
38 71 81
87 63 67
92 95 64
53 3 50
82 25 47
13 75 23
3 30 78
71 98 34
14 14 50
39 14 51
81 41 100
16 77 13
29 87 30
17 70 13
37 86 92
35 16 22
57 38 97
72 44 92
39 1 40
43 52 70
69 41 8
31 91 82
36 1 19
21 39 45
76 90 23
61 71 56
90 96 76
18 7 85
57 39 56
31 55 91
55 71 55
6 93 85
23 99 5
30 15 24
83 70 67
88 73 46
52 56 21
3 97 77
31 72 58
13 1 19
12 66 87
52 79 11
56 19 83
2 59 9
92 23 12
27 48 7
97 60 64
19 48 49
88 70 87
7 58 4
50 28 86
20 58 86
25 86 3
82 85 59
49 8 51
91 31 87
21 29 27
88 75 48
79 84 72
21 1 84
19 69 91
62 70 85
48 79 89
50 47 39
11 96 57
73 99 79
98 45 95
62 24 59
38 62 22
23 47 64
55 53 67
58 30 2
97 67 77
48 28 86
79 65 64
4 34 72
61 16 39
56 99 7
21 37 79
93 98 4
92 95 81
37 70 26
93 72 95
45 57 67
79 67 9
33 3 56
3 34 74
66 16 56
16 50 6
47 34 21
60 36 47
68 39 44
31 88 25
4 86 27
96 48 96
46 61 99
58 42 48
73 41 69
69 62 45
75 43 61
36 32 45
25 43 30
100 47 92
45 31 80
41 50 98
30 82 6
46 23 59
87 53 9
74 97 63
44 10 75
74 25 55
59 68 7
56 76 97
14 4 88
22 25 98
21 76 2
10 26 78
4 33 49
92 96 99
86 21 50
98 90 78
35 56 55
39 61 33
47 46 2
87 21 41
71 14 95
67 64 100
84 52 85
87 49 46
50 67 85
18 6 86
81 51 88
73 94 9
82 45 14
95 76 77
51 86 44
1 17 51
16 61 26
56 65 40
87 55 81
58 41 69
45 19 88
27 66 61
42 54 81
42 59 49
71 70 90
69 18 37
73 12 26
72 90 68
11 37 53
39 33 80
66 52 18
40 88 36
24 38 11
45 87 79
5 12 23
66 89 46
73 18 9
24 95 28
62 10 57
19 30 52
54 53 12
60 40 74
40 83 20
43 36 54
26 30 43
100 2 79
30 3 25
29 84 16
89 67 52
28 68 53
28 17 39
26 67 80
5 65 19
24 96 46
41 59 99
74 65 14
2 61 85
83 69 4
50 60 34
3 50 21
63 83 41
19 64 1
29 65 58
41 78 97
70 29 92
2 51 92
56 91 40
50 40 50
39 75 97
57 1 81
76 11 75
97 76 68
1 86 20
8 84 4
45 97 13
1 9 61
49 59 68
41 57 85
22 66 9
57 20 45
46 78 31
76 11 2
100 93 15
55 99 2
50 77 67
8 24 78
87 36 45
42 17 45
85 59 70
46 86 3
47 42 23
94 41 98
99 93 94
38 83 17
42 15 24
49 62 20
10 27 58
28 94 46
53 44 39
59 51 8
36 75 57
42 69 45
68 71 100
11 91 88
86 51 41
16 99 53
70 28 86
1 81 4
4 20 98
77 76 46
46 20 58
11 20 84
97 63 43
99 84 45
8 34 47
23 3 74
16 56 17
79 95 71
80 49 52
22 85 48
43 80 23
75 18 57
96 29 25
6 1 82
2 69 8
25 20 64
73 63 15
45 37 59
56 53 2
64 11 9
34 24 67
17 2 67
33 5 76
95 91 86
66 27 88
49 8 92
39 18 90
84 1 95
36 8 4
1 65 74
81 29 40
41 70 24
29 15 76
32 65 17
44 23 7
62 34 50
12 84 20
11 64 14
34 34 16
27 10 2
62 34 60
66 42 10
95 36 83
9 90 85
87 6 8
30 69 82
36 88 44
27 43 94
32 44 92
11 82 19
76 33 52
25 49 2
15 59 2
69 100 47
14 77 73
92 30 85
58 9 15
45 12 75
88 19 88
20 16 88
16 66 89
14 9 77
20 26 42
42 96 10
28 23 78
83 40 22
5 69 54
43 38 96
83 92 34
81 84 27
5 27 92
54 90 13
25 57 99
68 52 67
99 75 90
82 84 62
50 69 88
20 55 65
94 7 10
84 3 91
22 57 97
37 9 13
72 87 76
43 36 27
79 94 10
84 90 48
54 92 17
35 19 3
69 65 58
51 62 16
57 81 50
96 33 61
59 16 4
2 33 49
72 36 62
83 58 3
34 74 91
6 62 44
71 6 81
76 8 16
50 37 52
2 96 13
60 7 12
50 43 61
65 55 1
85 16 50
96 44 88
30 13 38
63 27 100
12 13 12
47 19 3
31 82 83
25 80 43
92 76 12
70 16 54
18 61 7
7 12 96
29 49 59
1 26 61
70 78 97
36 53 42
18 41 65
32 4 60
32 11 2
84 84 98
5 52 31
38 35 34
73 71 39
42 3 36
29 67 59
47 10 23
6 58 35
21 61 97
13 36 88
68 100 4
42 77 42
23 98 34
22 84 56
2 47 21
74 4 47
4 88 47
87 73 26
48 28 88
15 38 7
91 12 87
30 22 4
5 12 31
71 95 92
16 37 11
83 76 23
64 24 7
97 43 33
43 76 37
40 52 57
87 17 35
93 8 1
63 94 2
58 30 76
97 85 13
39 95 71
56 53 11
90 47 91
58 80 93
16 9 52
36 100 16
99 91 17
70 39 60
38 11 76
69 48 70
80 11 57
60 30 42
25 21 1
32 46 97
3 57 13
73 9 31
18 22 3
40 68 13
77 59 89
29 70 42
28 53 18
12 8 6
64 60 19
98 39 92
63 91 58
1 52 76
13 33 85
79 51 41
65 5 52
28 37 49
67 34 74
35 69 4
79 47 16
51 2 85
24 14 25
24 2 38
57 94 87
26 60 50
17 83 21
24 39 35
35 62 28
97 30 93
97 32 29
15 100 4
4 26 46
32 42 2
79 55 34
27 65 54
23 13 53
39 63 12
64 30 79
45 3 95
6 89 53
19 3 72
82 71 17
87 36 3
57 95 19
74 54 41
57 34 28
4 17 50
38 97 30
39 73 43
69 79 57
9 63 77
29 24 10
6 14 88
71 23 12
37 39 34
31 26 9
36 45 1
10 3 82
24 20 47
69 70 66
13 73 33
68 25 14
35 51 17
27 67 94
46 66 5
11 69 28
5 5 7
18 60 1
18 66 93
66 9 94
52 90 5
59 20 4
48 31 46
94 22 51
38 38 12
32 91 3
53 89 2
65 85 96
2 25 64
82 24 52
41 83 88
76 3 92
21 25 64
27 95 56
26 100 84
44 83 1
39 39 16
94 36 8
34 39 71
14 98 21
53 87 26
21 97 67
26 33 85
83 3 56
33 88 27
54 36 81
32 74 50
43 13 5
48 18 99
38 76 97
56 17 92
37 36 86
55 15 68
28 75 97
89 45 55
82 71 74
78 43 75
77 42 57
44 33 77
23 49 61
22 57 59
88 39 82
41 2 70
87 99 87
66 49 77
57 70 46
27 38 96
16 63 5
55 66 94
34 64 16
84 51 16
49 5 12
33 82 91
75 77 59
78 32 55
1 34 41
43 18 52
49 88 62
19 62 41
76 98 71
23 76 7
36 83 82
5 21 51
13 86 56
6 93 57
89 9 85
10 61 49
57 71 54
16 70 46
5 23 68
26 89 30
9 20 8
2 27 19
82 79 70
87 41 40
59 58 4
99 29 86
15 64 16
20 20 3
18 51 100
7 22 34
55 25 21
77 74 82
44 44 21
30 59 61
24 58 41
23 40 47
95 37 13
83 8 34
60 80 7
79 37 76
60 96 24
33 58 1
19 13 57
18 84 91
12 31 37
82 92 4
24 31 43
14 33 48
77 86 14
5 46 38
61 96 77
2 39 3
90 15 90
41 47 56
77 15 89
47 60 1
59 11 9
68 70 38
90 62 91
9 83 50
68 65 3
45 24 94
11 29 28
75 79 61
38 57 94
70 79 15
86 82 55
86 63 42
26 96 48
10 74 16
41 27 35
21 4 74
19 55 56
75 43 80
83 6 25
83 12 33
12 53 11
29 59 93
35 56 72
92 99 63
12 16 25
53 66 43
75 85 48
62 67 42
34 5 15
90 79 11
33 45 71
29 18 38
99 9 75
21 64 47
83 93 94
5 66 49
74 28 71
70 91 17
14 29 3
35 66 63
77 70 59
99 74 84
81 66 52
66 48 97
82 29 86
32 44 58
37 95 41
32 11 10
73 8 54
74 98 95
60 37 70
34 39 51
68 100 60
93 29 35
35 25 4
28 52 33
30 23 93
4 12 76
58 37 90
30 82 84
50 64 45
70 1 35
11 43 70
15 20 6
25 68 66
52 44 60
18 20 74
62 60 17
21 3 8
11 68 7
35 37 7
10 45 74
24 30 79
64 69 58
91 41 65
34 92 29
99 57 10
34 86 56
87 25 91
88 30 77
34 21 56
49 82 84
82 9 73
13 65 82
10 5 89
44 25 88
90 38 99
22 11 15
43 16 1
30 48 13
48 100 44
92 7 24
67 87 31
38 55 39
52 38 33
47 35 84
38 83 1
23 89 59
6 83 71
28 25 1
68 6 92
76 53 89
49 100 98
4 24 89
69 71 51
98 77 42
17 71 25
84 14 50
14 9 7
71 96 33
34 14 25
67 53 43
88 21 60
43 32 45
24 5 43
83 13 42
18 55 58
91 44 72
44 92 25
86 22 50
39 63 76
66 89 53
83 74 41
48 32 84
97 81 6
19 56 29
98 49 23
70 40 32
32 63 70
69 83 28
38 51 69
18 28 86
25 51 21
24 86 82
87 9 63
68 51 82
95 1 39
23 91 29
89 15 67
99 10 26
54 57 15
20 79 46
43 65 20
29 72 88
58 100 40
96 73 18
6 36 44
58 22 64
34 4 28
53 83 1
74 65 58
5 32 86
16 51 60
30 88 47
91 98 14
52 33 12
77 43 46
30 3 84
20 44 69
88 53 26
70 33 23
74 42 53
66 100 81
49 91 3
77 48 5
11 6 14
91 67 30
87 75 42
13 94 24
85 89 52
21 56 44
67 66 43
47 71 91
98 31 87
38 42 85
47 99 52
80 21 47
52 34 20
49 55 1
94 81 58
50 25 98
92 10 66
23 6 44
74 46 85
24 81 69
85 72 55
96 92 39
3 79 42
65 31 15
99 35 19
46 14 3
96 65 16
51 98 60
6 45 86
98 96 30
56 84 22
53 25 91
52 61 46
36 79 9
81 76 75
52 41 50
49 83 56
78 10 48
63 67 99
67 56 69
76 8 60
35 98 22
21 52 89
80 28 55
28 33 70
87 29 36
83 48 73
12 51 25
49 17 34
96 37 24
86 49 30
34 74 39
15 88 92
74 19 51
95 36 14
74 8 41
35 76 80
97 29 51
93 57 67
8 6 69
73 93 53
2 100 4
5 97 33
41 56 81
49 21 14
85 34 51
56 42 99
19 11 26
82 10 66
20 25 72
87 85 37
84 38 63
78 74 20
56 93 96
35 67 23
36 22 71
39 19 72
54 55 34
73 61 75
35 2 70
65 46 48
30 77 12
4 28 98
20 14 64
42 78 99
80 48 31
67 71 92
28 64 1
36 68 99
51 73 61
68 6 17
99 3 62
73 46 67
39 44 25
49 64 58
83 1 58
27 32 91
14 11 42
55 82 69
93 42 70
2 10 59
98 64 29
42 52 93
44 9 11
44 95 27
3 36 25
74 74 95
17 54 69
68 32 27
18 74 19
52 9 75
91 63 46
46 82 50
61 81 32
14 14 29
62 48 93
89 21 40
44 83 58
86 84 14
89 50 65
20 100 3
61 96 26
88 24 99
47 69 56
33 2 52
45 69 91
27 89 13
67 95 83
28 100 69
15 36 4
38 31 85
22 8 34
74 61 49
6 97 85
25 40 28
95 22 1
20 8 86
24 74 17
50 46 85
79 42 18
22 37 97
63 74 3
19 22 35
48 10 23
74 27 72
34 86 21
68 88 100
54 28 16
34 64 8
52 29 88
17 95 62
31 62 58
15 5 10
83 80 7
28 1 55
12 81 1
20 92 64
4 86 81
63 69 19
88 12 57
97 58 39
10 11 24
3 99 59
12 26 23
49 55 19
37 39 29
60 8 65
43 54 45
12 59 80
84 44 60
20 9 23
12 65 34
13 34 62
24 22 32
38 86 6
36 20 3
91 4 44
89 88 51
94 1 82
74 78 46
74 53 68
30 41 64
86 87 7
55 34 41
74 81 25
16 8 20
57 23 30
27 65 72
55 17 34
38 5 96
86 66 68
44 26 99
39 40 83
97 48 87
3 42 30
37 3 22
45 44 34
39 34 32
99 65 74
96 8 54
66 65 41
23 7 96
90 17 27
73 61 53
55 58 64
62 5 68
64 83 60
1 14 82
4 96 77
63 53 12
63 56 72
82 47 55
55 28 88
59 15 89
25 11 63
11 59 24
15 70 59
69 32 41
32 62 44
36 97 59
59 85 23
51 85 46
63 1 54
1 5 66
85 4 54
57 40 74
68 94 97
76 5 37
10 19 16
50 27 54
34 97 46
53 74 3
87 37 12
48 77 26
75 40 21
20 83 32
87 68 9
85 29 32
53 20 14
3 61 87
7 10 38
27 60 16
9 20 100
65 51 3
87 51 84
63 34 44
4 56 14
36 8 54
53 51 64
19 82 64
53 92 21
42 82 64
14 19 82
84 72 25
97 31 23
56 71 40
67 29 83
20 43 93
98 49 75
59 47 16
60 7 94
39 58 54
92 17 19
56 82 39
37 84 98
38 32 95
74 9 5
100 96 31
66 32 74
91 69 81
68 65 47
24 60 34
58 18 53
53 67 11
93 8 45
93 4 54
3 60 3
91 30 38
10 11 52
78 97 52
19 55 41
67 95 29
93 32 55
63 67 12
19 23 57
97 75 46
83 10 43
24 54 64
18 63 57
44 53 59
14 84 28
100 81 29
75 51 6
91 18 12
55 84 60
44 30 87
17 58 34
48 47 35
72 11 7
41 83 98
76 65 64
16 82 65
19 30 9
38 19 82
56 1 60
39 97 10
26 37 99
42 38 93
8 91 74
71 11 24
83 85 96
5 62 6
8 81 98
16 95 1
80 68 12
40 71 58
72 64 41
92 12 2
38 77 87
99 87 24
43 89 5
2 47 83
78 34 86
5 70 68
90 66 99
93 87 38
15 33 53
15 20 41
30 25 40
14 46 96
29 19 86
47 3 36
3 75 23
42 47 55
92 54 35
13 49 37
40 79 63
7 14 95
74 37 13
52 65 28
52 12 70
29 63 93
38 18 63
28 49 33
25 93 38
15 45 20
47 1 98
32 22 32
33 59 76
98 50 41
45 6 82
91 17 34
54 34 19
60 42 48
1 85 94
68 87 15
4 96 24
55 63 49
82 59 53
52 68 67
1 44 8
58 28 44
39 31 26
38 88 71
95 97 77
47 12 97
24 2 31
16 37 53
40 90 87
27 13 15
67 58 71
2 68 79
48 53 49
74 58 35
2 58 91
7 95 41
3 31 10
64 98 84
47 58 60
86 94 38
32 94 10
43 17 1
38 37 77
7 7 76
43 12 2
27 63 26
41 16 8
96 61 11
12 22 91
49 29 19
85 15 5
80 53 93
38 76 52
29 29 62
40 36 44
70 89 31
2 40 21
38 52 57
1 100 36
7 68 10
77 52 46
9 100 91
12 41 32
25 14 19
94 60 41
46 61 13
45 99 10
60 64 71
17 85 57
34 30 7
68 39 86
39 53 76
42 56 71
24 5 37
7 94 96
49 49 59
59 49 96
95 26 90
98 13 90
13 64 55
46 36 20
41 40 95
15 49 5
62 38 94
7 57 78
49 65 84
80 4 54
71 79 59
8 11 10
21 18 96
58 21 81
63 55 83
42 44 50
77 15 99
46 34 69
40 66 43
12 89 94
68 72 32
34 60 62
31 71 51
46 5 53
14 25 1
53 95 16
32 34 71
83 69 8
20 77 11
40 15 7
75 11 73
4 72 98
31 1 32
96 75 96
55 17 100
55 43 77
13 55 98
47 91 88
31 20 36
89 11 96
22 70 15
91 95 28
46 84 69
27 44 3
19 53 37
31 19 28
38 26 90
58 55 100
71 31 77
72 28 82
23 86 21
57 77 80
68 86 50
40 13 2
27 67 15
55 96 7
42 96 77
26 61 76
28 24 15
88 30 48
20 68 13
62 32 40
60 70 24
22 82 54
86 2 12
19 50 45
35 61 23
97 45 14
19 89 9
19 74 4
19 70 59
10 21 29
86 64 41
13 70 24
20 1 72
54 59 87
27 84 14
41 88 62
24 22 27
18 89 15
64 80 2
40 72 84
53 7 23
52 72 54
71 27 91
31 5 80
96 77 90
77 55 39
30 9 93
51 37 42
99 65 69
32 49 42
62 5 30
85 52 7
95 91 58
29 69 60
51 27 86
57 13 90
50 42 31
14 82 74
80 69 88
98 13 10
4 66 30
100 69 47
40 46 79
48 57 89
17 36 62
40 7 11
53 59 89
40 83 84
51 1 14
27 38 46
36 20 72
5 77 67
92 72 17
96 32 40
28 27 17
93 8 86
5 46 42
69 86 22
80 29 71
9 91 86
38 15 24
66 26 87
24 6 56
69 48 52
11 72 55
60 74 98
15 10 68
47 53 2
66 39 40
14 61 15
51 86 51
82 36 82
25 50 72
99 64 45
56 24 52
75 98 3
98 66 48
11 31 99
1 94 79
26 95 20
99 88 27
1 31 15
87 66 80
84 89 46
99 60 54
12 98 55
46 94 10
19 97 79
34 78 18
67 91 34
95 95 84
44 61 49
56 22 40
97 96 78
29 58 64
26 58 1
10 75 68
82 70 97
58 75 13
59 41 82
45 69 50
100 10 43
46 95 65
81 68 15
12 16 17
42 82 35
66 61 43
3 74 98
26 18 38
93 82 95
51 100 98
52 36 91
79 31 94
3 39 35
51 18 73
1 35 50
77 3 44
20 78 94
48 14 45
78 46 93
44 79 99
32 4 62
27 11 90
18 53 57
53 24 57
58 7 90
30 49 77
19 34 51
37 40 81
25 21 55
63 65 58
27 70 11
62 77 80
1 84 69
61 16 81
88 47 81
47 91 50
53 70 33
72 91 14
26 66 26
64 63 78
28 63 7
40 26 93
42 64 95
45 78 43
5 61 87
21 33 37
98 93 70
82 19 27
70 14 100
42 19 22
81 34 60
13 93 42
93 57 9
54 38 93
65 16 14
85 9 90
19 44 65
32 100 40
77 32 21
50 65 84
57 98 71
79 64 69
100 39 95
8 56 21
68 20 91
49 79 38
94 27 47
89 52 33
3 40 6
13 90 87
37 44 65
64 50 6
65 5 96
40 98 14
98 1 55
25 58 60
64 97 89
43 8 71
9 80 73
84 78 43
64 98 86
75 41 62
72 49 31
30 20 92
63 60 6
48 75 24
48 25 71
88 56 84
33 51 74
72 12 11
47 41 50
2 41 64
98 32 22
32 28 44
80 50 91
74 67 76
43 91 71
76 78 97
51 3 32
56 48 15
83 54 20
95 65 84
47 90 66
69 9 18
67 69 3
54 89 31
68 8 41
90 91 40
4 45 69
82 38 75
43 61 99
50 44 64
16 37 73
73 64 25
82 49 12
79 41 81
6 43 5
42 21 95
77 51 62
86 87 80
16 84 86
9 31 48
23 97 63
64 14 3
58 26 97
5 88 16
57 7 61
28 71 62
58 50 81
58 73 2
10 83 55
92 85 94
16 84 91
42 66 48
25 81 62
55 83 74
18 76 23
27 54 29
19 82 8
61 98 1
76 99 18
54 33 5
20 74 29
11 64 14
26 7 11
36 77 80
69 76 53
40 93 2
47 72 14
62 80 7
76 1 56
35 72 4
6 36 40
80 82 65
9 6 39
47 12 73
54 87 23
88 3 69
78 20 36
97 39 91
59 92 36
64 81 8
51 3 6
72 25 3
9 31 97
63 6 62
23 50 71
92 26 61
92 12 5
52 7 59
17 5 31
17 92 8
75 73 49
76 6 81
36 37 10
44 79 11
92 25 28
94 75 31
69 35 27
14 48 85
78 66 7
84 14 1
25 56 17
70 90 10
11 8 3
82 81 36
69 78 7
77 52 57
79 64 45
15 11 49
84 3 40
79 80 73
99 5 18
47 28 8
2 62 95
77 61 87
98 14 56
78 30 66
48 96 13
60 50 16
58 23 87
2 81 16
54 86 98
88 70 7
75 22 3
58 95 82
42 57 42
36 42 97
11 84 22
18 25 20
86 66 33
60 72 32
60 98 82
27 26 94
34 12 67
62 45 17
98 26 97
55 4 47
12 3 6
2 15 76
21 95 34
43 10 5
33 13 68
39 36 88
75 42 85
14 23 87
16 81 4
6 99 57
84 40 55
89 75 77
54 96 67
14 87 70
50 86 22
23 63 97
13 44 45
71 77 79
71 6 34
45 74 86
61 93 85
27 63 30
68 84 17
19 72 36
57 72 71
100 21 56
17 37 94
76 12 7
25 65 22
100 32 29
97 40 21
9 6 60
69 51 72
71 74 92
50 68 73
55 28 44
13 86 22
66 37 77
8 54 95
86 71 86
35 1 95
72 20 14
36 40 82
11 20 14
54 60 58
20 96 93
80 16 8
40 31 99
46 47 35
51 83 36
94 17 20
27 70 53
24 61 18
68 42 77
15 39 54
60 19 29
77 30 78
46 51 3
64 3 25
10 46 66
49 38 96
27 20 1
45 48 79
74 66 30
88 98 27
66 88 41
91 26 30
12 18 33
6 53 24
33 85 24
8 84 86
88 86 36
29 51 27
39 6 83
2 95 64
86 8 34
25 2 94
21 74 69
69 69 92
28 31 48
40 65 100
38 62 71
13 86 62
88 42 48
29 93 70
28 62 51
34 84 40
12 95 55
5 54 32
10 98 72
48 29 36
47 37 78
78 97 80
49 10 9
82 72 3
36 38 11
30 22 17
41 27 8
31 72 91
81 59 33
96 53 61
3 42 78
97 2 37
24 72 45
46 7 42
61 92 39
25 39 22
5 1 51
37 57 77
100 12 5
74 64 82
23 40 35
35 95 47
91 97 46
90 96 57
1 22 62
70 40 84
1 7 96
46 6 40
25 44 29
12 64 35
74 83 69
31 55 22
11 15 67
63 62 55
18 82 95
23 36 84
48 37 31
46 91 28
25 70 99
69 60 86
72 51 27
52 88 8
72 62 50
75 95 98
59 60 47
27 60 56
78 31 93
97 8 6
9 27 71
23 82 86
48 87 61
90 62 72
27 91 8
65 44 88
25 69 86
3 3 25
2 63 24
87 92 47
33 11 15
95 88 16
58 52 48
90 54 83
29 19 3
25 49 61
36 30 77
77 36 44
58 24 78
2 69 19
40 76 18
23 45 14
54 92 44
89 77 10
57 12 80
75 46 11
5 96 31
21 87 78
99 100 60
98 74 4
3 76 52
31 24 18
46 6 95
80 29 41
97 50 74
83 12 2
84 68 43
36 91 4
96 27 1
80 14 17
23 69 1
25 31 43
76 90 63
46 18 68
70 84 74
34 72 39
33 85 46
33 90 2
40 74 17
58 64 81
94 2 15
5 34 44
55 58 51
73 70 15
61 96 94
92 80 37
68 88 3
69 6 86
54 50 44
78 34 83
3 86 58
75 53 76
27 77 42
91 74 62
59 36 45
58 33 26
64 27 25
68 70 37
41 62 60
47 16 41
79 50 82
1 51 19
95 65 22
58 56 4
13 27 3
50 40 64
21 67 75
29 31 52
41 24 68
73 97 75
95 16 55
56 98 20
24 93 66
61 92 88
41 5 97
61 21 86
61 75 97
85 52 63
47 71 60
99 84 8
27 90 49
19 88 91
99 93 77
79 79 24
8 52 13
44 92 19
17 63 12
57 17 72
70 6 21
49 29 40
43 71 32
50 43 5
16 17 51
41 70 87
41 63 10
28 64 16
8 77 43
57 9 33
65 32 54
93 37 77
91 25 72
28 52 15
62 4 39
86 35 22
73 76 48
59 48 61
16 69 92
14 26 59
13 75 66
75 72 34
44 95 72
3 20 71
78 48 70
33 83 39
93 2 63
20 30 53
98 4 58
82 56 86
93 30 99
32 86 22
72 82 86
9 93 12
76 24 23
85 70 12
48 46 76
27 64 92
93 58 41
58 26 97
97 15 97
87 53 9
41 8 54
48 74 25
65 99 73
70 19 3
95 36 14
66 69 8
64 81 83
3 17 27
71 49 89
43 80 89
4 43 12
74 29 86
25 33 52
16 16 56
65 10 75
25 3 60
25 72 14
61 37 49
2 5 73
38 64 39
98 13 97
61 64 83
69 47 86
2 23 67
68 95 47
78 75 87
60 90 53
24 25 14
62 84 54
84 10 26
40 21 35
61 20 44
85 89 79
20 34 71
13 25 1
65 14 25
99 36 81
16 6 74
25 93 57
25 18 78
85 73 26
1 52 24
98 7 61
74 23 89
8 43 75
75 10 18
59 53 73
70 26 85
34 92 29
19 97 67
14 40 55
32 75 89
57 33 53
85 8 56
48 67 77
2 50 17
32 84 39
61 80 5
20 19 91
85 28 69
50 62 47
52 79 59
31 84 25
87 66 18
78 50 47
16 89 80
9 39 92
52 7 97
81 32 91
8 32 65
31 57 42
29 74 6
74 11 97
89 12 31
38 75 57
40 78 23
40 100 39
40 94 31
34 58 35
45 83 51
20 77 37
63 39 47
54 58 69
77 72 50
62 49 59
29 66 2
37 19 64
91 90 63
100 30 42
12 8 95
22 51 34
67 24 15
48 59 80
61 4 3
38 95 86
18 25 22
6 38 24
98 40 58
70 86 88
38 60 91
80 8 22
44 91 8
69 42 53
40 4 71
49 73 49
11 24 66
20 6 32
35 11 53
17 54 50
5 73 68
76 49 76
54 52 24
76 5 2
70 10 24
82 37 73
79 32 3
19 43 96
78 43 99
37 27 51
93 38 75
26 48 38
18 31 57
20 25 3
2 13 70
60 95 72
86 35 36
53 87 9
61 50 21
3 31 15
36 81 8
43 60 4
52 42 11
15 70 12
49 92 71
50 37 61
74 18 78
28 43 46
30 69 8
30 92 16
20 1 45
24 5 76
13 58 91
34 78 7
45 92 62
6 80 30
60 54 25
79 63 2
85 88 51
75 83 1
93 54 58
7 14 44
45 41 16
11 71 19
14 67 57
77 61 38
83 25 3
94 80 24
62 83 28
10 62 1
36 95 19
32 82 40
43 11 48
57 38 94
98 28 69
81 64 69
19 13 30
36 30 18
96 37 96
32 60 21
8 54 86
48 24 90
34 14 47
7 70 99
33 15 73
53 22 6
66 29 64
66 97 63
14 5 43
70 17 1
13 5 70
22 68 77
35 38 18
94 65 8
90 37 77
79 18 23
6 37 49
2 10 2
71 35 1
58 97 18
91 30 99
24 78 97
12 88 27
69 77 75
66 88 51
88 54 92
34 98 44
18 77 52
41 28 35
36 21 54
15 38 15
12 46 80
33 2 48
41 60 98
68 36 14
3 35 32
58 74 83
79 23 87
96 57 97
19 12 76
61 2 93
8 29 65
57 58 14
66 30 24
74 44 21
78 54 41
92 35 82
19 47 19
29 23 90
30 93 11
62 68 12
66 50 21
35 73 10
44 29 54
74 40 17
58 46 97
33 62 1
17 62 71
85 66 70
81 71 95
14 40 91
92 75 93
42 16 100
79 32 74
55 21 100
25 100 54
34 60 56
92 82 19
1 46 79
26 6 22
76 48 37
18 59 76
3 33 53
51 25 83
13 42 59
84 69 64
27 61 33
30 30 63
3 64 22
39 6 3
24 7 57
30 88 64
98 23 76
32 86 71
88 46 52
55 46 43
53 94 38
23 53 97
47 23 76
79 51 39
67 33 10
82 20 60
19 57 43
83 28 21
38 39 55
57 92 40
35 96 77
57 81 44
37 98 71
60 48 89
63 27 3
94 71 58
92 95 84
89 35 29
76 7 31
84 89 66
36 69 20
43 93 12
61 29 100
93 63 9
52 31 42
3 60 54
77 62 56
66 55 32
78 20 65
87 61 53
4 24 85
43 74 91
54 98 64
7 20 54
87 36 21
20 39 82
35 38 80
86 16 91
10 68 63
83 9 85
25 61 30
91 30 9
67 45 98
58 73 23
10 34 92
90 47 55
49 93 42
31 46 30
15 9 93
11 48 87
61 96 42
88 9 18
73 95 47
73 90 12
99 81 82
7 58 74
14 99 53
47 100 82
87 89 23
99 67 79
41 64 56
57 78 24
17 12 85
92 8 64
29 57 7
46 11 7
49 51 1
93 98 39
30 54 86
88 83 19
78 71 65
45 40 62
11 32 71
65 30 9
26 91 28
48 18 30
94 46 97
45 54 65
52 26 7
30 80 94
86 23 89
86 59 89
72 46 2
92 10 89
45 56 36
70 80 76
81 90 79
100 6 54
53 96 46
47 46 42
15 97 73
36 53 73
68 81 62
56 22 44
66 31 67
87 77 30
67 34 20
48 32 82
61 100 17
82 99 59
31 29 65
33 10 89
79 3 40
12 92 95
47 3 62
14 63 97
96 94 80
91 22 50
4 61 48
55 71 8
74 82 1
18 27 19
92 7 93
47 75 90
82 85 18
10 82 69
43 5 75
68 71 16
17 42 31
14 8 83
41 91 28
42 33 76
35 92 62
52 38 75
100 90 18
10 79 73
74 92 74
66 8 86
14 2 46
27 83 25
8 16 27
51 55 91
9 32 88
25 1 20
93 9 97
12 54 40
13 93 24
71 52 15
73 80 30
27 5 76
1 91 39
9 68 59
41 11 66
43 85 12
59 3 44
2 70 73
36 70 80
82 28 8
87 77 79
42 88 25
15 81 86
41 39 64
51 86 4
37 52 80
80 96 48
68 95 82
89 29 55
42 36 88
46 61 87
54 49 96
41 59 61
98 72 44
45 42 11
47 16 92
56 95 21
16 84 20
29 86 47
66 97 7
96 67 68
83 100 19
25 8 39
52 25 100
80 88 51
70 87 90
80 59 42
46 18 13
9 46 97
57 83 86
82 76 31
36 50 27
37 77 2
56 36 71
54 55 19
56 27 3
15 40 29
29 50 6
98 21 32
78 54 8
64 41 83
97 66 7
20 13 87
45 10 49
83 63 42
91 32 60
1 95 88
63 19 34
77 44 81
94 59 30
8 16 98
50 30 87
98 58 16
24 16 4
28 33 15
67 72 51
9 66 93
15 67 18
35 9 11
20 74 65
56 3 92
36 9 24
29 17 51
35 68 11
53 71 69
88 84 44
82 35 95
41 44 34
100 27 44
23 80 66
16 29 88
31 84 82
41 86 35
94 18 89
60 5 18
52 28 81
47 27 47
92 28 56
29 54 27
17 73 67
79 98 45
69 75 76
79 93 30
29 95 45
61 79 24
85 57 73
24 54 41
72 95 40
67 65 14
73 95 62
24 46 48
67 62 92
41 46 93
18 78 5
46 92 3
14 61 76
38 98 91
91 80 38
66 77 5
98 10 67
89 21 4
41 34 82
97 36 22
36 79 66
26 11 97
68 33 52
74 86 56
84 71 34
52 22 81
83 81 3
29 93 18
20 40 21
93 29 39
33 84 95
16 97 67
41 16 56
98 10 53
12 20 29
29 53 66
74 70 10
11 95 22
8 89 18
100 49 2
14 15 87
94 80 52
64 92 25
97 25 28
33 88 100
30 26 52
21 48 30
72 12 15
97 9 96
64 96 97
39 84 6
14 24 31
17 9 15
72 88 47
91 65 25
62 45 20
73 40 92
53 43 85
14 27 51
33 70 33
89 14 86
67 25 83
13 71 82
64 11 99
27 41 84
15 21 83
18 91 22
87 56 32
95 82 91
33 80 15
10 48 12
38 96 24
67 82 40
77 16 14
21 89 73
69 58 54
54 30 76
85 92 22
95 49 13
32 67 97
18 22 8
14 18 38
76 40 19
97 32 16
25 51 4
35 50 17
91 21 55
99 39 32
21 67 77
64 82 60
1 86 65
38 76 63
92 38 93
56 18 5
77 42 79
26 31 9
100 2 48
71 60 8
39 25 83
53 16 17
57 94 80
40 71 16
100 44 98
12 97 5
23 46 90
45 33 38
45 88 3
48 7 89
75 79 33
83 55 17
29 36 25
55 72 98
19 58 25
67 24 42
43 52 57
84 16 91
62 82 40
16 45 25
21 17 74
89 11 13
4 2 89
83 25 14
32 71 14
54 44 20
89 96 18
76 26 48
81 33 57
53 99 46
37 13 38
28 86 39
12 45 8
55 52 5
99 23 9
18 33 42
60 25 86
52 29 41
50 7 68
87 97 80
30 65 40
42 15 99
8 12 23
94 41 88
91 16 81
51 47 86
59 9 73
69 15 77
4 75 90
42 25 81
46 96 66
15 77 66
5 13 53
61 26 90
73 71 72
32 33 70
10 76 37
35 28 39
50 46 52
69 10 61
63 48 87
76 85 80
65 51 74
6 15 94
22 24 9
67 51 25
21 40 69
58 86 8
97 23 75
70 25 8
57 6 44
7 60 65
51 95 83
46 53 18
35 21 83
87 2 78
84 30 99
41 25 88
65 29 91
80 19 60
33 55 39
8 2 43
94 95 1
50 83 54
34 77 78
87 27 56
15 94 90
59 85 9
96 73 26
16 45 56
85 61 78
12 10 5
69 77 52
50 48 63
89 73 49
52 97 33
3 12 75
23 3 25
2 28 34
8 57 38
28 92 17
3 100 34
17 15 33
66 38 33
87 47 95
76 15 57
90 97 67
25 36 69
71 10 15
35 71 88
56 7 37
55 50 17
68 93 30
3 83 54
11 55 84
32 6 8
53 71 25
30 36 54
40 100 25
12 90 68
92 82 39
87 65 95
72 70 94
48 40 32
61 98 84
85 55 58
57 76 18
23 17 1
62 50 41
84 3 19
21 99 85
9 40 17
83 32 54
45 51 82
57 39 50
42 81 47
6 57 12
100 72 54
18 21 95
74 5 97
87 87 33
69 85 99
35 39 71
51 81 91
94 38 18
36 7 73
1 73 77
68 64 29
1 29 20
21 19 47
76 70 73
20 24 66
21 61 7
25 84 36
41 48 9
1 73 5
86 26 38
76 6 19
41 32 20
2 76 5
54 3 55
47 2 73
59 44 54
69 48 2
68 70 78
48 42 61
16 91 92
82 1 55
74 21 50
19 96 77
31 69 41
27 49 9
39 39 100
59 26 38
90 71 28
51 35 81
10 50 20
91 78 61
91 29 4
3 23 53
66 94 13
64 6 45
95 3 64
32 30 67
25 74 36
23 18 53
75 41 58
36 69 19
14 48 46
83 83 8
11 21 69
60 37 15
5 66 18
90 69 81
83 27 91
80 63 11
79 1 34
45 51 71
68 1 22
51 59 61
53 57 15
48 45 8
62 58 41
55 7 87
51 7 73
64 85 61
23 17 8
76 59 53
93 82 17
48 78 96
41 58 95
31 100 84
60 100 40
3 68 46
75 24 76
48 33 53
72 10 24
86 18 15
93 92 16
59 92 19
76 95 71
48 7 9
65 24 93
96 55 25
33 73 61
19 34 44
6 84 22
28 49 10
97 47 3
75 73 94
5 75 46
57 86 16
93 75 61
58 24 26
97 51 25
73 75 31
2 70 73
84 30 73
44 96 67
83 7 67
76 45 19
68 98 35
24 82 51
53 24 48
98 53 73
95 95 81
21 27 47
38 59 49
34 38 93
18 75 73
72 55 4
27 44 72
41 22 44
49 73 26
62 5 12
18 42 31
55 2 43
86 38 57
29 29 6
86 28 56
50 28 16
33 9 12
25 48 2
62 49 18
1 59 93
67 53 85
33 16 95
9 89 43
22 4 17
93 80 67
30 52 5
33 18 10
98 27 47
43 32 72
24 5 70
55 95 34
31 81 91
98 19 35
30 23 73
13 48 42
54 55 6
58 57 42
89 31 97
42 24 38
10 73 15
3 45 54
78 96 53
55 45 98
99 36 55
57 94 90
24 19 41
50 83 6
4 1 54
31 63 66
86 69 35
19 42 78
63 45 8
91 78 49
74 51 44
50 14 44
67 27 98
82 92 50
23 17 36
50 91 69
85 21 6
100 11 93
82 48 68
22 12 73
83 17 54
96 69 29
34 61 77
41 74 81
27 21 4
12 57 87
34 85 61
13 62 92
87 52 46
85 21 17
67 27 20
81 92 47
41 88 81
19 60 44
13 82 22
94 63 43
57 6 95
56 99 43
3 11 49
68 71 34
72 32 29
23 76 52
15 4 55
73 64 14
81 9 53
82 60 3
27 33 7
79 63 49
85 72 92
86 2 66
53 1 65
47 42 38
89 52 61
87 41 54
52 7 11
30 44 4
97 60 83
68 55 88
43 32 21
96 96 89
33 78 85
15 20 39
78 84 28
67 51 17
73 24 73
41 15 96
40 72 88
52 78 48
48 71 29
48 27 41
20 70 66
56 1 16
10 17 72
57 32 81
22 75 49
99 59 49
81 59 53
1 25 20
98 74 16
3 7 52
99 63 46
13 20 35
76 60 28
100 78 33
7 29 56
5 50 22
18 79 53
73 83 20
46 79 26
54 93 87
72 63 59
30 62 40
56 65 55
43 50 8
54 47 28
88 14 25
84 31 80
11 19 32
39 33 68
45 78 52
37 38 73
29 17 50
82 38 13
5 31 5
25 81 36
19 70 73
9 84 28
79 21 6
81 92 65
66 18 61
60 94 52
84 6 40
69 48 46
52 41 34
59 51 20
84 1 69
62 92 88
44 61 42
68 35 29
29 49 23
96 41 86
67 71 6
75 77 38
88 76 23
83 95 58
22 86 14
49 40 65
87 91 81
79 24 96
22 2 15
5 73 49
95 61 23
66 7 97
81 64 82
72 30 96
31 23 49
88 34 41
2 83 82
15 47 82
34 56 35
82 3 51
77 99 53
37 27 1
71 88 27
1 75 52
29 5 7
36 36 14
81 92 50
24 30 89
82 95 69
76 64 91
43 26 13
8 9 73
5 91 60
17 45 19
3 25 69
33 9 93
74 90 24
23 47 50
92 23 52
82 19 27
69 29 86
60 32 17
97 40 34
9 61 90
63 43 12
69 92 17
90 18 78
85 3 55
59 28 25
14 45 17
40 72 39
64 1 17
85 9 61
27 88 20
82 7 46
23 1 74
39 19 54
81 81 64
45 74 81
96 80 79
96 68 75
17 22 69
3 94 7
92 26 70
22 84 17
86 10 77
92 97 5
55 47 54
52 29 20
74 29 88
43 66 79
55 35 28
23 30 26
24 70 59
46 1 88
18 95 40
23 91 71
20 22 82
36 46 79
78 45 51
23 68 73
73 91 82
84 22 28
17 89 43
34 91 1
97 19 84
100 28 100
4 33 67
58 77 94
93 98 32
22 41 91
76 37 85
33 45 98
18 39 25
37 25 72
61 37 77
82 57 7
41 98 29
38 38 30
12 11 99
5 17 55
25 8 54
100 40 64
86 59 43
57 97 23
63 95 6
8 63 79
3 77 15
86 91 1
47 48 52
3 72 17
64 2 12
37 1 82
47 95 35
40 73 12
18 5 97
88 94 93
33 26 33
1 24 5
4 2 68
38 81 64
55 86 25
93 82 50
49 64 22
22 62 72
99 14 4
12 51 86
47 71 3
28 42 90
78 47 34
97 16 4
44 88 41
11 84 62
31 57 68
63 84 41
79 76 42
39 75 26
21 40 74
4 100 35
94 46 57
3 100 50
100 78 59
96 73 33
34 51 29
16 19 28
55 5 68
99 27 28
37 32 14
33 41 22
20 34 92
82 15 87
95 49 76
85 31 78
43 97 70
40 87 52
58 76 96
3 67 49
92 98 8
61 44 64
95 55 19
10 65 8
91 58 41
13 61 99
27 35 16
23 96 42
68 50 3
52 7 5
14 32 19
35 43 85
49 26 87
3 61 26
65 14 36
85 61 46
26 45 92
84 86 14
62 20 54
61 66 93
23 26 12
73 20 8
96 49 2
52 17 56
57 87 33
20 67 89
81 38 43
39 18 2
35 98 91
85 92 50
71 99 70
62 17 21
32 21 84
23 94 66
46 56 69
84 13 76
79 22 34
69 66 61
61 79 63
9 80 93
84 51 82
42 73 15
80 28 40
29 13 18
93 54 65
44 24 5
9 4 86
40 21 56
23 41 44
12 41 1
65 65 50
89 32 19
25 54 82
66 25 35
44 58 20
41 65 22
27 41 29
87 47 35
29 86 20
87 6 22
99 38 61
34 30 48
64 99 37
55 60 41
17 30 10
54 23 66
16 55 81
3 59 63
99 10 2
28 74 71
27 15 38
53 14 65
50 100 4
32 12 5
83 28 1
11 6 100
94 91 51
9 42 53
61 18 42
26 88 54
78 21 36
1 100 32
39 65 88
9 58 50
58 21 27
2 21 88
4 19 32
84 9 38
67 25 36
16 46 59
31 89 53
16 92 98
55 23 18
2 76 73
98 29 22
75 80 33
55 24 90
41 8 50
24 68 7
47 10 67
59 88 40
54 23 99
83 48 96
72 26 24
52 57 70
61 66 93
1 21 28
91 81 82
29 32 55
50 10 5
81 59 12
27 92 25
18 33 13
27 62 72
96 27 88
54 35 64
85 22 8
39 2 70
44 19 92
42 32 25
97 56 1
31 76 43
75 96 79
39 43 78
66 32 84
94 70 59
73 25 51
57 24 94
30 4 40
87 69 1
83 86 14
45 62 95
41 28 16
61 70 90
46 16 81
38 27 91
99 18 48
69 29 92
43 42 93
38 89 75
9 60 82
83 8 86
40 20 17
38 91 55
42 41 95
90 86 41
22 12 43
56 87 33
88 54 60
3 14 62
64 36 45
53 43 75
54 54 21
1 8 98
87 81 1
9 74 4
36 41 82
63 27 86
82 85 43
65 24 79
91 55 6
49 99 30
74 38 42
68 3 74
30 44 32
34 94 89
15 75 89
84 17 28
76 72 84
97 19 27
96 52 30
72 87 73
38 94 77
54 35 34
64 37 9
90 11 85
97 100 25
51 95 16
71 19 14
8 82 32
69 49 5
42 91 44
42 46 2
1 45 27
11 91 92
87 16 45
8 31 57
35 96 53
92 53 94
71 41 71
70 34 64
19 77 46
50 59 48
55 98 22
39 55 95
25 9 49
96 3 39
21 98 29
41 14 55
92 29 1
96 27 95
74 100 28
49 88 45
4 41 34
41 64 65
32 79 63
71 91 56
40 71 25
69 3 98
16 54 72
78 87 67
45 29 100
90 51 74
99 74 100
2 26 7
72 39 51
33 50 14
97 100 65
25 80 53
53 87 80
50 44 95
94 49 63
13 93 73
36 64 100
71 94 37
8 70 61
93 45 88
71 12 97
64 25 71
23 25 1
86 7 42
46 80 30
98 72 91
56 4 1
71 27 20
78 53 48
95 33 23
40 58 16
90 75 97
31 93 78
55 43 23
95 99 52
9 8 55
19 76 24
26 52 10
43 78 42
15 18 13
81 34 65
69 28 50
63 57 61
41 4 20
97 28 65
56 45 32
20 92 71
18 2 67
20 26 48
23 22 62
39 58 86
5 28 91
12 99 87
43 24 31
5 60 14
99 19 29
5 99 53
49 24 9
36 38 80
75 63 85
74 64 74
60 23 2
37 38 23
28 100 74
91 28 21
78 37 96
78 63 94
48 74 88
96 94 11
53 53 97
78 82 44
52 67 46
19 72 86
42 89 15
4 26 67
88 4 74
34 89 68
86 69 64
81 58 27
12 19 60
82 70 53
35 86 58
28 55 100
81 63 18
94 18 23
55 75 48
94 97 63
25 52 33
68 58 40
75 62 4
1 1 74
99 10 49
19 96 75
18 24 59
18 38 26
91 46 12
74 48 18
88 55 71
60 74 44
22 10 77
27 74 16
100 5 48
27 38 10
60 5 99
34 89 37
1 80 24
46 89 15
97 11 87
32 57 96
56 65 100
70 72 74
63 51 45
10 62 41
70 82 92
98 27 58
88 2 10
27 45 16
21 43 59
18 9 26
2 26 77
34 84 51
36 94 31
20 39 81
52 88 54
55 92 28
85 60 29
32 79 30
47 37 57
62 62 64
56 30 90
98 99 63
98 51 36
27 77 57
95 78 30
40 71 86
17 68 87
68 70 9
66 12 9
59 91 58
87 63 48
30 19 3
38 100 25
63 26 57
14 25 69
24 24 67
80 45 100
35 80 75
21 79 10
89 40 51
9 39 54
19 33 61
41 65 92
13 4 71
19 55 47
81 99 90
24 21 58
31 9 68
10 67 53
95 91 81
8 4 54
61 11 63
60 84 47
17 53 78
26 85 67
49 73 97
18 36 83
18 50 22
64 100 72
38 41 4
96 51 3
99 1 56
77 47 69
88 85 99
26 13 96
67 82 83
36 2 67
18 24 79
84 39 95
9 62 21
22 62 6
59 29 3
5 3 6
53 65 19
93 87 96
42 40 20
95 81 83
15 36 92
66 36 50
49 74 40
26 26 7
6 49 97
39 12 80
66 74 28
30 15 53
75 13 52
60 19 39
87 57 67
79 61 79
28 74 56
50 4 14
40 58 81
98 93 63
62 46 70
97 59 80
4 9 78
94 78 57
6 16 17
1 51 83
71 50 19
66 3 20
3 42 26
77 3 84
29 46 23
32 31 99
58 17 40
62 14 82
84 1 20
16 90 46
98 51 95
9 68 53
57 91 84
38 32 72
86 46 11
20 18 11
20 59 11
37 13 31
27 30 26
66 91 6
43 20 69
74 79 15
87 17 72
18 23 42
48 47 95
45 31 10
31 24 52
60 8 62
30 10 76
57 58 71
76 40 86
54 9 48
48 3 6
4 72 71
47 80 37
53 1 84
47 99 77
70 97 24
44 10 30
76 22 45
30 7 48
26 51 69
78 84 60
12 70 85
95 30 68
28 45 95
17 42 79
92 38 43
99 98 44
38 72 35
23 34 65
34 19 8
90 69 4
79 73 5
91 20 54
47 50 6
57 31 76
24 55 84
56 70 42
8 87 53
12 69 22
75 81 22
97 26 94
72 45 34
43 74 16
8 95 39
84 17 34
31 53 24
89 50 72
63 5 2
41 83 41
10 89 9
71 11 80
51 73 13
58 74 3
35 86 47
23 48 38
53 38 85
58 46 90
81 1 21
2 88 98
89 47 19
87 8 64
15 8 95
100 97 23
79 17 60
20 44 54
15 62 34
72 62 74
99 82 100
73 83 8
23 82 91
89 99 80
49 49 13
27 23 43
72 74 83
58 63 42
83 76 23
67 15 70
43 99 93
36 64 8
50 84 19
89 6 20
37 95 50
26 91 92
97 8 92
3 80 63
94 79 12
32 8 35
2 28 29
30 12 53
71 17 19
13 53 52
20 79 93
74 89 87
12 71 3
83 18 31
59 7 76
1 36 35
90 76 94
67 4 36
18 3 95
80 12 97
18 33 75
84 47 74
41 64 4
92 63 23
77 12 42
83 86 50
3 36 34
54 58 20
3 18 90
75 27 55
77 98 47
93 28 6
61 96 42
90 23 2
9 49 52
70 48 68
1 48 59
17 49 7
91 49 11
18 17 84
34 78 52
23 14 35
37 27 28
52 79 90
95 58 54
46 14 65
5 24 97
82 13 10
99 70 63
11 59 13
14 62 71
37 99 18
57 71 50
22 66 11
81 46 90
77 7 43
97 97 26
67 25 50
4 40 22
97 51 56
58 93 66
67 45 4
25 79 38
82 7 46
71 95 55
24 30 18
62 91 40
76 67 24
73 55 47
94 66 37
29 20 39
73 34 83
64 7 33
6 85 33
91 78 9
32 33 59
74 12 43
77 27 58
72 18 80
55 82 83
1 66 78
57 27 83
77 70 96
62 37 12
65 46 79
26 85 68
7 74 54
96 66 10
75 78 57
56 88 82
47 45 74
3 58 21
2 67 31
91 54 39
99 50 4
63 65 91
5 56 36
29 65 39
24 12 5
20 28 84
1 41 83
39 100 82
27 26 46
57 8 82
46 89 75
28 83 14
42 85 53
41 17 54
18 51 88
58 22 98
4 56 39
30 94 30
27 95 81
41 37 42
100 45 51
91 65 44
66 68 57
55 85 75
90 69 21
50 9 93
31 23 10
70 69 92
57 22 72
8 2 38
19 61 87
83 47 58
50 59 53
27 87 49
23 63 26
67 25 47
64 5 52
16 30 79
31 36 65
97 55 54
69 87 97
60 12 38
57 100 6
26 93 53
24 4 34
72 62 81
95 6 55
19 19 62
39 77 23
20 34 69
92 97 73
41 15 80
34 20 47
36 86 29
59 42 78
79 69 88
35 49 67
76 79 18
31 98 69
59 74 22
27 75 10
24 85 12
27 52 5
56 6 95
43 10 49
73 89 63
86 75 59
41 23 70
64 99 2
55 23 87
46 97 96
33 15 75
92 60 84
39 17 56
4 1 92
85 60 86
25 46 5
5 94 15
2 9 76
82 95 25
30 14 39
32 64 16
73 58 41
20 45 82
40 9 10
11 99 89
2 13 42
12 23 61
41 20 62
31 34 81
37 46 52
61 96 93
73 42 26
37 41 47
20 83 95
26 45 16
83 71 69
5 59 37
100 80 12
82 63 94
72 95 65
32 63 11
93 51 32
82 90 70
60 79 63
59 98 64
40 18 38
96 36 84
92 26 37
57 95 32
37 78 48
79 5 9
80 27 50
13 56 72
100 99 46
87 72 4
22 74 84
72 95 72
12 97 93
84 90 80
79 33 43
42 6 71
79 65 64
15 17 58
83 53 15
7 28 51
40 47 6
86 66 77
41 87 61
73 64 62
23 2 13
84 94 2
3 43 24
75 80 90
23 98 50
79 29 44
35 76 90
90 22 55
100 73 78
13 80 94
99 94 53
87 22 98
24 51 36
78 36 60
46 20 36
6 54 36
97 72 32
17 78 68
3 14 19
7 49 89
95 63 15
83 99 63
36 58 69
26 3 27
95 99 76
49 70 7
35 66 24
88 55 81
93 92 8
22 12 76
75 79 63
98 53 77
42 81 28
37 51 6
28 76 70
11 80 93
40 12 97
46 72 65
82 92 47
85 7 96
65 81 21
28 16 58
30 69 29
66 99 18
86 20 32
20 60 82
13 55 72
46 49 57
21 80 49
94 66 59
5 20 6
26 88 82
56 100 64
4 92 69
31 27 3
56 44 40
38 64 39
23 81 50
18 61 43
18 53 76
37 69 35
36 50 45
86 77 43
35 27 39
91 54 16
99 29 16
72 64 95
35 75 94
41 94 57
79 11 23
26 9 99
72 48 67
54 16 27
78 97 57
3 4 83
61 19 36
13 69 56
9 60 55
78 77 73
62 42 78
89 22 44
60 72 4
67 99 85
19 27 62
60 82 58
76 42 79
49 72 74
73 4 83
52 17 47
94 50 71
63 65 71
75 83 100
3 31 89
88 25 45
96 86 6
51 67 57
52 37 26
38 60 19
37 32 84
49 76 78
97 38 96
12 48 96
16 91 8
28 60 83
67 83 6
39 18 5
69 85 9
38 22 55
85 47 72
27 35 56
94 41 44
34 56 16
28 23 26
23 10 93
26 100 25
32 10 96
85 44 21
13 58 29
66 44 64
76 21 65
49 32 58
1 8 54
2 60 4
61 73 94
96 6 62
53 78 66
11 100 32
27 31 43
84 39 41
2 82 6
51 37 89
22 95 65
98 10 5
89 63 10
59 35 58
20 70 75
65 83 25
2 7 49
62 91 3
95 88 32
72 22 41
28 91 29
71 77 48
87 37 52
79 48 66
95 93 76
10 86 17
25 20 35
29 12 96
20 24 57
21 59 49
56 46 10
22 88 36
75 93 31
25 29 41
88 95 8
10 94 49
18 31 70
13 59 9
74 7 89
45 81 45
82 86 4
68 86 35
68 94 57
43 55 8
42 17 71
36 85 33
99 82 83
55 50 19
48 69 50
72 87 80
6 74 25
23 31 70
26 94 70
86 15 89
1 80 11
23 35 32
68 84 6
71 10 12
11 64 82
5 49 61
13 36 58
91 11 53
71 31 23
48 100 91
53 81 82
7 18 43
15 5 52
69 68 31
33 7 66
20 35 6
43 14 95
56 62 44
35 36 40
65 45 82
3 86 27
93 3 54
27 14 55
89 64 83
67 60 34
57 83 32
44 65 32
7 67 9
52 26 61
13 2 96
86 17 32
26 14 81
78 96 90
60 56 62
77 82 50
91 51 92
34 9 31
66 42 38
85 30 73
78 38 76
56 31 80
25 11 37
34 43 93
95 6 29
93 95 83
58 83 20
7 23 59
31 73 59
12 42 2
41 67 30
22 39 34
92 31 90
61 20 29
51 83 62
28 71 40
12 12 57
76 9 85
49 18 99
78 79 37
56 74 65
3 59 43
83 25 4
37 16 84
56 74 34
42 64 83
30 66 2
18 91 17
97 3 50
42 63 89
96 100 20
76 38 18
92 10 66
23 26 87
38 1 88
83 92 35
55 7 31
73 45 1
73 100 41
74 42 37
30 8 74
92 37 96
28 42 23
59 60 1
31 50 69
3 88 95
81 8 64
56 77 99
23 8 95
69 58 88
82 28 47
83 14 100
1 53 2
34 42 26
31 39 64
2 16 84
14 85 70
6 52 94
47 34 3
86 8 16
73 95 6
20 84 16
98 59 24
35 8 62
61 44 81
10 68 80
73 89 68
72 37 61
70 11 15
53 47 34
42 82 64
50 70 13
97 24 49
56 54 4
1 64 72
69 18 11
66 4 74
27 1 6
72 42 11
8 100 88
92 63 9
66 24 37
49 35 47
98 58 16
36 92 62
66 26 70
83 26 97
18 96 80
78 17 36
33 82 14
20 61 9
7 81 84
72 63 37
64 57 52
39 13 89
71 85 87
69 47 1
67 47 35
60 84 34
68 45 65
35 48 31
53 65 55
40 1 29
36 84 91
86 14 81
61 11 46
45 67 13
68 65 21
30 43 37
49 22 72
90 76 42
87 94 59
43 12 26
24 86 69
69 36 62
92 76 31
92 67 75
57 71 69
9 81 32
95 92 65
82 2 23
58 27 36
33 47 71
69 14 47
15 92 39
27 58 36
61 29 22
36 41 84
92 18 42
28 72 27
83 10 66
86 16 35
59 81 4
48 31 33
9 77 89
6 46 9
64 15 38
1 57 77
23 67 75
13 66 53
24 90 70
52 19 14
33 17 62
81 13 79
77 93 9
60 21 95
58 9 26
61 11 59
72 17 22
47 32 21
17 1 4
34 20 34
54 70 99
30 93 96
61 100 88
94 64 83
50 24 46
88 79 67
3 89 87
13 43 24
62 89 87
21 94 99
5 95 20
37 18 30
7 40 19
14 32 83
3 53 63
47 3 20
89 78 48
57 50 54
52 52 68
87 78 77
74 9 89
62 10 75
66 32 36
75 73 42
59 65 27
57 2 26
64 16 22
27 8 21
76 35 62
66 45 21
9 57 73
22 68 13
94 68 43
11 8 35
58 54 62
69 89 67
95 33 9
61 47 69
98 25 60
76 21 74
66 25 88
60 53 10
68 6 71
34 3 45
33 8 100
90 15 80
6 39 82
77 20 74
8 75 76
34 83 95
14 49 75
76 60 100
71 97 75
18 74 28
21 63 61
82 43 68
14 44 58
31 93 90
78 4 50
19 74 88
65 72 84
7 60 44
31 68 85
44 72 44
83 52 26
49 49 80
65 94 18
78 88 1
11 81 88
32 61 68
85 61 76
14 88 47
93 58 82
39 73 78
84 46 66
7 81 50
48 56 22
38 17 3
59 61 85
85 63 75
95 98 20
64 42 70
73 86 81
65 98 44
9 24 85
77 92 60
54 23 68
22 41 28
64 85 23
82 4 65
71 68 59
89 73 26
52 69 41
46 44 65
62 70 46
2 1 95
6 44 98
53 95 84
5 29 19
71 27 16
54 69 100
50 94 93
26 99 87
22 12 90
6 22 35
53 91 60
4 52 90
65 17 32
78 8 83
25 45 25
50 17 6
64 65 25
50 46 97
13 46 24
40 92 20
37 33 5
16 58 22
98 89 11
11 8 47
3 66 61
94 22 34
5 12 13
15 15 79
86 69 20
67 39 98
43 82 29
89 60 91
22 73 94
35 20 91
49 88 4
28 80 77
31 68 76
31 100 40
19 87 97
53 46 89
62 3 47
19 12 5
78 21 65
55 69 8
41 23 18
82 40 34
85 14 86
11 40 64
40 73 76
6 64 27
66 54 56
88 66 49
22 35 8
64 43 66
31 26 57
58 78 10
88 57 70
56 62 82
31 31 53
34 29 55
2 2 42
18 94 26
41 95 64
82 42 18
78 57 46
32 33 52
35 51 100
95 31 80
50 12 52
33 40 72
63 66 68
38 50 86
64 72 81
67 99 5
14 88 39
74 44 39
86 2 63
40 16 98
38 24 68
73 69 35
90 91 69
70 67 11
32 75 18
70 45 74
40 100 36
17 91 100
63 11 79
32 33 26
41 30 93
18 68 59
1 29 27
85 58 17
77 72 84
82 83 88
58 26 13
97 67 73
7 79 59
22 20 98
68 71 82
92 23 9
6 79 30
8 91 88
45 15 43
25 9 23
48 7 10
57 53 59
15 87 78
99 3 4
63 9 80
46 7 9
38 90 89
75 85 79
46 7 48
62 94 38
94 40 6
50 31 5
61 83 74
2 59 15
71 79 57
68 48 59
86 47 60
65 26 11
13 55 45
74 88 36
86 27 36
59 11 38
53 76 96
82 52 97
20 2 96
62 14 100
20 62 17
33 25 50
80 25 95
55 42 93
71 24 77
56 80 48
21 23 53
89 51 40
12 6 95
97 54 1
80 38 26
74 83 65
13 26 93
9 36 1
97 25 64
99 14 82
79 22 16
66 80 75
52 57 43
27 59 78
57 82 16
20 13 57
92 42 89
94 63 43
12 87 7
34 46 89
55 2 12
17 73 67
39 65 19
37 70 46
8 31 46
83 50 98
12 9 57
20 82 36
59 96 26
73 62 58
33 55 56
13 58 71
50 11 85
47 95 74
17 90 94
18 98 21
5 47 86
27 94 68
44 27 71
15 70 15
77 10 77
23 32 47
8 56 17
13 43 13
13 36 34
10 5 80
81 16 6
75 98 56
70 16 20
80 93 79
19 89 38
99 37 18
85 29 72
46 29 81
75 10 31
88 79 93
34 84 91
73 60 74
24 64 36
44 6 83
60 52 2
32 41 62
45 36 45
10 39 40
84 14 22
39 52 46
45 83 27
42 16 98
42 4 100
28 25 50
87 32 100
57 5 78
72 100 34
19 99 15
32 15 66
41 8 91
15 17 47
58 62 6
98 13 97
44 80 46
67 76 38
42 32 35
78 80 30
21 89 85
+1
-2
+3
-5
+8
-9
-10
-11
-12
-13
-18
+20
+21
+22
-23
+25
-26
+29
-31
+36
-38
+40
+41
-42
-43
+45
-46
-49
+51
+54
+55
+56
-59
+62
+64
-66
-67
-70
+71
+74
-76
-79
-80
+82
-85
+86
-90
+91
-94
+95
-97
