100 10000 51
90 1 14
5 92 80
55 13 28
60 22 6
49 63 46
29 60 59
19 70 19
94 78 45
97 89 42
51 38 90
2 68 25
7 18 16
38 89 41
36 1 67
83 21 3
73 49 89
75 82 85
46 75 74
41 87 26
69 53 32
58 55 15
59 6 78
66 13 66
63 4 96
23 93 89
79 51 53
73 44 17
98 90 73
10 80 100
47 18 48
79 52 76
13 64 11
58 7 95
45 87 71
40 20 32
65 75 47
80 60 21
97 37 80
70 54 75
76 30 86
34 37 74
91 64 17
19 38 75
16 29 37
92 41 84
76 89 58
15 38 17
3 63 24
24 9 77
56 53 94
8 55 49
52 27 47
86 82 99
54 34 70
88 2 93
32 89 95
93 79 36
54 19 15
96 39 79
43 25 100
42 92 52
99 27 98
81 85 36
61 57 86
20 27 40
67 10 6
52 91 15
73 15 45
12 48 81
11 10 69
16 86 49
83 49 58
93 64 100
93 57 88
70 68 83
19 71 76
68 88 86
7 56 98
90 21 63
66 3 57
96 66 97
17 48 19
23 83 25
3 51 56
12 42 62
57 82 22
19 71 96
32 33 53
98 79 62
81 38 26
66 43 42
3 16 81
36 83 56
92 88 15
98 49 77
81 29 32
59 1 18
11 95 62
67 75 20
20 98 97
34 79 2
18 65 56
56 17 83
58 27 25
92 22 89
17 87 92
12 4 96
29 94 54
15 1 12
90 100 4
30 99 89
69 33 53
45 30 16
9 9 82
29 49 46
49 30 60
76 98 71
97 67 85
2 87 100
94 50 9
1 83 11
12 84 79
65 98 27
10 71 28
39 26 72
50 16 50
88 9 85
43 7 77
7 84 69
28 96 97
100 50 55
5 27 66
53 90 61
74 21 77
87 96 35
80 34 12
75 52 23
17 22 69
28 86 59
33 5 100
53 61 32
70 11 47
52 21 69
94 25 64
82 59 81
48 74 90
30 21 58
72 61 100
92 19 69
11 94 17
4 16 78
71 87 44
37 64 75
68 17 26
99 33 87
90 12 62
43 68 29
52 27 54
47 19 10
66 26 37
13 32 90
96 40 33
68 58 62
30 94 87
21 41 91
36 20 51
23 92 98
57 54 40
44 50 91
71 44 72
34 19 93
26 67 57
40 13 68
47 54 56
72 89 62
98 99 63
4 85 6
15 19 31
20 60 12
10 32 52
78 60 31
40 47 53
58 24 39
98 71 74
35 56 83
27 15 59
58 76 13
49 51 13
3 58 41
1 63 78
41 19 86
16 88 1
81 85 6
43 59 60
39 50 15
94 21 2
21 5 90
81 33 25
36 65 73
18 10 57
18 86 19
7 6 3
15 99 91
55 89 57
48 66 61
81 37 75
10 64 87
45 43 60
68 55 85
55 7 22
97 100 96
82 86 70
79 11 92
24 43 93
89 28 17
38 2 63
92 60 88
17 2 48
44 8 85
22 55 21
52 15 6
26 98 87
24 40 100
84 35 76
49 66 33
93 24 49
6 52 87
78 3 6
5 71 40
19 98 92
29 10 24
31 21 31
46 1 6
58 38 53
96 9 95
13 55 63
54 70 14
70 80 29
56 97 32
92 37 35
38 30 18
68 82 86
14 56 87
12 100 40
34 4 32
62 33 11
70 46 19
13 84 2
34 21 95
84 43 10
12 52 80
89 88 78
13 14 45
37 70 63
2 46 16
1 22 67
78 83 94
3 63 81
60 16 91
68 14 43
35 13 25
23 95 24
62 43 89
83 91 77
41 67 99
33 16 63
12 70 88
50 31 63
70 88 69
89 5 17
76 98 28
25 35 53
35 39 24
47 77 91
60 61 54
18 13 38
55 25 87
1 50 48
58 84 15
96 90 28
96 29 28
70 55 6
97 50 77
50 85 81
10 81 45
22 4 87
84 84 12
53 72 13
94 89 79
71 34 57
80 35 44
24 11 73
34 30 99
35 16 78
72 18 15
4 41 36
91 50 45
69 70 43
98 14 30
100 3 81
59 97 98
31 28 13
27 58 59
58 45 8
62 65 5
91 60 15
48 48 12
29 14 12
45 37 25
78 49 45
65 70 12
96 54 27
5 97 98
54 2 7
59 94 51
37 27 100
95 91 99
59 30 99
51 94 13
39 9 1
92 93 81
24 93 89
64 83 47
30 40 29
16 88 18
98 89 81
98 5 65
96 47 53
95 66 26
83 85 49
75 69 42
72 5 44
41 100 66
2 51 90
4 80 35
28 30 82
61 85 15
92 40 87
77 48 78
86 15 86
99 19 55
78 50 14
84 2 16
22 54 61
15 47 33
76 41 42
25 38 40
55 85 39
35 3 82
49 1 46
55 1 34
26 67 48
86 55 34
44 88 18
49 85 84
95 3 99
10 21 93
16 83 71
75 94 4
70 47 61
82 23 73
96 98 27
47 29 83
43 59 48
69 23 64
82 93 8
63 32 72
78 3 34
97 4 11
7 6 30
93 67 8
32 80 28
5 75 100
70 95 46
3 19 79
57 78 85
9 43 8
32 52 27
50 12 93
68 31 16
30 89 50
59 50 78
65 96 68
43 53 96
72 32 44
83 3 34
16 84 67
88 90 5
69 59 70
11 11 71
94 19 42
62 77 99
42 12 86
24 16 89
92 2 63
98 28 71
79 88 6
83 79 41
61 13 28
49 59 24
37 41 30
14 95 69
34 56 17
57 4 23
71 99 67
35 26 61
27 72 94
29 42 86
88 83 4
8 70 63
99 29 100
85 46 8
41 33 38
40 76 23
22 45 34
13 55 15
94 86 46
42 60 88
8 45 3
14 34 42
42 81 69
56 74 23
20 37 61
7 79 10
39 77 10
33 28 17
48 87 64
25 62 22
14 46 84
75 38 11
3 99 59
67 89 86
73 49 14
43 25 29
33 23 76
25 97 47
11 40 33
67 58 18
63 97 40
79 26 17
61 24 6
54 87 37
45 62 39
81 4 90
64 83 73
41 25 53
84 100 38
13 93 86
58 49 36
61 8 16
84 24 8
44 41 46
21 53 80
67 3 30
92 91 3
2 61 65
44 27 92
15 83 98
57 37 100
47 47 65
48 29 51
74 35 51
76 18 24
61 99 14
53 87 71
75 78 93
73 55 2
3 34 22
99 81 69
4 20 26
69 3 24
50 34 24
32 11 35
65 57 6
56 23 29
87 19 31
77 80 90
16 42 46
69 6 99
21 4 44
75 22 41
66 36 10
98 45 89
69 10 34
66 40 97
51 27 5
22 2 99
82 38 20
50 55 2
12 90 38
4 50 31
53 9 46
81 79 1
5 25 92
98 19 1
83 68 35
2 20 83
38 80 90
55 72 87
89 7 88
76 23 68
99 51 80
1 2 63
54 79 19
69 22 85
59 79 15
75 4 40
2 85 48
52 18 95
22 53 71
19 21 3
24 70 12
97 18 22
97 26 27
99 30 14
95 73 64
11 77 69
25 50 6
92 98 94
28 83 17
74 97 64
34 90 52
31 80 32
18 36 10
4 94 5
25 16 62
82 87 26
35 99 81
21 31 36
38 95 34
78 19 81
17 15 81
57 46 62
9 84 41
76 6 15
18 56 51
28 15 16
59 78 3
88 69 39
24 14 95
25 19 69
90 20 44
46 39 31
10 92 74
100 34 16
73 55 43
62 56 83
43 37 29
83 70 63
63 93 62
85 13 76
91 91 6
57 45 55
21 96 97
36 58 1
51 55 82
25 57 67
71 39 18
8 78 84
79 31 42
28 43 9
73 55 91
1 45 60
33 100 98
9 53 92
85 19 62
100 91 89
9 94 98
52 68 64
82 82 8
1 28 66
77 25 27
62 40 90
75 50 57
72 99 41
92 17 23
84 79 70
29 28 53
53 79 8
70 57 59
94 62 14
62 94 74
49 42 88
47 86 36
88 14 63
64 66 92
8 8 93
73 36 3
61 74 56
88 69 12
53 47 90
60 91 79
59 49 14
55 7 77
24 5 61
76 5 37
75 76 87
90 51 44
32 15 59
60 82 45
49 15 31
95 50 86
60 99 85
16 19 36
57 23 32
92 16 81
39 54 37
95 32 26
51 81 58
24 96 11
51 80 32
53 72 52
72 89 15
8 52 83
85 10 43
67 34 85
57 10 36
53 95 58
4 46 2
80 41 59
20 28 17
10 71 25
46 55 34
20 21 82
47 4 97
65 53 68
85 5 94
47 79 36
56 13 32
8 41 36
97 85 81
59 12 49
31 93 63
87 88 79
27 85 7
1 18 46
92 19 57
54 6 50
2 33 37
97 91 9
38 55 91
29 51 61
41 84 34
84 21 19
75 21 55
78 47 71
44 97 17
26 74 20
55 77 18
54 27 28
50 54 66
45 92 28
47 36 7
62 7 93
42 39 78
71 15 1
26 74 27
76 91 81
67 19 7
93 80 37
72 82 81
2 74 5
55 69 84
1 88 46
17 22 7
99 78 67
25 67 7
53 33 51
2 89 31
17 36 89
92 29 32
55 22 6
2 23 73
6 66 29
85 63 21
83 15 48
36 72 73
38 7 91
87 54 76
69 29 73
30 16 34
37 80 37
28 71 38
17 68 26
84 25 64
46 32 23
53 37 56
40 90 47
12 93 95
41 26 74
76 25 5
37 4 27
55 16 67
99 3 1
29 85 62
86 69 8
59 95 78
98 3 69
14 93 45
51 62 1
75 77 67
98 47 71
77 9 14
85 44 87
1 95 10
86 76 17
37 92 66
99 37 26
85 47 73
73 94 72
4 52 4
65 35 37
13 7 46
70 92 13
64 38 66
7 22 2
84 85 12
60 5 97
49 88 57
52 22 7
100 24 42
87 80 74
78 28 92
71 46 6
66 81 34
14 44 17
65 84 46
14 54 71
88 88 48
34 14 34
24 74 4
20 60 14
13 93 99
100 93 88
18 40 38
13 80 71
99 43 19
84 14 42
28 70 69
33 88 8
64 1 49
13 6 24
99 38 100
85 40 83
49 96 38
65 31 58
11 33 29
53 78 86
16 69 84
27 65 17
37 32 27
55 95 81
41 76 92
39 95 12
8 8 63
79 73 90
84 85 63
23 90 23
36 88 59
76 81 85
82 23 37
91 64 96
16 38 44
63 92 40
94 30 15
35 85 70
64 79 30
96 14 21
49 93 69
80 36 34
79 59 46
25 78 85
75 80 73
16 88 42
10 79 85
90 57 34
90 79 46
98 94 32
16 6 70
66 5 83
55 67 63
42 59 70
60 83 40
100 51 4
72 57 88
84 77 62
64 46 93
65 89 45
87 66 33
16 89 46
96 26 23
46 46 49
94 97 56
62 41 3
8 2 48
87 5 65
100 6 88
31 48 82
81 50 34
22 83 66
50 14 9
88 7 85
13 14 77
9 9 55
48 93 82
29 3 49
13 76 87
71 48 34
66 39 84
33 14 48
66 96 61
12 52 96
73 27 25
24 81 12
24 20 32
24 33 53
88 46 78
7 67 82
99 86 36
91 4 74
35 14 91
38 44 98
16 72 33
96 55 16
15 48 89
78 81 3
45 35 13
31 24 31
31 16 57
12 57 31
11 70 85
6 83 98
79 41 57
72 70 41
16 40 65
85 18 31
95 11 37
48 58 57
13 61 37
79 68 71
99 19 69
2 54 44
27 12 36
74 16 49
46 64 75
66 19 3
91 56 73
33 86 34
68 35 64
1 17 44
80 52 100
91 99 55
93 48 15
76 24 88
64 43 78
99 47 4
81 21 70
68 25 20
19 4 29
90 39 43
11 86 10
87 58 1
58 1 30
73 45 60
67 72 71
30 65 64
72 70 89
44 30 85
17 81 88
23 77 3
96 87 71
83 84 31
12 12 95
92 14 95
57 65 28
84 10 24
2 60 99
40 98 23
11 60 79
19 59 24
23 21 36
19 31 58
56 48 93
70 99 30
63 20 92
26 75 100
96 41 49
16 6 14
17 19 42
75 50 48
84 12 99
58 72 68
2 43 79
62 45 63
100 77 31
50 59 24
15 45 14
56 43 45
95 35 37
72 49 2
34 82 36
66 82 36
60 11 73
78 68 61
59 10 14
74 81 77
38 35 92
92 15 70
68 6 8
9 82 18
78 92 53
24 25 73
65 38 68
51 29 5
24 57 6
74 86 12
66 69 95
14 13 96
16 19 95
44 73 51
53 16 50
3 21 3
67 35 11
73 23 20
9 1 93
42 19 12
13 10 42
27 91 9
8 76 74
13 98 94
34 84 15
32 47 11
25 39 19
11 62 39
88 99 58
3 27 20
63 9 15
97 87 38
69 10 70
10 44 71
23 42 46
84 20 98
81 18 81
17 44 71
21 3 67
22 34 57
12 53 64
40 43 59
38 38 61
47 13 100
36 34 99
76 62 8
20 46 91
86 9 2
42 47 28
29 8 58
53 25 96
87 62 15
81 65 40
87 56 64
99 63 12
10 25 13
95 63 82
6 69 24
3 9 93
10 94 20
91 85 30
28 55 22
20 46 89
78 91 18
95 60 21
27 84 14
76 85 10
99 98 33
36 70 12
70 90 66
68 15 3
40 85 45
85 54 87
76 23 65
45 33 25
87 12 70
53 41 34
64 10 77
5 78 62
15 91 55
91 78 85
97 32 13
11 44 37
83 18 82
4 10 55
98 48 70
83 17 51
37 10 6
56 50 14
24 65 26
16 79 14
90 75 74
3 5 83
61 60 67
37 83 54
74 17 73
54 100 92
71 31 30
63 30 93
45 27 37
29 12 6
19 24 84
40 26 64
75 55 46
3 80 27
40 62 93
2 72 23
42 33 11
7 66 75
89 29 83
54 90 51
85 8 43
31 55 86
83 45 95
52 71 56
49 6 63
90 28 5
87 61 94
23 4 17
14 13 97
95 25 72
32 16 48
34 12 6
78 95 22
50 64 53
5 29 56
15 86 36
73 97 56
53 66 56
36 35 26
84 24 31
58 18 10
76 96 64
85 3 85
68 54 97
28 23 47
80 27 76
8 35 53
42 12 78
97 26 29
96 24 18
77 78 50
51 17 73
82 56 51
11 13 90
58 93 24
99 61 38
10 97 4
94 11 65
79 8 34
69 21 57
52 4 25
57 62 67
33 93 16
3 69 89
50 72 68
9 64 74
56 35 83
83 93 39
26 33 68
78 70 67
17 11 38
51 14 67
32 12 99
38 94 38
21 35 11
36 22 41
50 14 67
40 7 55
8 57 1
2 61 92
62 8 1
53 79 60
38 61 52
74 19 34
90 53 98
82 69 63
2 64 72
87 20 23
4 53 56
29 72 25
55 11 87
1 61 74
90 26 74
60 41 46
44 93 70
2 22 49
65 68 61
93 7 10
45 51 73
84 44 76
91 98 75
8 94 100
99 95 99
11 56 20
28 6 45
77 11 92
12 99 39
15 5 26
92 26 33
26 91 19
70 89 12
43 8 93
84 66 75
97 33 47
70 50 6
37 93 60
79 92 75
82 6 78
2 64 66
100 49 81
41 100 13
56 96 47
84 66 32
57 13 94
55 52 92
83 90 53
50 14 99
31 53 33
56 21 34
88 13 71
7 60 45
43 36 24
26 56 90
47 23 68
66 54 71
86 71 100
15 36 93
76 93 89
5 35 4
22 79 24
66 2 9
55 87 90
83 74 25
48 86 69
2 12 58
76 26 73
96 63 31
57 45 99
2 41 43
62 19 46
19 37 25
93 44 35
11 98 32
52 57 34
55 12 81
16 27 74
69 71 66
30 75 40
7 78 10
37 94 27
5 16 39
88 23 100
60 2 15
17 61 97
49 11 4
52 16 60
96 52 100
82 75 94
63 37 26
73 18 45
32 46 85
28 40 97
80 62 22
8 37 5
58 6 70
95 71 32
69 47 94
8 6 69
17 81 45
48 33 96
1 62 21
89 10 42
32 59 49
36 17 37
20 82 8
13 77 69
40 1 50
73 54 27
54 42 84
20 55 36
8 1 16
54 9 39
8 37 94
29 49 42
37 16 19
67 23 61
7 47 72
12 93 91
18 19 86
82 96 64
30 87 56
65 18 21
60 42 14
89 1 41
42 46 16
82 58 48
80 19 16
45 59 95
46 52 100
9 2 58
87 5 61
70 19 12
47 42 2
21 8 85
39 39 30
31 49 7
85 48 21
10 2 48
71 38 73
54 34 49
8 5 90
20 66 98
66 24 48
64 55 15
19 24 34
51 57 14
25 82 86
69 34 62
84 83 97
98 79 67
34 29 26
48 61 20
80 9 19
47 12 3
89 4 76
100 55 30
3 1 36
78 73 47
14 49 31
78 76 98
26 78 41
91 97 90
3 33 28
8 98 92
53 22 1
95 60 45
29 100 20
81 24 34
26 56 51
82 83 68
14 78 55
44 10 9
87 26 38
79 46 45
42 35 29
50 31 16
84 65 13
54 96 56
12 50 55
43 43 99
7 78 59
87 93 60
16 41 30
67 61 32
3 67 79
62 93 58
75 14 46
95 47 73
33 50 36
90 87 23
52 79 57
19 19 39
2 78 7
79 1 36
95 33 71
91 89 3
89 81 70
81 21 91
34 90 51
98 71 74
10 89 79
89 14 31
80 24 89
20 19 34
48 20 27
23 75 90
1 74 96
73 18 12
1 62 6
26 11 65
31 75 73
83 48 50
54 59 21
87 55 39
23 91 43
71 53 11
58 3 36
28 28 11
40 41 6
61 84 86
93 76 13
40 10 34
26 29 13
5 66 27
78 66 25
74 94 32
36 13 51
55 69 70
52 9 22
4 41 6
35 22 12
99 12 95
35 21 6
69 86 95
2 17 20
58 56 100
49 61 92
75 84 30
16 12 95
60 25 38
72 8 86
68 41 15
7 1 62
80 72 71
87 24 19
26 22 7
50 32 38
81 91 46
85 16 84
40 68 51
47 25 97
93 31 43
11 55 19
82 92 94
84 26 100
88 69 21
64 8 55
98 34 14
73 67 69
65 71 73
9 17 53
46 6 48
27 59 58
86 78 18
7 18 70
20 19 10
88 31 15
63 9 7
99 88 70
30 78 89
48 93 63
93 80 13
64 24 57
41 86 89
19 28 90
41 39 42
47 60 88
24 8 2
25 47 100
79 10 19
40 90 20
100 6 19
97 3 70
22 10 93
32 94 27
78 52 80
11 5 72
28 63 99
55 95 43
97 56 44
15 96 32
71 56 13
51 31 6
66 88 82
69 89 60
16 75 96
24 93 12
83 79 85
79 29 64
70 13 87
91 47 40
91 83 47
58 4 97
55 94 61
69 19 46
59 33 40
44 68 54
63 75 17
60 78 8
88 32 76
25 57 42
22 91 78
74 50 77
4 88 3
7 65 74
11 29 98
63 63 8
4 21 63
59 93 95
37 54 5
72 21 3
18 50 70
81 50 57
99 24 21
96 35 61
45 54 35
19 65 52
41 33 92
83 48 16
13 57 91
29 87 66
75 43 1
34 49 14
66 27 40
80 74 71
61 100 97
41 17 76
45 42 8
2 59 58
45 6 85
36 5 71
5 44 56
6 96 94
96 4 52
26 92 66
73 82 91
9 78 63
40 95 86
90 23 27
29 55 45
2 76 44
28 15 8
52 80 83
22 2 55
62 95 84
44 16 19
23 61 25
65 8 91
3 23 27
26 68 53
26 64 33
17 89 95
80 49 84
54 28 68
58 33 61
31 86 99
81 65 96
49 20 100
70 45 95
47 80 35
81 2 55
82 7 16
4 82 48
93 61 5
36 75 17
24 6 63
72 69 16
81 91 8
40 8 86
27 34 10
25 25 40
68 35 71
7 81 59
50 91 30
48 30 6
11 35 51
70 61 5
67 80 32
29 48 8
98 57 79
13 29 44
79 32 65
99 44 26
53 17 29
75 44 100
86 96 4
41 96 26
87 63 2
77 69 2
1 49 79
47 78 16
75 92 53
3 57 67
77 60 24
3 50 93
100 68 44
15 91 78
95 65 61
66 89 22
70 71 96
30 61 26
44 31 77
44 30 78
7 98 68
20 8 57
75 39 58
71 41 59
52 66 72
32 50 70
30 23 80
40 32 83
10 56 20
38 72 73
35 1 59
39 38 56
50 16 36
75 82 84
64 50 9
18 83 5
56 89 67
59 13 40
93 34 99
31 99 31
56 96 38
99 49 24
74 82 99
100 20 56
60 23 71
75 55 10
92 79 67
67 36 48
87 83 76
48 17 40
49 75 38
60 90 96
61 18 67
6 28 98
81 62 16
34 52 92
70 77 15
23 63 42
27 34 69
30 7 84
9 26 47
74 18 7
40 6 10
31 79 36
40 68 38
3 74 32
2 4 13
94 55 1
26 66 47
20 15 67
35 84 93
38 80 66
76 86 12
26 59 30
7 56 32
3 8 57
46 41 93
76 44 47
81 10 88
13 55 7
29 61 96
45 52 76
11 49 16
52 7 86
18 52 64
79 69 99
28 76 56
26 44 87
75 60 95
11 98 27
56 8 12
31 27 90
61 95 81
45 60 42
25 41 62
28 93 49
34 49 91
7 11 28
40 36 85
80 12 48
14 6 10
97 57 2
57 38 73
85 29 94
59 90 65
84 78 31
63 52 37
21 37 66
100 42 84
85 54 26
100 93 8
61 47 35
82 8 84
57 54 4
87 3 86
84 88 21
66 47 64
84 26 25
90 53 61
19 7 18
90 35 23
66 63 9
37 12 89
94 86 55
65 54 71
12 34 31
58 99 36
15 67 36
1 55 79
34 73 28
65 59 10
23 85 39
74 97 76
14 77 2
18 97 64
100 69 62
76 5 87
27 46 18
51 55 10
87 89 16
18 13 64
84 14 12
49 100 94
97 33 61
49 20 73
84 66 13
68 96 5
2 17 25
71 31 63
89 95 99
36 97 4
27 45 70
69 48 19
88 63 85
52 97 23
12 6 84
13 19 42
37 27 51
8 41 14
27 78 41
64 88 81
55 59 30
48 69 1
75 16 62
17 27 40
73 28 52
36 77 19
61 42 16
9 3 9
21 9 85
39 55 2
69 95 10
17 27 54
26 95 19
57 57 55
97 16 45
8 99 95
24 81 12
7 92 75
26 76 47
16 21 82
86 99 77
86 38 40
15 54 4
20 48 12
93 27 4
25 12 16
2 91 31
88 67 19
16 66 72
46 27 52
57 46 70
19 12 49
26 43 39
88 2 88
85 33 35
65 27 87
10 67 31
38 28 96
69 9 59
32 58 36
33 1 41
82 60 62
53 87 20
17 61 94
28 71 92
34 65 73
43 61 17
74 62 63
68 52 100
61 67 58
75 86 49
44 1 63
91 39 88
35 5 76
79 1 69
34 26 83
49 51 17
15 48 49
58 86 49
37 44 100
47 81 18
9 22 60
32 51 73
66 12 7
78 97 73
86 66 80
6 29 72
8 30 6
47 92 20
58 68 32
5 77 99
18 2 69
53 49 57
19 30 46
75 86 67
83 63 91
94 51 23
83 66 32
26 43 34
64 7 86
33 54 29
11 22 60
69 67 62
11 33 29
59 39 22
16 25 64
5 84 55
63 45 42
44 86 16
98 72 66
30 33 23
64 39 85
90 45 49
63 60 58
79 18 50
6 68 83
83 25 44
19 56 83
11 63 70
87 49 18
17 83 64
3 34 55
23 40 52
1 69 6
22 98 52
35 98 61
57 27 90
71 100 17
92 31 57
10 45 59
74 77 50
31 62 34
14 5 53
60 64 73
10 32 75
7 27 68
49 61 80
48 1 6
39 9 70
89 82 48
69 80 83
58 81 48
43 32 56
15 35 73
65 53 5
81 50 3
83 22 9
12 45 8
35 80 32
44 29 37
63 62 39
93 11 75
11 71 25
40 35 98
89 68 40
5 51 65
3 28 71
5 29 56
93 97 61
42 77 86
21 75 26
51 24 85
59 69 84
17 72 76
66 86 18
48 100 20
18 40 80
15 68 26
30 98 83
30 31 89
29 22 85
27 16 81
28 93 67
29 22 93
4 8 39
22 44 75
55 91 2
18 59 78
79 34 46
34 21 6
57 38 74
9 65 38
69 26 100
2 7 86
45 79 77
8 17 76
95 82 18
91 38 20
98 93 30
11 38 37
56 82 34
59 91 30
31 90 33
69 7 93
51 28 23
16 29 54
99 7 91
18 82 9
42 92 66
36 39 34
16 86 59
40 43 9
68 87 72
100 2 1
32 69 21
39 23 32
19 78 9
71 16 69
97 34 12
80 39 48
85 65 35
74 99 14
95 71 73
39 13 94
14 84 63
21 7 57
64 8 57
11 35 68
67 47 40
49 4 98
44 86 95
7 9 2
19 29 23
93 49 42
2 11 54
33 77 58
67 100 64
16 62 99
88 61 25
48 31 46
99 78 67
74 100 54
68 28 66
25 65 47
14 31 43
19 62 82
39 81 30
93 82 19
32 39 1
6 52 47
42 36 84
33 72 54
22 59 45
79 28 100
91 71 47
76 76 47
43 64 100
93 51 5
91 77 8
50 80 61
16 51 5
82 22 59
14 3 6
78 52 56
81 2 18
8 10 1
5 24 6
71 48 8
58 88 55
91 31 55
8 21 99
88 86 12
58 31 18
20 73 26
44 23 38
71 67 2
94 6 21
55 62 1
80 83 72
11 33 53
18 77 9
59 84 12
73 26 28
70 95 21
36 1 6
52 83 94
94 3 55
92 33 44
75 41 9
19 14 93
34 82 81
70 39 55
97 51 74
7 18 57
23 62 24
14 41 88
40 62 9
10 27 53
93 23 27
88 26 52
30 33 4
66 79 89
18 8 59
85 94 96
49 34 6
74 15 78
11 86 10
53 7 8
90 86 24
47 25 65
26 18 12
24 63 81
13 28 27
73 36 91
26 88 46
94 44 27
3 26 20
82 6 55
91 55 49
76 95 59
4 98 33
51 88 58
29 95 93
54 92 76
41 31 48
27 29 97
71 89 30
67 8 46
60 3 62
60 4 97
2 81 99
58 12 39
38 8 10
85 53 65
18 40 73
11 43 8
59 37 25
41 31 34
19 19 21
34 82 81
100 28 94
34 97 35
73 22 59
47 35 28
60 43 31
23 7 1
42 98 72
36 75 20
28 80 64
14 84 42
18 16 8
98 6 93
80 69 49
76 40 97
42 3 85
82 81 10
55 1 49
42 8 24
5 77 24
62 47 11
86 26 33
44 78 6
20 66 97
32 48 36
84 14 43
37 61 87
55 62 43
16 93 24
17 11 37
7 93 21
49 15 67
50 67 82
92 73 54
96 84 8
22 31 57
49 49 19
66 72 61
99 69 21
64 85 41
68 64 76
94 33 5
87 5 17
91 58 81
94 40 73
73 6 12
21 12 57
35 68 53
68 36 39
60 93 3
100 20 65
25 89 46
93 70 31
12 74 11
22 93 85
84 19 78
35 38 54
30 27 98
100 27 75
43 9 22
82 33 25
45 63 84
59 12 59
70 83 33
74 20 66
35 85 78
2 66 100
23 65 27
48 16 55
23 21 77
98 81 79
32 4 33
89 46 1
47 13 97
41 16 55
30 27 64
13 99 15
11 30 84
14 42 12
34 97 32
90 19 9
62 69 78
80 60 10
43 55 62
90 67 82
8 89 7
85 67 42
59 48 31
22 8 81
56 50 45
30 52 38
96 39 63
95 17 73
41 84 19
29 56 23
26 84 36
6 63 88
96 87 97
20 3 43
95 39 9
85 26 37
51 77 99
21 83 13
72 75 35
48 86 39
67 82 58
3 38 28
66 59 78
67 71 11
73 28 35
95 25 51
97 68 94
12 18 34
75 46 59
3 12 16
8 39 36
25 19 82
34 41 49
25 64 54
80 63 45
26 97 66
8 39 41
94 86 16
6 98 51
36 76 71
98 9 22
48 14 60
29 78 19
52 71 65
44 65 98
83 83 23
47 30 81
89 91 10
11 83 61
17 67 58
32 87 17
2 99 8
67 17 74
22 12 55
31 19 9
35 29 61
89 35 64
58 71 73
20 98 32
21 47 83
27 18 55
73 84 60
7 99 1
69 33 94
81 90 5
97 1 79
80 63 45
25 1 22
35 81 86
34 85 91
63 36 59
10 82 57
29 36 69
51 88 9
72 30 93
16 95 46
39 21 9
5 9 1
51 14 49
34 51 83
53 87 83
71 2 24
17 44 75
82 19 48
96 51 4
44 25 37
2 70 30
77 1 84
71 82 91
65 86 16
1 58 30
78 90 20
18 76 100
77 78 1
46 89 2
67 51 29
77 99 79
46 10 3
11 1 12
54 31 48
59 8 91
88 56 92
47 17 76
47 95 31
47 91 86
7 56 94
47 7 24
11 84 24
55 6 9
17 16 88
76 28 71
7 58 3
77 10 15
71 23 32
93 16 99
83 99 21
97 64 38
95 21 77
73 12 21
55 56 20
95 16 62
4 5 83
69 31 50
61 86 85
82 94 74
4 8 91
47 92 54
19 27 96
93 2 60
85 91 99
3 43 84
63 67 55
52 8 70
58 44 94
78 55 31
54 7 89
23 99 3
62 87 53
32 70 19
99 60 10
18 52 98
18 15 43
98 61 72
60 97 52
91 81 22
22 96 13
55 88 49
92 5 11
37 41 42
55 35 83
100 91 46
87 28 37
34 1 16
60 20 98
15 80 11
17 94 83
48 1 62
12 69 93
53 84 60
98 71 33
47 73 11
32 75 87
9 23 56
20 90 29
11 92 20
6 17 68
6 55 85
12 60 79
83 87 73
53 25 4
80 21 70
54 98 5
36 99 36
21 26 56
88 98 47
59 54 68
74 89 93
95 17 87
72 54 65
9 33 27
100 10 58
40 91 19
90 2 99
38 39 55
37 96 76
95 17 100
23 23 90
18 79 57
76 98 47
27 58 21
13 66 61
79 42 59
39 66 72
35 87 97
90 33 51
74 34 24
72 79 31
71 30 50
80 45 14
62 69 41
83 96 61
30 77 8
10 85 2
56 65 61
98 50 1
83 54 20
18 21 89
35 41 45
77 38 100
71 24 8
55 43 46
26 47 25
95 18 31
77 11 75
35 60 14
2 82 9
73 74 11
64 89 70
17 90 66
26 31 62
42 30 22
73 24 69
86 23 98
59 50 46
67 57 89
59 91 34
39 79 45
82 14 86
90 70 15
39 28 90
42 65 94
57 53 65
44 58 39
13 55 78
97 59 12
88 56 66
21 18 59
54 100 23
14 25 26
50 22 62
25 99 7
16 44 28
2 73 29
14 42 81
36 35 94
29 4 97
94 82 14
30 74 54
16 87 53
43 42 19
76 76 20
31 80 56
67 81 21
36 30 67
25 81 55
25 100 20
92 99 31
89 8 19
30 36 95
37 65 33
38 35 90
95 36 18
78 24 43
71 63 7
98 97 32
75 3 16
51 71 17
86 28 11
40 48 42
81 78 36
98 98 76
10 79 6
28 59 82
22 62 78
95 81 63
7 80 25
5 16 85
27 50 21
66 45 79
99 12 8
67 55 12
46 99 82
42 12 31
8 50 93
5 77 84
40 68 28
31 39 93
20 48 57
3 95 79
9 92 29
71 31 22
76 6 88
78 71 66
12 43 88
79 93 84
84 85 39
82 79 67
5 73 71
96 25 38
13 43 15
43 51 25
38 95 81
98 83 47
10 39 1
19 76 61
3 60 43
14 19 24
7 88 84
57 11 29
1 95 91
75 44 40
94 52 74
45 43 45
97 86 82
79 19 81
84 74 52
67 33 97
85 43 46
11 64 51
59 20 64
19 89 81
21 54 75
32 66 72
27 95 46
14 41 70
49 92 11
19 72 100
24 69 86
56 70 63
7 46 48
77 50 1
55 17 29
56 42 18
81 79 48
55 20 44
53 89 82
60 88 78
83 56 96
1 35 87
99 54 20
15 98 92
12 34 9
100 22 88
62 22 89
21 54 97
10 70 1
64 40 90
52 8 95
31 66 56
1 70 69
14 31 49
21 36 22
71 82 36
29 36 7
21 17 47
89 48 6
71 65 90
59 12 41
84 23 35
93 30 10
6 48 67
64 58 41
6 90 40
52 60 78
23 57 59
53 78 81
10 59 95
4 24 59
5 71 54
95 83 38
55 23 37
15 27 80
3 97 35
94 3 21
31 14 70
13 72 56
95 28 96
36 78 70
51 25 51
98 92 38
98 4 27
73 36 93
25 75 51
49 1 43
95 69 57
69 16 18
85 37 73
96 57 43
49 40 37
16 29 56
34 47 94
84 35 37
13 6 99
26 48 3
7 50 3
60 55 91
61 61 25
68 34 60
36 38 17
11 53 92
23 99 9
45 100 44
7 5 96
8 4 80
4 38 54
77 53 100
42 60 63
17 32 27
86 40 97
54 77 91
46 13 26
39 8 45
69 37 74
22 88 57
5 8 3
61 98 80
40 60 57
38 83 35
16 41 31
98 9 42
61 96 47
59 16 3
94 53 23
53 79 8
6 16 85
71 56 17
67 45 69
19 34 15
5 68 37
20 34 1
71 83 94
17 44 29
48 70 60
96 62 39
18 78 69
48 66 5
85 94 53
36 88 67
39 37 17
45 74 13
58 8 82
90 94 13
18 78 89
99 45 41
78 47 73
15 97 29
67 48 58
87 28 64
27 52 32
79 82 50
60 56 52
78 64 87
24 89 49
93 70 12
81 86 1
97 49 6
50 30 62
39 37 27
79 2 15
33 95 6
38 100 75
19 37 71
51 99 55
38 84 10
59 54 61
72 6 24
85 37 29
62 98 64
48 61 28
5 61 80
49 33 44
92 35 23
76 31 14
58 67 86
87 87 74
62 7 3
46 13 32
18 91 84
21 54 27
88 61 4
31 70 39
54 30 2
35 54 5
66 34 84
80 14 93
93 52 64
50 17 71
20 58 42
50 39 31
24 49 31
4 70 36
78 24 67
94 70 39
72 43 99
36 17 47
74 58 81
49 52 68
100 76 56
2 79 78
5 90 75
11 4 29
75 95 49
57 45 55
62 54 32
33 38 73
20 30 89
5 47 64
36 14 36
31 68 76
10 78 15
60 82 50
4 2 91
19 4 65
44 9 60
12 38 20
17 53 38
60 59 81
73 72 51
72 13 37
84 6 78
54 2 21
18 6 59
1 69 99
53 31 79
36 17 5
47 16 7
47 92 20
88 23 4
24 46 30
63 62 2
98 39 42
93 39 62
22 89 18
66 71 32
49 67 46
62 90 52
8 51 23
18 89 39
79 12 34
24 1 85
20 46 86
71 72 27
84 91 41
74 10 62
45 28 32
94 57 6
26 78 70
60 30 89
27 59 16
11 16 91
39 15 6
45 99 31
71 89 46
93 16 41
38 18 48
80 16 81
78 14 41
30 100 32
82 13 20
46 99 21
94 93 77
20 66 64
27 85 67
51 63 82
24 12 50
92 80 38
34 9 95
63 5 32
32 71 65
23 5 53
4 19 63
35 11 52
35 35 72
80 8 10
35 96 26
45 25 61
45 75 80
63 39 30
85 97 96
20 75 96
23 35 29
12 85 24
28 78 82
19 5 11
42 40 90
18 7 70
39 11 37
69 15 22
60 52 11
7 26 80
89 59 7
23 88 14
86 47 33
28 20 44
62 62 78
92 33 65
49 81 15
38 58 63
51 5 66
40 76 32
59 36 2
23 25 28
10 48 1
83 4 75
63 4 68
8 43 63
97 83 65
78 95 49
67 6 31
64 97 54
69 29 56
70 1 84
30 13 44
70 27 75
30 39 67
64 78 18
71 41 82
5 79 1
8 42 18
52 11 47
14 67 16
5 45 62
98 40 74
77 23 68
28 94 20
93 40 61
46 72 32
96 77 55
87 73 97
11 67 1
84 11 75
39 26 28
59 49 41
41 32 74
22 16 41
6 39 6
78 26 64
79 39 2
19 78 24
28 31 10
1 7 93
81 93 12
44 21 2
34 44 90
59 53 72
90 76 100
63 55 59
82 96 37
72 38 80
56 49 34
65 12 14
86 58 16
89 57 67
71 10 16
32 21 6
2 99 19
31 53 73
27 33 74
88 57 88
70 90 94
1 84 1
12 5 37
77 8 60
42 33 20
63 25 27
93 51 83
27 82 31
43 90 54
93 68 35
74 44 47
23 61 37
85 83 100
31 76 47
95 38 53
78 48 41
1 70 39
73 95 12
61 44 52
73 76 56
50 69 22
56 62 10
67 15 82
33 13 25
71 21 50
32 98 52
48 75 72
29 66 51
79 73 29
13 21 69
78 64 100
26 26 100
45 58 19
36 56 35
31 32 72
74 79 41
73 52 17
7 51 11
66 90 32
95 3 6
79 18 48
27 46 93
48 10 89
64 44 53
70 23 73
9 39 57
86 58 7
5 91 12
30 1 8
76 57 16
16 47 66
37 98 17
45 17 92
44 62 57
35 35 38
84 51 71
6 100 74
31 27 33
32 46 55
63 89 63
88 78 81
37 45 6
62 33 35
18 24 57
66 100 53
74 35 44
99 87 76
63 39 86
92 95 48
70 14 8
25 31 36
42 80 44
50 72 17
68 11 90
48 74 96
24 91 81
38 78 10
56 31 50
71 92 73
14 17 74
100 21 93
41 92 64
46 50 79
65 19 21
4 80 11
21 73 72
84 75 61
86 63 36
18 63 62
100 9 60
73 76 54
13 48 21
97 14 24
46 32 66
40 29 66
72 14 8
3 42 48
47 6 34
23 58 45
88 4 26
81 96 100
71 87 61
60 19 7
23 47 66
94 3 85
99 73 65
2 38 23
70 28 13
73 89 21
11 82 84
27 75 64
60 24 14
22 38 32
24 97 71
30 65 32
91 51 74
96 2 79
9 2 62
29 7 16
96 42 77
92 40 52
41 74 13
75 48 41
19 62 82
38 95 22
11 31 45
56 6 30
49 4 33
97 56 52
16 100 35
32 79 63
97 72 20
14 33 100
95 46 36
59 81 41
42 11 65
48 13 33
87 27 29
9 84 62
19 69 24
7 76 73
63 1 57
36 23 90
10 97 38
94 38 87
54 97 44
87 36 16
70 41 91
65 95 49
43 7 10
83 60 3
98 4 98
18 3 99
88 79 60
89 87 17
79 66 80
60 77 69
3 37 73
83 70 18
92 91 79
39 1 77
14 6 77
59 71 32
20 10 62
24 7 99
49 63 67
14 89 48
51 57 8
16 90 98
78 40 35
62 50 81
5 57 93
73 55 78
75 2 63
89 58 14
35 25 20
68 33 51
49 63 6
81 50 31
73 83 74
61 76 33
2 100 29
88 59 49
6 43 16
61 33 23
79 64 4
41 17 35
33 67 15
17 7 31
42 41 60
35 79 1
83 1 10
32 73 72
22 90 61
95 42 6
64 15 9
95 2 22
27 29 33
86 68 76
49 31 1
64 35 38
6 30 48
73 15 89
96 21 77
12 12 77
91 74 97
57 55 14
63 53 65
78 60 45
16 20 97
54 46 16
44 24 59
65 22 78
3 12 84
20 82 19
35 18 36
100 66 25
100 21 69
57 85 45
76 81 78
73 64 72
83 74 29
79 90 72
84 91 48
79 84 9
6 28 23
3 2 21
23 13 90
38 39 86
20 32 44
14 31 70
10 32 96
84 75 74
75 31 24
9 18 36
47 5 100
9 14 88
29 6 45
26 5 74
52 92 71
24 33 37
15 56 20
81 95 41
66 78 84
40 42 41
12 17 73
20 75 35
47 62 63
93 21 50
66 26 52
88 47 44
16 8 77
86 28 37
50 2 45
28 97 61
38 7 21
87 62 30
20 56 29
42 72 37
2 34 42
65 3 6
3 63 39
68 67 81
56 74 54
83 13 23
35 38 17
59 41 3
56 77 78
41 77 69
67 26 56
78 81 9
49 47 76
1 39 82
49 80 100
79 44 97
95 14 34
68 9 78
42 32 17
53 62 86
52 92 38
93 11 68
51 63 49
83 83 13
91 16 58
23 23 75
76 30 10
69 85 22
94 67 79
32 57 1
46 91 8
77 48 7
99 85 45
86 85 95
99 44 80
9 77 93
98 15 30
56 31 60
63 68 64
13 64 80
15 36 6
64 11 44
24 70 77
19 37 40
95 29 61
25 86 58
89 46 85
18 15 89
73 94 28
47 78 10
90 2 81
10 33 26
58 62 12
57 74 23
97 94 33
46 80 20
41 27 20
7 58 62
17 82 57
70 95 57
13 91 42
79 83 29
69 1 50
13 13 68
6 35 96
83 9 36
53 85 88
69 3 50
6 45 14
17 30 34
48 35 32
22 60 43
17 58 63
26 86 45
95 7 6
62 38 65
12 22 7
6 47 44
50 2 10
51 5 71
11 68 87
29 70 93
53 97 20
45 45 81
6 7 30
25 16 86
44 77 91
93 2 9
33 87 28
19 41 36
95 50 63
30 74 54
17 14 36
1 48 36
53 70 45
8 84 81
45 73 74
98 73 100
57 92 35
66 3 36
13 51 94
40 75 66
62 14 55
26 17 23
29 84 67
85 1 99
77 30 10
9 5 56
24 20 40
63 59 46
79 88 31
82 31 8
85 37 13
27 32 56
81 91 15
3 4 27
97 60 15
99 11 92
99 55 6
73 18 41
56 20 72
37 87 20
80 23 72
27 24 8
31 94 5
57 31 99
77 93 78
47 3 8
18 94 64
27 17 90
20 74 87
3 7 89
24 16 67
87 29 56
65 44 37
57 92 96
40 69 22
10 48 15
94 33 97
24 75 65
56 16 10
42 24 1
86 8 14
62 12 55
19 60 9
41 51 56
95 36 7
70 99 93
64 70 77
43 46 89
56 45 59
40 68 83
65 60 77
72 31 50
9 71 28
20 40 90
8 47 87
100 67 82
95 46 22
16 12 19
88 2 86
65 97 76
74 37 71
25 99 70
90 35 32
94 30 82
35 22 49
40 45 31
54 22 67
91 74 61
4 75 65
74 10 2
14 4 53
6 31 81
54 4 52
99 85 24
80 39 19
91 19 84
100 26 44
45 16 8
14 76 75
2 36 81
73 82 45
52 73 75
69 43 48
86 34 3
98 81 31
66 92 66
27 65 35
69 55 69
24 79 89
12 31 58
74 62 63
11 82 78
92 96 51
79 93 89
21 85 63
57 41 15
53 83 44
89 25 76
25 52 47
37 70 39
69 43 46
28 70 79
80 17 97
98 29 51
8 28 35
41 55 62
82 80 71
55 14 95
91 71 5
5 80 76
53 77 15
10 1 48
9 23 27
84 69 42
100 26 52
47 16 41
91 90 33
47 33 66
1 68 33
44 83 17
16 49 41
93 54 51
91 32 51
99 99 70
13 70 43
98 68 37
57 59 89
92 89 48
23 57 16
81 95 1
44 53 33
89 57 84
14 17 4
73 41 93
44 7 2
79 71 33
58 55 12
55 30 49
11 33 100
10 58 69
83 82 41
23 6 15
74 15 55
47 11 28
67 7 59
70 28 53
76 57 50
35 38 56
5 50 42
18 79 7
59 26 92
88 25 71
58 35 53
99 64 29
25 29 73
15 88 30
57 55 78
35 80 66
41 66 40
21 95 22
9 59 48
98 28 97
46 96 54
23 72 28
78 88 79
72 4 13
31 33 73
92 34 69
7 30 45
29 1 95
95 45 95
11 78 86
34 50 85
89 83 17
2 68 66
27 81 45
12 30 62
4 22 46
30 91 79
96 65 66
11 59 62
73 60 7
54 78 46
97 79 19
56 45 43
15 86 42
57 95 91
38 90 23
25 12 16
65 33 71
26 69 86
50 19 88
57 51 13
1 47 40
88 48 58
89 98 5
80 100 44
69 95 48
4 7 95
9 73 52
7 74 96
64 62 81
34 24 41
29 57 50
84 76 64
29 62 22
48 69 82
80 68 73
11 12 7
9 80 100
6 37 74
16 79 39
50 2 14
24 38 94
60 34 6
79 99 95
61 57 82
85 29 13
91 40 87
94 43 34
45 85 58
40 27 68
65 29 66
37 45 93
90 20 68
24 50 62
64 3 62
66 71 80
86 70 10
68 37 97
89 93 67
63 13 76
62 26 56
45 66 11
26 92 76
31 98 90
7 18 58
2 17 47
21 60 8
95 49 79
39 69 91
10 34 14
45 64 100
64 62 60
71 72 74
62 59 77
69 92 27
83 32 25
99 6 58
50 86 59
45 65 26
83 80 38
89 77 93
42 19 24
36 98 71
83 85 55
13 13 17
64 16 93
13 15 81
49 25 73
85 73 74
27 19 30
30 69 16
29 29 52
79 62 84
7 9 16
11 21 1
53 49 46
28 77 24
78 25 76
96 70 89
79 61 54
35 67 78
95 60 78
47 32 23
75 100 87
82 16 78
61 97 17
83 86 3
87 45 84
10 14 84
59 48 49
11 57 10
16 57 89
63 34 69
93 26 64
16 67 10
19 51 98
74 95 82
50 82 84
99 52 13
43 85 48
56 52 27
7 61 96
66 18 88
39 93 78
7 8 6
17 4 44
42 21 16
85 33 27
41 52 28
3 35 33
92 85 45
51 49 15
27 60 88
5 46 9
77 59 14
92 63 69
52 74 27
39 69 81
60 22 86
2 39 14
44 64 4
66 16 91
69 92 65
86 84 58
41 12 85
51 27 96
86 21 48
72 61 75
80 80 25
73 68 90
20 68 33
83 20 61
5 7 12
24 14 86
54 3 9
14 81 67
63 11 98
17 63 70
64 100 35
27 34 57
79 59 16
97 32 83
19 73 54
17 99 14
6 93 19
79 39 62
43 76 65
98 32 11
80 75 92
16 35 80
45 97 68
85 83 64
90 59 55
91 96 90
2 84 48
21 81 10
90 100 68
87 49 34
53 23 68
97 38 64
48 57 79
30 65 71
47 13 20
5 1 19
95 65 72
68 99 48
54 40 96
3 60 89
35 7 46
24 79 30
62 54 94
72 23 65
31 16 58
31 81 41
19 81 84
58 62 85
22 36 50
88 65 40
81 61 27
58 44 17
72 2 63
4 66 29
90 93 79
15 58 41
10 13 61
61 68 97
31 81 82
46 5 37
24 41 14
28 87 97
14 56 38
74 99 14
33 92 33
21 86 48
38 71 20
97 75 26
52 44 51
40 86 50
3 81 95
90 14 50
80 31 84
52 9 16
51 12 60
75 100 27
8 85 8
71 34 89
68 78 48
94 91 93
87 39 24
81 48 19
53 60 6
46 10 69
66 20 87
39 85 62
33 15 48
12 23 32
37 91 18
69 28 20
36 84 70
54 60 70
14 37 76
95 89 22
70 62 43
50 95 59
47 95 14
18 25 40
55 3 77
60 97 13
37 55 58
94 75 73
12 6 24
9 56 76
28 77 3
23 25 27
95 64 37
51 42 21
30 82 10
50 44 28
70 89 31
48 64 51
2 87 32
6 88 50
69 24 41
25 61 100
59 25 80
25 67 43
26 77 91
50 67 45
53 3 91
17 82 62
29 10 78
58 1 21
20 86 9
63 32 64
34 47 72
92 41 24
73 78 15
40 33 29
2 24 45
92 82 50
3 62 91
86 50 91
26 26 4
77 5 72
2 91 78
94 38 66
99 10 30
94 72 52
7 49 78
81 53 35
85 64 26
16 39 18
24 79 59
25 99 62
4 46 3
18 30 19
10 35 23
71 53 61
70 30 15
18 82 12
21 58 42
73 51 4
98 74 68
3 89 36
56 34 30
10 20 32
66 76 40
75 80 53
31 59 82
14 87 47
52 35 64
3 31 45
67 2 58
53 55 10
12 70 77
91 63 49
99 76 53
87 70 1
19 5 38
18 71 83
53 50 19
5 70 19
11 47 13
64 49 77
67 26 73
16 3 67
56 85 91
55 60 34
4 13 5
94 44 90
32 10 8
82 40 27
54 73 51
79 82 45
42 35 37
5 29 47
71 37 44
80 2 67
24 72 23
67 37 38
55 9 49
63 24 57
13 98 65
61 26 66
41 63 8
50 54 53
22 76 28
90 70 21
93 22 62
81 63 88
83 52 56
79 63 7
48 32 75
86 60 3
47 31 77
49 66 92
100 48 3
20 1 43
7 1 43
8 59 42
63 61 52
79 66 23
40 1 12
96 42 67
62 68 26
24 24 14
44 78 46
29 31 48
97 12 45
4 34 84
7 21 6
61 33 13
25 59 57
6 56 75
65 92 44
68 5 38
69 20 74
61 33 17
75 6 7
25 42 67
55 51 29
20 23 74
29 49 58
57 86 34
46 65 28
27 88 7
59 69 60
92 59 45
1 46 14
80 48 2
35 41 43
92 41 99
5 91 31
85 2 58
44 73 29
15 86 14
66 25 72
40 53 54
7 19 39
91 75 100
78 23 80
86 29 61
57 89 85
39 23 47
29 30 62
25 90 74
59 12 50
31 54 40
97 88 58
63 2 12
1 53 90
85 24 95
18 84 58
57 89 57
64 95 62
67 6 67
33 56 68
18 5 90
44 15 59
98 17 54
36 2 91
44 84 69
80 82 67
8 18 81
6 46 93
59 63 30
28 65 83
38 72 65
42 20 32
28 58 89
41 74 65
29 58 43
33 98 71
66 22 21
35 93 50
44 2 95
69 53 83
68 59 41
45 33 20
11 63 62
72 5 13
17 30 2
32 40 51
84 67 3
81 5 44
15 43 15
45 50 45
88 38 74
48 67 82
43 24 41
46 45 46
36 62 79
49 71 23
68 62 43
85 39 31
33 22 6
36 47 25
22 1 41
13 44 23
80 85 55
73 30 36
62 89 55
3 67 60
66 76 54
11 78 14
14 84 36
67 91 45
97 27 33
33 27 32
16 64 51
78 73 68
61 21 48
19 72 37
54 93 67
74 14 34
42 11 61
54 70 85
6 94 65
9 20 61
77 49 42
50 18 7
84 9 99
26 99 30
38 8 31
47 14 93
76 39 82
82 18 3
70 57 48
16 75 53
10 58 36
59 64 94
46 85 69
52 27 80
5 54 80
32 18 63
92 29 4
24 14 18
93 93 63
77 11 72
87 21 24
95 45 15
87 52 32
36 9 1
96 66 23
34 48 18
2 95 70
90 50 60
76 42 8
92 58 39
69 63 16
53 85 70
21 91 57
98 61 38
98 96 72
98 67 46
54 62 78
62 90 23
11 89 3
80 78 86
35 52 100
82 16 34
83 24 2
42 61 66
13 9 93
46 98 90
23 95 77
79 27 20
93 21 93
48 50 77
7 58 48
3 41 39
53 95 24
3 31 60
93 10 86
56 93 58
52 19 1
32 82 59
27 53 33
8 90 5
48 10 57
75 16 63
38 78 9
18 38 61
49 93 30
53 36 55
75 77 89
85 32 17
29 53 25
10 44 32
37 61 83
73 12 89
22 9 86
21 70 84
100 44 40
50 56 100
49 96 54
40 59 50
77 49 70
31 16 49
75 57 63
72 58 50
80 65 90
93 3 12
11 46 22
36 18 43
98 73 72
50 68 92
26 14 58
40 23 44
66 94 32
67 71 27
11 78 49
22 94 74
18 76 5
15 48 59
78 7 3
59 26 71
7 3 62
57 88 70
80 64 5
60 98 4
98 49 34
8 31 69
16 52 51
53 87 35
18 76 96
24 38 76
31 3 50
64 41 69
46 49 77
40 73 80
42 90 27
93 1 46
79 88 60
26 25 27
4 77 88
85 71 90
88 58 57
39 58 82
95 15 24
54 78 59
84 12 7
53 86 78
62 83 40
65 12 39
24 53 27
37 97 40
43 48 24
100 43 77
68 25 72
85 80 26
42 33 73
49 68 40
71 17 54
37 14 62
93 34 3
83 81 79
11 42 7
45 92 53
12 61 38
95 89 95
63 57 45
90 90 68
75 67 30
60 7 3
17 31 62
40 73 87
40 60 86
64 86 50
47 76 87
54 78 46
19 26 38
96 72 25
6 20 23
81 49 8
70 60 88
14 90 74
73 12 21
2 22 6
63 95 67
76 58 30
4 75 38
93 12 31
32 85 42
24 9 21
14 37 68
55 6 77
69 16 99
89 95 42
84 46 42
72 18 93
84 11 25
76 8 63
35 46 12
23 33 66
26 79 42
35 12 16
60 26 11
28 38 4
75 93 7
75 24 18
26 94 87
84 8 19
58 13 23
89 65 11
75 63 36
41 38 51
81 72 92
19 50 9
64 92 87
84 72 71
6 91 49
56 11 54
25 30 49
90 46 3
78 15 50
88 36 77
85 27 66
59 13 65
89 76 11
86 93 63
81 3 10
8 8 34
96 24 41
48 41 34
91 39 91
90 12 57
86 62 45
56 69 46
74 7 62
84 48 8
67 31 21
82 1 58
64 44 68
77 36 45
5 51 64
63 29 83
25 39 10
65 98 4
35 86 41
85 61 90
20 26 83
53 48 6
55 21 18
100 8 63
33 85 70
47 69 91
28 10 30
15 16 8
38 83 27
46 79 1
67 39 84
37 79 7
12 45 86
41 11 44
1 72 29
60 11 73
71 64 51
84 30 22
81 29 74
1 98 44
68 88 49
45 32 100
80 34 84
51 54 40
41 27 94
64 72 100
27 53 100
34 71 26
58 83 32
56 43 24
48 86 6
30 13 75
29 14 91
64 24 34
84 53 75
96 62 93
23 80 25
30 61 4
79 37 64
96 50 39
82 100 96
4 100 94
72 43 63
48 4 38
27 36 91
96 23 11
41 74 87
26 82 55
37 34 19
29 56 27
26 1 84
100 64 92
12 76 74
92 12 39
38 52 100
27 75 52
21 50 70
68 59 79
11 1 3
43 6 84
7 89 22
83 94 23
26 45 30
8 37 32
94 88 50
72 83 28
23 98 72
61 17 54
17 42 1
92 76 51
57 22 3
79 8 7
25 81 85
34 54 92
17 83 68
57 47 44
59 42 46
45 78 50
10 14 7
22 74 98
38 10 88
79 49 6
63 72 98
1 58 14
80 37 98
51 46 22
33 15 49
43 84 70
7 22 88
50 52 80
12 31 59
29 35 51
42 42 3
31 23 92
26 53 83
57 95 21
91 77 21
26 25 13
56 46 8
43 63 85
38 35 52
7 23 61
73 58 88
17 12 2
85 23 38
96 88 69
13 74 53
93 2 50
51 71 74
71 98 52
80 63 42
67 80 65
43 60 16
88 3 7
79 13 71
73 30 36
12 20 64
40 89 91
62 37 75
17 79 78
69 36 95
27 54 56
41 93 14
30 96 52
68 17 73
32 87 38
23 10 9
44 80 29
75 17 83
27 75 27
63 80 40
100 91 84
44 73 4
22 82 84
56 90 72
53 15 99
62 82 59
3 100 96
90 11 47
78 20 28
63 25 83
23 5 33
63 13 29
64 22 41
45 96 35
66 26 23
30 87 80
22 23 61
46 6 46
10 32 65
44 41 89
57 99 46
29 11 17
79 49 46
10 55 77
82 88 46
32 22 89
13 78 91
85 87 29
92 64 75
68 18 42
13 14 31
16 55 93
87 40 56
36 93 7
72 96 98
7 73 97
43 95 14
31 45 16
8 9 30
9 46 14
45 3 36
14 62 50
32 97 98
81 53 5
66 62 67
84 72 100
36 95 48
72 65 100
68 50 10
26 34 46
38 66 13
23 30 42
58 21 88
58 83 96
73 92 38
13 41 63
39 86 55
15 56 97
22 43 99
26 58 55
53 82 41
34 70 24
91 26 56
52 93 9
30 100 23
83 58 7
49 31 34
13 45 43
3 50 19
50 93 99
73 38 5
70 78 63
79 28 64
94 51 13
43 24 55
87 82 45
46 62 36
27 21 49
80 98 71
88 12 62
66 2 12
62 64 74
99 15 57
82 55 95
68 58 16
41 93 9
36 11 83
43 90 52
54 45 48
48 86 39
38 80 40
23 7 86
100 41 93
74 53 47
38 70 21
72 14 58
33 52 74
23 84 41
34 85 60
93 40 37
57 97 11
31 16 93
33 32 94
78 19 18
15 27 35
73 21 91
45 61 71
78 59 6
79 94 80
95 45 59
68 28 52
97 8 22
40 46 2
16 46 31
31 25 72
51 68 38
49 58 95
21 56 17
95 75 80
52 68 87
37 42 24
76 97 71
62 62 21
36 7 84
32 97 76
28 95 43
98 22 1
87 54 65
37 21 67
7 73 97
75 29 83
83 70 48
16 10 48
16 90 35
2 77 88
20 91 63
57 72 38
89 85 69
57 58 62
4 71 25
65 46 93
53 91 9
27 49 46
77 4 80
20 6 81
45 27 38
70 82 24
47 81 63
100 39 93
91 88 85
88 46 31
89 78 81
50 50 67
74 61 47
23 25 47
2 87 83
62 94 75
16 11 4
71 91 67
14 65 20
3 48 16
32 31 15
82 75 64
19 54 96
74 67 19
89 94 35
50 55 39
65 61 32
43 30 15
80 10 77
39 33 23
75 76 52
16 50 88
22 3 9
89 62 48
2 42 88
42 37 51
41 73 52
69 71 80
69 8 58
29 47 71
73 95 43
48 74 71
65 80 74
91 67 8
88 68 96
35 33 13
21 72 80
56 75 33
69 92 100
16 60 21
28 45 19
71 89 99
25 99 34
72 52 92
2 70 81
68 81 58
100 62 55
55 54 76
73 25 72
38 55 36
95 6 81
23 13 20
48 63 43
50 82 62
90 72 61
54 28 11
8 5 73
96 92 37
25 36 89
57 3 93
14 98 53
77 94 96
54 52 65
3 23 33
38 65 32
18 82 10
10 89 42
51 63 9
85 43 93
71 66 61
90 50 95
59 13 4
6 72 90
46 17 61
37 60 7
98 14 41
59 2 30
49 79 86
44 37 26
7 34 19
53 40 73
72 91 6
1 6 46
23 92 25
14 36 82
71 78 16
96 58 69
65 3 82
86 79 93
32 9 78
25 75 76
64 92 40
36 35 54
83 64 61
43 30 85
63 97 80
52 49 62
97 68 51
64 31 63
18 48 55
11 53 20
98 94 80
91 62 14
20 44 66
62 36 82
75 43 15
80 58 79
22 67 42
46 60 69
56 17 97
94 16 43
64 13 28
66 77 95
25 25 74
22 86 88
70 55 49
20 83 54
70 51 40
24 72 68
89 55 24
81 6 46
4 72 94
80 95 8
44 51 52
58 16 18
20 43 70
76 81 36
12 38 52
80 63 70
94 57 86
19 78 88
67 67 49
97 4 37
91 93 8
80 84 18
45 83 27
89 63 55
88 98 32
76 26 96
60 96 56
80 77 67
44 6 95
40 3 67
60 5 80
2 7 91
10 60 89
15 69 91
70 17 61
54 58 60
19 43 62
85 97 90
57 48 8
60 55 89
93 16 14
96 54 5
69 37 98
31 39 46
97 52 44
27 56 51
54 71 87
10 26 20
81 25 61
37 57 78
17 89 15
18 43 42
12 47 100
79 67 21
86 48 59
81 42 43
28 61 5
75 92 80
27 98 47
25 91 14
30 92 97
35 48 41
62 46 10
4 73 37
86 6 24
50 22 78
79 66 29
62 77 9
38 50 30
55 60 69
53 4 76
22 2 16
85 60 55
62 20 11
29 58 8
55 99 36
75 53 92
99 71 38
93 51 71
2 33 76
73 77 67
36 86 50
92 26 27
61 17 92
95 58 19
93 72 29
38 42 43
10 97 53
28 44 40
35 77 78
14 95 9
49 42 69
52 53 26
83 18 19
63 88 22
58 21 99
36 100 11
79 80 40
60 6 85
29 84 18
41 91 67
86 6 16
34 5 25
4 49 8
14 21 59
65 81 79
94 93 91
51 31 89
97 99 31
19 71 76
18 34 24
66 85 42
70 82 16
71 100 28
88 22 15
47 54 72
5 88 22
53 38 35
59 36 12
72 67 42
31 57 88
84 18 43
52 24 78
62 95 81
27 36 8
96 1 49
52 53 66
100 49 48
2 65 61
76 64 97
67 69 77
38 86 42
96 73 56
85 38 100
5 20 5
27 84 91
69 58 70
43 2 67
96 25 94
21 5 74
42 97 92
5 62 95
6 28 97
89 91 55
1 80 33
50 77 84
65 60 18
87 58 42
96 65 90
60 55 48
32 84 81
22 17 47
3 72 52
33 8 63
60 21 41
58 35 74
19 7 59
24 6 67
78 83 71
74 77 14
37 30 70
40 32 17
37 96 38
88 4 28
14 58 55
13 39 69
26 94 28
58 81 30
39 18 43
46 86 9
95 41 62
59 3 45
63 52 92
35 86 70
4 77 34
87 4 17
37 8 85
16 23 83
84 38 40
39 62 36
62 37 32
61 73 20
56 36 81
55 7 14
43 28 11
22 91 34
83 36 78
21 91 49
91 100 11
91 44 64
79 89 16
12 82 59
68 22 1
24 33 20
36 40 32
98 21 70
31 3 16
21 56 11
43 31 67
30 18 6
18 28 68
81 81 70
78 50 22
18 52 64
18 15 22
95 96 90
58 31 16
34 89 1
10 16 49
28 96 29
76 24 34
52 84 88
78 62 78
54 100 5
1 90 32
54 22 42
34 5 65
15 99 59
13 66 32
3 2 59
81 100 23
98 46 3
83 41 82
56 93 39
2 24 99
72 24 6
51 60 39
63 84 45
62 24 16
94 16 81
46 64 66
52 52 53
40 49 89
98 87 83
97 8 9
32 23 97
41 99 18
21 91 1
75 40 75
71 5 75
23 82 67
58 54 20
73 99 21
41 39 14
77 9 3
1 26 52
49 14 93
27 51 28
34 32 26
48 56 37
56 68 37
37 47 65
75 1 41
63 59 9
39 21 31
32 35 94
4 35 26
39 79 84
42 98 47
50 67 59
70 39 7
26 61 33
88 19 21
36 12 18
97 21 77
21 24 82
6 38 44
57 22 67
26 83 98
80 48 18
18 9 43
52 31 89
61 18 41
56 91 7
8 16 89
62 62 14
16 65 71
23 58 43
41 9 55
51 82 57
91 71 66
32 60 21
93 12 95
80 40 23
44 7 58
47 81 99
27 86 10
13 46 84
90 53 83
30 79 18
43 50 42
94 83 66
42 22 86
46 29 74
9 68 26
65 30 46
84 8 78
96 83 80
87 8 31
94 39 88
48 71 53
61 20 66
7 60 30
12 55 6
10 57 82
49 40 17
66 45 36
25 93 69
14 89 59
39 55 15
26 65 11
97 29 80
7 6 30
64 23 94
78 25 29
43 2 42
25 38 52
64 95 49
11 42 10
59 90 29
22 8 50
24 60 45
15 80 75
54 49 48
92 33 38
66 65 25
96 40 5
52 33 87
71 53 61
77 39 88
29 63 95
38 72 40
10 96 72
90 35 80
9 51 71
22 58 7
1 39 24
4 96 68
14 92 33
4 66 76
59 7 42
43 9 77
37 89 77
52 63 8
7 79 89
18 22 93
62 97 32
81 54 66
43 82 77
24 57 31
78 85 93
55 53 97
62 39 62
28 24 12
92 47 64
45 72 83
30 65 37
55 20 53
79 74 25
93 74 27
48 80 94
18 83 47
96 49 57
59 75 96
69 12 84
19 79 48
47 34 31
1 9 3
29 7 8
1 88 67
11 47 38
88 87 90
58 66 76
50 4 75
92 66 83
84 42 45
23 12 78
59 64 11
94 34 82
10 98 56
29 78 48
95 15 22
37 73 17
46 64 83
68 91 70
99 2 18
53 79 88
52 23 97
66 33 25
14 3 46
46 37 54
27 100 96
10 67 99
25 82 7
10 1 14
86 81 77
48 79 88
62 9 6
63 52 56
91 44 73
52 20 97
13 99 62
52 79 62
16 36 19
51 84 48
67 57 30
99 24 7
27 60 15
66 92 11
65 70 99
98 5 37
59 57 3
28 7 21
28 82 18
93 81 88
16 79 12
59 13 37
100 12 79
13 46 62
68 10 6
84 1 89
22 63 45
63 11 23
73 54 23
38 4 35
8 9 22
42 38 73
78 17 33
1 32 27
55 69 95
20 90 17
80 58 39
42 15 6
70 90 92
52 82 99
84 18 46
74 44 64
38 96 56
72 62 36
7 10 79
18 33 32
97 49 63
85 26 80
58 49 14
22 96 83
99 22 19
86 22 41
12 2 21
71 4 35
18 56 74
8 86 93
57 19 45
72 4 74
55 69 48
25 43 7
47 97 33
78 11 71
49 6 39
70 100 76
61 18 63
7 58 8
47 71 94
8 30 78
29 6 58
38 7 99
24 95 30
26 80 4
25 93 95
18 35 4
54 76 35
20 18 78
68 58 93
56 81 88
100 93 48
34 62 70
23 40 92
13 8 18
31 48 93
70 36 42
36 49 8
82 86 9
46 75 32
47 60 24
77 21 22
63 28 52
70 55 58
93 10 7
10 79 39
44 34 79
22 66 68
54 100 51
71 22 6
66 18 36
98 29 51
8 30 62
94 19 18
58 12 10
39 73 17
94 65 73
72 69 3
20 6 70
74 5 20
75 3 95
63 47 51
72 51 17
26 73 64
36 16 2
67 15 89
24 85 18
92 36 69
60 75 96
33 83 40
32 29 27
68 36 16
27 14 16
27 42 48
50 93 31
71 62 93
72 66 64
67 14 85
61 23 51
25 32 76
12 43 7
24 6 22
95 76 35
34 47 5
77 1 88
98 31 30
75 79 84
29 32 66
17 70 62
43 94 97
90 78 81
83 56 52
33 47 44
48 44 13
37 79 50
84 24 59
61 6 70
98 45 43
83 37 65
26 15 48
11 64 87
79 97 75
93 8 99
87 72 65
54 73 54
91 73 25
31 46 69
2 12 8
75 88 21
80 7 31
36 70 62
72 17 38
79 5 61
46 71 73
93 14 88
34 26 27
86 38 80
38 94 100
48 33 4
45 83 4
11 3 89
83 81 18
95 33 96
87 27 65
69 58 3
7 54 52
52 28 33
42 19 69
26 66 52
77 47 61
47 91 7
89 29 73
16 50 93
31 39 78
54 95 59
21 97 56
11 50 15
77 25 71
4 89 88
14 93 19
97 14 95
21 23 66
16 63 16
49 62 63
96 39 46
47 88 93
56 47 65
19 31 22
65 85 62
85 92 23
13 74 56
14 49 93
93 50 41
39 87 71
7 62 39
86 86 30
71 8 55
81 35 72
27 99 48
33 54 40
70 87 5
70 40 29
4 78 6
58 3 12
23 36 78
16 39 12
67 19 84
2 75 13
75 32 33
64 14 43
84 78 46
2 74 97
6 8 42
96 14 58
15 85 57
51 28 80
85 70 78
63 56 23
7 87 65
61 39 69
84 32 66
39 58 10
72 89 46
54 20 51
1 34 1
79 12 31
51 9 3
30 2 46
90 20 28
1 54 13
16 86 14
75 75 51
41 90 33
8 68 13
49 90 11
20 38 98
6 11 98
64 46 69
46 1 46
92 48 2
43 8 78
12 34 77
46 58 99
34 11 5
93 50 34
67 30 3
61 31 81
62 39 57
27 97 83
40 45 79
16 53 33
68 78 79
74 55 69
86 56 72
73 23 71
20 91 30
48 28 96
72 18 77
53 99 39
46 68 47
79 54 75
46 81 22
62 29 68
78 28 97
32 62 58
85 37 65
60 52 74
5 72 98
79 99 89
2 10 93
61 21 67
76 27 71
17 57 99
81 43 36
64 21 58
3 74 26
57 67 49
75 58 79
74 13 92
32 79 86
94 58 57
19 79 67
8 93 86
30 27 40
36 50 69
9 45 10
25 92 17
27 7 24
28 29 71
89 100 73
98 57 16
92 68 37
87 97 20
96 10 89
41 2 14
40 23 54
1 96 26
75 28 44
42 32 100
80 36 91
28 70 45
54 20 83
37 51 65
93 96 64
38 90 71
87 57 50
95 86 6
63 5 73
43 11 100
81 1 67
22 48 58
9 17 65
73 12 50
69 56 27
51 93 50
61 63 84
77 66 38
36 18 48
12 10 91
35 66 61
92 89 59
80 71 20
59 29 33
78 42 12
62 76 23
19 88 16
40 43 62
14 74 52
24 36 41
25 16 8
28 64 27
15 74 11
17 23 33
4 76 5
8 22 99
46 26 52
95 26 73
52 25 32
9 97 75
9 47 61
23 25 52
82 93 48
64 20 71
72 65 92
35 92 40
17 78 36
90 81 48
63 43 1
7 91 79
73 90 47
38 70 85
72 6 46
41 78 88
21 39 19
16 17 25
2 23 61
8 49 55
60 62 46
51 66 87
8 23 5
93 65 38
90 33 27
94 56 73
67 95 18
12 96 37
43 91 77
33 89 6
41 72 52
8 67 58
35 51 11
32 36 31
41 83 17
83 92 66
32 7 39
73 6 2
89 49 99
24 87 27
74 51 96
9 3 84
90 73 53
78 53 61
47 75 25
95 5 68
81 24 63
32 3 85
56 74 87
46 85 57
12 80 61
88 66 90
8 56 32
27 2 7
28 39 30
56 55 45
27 81 31
49 41 46
33 38 80
53 28 73
7 57 12
5 9 14
59 67 42
19 92 35
70 22 49
19 99 79
76 60 99
89 84 1
74 37 76
73 59 36
30 96 53
1 30 1
97 72 71
78 40 47
82 44 76
97 64 80
46 8 57
55 77 12
16 100 4
16 29 38
46 62 8
1 37 64
33 46 62
41 87 80
78 34 55
58 88 46
67 15 12
47 22 81
50 33 64
30 52 51
68 30 48
63 73 37
49 69 84
11 12 48
34 59 63
100 66 61
49 67 45
93 87 33
26 41 22
54 5 90
4 18 31
72 30 77
27 72 53
97 29 52
5 51 26
27 35 72
94 73 76
46 15 34
92 63 81
60 49 77
96 80 56
43 50 19
54 95 16
80 26 65
46 71 51
92 48 86
95 22 81
55 39 14
71 94 52
33 6 99
81 61 51
95 91 1
99 87 80
81 21 34
78 49 16
66 46 60
99 11 29
26 61 20
73 75 83
48 100 65
71 8 70
74 39 9
27 90 83
92 26 96
98 10 24
93 58 48
77 25 13
33 48 7
74 48 12
62 45 42
49 63 95
64 33 27
82 74 20
70 82 15
54 72 5
29 40 37
92 63 34
9 31 10
15 46 34
72 36 69
49 18 8
43 49 14
44 42 85
97 87 29
98 84 21
91 1 36
12 41 9
19 52 23
29 28 44
19 3 36
38 58 3
52 2 34
87 98 71
8 82 63
21 21 69
30 19 30
8 93 67
20 9 84
37 82 86
94 84 3
59 7 6
80 21 69
31 3 86
99 35 76
99 60 16
29 89 42
90 73 29
52 92 100
93 94 83
70 75 28
25 57 69
66 28 26
88 6 2
62 54 74
94 97 80
99 39 30
43 42 70
63 7 39
40 58 36
29 53 40
64 86 59
99 98 92
58 31 9
35 88 48
53 69 15
100 41 55
65 5 74
76 21 1
80 20 64
50 41 84
66 64 25
99 73 44
15 63 42
14 38 80
25 27 32
33 90 76
90 12 3
43 38 66
85 6 12
98 21 95
81 41 15
52 48 30
70 84 39
90 3 49
38 95 39
55 75 66
67 15 79
34 14 69
87 56 94
43 21 2
57 91 84
47 45 99
11 54 100
38 74 54
70 95 89
47 95 45
35 75 23
2 69 67
36 95 9
24 2 77
33 76 27
97 81 85
48 57 21
60 83 13
17 7 62
31 37 87
65 33 11
68 33 37
90 91 9
56 46 59
70 76 97
1 42 7
39 95 89
80 98 65
55 34 82
4 46 15
96 60 63
71 6 58
56 26 38
5 11 13
68 83 80
25 48 82
74 68 54
24 4 5
47 56 23
83 14 39
13 56 32
65 10 86
97 99 2
45 91 81
20 78 22
99 42 81
12 78 79
29 30 63
88 43 62
46 52 27
77 3 48
83 75 11
10 22 6
84 55 99
31 85 39
78 71 54
6 29 74
79 70 18
13 48 82
26 74 87
16 82 58
1 96 4
63 53 27
36 90 66
9 69 63
60 30 16
10 5 98
68 99 6
52 27 64
21 30 95
91 83 68
76 9 62
33 71 76
30 2 89
47 61 74
11 48 49
70 40 5
58 41 15
98 100 29
72 34 31
72 10 30
77 35 90
20 91 89
75 66 27
56 7 22
47 71 98
45 61 47
88 89 77
86 36 14
79 1 43
72 16 7
63 95 14
21 15 3
44 36 9
18 13 32
30 25 68
96 64 65
42 47 61
61 58 19
82 90 17
42 61 35
92 1 15
77 56 35
47 40 73
72 50 41
2 37 11
8 34 49
30 9 49
11 53 35
27 11 61
57 7 79
96 88 7
69 55 42
83 36 86
33 100 64
86 64 92
48 48 9
34 46 86
100 23 25
93 51 23
22 48 34
20 70 85
3 47 74
5 3 46
72 40 47
22 13 90
49 43 42
97 85 8
69 75 72
66 96 87
29 22 41
87 64 94
37 38 13
42 39 59
15 100 96
65 33 92
84 89 8
69 87 47
13 9 60
99 6 24
80 56 92
65 75 97
14 62 12
13 34 10
9 10 3
88 33 4
54 86 46
90 79 36
2 38 56
98 44 87
17 52 61
5 80 4
84 98 75
82 71 26
23 30 1
42 79 57
49 86 88
9 2 55
20 86 81
58 10 18
19 90 76
43 89 60
76 23 17
42 62 70
84 1 22
1 18 24
82 47 71
34 43 63
49 65 66
60 90 29
69 39 95
76 12 19
27 44 33
99 95 14
6 27 97
91 52 92
95 34 63
73 74 33
98 2 43
26 14 36
3 53 87
99 55 34
45 46 18
67 65 97
26 10 48
21 77 7
39 81 49
73 7 14
44 93 78
13 88 78
30 45 19
71 26 56
67 18 85
3 34 49
12 58 79
59 40 53
97 31 7
91 68 72
18 67 2
8 59 43
51 76 71
61 35 87
67 60 67
2 86 7
28 85 82
45 19 45
78 14 84
3 31 59
58 70 84
2 31 88
51 57 55
30 5 90
46 87 32
20 83 4
27 33 11
30 32 72
3 35 83
77 29 38
54 39 31
67 37 35
93 99 85
75 24 48
86 46 85
19 42 89
11 85 63
40 37 65
95 77 8
60 77 18
45 56 51
27 81 7
56 100 47
17 21 45
17 47 40
54 37 65
48 33 71
51 61 51
75 45 58
74 28 92
30 7 41
47 62 85
17 95 86
88 97 4
50 36 18
62 67 50
23 24 41
30 97 23
18 53 40
5 93 58
34 93 41
50 33 38
92 29 97
26 52 20
64 73 71
39 70 45
42 53 71
47 81 41
76 36 99
82 60 43
85 99 34
52 97 20
39 49 15
75 79 41
2 57 62
86 35 56
54 96 4
72 6 39
5 96 94
76 67 6
15 52 37
42 94 26
59 94 28
61 100 17
50 41 39
56 39 86
45 92 61
73 9 79
89 83 40
75 79 43
37 12 85
74 38 65
40 11 65
37 75 38
80 68 74
97 40 32
28 15 57
36 89 9
13 5 27
43 32 66
25 49 88
81 40 56
86 56 94
83 43 46
45 69 1
27 37 80
22 69 42
66 96 37
77 24 86
37 44 13
18 42 86
2 95 46
5 36 79
56 92 37
48 50 77
12 46 31
22 57 15
87 21 67
48 90 96
43 52 25
39 79 93
36 2 84
87 1 63
95 42 7
25 81 14
69 97 28
60 1 42
88 40 5
6 57 62
9 86 41
26 71 5
10 91 82
94 57 36
21 30 86
6 29 35
97 77 48
61 70 21
58 36 82
49 37 47
40 53 38
96 89 12
46 9 22
21 18 67
22 85 50
71 69 77
47 75 4
58 79 49
56 7 45
31 23 72
18 95 1
68 74 11
86 5 87
55 29 68
57 32 27
66 91 86
28 35 72
77 47 35
22 85 9
43 17 35
79 19 50
10 56 38
85 86 84
67 69 22
21 66 40
64 47 98
31 8 84
57 88 70
34 21 95
48 50 99
86 64 37
11 90 98
57 43 93
53 88 48
77 35 61
48 3 18
21 26 97
55 42 62
34 78 16
90 88 69
57 2 70
61 36 88
3 75 51
46 60 41
10 5 94
19 44 96
49 89 62
78 17 94
6 80 72
99 75 4
35 90 54
99 1 42
70 95 24
55 30 42
53 49 15
35 14 12
96 2 62
56 91 89
34 66 61
99 31 93
11 8 82
53 51 74
55 41 7
4 24 69
47 3 85
29 45 69
3 49 84
67 62 7
97 99 15
83 7 19
79 16 34
83 49 67
20 30 48
69 44 54
98 86 60
67 30 78
98 90 40
35 55 31
66 56 26
88 4 68
17 6 57
94 34 77
41 93 70
31 58 12
45 65 4
51 62 7
14 62 43
51 99 48
97 19 15
85 54 28
4 88 41
78 48 55
42 75 29
31 62 55
24 18 14
46 58 41
77 12 88
22 54 75
26 30 48
31 94 74
18 54 72
96 81 42
5 54 66
96 98 38
87 94 37
91 61 20
54 39 12
19 44 73
81 95 10
78 66 98
52 11 35
42 17 72
97 50 85
4 47 25
93 20 96
97 88 67
60 43 48
82 84 79
43 51 40
83 96 54
12 4 65
31 53 37
32 42 60
7 89 18
4 8 3
1 22 78
91 9 3
53 58 2
18 10 19
61 36 81
76 59 39
43 81 34
2 41 50
12 88 59
9 70 91
19 43 6
93 99 82
87 79 99
94 68 90
34 28 51
6 39 24
13 96 83
47 90 66
27 60 24
93 51 32
62 89 70
44 21 3
84 71 27
81 58 89
95 7 19
87 63 22
56 17 54
67 20 37
93 2 36
79 21 48
22 1 16
67 61 52
55 73 96
86 91 69
63 13 97
91 69 55
24 99 46
48 66 40
2 12 77
15 94 51
81 60 21
90 1 93
8 66 38
59 43 6
15 63 21
18 11 73
38 100 65
40 55 57
44 56 90
24 38 74
89 51 5
70 44 37
74 77 31
17 37 44
9 74 80
88 71 52
15 47 66
78 23 32
64 59 78
46 70 79
74 36 81
10 29 75
14 100 37
8 57 36
7 62 12
62 29 44
23 11 54
87 9 22
9 17 52
50 2 50
41 61 97
50 88 45
95 66 90
71 26 25
58 83 92
51 43 70
98 84 14
56 91 15
40 86 6
56 37 54
59 15 69
66 19 67
46 13 20
79 8 36
85 60 99
42 49 77
56 78 2
29 66 56
21 16 91
7 39 42
60 70 99
49 18 39
43 93 34
37 17 71
79 37 35
41 51 83
66 9 84
100 83 28
51 82 19
49 4 98
24 29 13
26 41 30
12 28 20
51 22 2
50 52 74
74 45 88
15 81 31
15 92 33
49 19 22
87 51 92
84 59 7
36 61 11
39 18 58
23 26 29
36 44 72
20 68 20
60 97 33
36 95 57
92 95 1
98 37 94
54 58 63
82 6 10
17 82 16
9 66 20
90 52 72
59 88 99
40 34 91
19 83 32
26 68 96
44 40 44
92 28 98
72 68 73
79 56 66
90 65 74
99 99 89
21 34 59
95 96 80
55 29 25
26 3 55
30 77 91
11 67 69
92 21 45
27 37 61
22 73 29
17 54 28
4 95 59
53 91 24
89 16 14
47 70 62
49 8 9
34 52 38
41 32 54
86 46 67
93 46 62
7 76 52
61 36 95
21 66 23
61 69 9
100 71 23
15 75 51
96 98 23
29 17 53
29 36 9
9 7 22
100 16 6
90 97 76
97 91 84
26 61 54
78 33 37
65 66 83
51 91 62
61 71 73
80 52 27
77 100 47
38 46 1
91 3 41
56 60 77
10 29 44
71 79 16
33 61 4
23 54 17
9 8 81
10 55 21
66 78 43
69 91 84
50 7 42
10 42 16
43 77 93
70 44 56
56 90 68
3 89 24
69 69 30
85 81 55
53 94 52
10 27 54
69 15 22
10 30 10
64 50 77
20 99 36
91 87 32
56 42 9
85 24 58
18 95 77
84 25 13
20 51 96
61 38 40
68 69 39
82 100 29
79 77 82
26 96 65
76 46 6
64 39 69
76 50 7
59 9 63
12 24 59
28 95 12
55 49 79
78 15 63
62 22 19
4 51 44
26 88 7
23 71 47
85 5 61
4 78 19
25 49 18
82 80 96
90 39 30
64 69 67
33 1 41
77 60 10
24 62 93
13 24 41
1 43 14
66 97 44
34 90 28
28 65 11
62 54 76
67 59 82
44 34 18
54 16 31
39 76 44
10 30 77
64 49 62
66 89 10
70 79 67
33 31 6
20 37 97
66 78 99
45 75 23
78 36 1
99 62 49
94 12 14
42 32 28
16 41 34
90 98 80
51 39 50
12 20 38
2 67 42
57 81 31
88 42 85
46 71 80
1 78 7
24 30 21
58 94 47
63 61 66
86 7 34
12 43 60
11 61 80
93 12 19
92 32 28
51 69 77
31 49 31
6 88 12
48 8 6
36 74 51
76 1 46
94 79 3
44 13 98
72 15 70
92 42 70
34 79 18
25 88 14
48 21 42
45 29 97
54 97 66
72 40 35
63 12 22
33 30 36
25 89 60
44 29 35
6 47 53
56 18 70
51 95 15
46 46 16
59 77 93
79 37 76
90 70 88
71 17 87
53 94 72
50 53 75
2 6 67
78 39 93
89 28 92
87 19 67
85 95 24
20 87 75
28 91 30
50 58 78
38 90 97
33 42 48
75 60 1
66 7 10
91 22 99
10 15 99
55 39 81
89 74 71
45 12 58
32 91 1
68 3 10
16 14 3
80 25 26
22 26 51
76 15 8
26 21 93
73 39 89
58 98 75
64 6 78
13 83 29
27 78 36
78 31 18
74 46 82
68 48 50
31 94 87
46 43 7
72 79 57
11 4 97
6 52 80
95 74 92
91 30 48
86 81 9
81 35 90
76 73 54
54 40 100
50 78 81
4 14 89
39 42 69
88 70 55
20 55 3
7 99 16
22 21 86
70 19 84
95 3 16
66 32 61
32 6 58
36 58 91
20 30 69
15 95 41
92 97 28
3 53 27
42 3 12
74 10 46
99 93 55
67 2 31
43 93 79
58 36 88
66 60 62
41 43 15
87 49 21
62 7 45
29 95 34
27 4 76
74 91 69
94 75 23
35 69 12
34 13 28
82 72 74
29 44 56
60 37 68
30 31 91
96 43 30
89 61 83
26 6 19
48 2 79
68 75 96
69 93 45
49 19 12
27 53 83
66 100 29
48 57 18
29 58 9
95 63 2
3 7 88
97 78 41
62 69 91
27 73 52
53 84 10
27 83 65
72 27 66
6 92 72
79 10 2
11 65 75
54 53 29
82 3 82
54 38 25
17 74 68
7 25 5
58 40 11
91 7 43
56 34 8
53 61 66
48 70 79
28 81 78
98 97 35
64 21 12
55 41 45
8 95 43
16 53 17
80 32 27
26 58 43
19 5 98
55 44 33
31 42 10
11 2 9
40 69 60
73 89 84
45 61 23
94 89 85
40 57 24
76 31 57
35 74 96
20 63 93
87 65 23
99 26 13
61 86 42
52 59 22
93 92 20
75 15 7
25 28 33
36 51 68
90 82 3
13 51 73
10 5 33
53 43 69
95 9 16
83 38 27
25 57 45
74 2 55
21 1 78
89 63 86
96 60 50
20 91 36
30 11 68
39 9 62
14 58 89
6 83 71
97 64 56
7 97 71
42 92 37
45 2 60
51 41 21
37 60 3
7 79 8
64 26 5
45 93 8
78 46 15
72 65 72
38 80 33
48 61 52
69 94 20
80 19 69
5 8 42
59 75 74
62 26 92
26 71 97
27 41 22
46 1 62
80 62 16
73 49 6
74 24 31
10 60 9
3 55 88
72 44 20
96 90 35
61 58 39
24 56 4
92 54 87
86 73 47
8 42 85
37 92 66
87 19 49
18 57 70
43 24 18
93 41 85
90 14 93
70 33 76
35 82 48
73 17 40
19 62 67
90 90 35
60 10 59
39 79 77
78 33 66
20 34 30
62 53 35
47 13 56
85 41 49
76 50 84
40 86 18
90 4 75
71 41 46
43 100 87
46 39 34
26 25 11
58 48 67
2 75 83
74 41 19
77 39 63
31 44 64
5 68 13
35 51 65
89 58 12
78 37 90
11 70 62
42 99 48
91 1 95
83 52 38
34 77 42
98 51 13
66 90 72
95 19 79
39 17 65
35 78 82
60 69 8
88 83 100
27 83 5
31 1 99
38 76 32
23 56 44
87 18 70
93 31 24
80 99 95
96 67 79
95 17 32
72 64 100
55 89 69
100 98 64
100 42 30
41 35 33
71 50 99
53 78 99
26 53 76
25 87 13
4 78 59
92 35 28
66 35 54
53 28 27
35 42 16
89 25 66
51 2 88
4 33 13
52 83 5
60 25 28
46 8 12
5 43 82
15 91 36
2 91 59
93 47 87
73 92 100
71 24 9
9 6 1
44 17 71
95 26 53
9 66 25
38 94 92
51 38 53
23 6 58
75 47 97
60 28 83
86 56 83
70 15 77
86 45 49
84 76 96
70 6 42
90 18 2
5 91 50
92 45 77
97 38 33
27 18 34
17 26 94
50 1 24
52 52 80
84 63 18
67 7 85
47 49 95
66 19 7
62 3 16
49 39 93
23 85 6
33 40 26
44 73 90
31 10 22
17 34 60
29 99 8
28 82 1
83 41 8
56 20 47
77 22 8
29 90 37
1 2 43
52 94 29
9 51 26
45 72 25
44 59 7
51 49 8
81 80 83
66 26 72
64 49 91
7 67 41
52 21 6
80 12 67
42 27 37
2 2 70
69 62 36
17 18 91
27 23 33
15 93 49
3 58 82
79 79 88
7 50 24
22 24 1
86 70 31
45 96 5
89 32 29
81 67 7
13 15 60
61 40 68
34 24 41
83 99 45
99 95 93
44 49 69
34 42 89
26 82 34
42 66 40
60 4 92
87 43 89
51 86 3
84 81 50
65 17 25
83 31 21
19 81 62
52 57 19
70 95 82
8 3 14
62 79 62
25 18 21
91 96 71
39 46 86
7 47 72
78 43 62
64 56 47
67 19 82
84 90 94
91 60 78
68 43 48
14 65 25
97 32 92
76 68 98
14 10 30
31 94 65
92 46 89
21 7 14
32 76 35
42 46 9
28 46 24
57 23 64
98 51 53
13 22 62
75 60 18
45 8 50
97 61 87
57 55 9
50 38 76
83 23 28
85 41 60
61 8 63
36 23 33
40 86 2
23 32 4
30 26 47
19 10 22
83 65 98
2 58 36
20 43 16
54 79 82
23 3 93
7 87 80
59 30 89
26 83 72
96 30 16
44 32 11
39 52 40
18 86 41
31 91 14
20 23 92
55 41 93
8 98 80
83 45 30
65 34 42
33 86 85
12 18 93
40 12 14
95 45 57
33 85 50
97 29 40
5 99 82
6 19 7
54 2 48
51 9 84
22 68 33
98 52 26
58 6 3
1 46 36
70 55 62
40 59 30
58 92 75
76 41 7
7 43 99
84 34 69
20 24 50
12 26 76
76 88 99
42 46 86
42 46 43
69 37 33
35 26 71
71 24 16
22 81 49
84 10 78
41 7 85
64 22 89
99 99 30
32 28 4
28 75 96
25 30 62
68 93 36
14 18 45
17 64 90
85 43 60
85 99 36
12 50 77
76 50 86
57 55 95
59 70 82
73 19 42
91 42 85
75 5 98
89 1 7
35 2 30
100 66 83
12 12 55
53 28 47
12 55 43
36 42 43
15 5 96
48 23 96
97 77 82
97 87 53
78 35 54
96 93 10
72 14 86
51 69 19
59 33 54
38 100 32
8 34 60
100 43 8
71 27 40
83 100 75
34 74 61
61 69 22
85 59 88
47 64 35
21 19 95
27 34 55
76 24 31
65 69 88
66 78 99
55 94 75
27 96 28
10 84 14
61 77 24
51 100 68
30 88 60
89 75 29
45 69 18
90 97 44
45 53 26
6 62 69
92 61 44
69 22 21
17 58 1
2 76 74
43 64 61
33 5 28
88 88 9
66 26 13
70 20 29
33 2 10
93 37 92
42 17 83
92 58 49
68 63 60
7 14 55
22 21 36
61 70 36
98 88 9
47 89 63
48 88 1
100 31 16
32 4 74
53 95 70
44 38 66
7 17 4
57 90 83
48 81 60
68 49 16
30 50 36
83 4 53
10 93 8
49 15 7
91 82 9
90 91 46
1 81 22
94 93 67
33 75 17
59 43 19
70 61 44
14 94 13
15 30 34
99 56 96
24 95 55
92 35 52
53 30 7
47 67 16
21 37 87
83 32 27
19 85 69
2 22 3
77 13 28
87 98 20
57 59 58
90 94 29
32 81 9
96 80 83
32 26 5
92 18 34
6 74 5
56 90 51
80 58 43
41 77 84
47 96 74
74 52 35
47 95 34
75 8 3
59 88 22
78 69 1
69 2 81
69 21 57
42 24 63
77 6 34
94 98 11
56 18 60
93 80 53
9 26 53
38 69 93
83 39 48
56 93 63
85 79 57
97 39 16
62 56 52
12 39 46
78 31 89
94 11 56
32 63 2
19 2 30
59 10 43
53 65 28
58 59 48
47 24 14
43 27 100
99 81 1
64 21 16
39 4 72
36 65 17
74 89 91
44 42 24
27 51 35
82 43 10
98 43 1
64 14 3
6 32 37
19 60 95
95 76 54
58 41 86
72 35 94
45 96 25
34 2 31
34 85 3
88 66 53
15 65 53
7 81 58
42 75 52
57 50 58
8 37 27
11 61 92
38 28 51
98 93 60
41 39 6
57 49 82
36 95 8
17 93 86
78 71 53
85 44 23
23 7 57
55 8 77
42 49 8
23 36 81
75 2 86
31 79 57
46 9 22
89 19 43
72 37 27
49 75 72
97 6 77
60 71 87
91 43 46
68 22 24
5 86 22
81 53 20
20 9 31
22 36 59
7 57 79
89 41 15
24 61 47
40 50 99
26 94 27
36 46 59
92 14 45
54 25 92
73 87 4
16 33 98
75 85 93
15 12 46
84 57 16
41 20 76
72 85 48
7 76 87
84 13 87
37 74 76
85 96 75
65 27 33
42 59 14
50 33 90
12 46 63
28 56 38
5 11 33
56 57 7
28 7 18
63 76 53
59 47 87
78 34 58
33 14 18
27 99 50
89 40 98
45 39 78
15 31 16
60 38 52
46 80 76
87 17 83
35 33 47
83 82 50
13 12 57
40 18 78
10 12 7
36 57 9
81 71 52
29 62 36
96 47 5
80 5 71
71 67 48
30 10 16
53 1 57
85 56 66
30 5 98
27 13 33
89 73 90
71 100 90
17 27 20
85 53 47
15 22 50
13 96 13
70 38 71
69 35 29
34 80 20
79 48 46
15 31 59
90 97 74
91 50 12
78 32 4
63 47 87
51 30 22
30 25 13
85 100 66
3 55 41
10 69 62
76 89 6
68 63 84
21 21 1
4 95 99
5 41 63
25 69 99
22 100 11
15 1 43
99 18 8
69 81 99
95 22 86
99 91 55
14 62 1
1 87 56
46 57 89
99 93 2
87 79 7
20 23 92
33 37 96
78 20 29
33 57 21
70 75 80
76 26 74
28 30 85
60 81 55
80 46 88
90 64 32
62 6 14
18 28 17
86 70 91
93 4 75
95 54 26
29 49 31
67 85 22
100 11 44
18 52 56
9 36 62
21 38 75
80 64 72
78 27 33
23 41 8
65 59 81
59 45 41
90 93 43
33 33 76
55 56 72
24 34 6
44 69 79
6 74 29
100 98 65
46 13 25
70 84 24
3 11 54
74 8 78
39 57 79
19 73 20
24 63 24
20 97 87
77 55 60
81 100 72
22 49 55
34 90 38
39 99 79
78 81 93
44 66 27
4 16 15
38 90 80
31 60 10
10 100 44
40 21 63
20 67 81
24 98 25
68 15 79
73 46 50
18 43 57
41 3 88
90 78 31
3 53 35
47 28 52
15 60 55
80 53 23
27 92 56
4 44 23
6 97 26
87 73 53
33 26 98
73 2 58
45 41 15
66 79 82
80 97 90
69 55 88
99 70 95
23 46 43
49 2 93
96 90 96
63 86 91
17 99 43
92 26 98
32 93 45
57 92 66
95 100 94
25 63 31
8 83 73
71 91 79
83 56 74
61 31 21
71 35 100
4 85 55
69 12 10
67 58 49
46 83 26
11 97 28
86 78 46
99 96 73
87 12 63
85 30 58
45 28 56
44 92 90
82 27 53
87 41 9
38 32 26
65 19 24
32 84 18
31 65 94
24 69 18
50 72 44
24 45 85
67 30 77
76 96 47
47 94 80
93 69 99
4 4 72
4 98 94
86 47 92
93 54 17
100 23 17
54 33 28
81 33 74
79 12 21
44 38 5
29 80 66
50 37 4
46 27 28
27 80 25
47 54 74
12 39 16
40 80 35
27 82 49
45 91 45
28 37 40
91 83 98
44 10 43
5 35 72
63 37 100
32 58 14
85 91 15
52 18 43
67 18 82
64 100 32
49 52 23
87 6 14
84 93 45
69 92 76
30 27 53
50 7 81
46 67 81
57 31 99
65 46 49
13 3 45
2 13 73
29 74 76
91 39 10
70 49 67
100 69 63
35 16 36
7 48 18
71 34 77
86 30 63
24 44 47
76 25 38
91 23 61
96 22 63
16 52 71
56 78 31
51 51 68
37 33 96
18 84 10
87 83 28
44 80 72
55 9 21
70 85 2
51 23 80
22 66 98
23 97 66
80 2 22
76 25 68
44 68 11
51 43 31
97 15 55
53 30 89
15 59 55
84 30 58
34 90 13
57 21 43
29 73 47
94 18 3
39 86 89
6 9 93
82 87 74
78 79 21
4 59 49
36 28 87
93 72 73
4 68 35
90 87 20
50 89 30
12 61 66
92 80 96
21 16 84
48 25 5
16 7 45
86 50 15
96 91 46
24 88 24
49 34 3
70 70 36
35 25 53
32 39 43
4 34 86
69 93 46
37 7 86
96 84 2
8 23 44
83 59 2
71 24 50
48 66 29
83 1 84
75 6 86
95 23 96
50 79 9
53 59 88
48 25 13
72 95 1
71 37 51
67 5 11
25 62 14
26 54 75
55 30 50
86 99 58
36 21 9
40 61 98
24 69 88
56 5 11
92 16 21
80 43 93
99 50 67
26 5 80
28 63 46
55 97 68
27 44 54
63 85 86
73 85 50
48 5 13
38 63 79
14 22 24
17 10 7
52 15 88
72 78 15
30 96 94
89 18 43
68 73 40
21 100 44
24 15 84
21 93 91
61 73 97
90 87 51
44 100 56
56 98 100
86 65 4
46 2 15
23 10 39
44 70 50
2 41 12
14 73 74
22 38 25
15 25 47
53 55 3
53 24 70
95 50 89
11 44 87
44 29 33
55 29 27
10 59 7
96 76 90
50 81 99
46 78 3
30 8 34
67 40 11
52 51 27
6 14 16
10 58 10
83 28 83
57 52 37
36 65 80
46 55 31
8 71 32
50 69 7
2 33 80
76 24 43
90 33 25
61 71 37
82 76 92
63 15 49
18 89 59
81 66 80
85 16 39
96 21 55
1 98 73
85 44 98
59 96 20
69 97 61
50 83 5
86 2 77
46 29 11
74 87 94
10 78 3
46 50 88
60 18 9
50 91 85
19 97 64
58 63 24
2 56 64
94 11 37
14 1 50
20 15 70
12 9 79
64 24 34
18 85 82
82 88 8
25 77 43
23 85 86
9 2 78
93 77 62
93 71 28
27 58 49
53 10 55
37 92 64
73 29 66
10 85 14
40 1 8
91 86 78
3 11 26
81 33 23
36 77 55
6 27 51
3 38 73
19 23 54
23 85 19
68 12 30
30 10 16
40 18 9
16 97 100
5 32 38
97 50 48
55 36 16
66 71 28
17 60 7
61 41 42
58 90 54
21 22 82
27 73 100
23 96 61
5 68 80
89 100 68
23 70 18
42 9 30
65 47 53
52 26 28
17 76 56
38 5 72
56 96 17
69 80 37
17 59 79
82 29 51
40 16 41
83 42 8
85 7 21
30 16 63
93 82 60
11 59 41
39 55 30
48 1 2
69 29 66
19 43 14
26 48 8
38 24 12
55 9 34
62 52 38
10 34 41
97 70 42
29 19 62
37 19 89
85 45 19
73 81 22
56 32 97
48 30 99
74 2 88
74 36 19
11 88 42
91 67 59
95 58 45
90 50 18
64 70 3
85 84 62
84 28 80
29 50 24
32 58 8
3 4 26
13 66 56
44 85 86
10 45 60
14 8 9
39 40 56
87 67 82
77 17 56
2 7 49
96 99 41
16 3 18
3 60 12
78 48 21
89 7 36
77 12 50
8 74 13
70 49 91
74 95 63
86 4 5
17 70 36
21 12 43
97 95 18
23 64 32
22 14 99
89 82 86
82 72 56
66 2 84
75 79 9
13 78 36
59 86 21
88 10 19
87 64 38
64 100 44
76 3 43
62 19 3
21 2 34
62 39 62
47 56 100
81 27 94
37 80 27
26 25 23
65 16 12
54 46 82
41 27 73
60 27 4
5 55 78
58 88 62
87 91 81
67 49 22
82 44 28
71 98 90
19 91 93
18 7 59
51 32 71
82 93 34
84 6 63
22 100 56
46 85 50
49 89 69
3 30 63
42 65 28
58 90 66
72 71 61
17 94 83
5 55 16
22 93 77
82 91 30
32 38 65
48 22 63
11 28 51
11 77 46
66 94 53
29 11 80
77 95 82
9 30 21
31 77 93
5 51 28
99 63 39
51 59 85
41 51 53
10 97 65
19 94 11
64 1 34
24 7 41
1 13 97
5 91 34
73 48 22
45 27 20
2 8 81
82 12 85
98 29 96
96 24 10
5 39 22
61 35 53
14 29 52
32 61 71
72 21 77
35 47 97
35 2 58
64 47 13
89 46 34
45 100 94
81 87 29
28 83 32
31 65 20
38 65 27
6 52 98
50 87 17
63 93 2
33 26 54
13 63 43
4 6 50
61 21 84
3 92 97
54 92 40
67 72 29
9 28 61
44 65 100
33 34 43
42 14 82
41 74 100
50 16 89
69 57 22
37 77 1
79 69 58
34 27 28
7 1 8
73 89 91
75 12 7
68 8 86
95 57 62
55 89 8
16 80 32
75 93 67
50 90 44
37 70 10
9 89 43
84 98 96
29 90 25
37 3 91
63 44 76
86 60 82
59 51 20
75 3 15
13 77 95
95 92 72
8 53 32
13 23 11
41 12 70
85 75 65
59 84 55
78 93 46
75 4 11
23 82 99
97 89 43
26 68 29
49 14 7
65 24 57
73 85 67
96 55 42
11 22 93
6 76 37
91 54 90
42 50 89
70 55 50
51 25 33
66 11 38
56 72 28
66 58 30
67 100 11
41 21 99
19 28 37
54 87 68
28 41 42
81 46 77
2 61 13
97 84 6
30 69 81
29 94 98
65 14 70
91 62 21
6 55 63
44 12 63
21 23 5
96 1 77
24 89 21
9 86 69
18 39 41
99 70 99
69 32 38
2 86 24
18 60 99
28 79 82
6 97 26
17 32 61
35 26 98
21 16 3
56 6 82
29 64 4
23 34 15
57 24 19
10 65 26
7 3 18
46 44 4
18 71 25
36 37 53
19 69 22
85 24 57
74 67 41
40 23 11
9 29 38
66 42 46
97 63 86
88 56 76
32 87 56
53 5 54
69 89 1
53 88 48
92 82 57
40 45 8
20 83 75
44 35 73
57 87 92
60 34 89
54 90 37
24 93 86
47 63 22
33 30 10
5 40 23
99 1 15
58 13 25
57 59 22
73 51 38
86 75 97
14 29 32
21 55 78
44 20 96
82 76 5
37 36 45
39 69 95
45 86 89
96 24 48
29 80 56
24 57 48
42 97 28
68 52 32
29 9 49
28 71 20
55 27 35
52 33 53
23 68 47
24 41 10
26 47 20
91 95 19
12 58 57
9 94 74
76 15 48
46 27 25
76 9 58
24 23 20
27 97 13
24 19 57
13 29 25
77 7 62
20 80 83
36 14 59
89 96 94
44 12 18
33 92 35
73 9 45
27 39 93
81 16 78
35 12 50
41 87 83
79 44 92
70 6 63
46 29 33
28 27 73
77 31 14
53 58 7
87 6 30
42 84 34
2 69 82
55 87 61
100 93 95
55 9 15
86 20 65
98 49 59
36 41 39
2 100 92
60 92 17
18 47 35
69 49 84
12 80 87
7 39 8
40 54 38
24 26 5
90 89 67
70 31 63
7 41 60
17 93 48
64 40 92
100 27 40
53 8 57
36 44 25
48 14 88
22 90 75
3 59 45
28 34 63
30 35 23
46 77 6
85 65 52
64 34 84
10 81 89
41 84 57
4 30 82
19 60 9
75 14 59
14 2 3
35 19 62
3 17 51
98 21 99
32 86 57
32 44 97
32 4 52
85 14 42
82 63 43
58 19 16
73 59 93
64 62 39
53 68 35
24 3 62
15 16 91
28 35 29
85 19 22
7 23 83
59 21 36
96 9 46
94 75 72
37 26 38
47 40 29
52 39 16
2 2 34
58 88 69
35 7 46
26 67 46
82 30 69
85 66 100
80 31 57
2 92 75
62 39 55
29 27 96
35 62 86
73 63 99
5 58 91
41 1 41
12 88 7
100 38 32
82 43 67
86 54 71
89 42 89
25 9 81
100 3 24
17 39 82
94 43 30
96 24 55
25 78 10
24 66 90
81 91 84
73 97 33
41 90 47
25 72 64
96 80 13
24 85 8
65 93 45
10 49 84
3 100 94
39 34 57
44 99 50
1 12 30
16 97 74
67 49 18
16 46 19
88 89 78
3 30 86
80 55 81
29 65 5
91 19 84
23 7 22
81 51 5
97 22 70
50 63 45
37 97 66
86 74 64
5 33 96
77 3 41
4 1 69
56 39 93
81 19 59
95 31 9
37 50 77
88 64 97
77 31 18
99 81 67
18 16 78
74 63 60
98 77 78
93 40 76
84 46 6
91 95 6
32 16 88
23 73 90
72 9 6
74 36 70
96 49 79
2 97 90
93 64 54
74 45 16
74 26 51
81 73 90
5 44 98
88 3 82
93 51 75
36 10 79
31 100 35
32 73 29
84 99 18
44 64 33
99 2 31
32 52 61
39 15 36
84 11 54
96 88 69
95 15 46
78 3 34
97 27 65
54 96 71
90 75 100
33 39 85
77 37 68
4 71 64
60 77 24
97 50 85
14 24 42
39 39 55
48 63 31
91 47 33
81 63 88
31 19 2
30 55 67
35 45 86
2 24 15
18 11 52
85 84 22
18 40 53
25 49 62
2 19 70
74 34 48
89 12 60
64 32 61
66 68 83
73 89 14
89 68 23
24 31 46
98 1 89
93 63 45
96 24 15
23 91 81
15 49 15
36 62 46
2 20 74
69 66 13
54 37 90
89 97 80
1 67 81
70 33 64
93 5 68
4 43 18
7 79 84
64 9 7
85 66 20
11 94 90
49 90 27
69 48 45
2 64 65
41 79 55
96 85 19
4 79 43
12 33 38
49 67 91
35 58 6
94 89 55
36 91 8
3 42 6
68 63 58
13 4 73
63 86 79
37 43 45
26 15 59
34 29 76
92 26 40
11 20 75
8 60 46
94 76 29
33 47 65
57 91 58
14 83 20
13 88 31
90 7 18
33 67 22
99 36 34
76 32 52
47 49 36
49 76 37
61 71 28
10 66 83
90 2 22
68 15 60
44 41 45
97 68 98
27 57 49
27 84 19
100 34 21
91 2 57
54 90 26
46 61 26
81 13 94
46 34 77
6 19 16
29 2 36
31 42 2
55 36 42
7 71 75
13 57 30
50 93 2
33 91 19
19 63 89
96 51 64
2 88 10
89 49 70
93 3 43
82 35 17
80 15 77
98 21 42
11 74 20
98 83 87
83 92 11
15 25 53
23 14 9
43 89 50
59 2 59
96 6 85
67 25 72
16 76 66
12 44 61
21 78 15
12 67 31
64 2 48
71 72 47
51 88 24
29 69 91
18 99 10
53 43 7
42 86 10
31 71 29
71 89 2
12 68 33
74 26 28
51 63 8
76 7 85
76 47 33
3 29 61
49 26 80
30 66 51
57 78 84
81 95 88
71 69 88
39 77 70
32 96 83
12 10 8
26 9 58
95 56 54
89 3 22
87 98 71
31 18 41
18 1 77
18 11 56
52 56 29
6 27 5
65 79 57
47 15 86
31 38 71
79 27 65
96 6 67
62 36 12
64 71 13
27 77 70
26 6 49
45 99 45
71 25 56
38 25 97
97 43 41
8 85 7
36 70 12
4 30 49
27 42 77
6 84 79
46 51 68
65 35 17
3 27 83
83 84 99
59 77 41
57 97 17
97 63 21
94 58 70
69 53 75
19 18 30
93 32 13
11 26 68
95 87 56
78 11 68
33 37 26
82 67 18
34 62 41
23 35 90
87 19 3
60 68 100
76 8 18
97 66 71
56 26 73
60 72 20
71 24 67
85 7 84
51 81 2
28 6 46
31 70 67
61 16 91
95 32 28
76 53 68
53 68 64
19 6 14
30 42 12
30 25 40
34 54 96
71 43 9
99 32 47
91 14 16
2 15 36
9 41 42
37 5 61
72 48 16
55 34 91
29 78 15
1 75 96
24 60 45
34 39 95
91 48 16
23 65 20
56 94 27
67 23 32
93 85 77
16 81 88
17 36 59
55 45 18
51 30 45
19 6 81
68 82 16
13 91 95
31 22 70
9 19 48
87 38 56
96 21 14
43 89 3
91 64 23
53 16 85
7 5 96
60 6 21
79 96 11
77 74 97
32 81 69
3 76 56
82 93 2
68 70 55
73 10 36
85 11 27
64 79 84
39 93 99
38 43 31
92 99 6
73 38 80
69 14 34
14 23 44
84 83 33
60 24 30
44 46 34
94 71 75
77 41 63
91 30 82
1 90 4
85 46 89
8 100 54
94 26 75
27 92 83
86 92 28
29 9 58
76 11 97
84 96 90
63 33 68
29 46 82
80 19 43
87 64 11
98 100 68
31 82 36
30 29 61
26 85 19
90 82 1
59 38 66
6 95 1
100 69 77
57 77 91
85 91 46
12 33 68
47 12 57
55 26 51
81 73 71
40 38 76
83 52 74
59 45 10
88 36 8
64 82 19
72 35 13
53 100 56
84 97 13
56 25 52
57 60 31
7 65 38
84 81 82
68 37 75
54 62 57
20 57 59
20 79 62
99 37 35
13 14 50
44 56 87
54 44 25
28 72 96
23 82 48
69 34 88
27 42 10
26 24 62
67 64 38
83 18 49
17 77 85
5 78 55
14 30 70
63 89 85
97 17 26
11 78 12
72 31 78
67 3 12
61 100 80
62 70 39
32 68 61
29 49 19
26 68 20
60 24 10
4 59 9
46 67 3
82 2 89
45 86 18
35 40 76
30 73 94
14 18 19
81 6 84
71 60 41
89 33 20
85 54 71
15 28 29
77 91 12
66 67 86
61 6 18
52 41 19
73 30 7
65 67 36
67 14 8
86 41 85
12 57 9
9 95 41
3 25 11
81 55 36
2 39 77
31 100 11
15 32 28
94 82 57
91 70 2
64 16 93
33 24 48
93 23 20
47 43 1
68 88 58
7 86 14
14 93 88
84 72 4
29 41 36
88 11 73
82 31 9
34 34 69
3 97 73
3 84 42
1 40 53
95 30 39
85 93 45
99 39 86
31 60 50
56 82 1
74 50 62
12 37 61
3 87 27
73 31 14
12 86 57
73 18 89
89 47 92
85 61 73
81 51 40
15 27 66
10 93 81
8 66 4
48 42 6
72 85 60
11 41 43
11 83 11
64 55 14
74 32 75
24 61 26
1 3 60
29 93 8
6 20 66
54 92 13
31 66 4
77 1 91
69 66 100
24 9 81
98 56 72
83 82 22
91 18 82
49 64 35
37 64 37
74 49 21
40 63 78
37 8 15
91 25 38
68 71 28
74 74 23
3 68 33
35 84 2
35 24 86
3 13 97
77 67 12
4 47 56
6 72 37
19 29 17
23 19 59
32 53 5
45 63 30
6 49 24
11 13 65
1 45 62
52 56 11
97 63 7
17 33 73
91 42 39
40 2 81
74 30 9
50 42 36
71 4 52
88 84 41
77 47 100
10 57 99
7 85 21
93 84 88
8 88 43
5 72 56
82 28 40
20 25 20
20 26 44
63 70 88
85 28 25
46 89 19
1 78 67
12 23 98
32 93 3
46 37 11
79 1 6
20 44 20
19 64 87
50 23 38
25 20 73
54 23 74
100 17 35
51 16 62
9 31 88
47 13 47
31 77 6
49 2 7
29 22 99
69 32 33
85 15 31
16 75 68
84 4 13
65 61 54
67 41 31
41 59 81
23 52 35
84 84 91
80 51 54
41 10 18
37 71 61
56 23 97
42 72 52
62 49 84
10 65 73
68 39 60
37 81 69
93 5 28
24 11 32
97 74 68
21 37 92
100 91 14
6 90 37
21 19 78
68 11 54
67 92 51
72 23 5
13 67 77
3 17 98
24 81 70
17 99 91
76 21 50
71 22 59
22 26 68
7 25 4
16 39 62
9 100 47
35 33 74
62 53 66
38 31 93
82 71 4
1 38 87
66 8 22
56 93 43
100 81 16
31 7 69
6 64 26
27 35 13
62 59 62
93 6 48
40 85 2
79 89 60
4 12 39
62 94 54
56 7 15
34 62 3
42 43 36
5 27 38
84 4 11
31 63 60
48 40 51
24 81 42
79 50 85
48 37 83
64 64 94
62 34 42
45 62 16
87 50 46
11 87 76
43 52 65
76 43 42
24 77 82
63 40 75
98 92 66
48 59 46
93 82 57
35 92 76
21 98 33
21 3 1
34 83 61
66 32 98
18 94 72
84 77 12
67 72 94
41 47 100
13 33 35
30 18 19
77 99 48
43 79 85
79 62 50
34 34 69
82 99 15
5 14 34
52 8 24
46 20 80
1 8 62
87 56 25
97 86 89
74 84 93
59 80 87
90 18 62
35 96 56
70 44 51
38 22 43
22 52 25
60 71 33
11 17 27
66 60 49
34 77 9
77 45 6
92 83 94
25 20 27
31 20 68
42 90 44
44 21 10
77 100 68
45 37 11
14 61 72
97 26 17
64 99 42
48 81 88
13 57 12
4 91 89
89 56 87
69 6 1
15 74 96
81 30 8
27 91 12
92 65 76
40 9 82
11 39 24
37 37 80
8 97 98
75 43 48
5 25 29
80 91 89
98 21 9
34 60 50
48 84 99
72 24 19
37 77 10
98 51 97
6 86 6
95 26 100
53 78 2
19 63 43
13 66 96
96 84 41
24 44 25
35 48 43
44 8 41
47 88 15
78 54 27
33 12 50
33 36 78
89 72 54
34 2 99
75 14 78
5 33 96
29 40 98
52 6 67
30 13 100
83 1 69
80 78 48
38 79 49
92 43 86
18 79 15
13 74 87
63 89 77
38 40 37
67 23 27
93 65 5
69 67 41
2 88 48
71 6 58
84 50 48
82 83 96
28 43 93
51 45 99
28 46 36
83 87 74
24 90 65
22 94 44
41 3 2
61 60 42
75 1 21
20 54 92
38 73 76
55 14 6
39 84 46
51 92 37
89 92 47
27 43 99
82 24 86
81 2 41
20 31 84
81 57 41
100 77 16
44 67 91
64 48 46
87 61 5
50 82 3
43 35 61
92 58 8
55 80 52
63 93 95
4 64 66
31 26 47
50 79 42
60 71 92
95 70 81
94 39 50
98 30 79
41 48 9
56 81 58
75 64 26
43 19 34
37 62 6
63 92 52
98 10 58
78 63 78
85 74 97
84 1 81
57 70 78
56 41 99
63 4 20
50 81 18
39 85 82
64 50 30
81 8 63
51 22 9
88 1 22
32 18 21
6 97 13
43 21 15
97 61 100
85 19 7
39 4 51
88 10 50
59 66 28
97 12 10
42 41 62
85 38 100
22 55 22
1 77 36
19 30 3
7 56 47
36 44 54
18 27 68
43 3 50
14 80 71
8 8 3
55 55 99
21 2 30
66 2 12
55 49 79
59 82 58
11 30 79
61 66 51
51 1 84
22 30 77
83 18 86
46 15 59
68 11 37
87 27 28
74 55 79
75 32 29
18 68 92
77 30 45
60 36 1
100 55 42
58 65 94
47 81 16
33 56 64
89 30 62
88 85 36
63 94 75
34 73 65
29 9 15
29 48 31
77 71 76
89 48 6
1 19 2
86 21 59
37 36 89
28 28 47
94 44 17
90 64 20
41 71 32
21 6 48
21 11 28
91 46 55
3 49 84
6 75 97
36 81 16
50 30 22
41 4 29
90 9 55
21 20 98
64 52 75
28 68 66
59 40 94
76 39 59
9 13 32
43 42 78
31 24 69
13 53 13
34 19 88
37 40 65
55 20 61
53 10 2
97 39 86
76 87 20
56 12 59
80 19 15
17 88 95
12 7 69
31 95 10
6 12 91
82 51 83
92 63 7
96 53 73
40 30 67
18 40 94
55 51 87
56 97 52
38 46 10
52 9 63
71 56 66
64 69 1
68 28 100
13 89 86
12 74 40
100 33 90
13 42 45
74 30 39
59 44 27
3 38 40
75 7 31
9 97 38
46 86 85
18 78 95
67 12 79
7 74 35
39 5 100
17 55 24
37 37 71
25 12 84
65 79 49
39 85 81
41 21 78
37 91 93
75 100 47
81 73 33
63 14 45
91 42 88
35 31 48
62 45 77
65 80 26
66 31 50
62 96 40
88 14 95
76 86 55
37 49 24
64 17 26
89 34 89
72 2 14
36 91 1
91 38 47
11 74 11
91 77 60
20 94 68
15 68 80
97 35 71
63 69 78
83 5 72
8 85 49
88 4 5
32 31 86
47 70 82
24 9 3
1 27 94
89 45 34
49 88 18
3 11 4
39 15 30
89 75 25
72 59 15
23 83 100
20 33 68
42 92 75
37 6 3
60 30 6
45 5 68
51 7 88
39 5 76
96 39 58
51 89 7
4 31 43
40 94 25
60 31 10
28 45 34
39 79 69
14 1 49
6 20 23
6 18 2
4 9 88
61 96 94
91 80 47
13 10 42
92 34 60
31 73 44
63 24 19
25 10 58
11 72 51
27 16 45
84 21 88
99 82 12
43 21 78
70 86 58
12 40 52
4 70 31
26 79 58
8 78 58
47 71 32
32 61 75
37 10 84
89 52 29
21 64 76
64 79 3
21 85 10
73 29 53
77 55 67
69 12 86
40 99 91
58 97 74
94 93 63
76 69 70
71 60 93
44 62 55
74 31 8
50 58 19
86 73 64
99 9 85
78 74 17
91 97 37
8 97 27
39 1 41
97 19 12
94 50 48
61 47 92
93 90 32
99 85 30
62 36 63
21 62 43
85 43 46
37 41 55
52 98 53
82 6 41
12 77 30
94 45 93
1 91 41
62 88 86
59 16 93
69 78 49
58 93 8
33 78 48
89 85 58
18 97 5
10 80 96
99 95 78
14 94 40
33 60 79
56 87 61
79 98 44
76 56 11
96 16 62
82 63 67
34 36 9
100 69 79
44 82 39
35 16 59
62 35 33
60 82 16
95 24 86
8 34 50
98 39 55
64 50 6
77 70 14
12 84 18
70 97 26
36 65 27
60 16 8
38 71 51
61 93 95
59 45 31
87 2 62
12 24 50
43 78 63
69 32 80
27 75 20
17 52 87
49 2 24
59 32 64
41 35 33
63 88 82
16 20 47
44 58 21
65 90 53
97 88 24
70 34 46
89 43 31
95 53 97
31 41 88
14 24 8
76 70 86
80 92 23
58 25 61
65 92 40
27 95 1
87 64 56
12 42 82
75 41 16
91 50 30
83 60 58
96 36 9
75 65 61
19 43 19
76 91 36
84 35 25
52 12 41
13 21 30
71 84 77
30 45 42
2 66 17
51 99 15
86 75 25
96 93 48
75 49 21
87 51 97
77 34 21
13 41 70
100 76 51
1 66 47
76 52 92
22 29 54
67 52 98
24 15 95
52 46 48
20 53 27
60 87 32
89 83 66
69 74 44
24 26 28
81 25 92
47 41 34
16 56 68
13 7 42
100 60 6
14 37 75
80 66 37
79 24 7
100 66 76
45 6 42
98 83 94
11 62 22
46 44 5
68 52 80
13 39 30
64 45 8
58 35 47
78 62 1
86 72 27
31 7 70
1 56 27
97 77 18
97 81 7
63 64 27
12 21 84
22 82 2
46 89 36
60 48 8
58 68 4
80 15 31
55 24 36
69 77 55
8 57 58
62 47 71
19 58 22
77 8 3
72 28 96
18 52 72
75 61 71
37 81 2
80 18 31
50 48 2
94 52 56
31 28 51
26 64 68
60 11 28
48 63 45
67 2 79
72 17 44
78 54 26
28 73 5
41 25 87
12 52 44
34 100 17
81 1 63
75 55 93
92 98 56
88 99 48
30 11 37
52 79 59
90 81 69
13 28 72
50 60 1
58 15 39
93 62 30
25 68 26
30 39 9
57 27 80
66 87 76
79 58 22
66 72 25
77 20 61
51 68 35
74 55 95
56 63 7
5 48 21
69 13 27
80 66 28
19 6 82
45 44 83
88 56 33
92 80 44
73 45 55
27 31 36
44 55 89
37 43 88
84 13 76
30 24 84
12 84 12
71 94 40
36 82 69
43 12 84
81 49 19
39 25 53
73 39 2
93 47 23
87 18 24
52 6 49
34 1 70
95 58 88
78 65 54
42 87 56
67 84 21
96 91 22
53 74 64
33 75 68
13 38 27
17 13 66
5 76 54
34 64 97
37 35 76
30 12 41
50 49 69
92 64 96
18 39 34
8 16 15
66 71 26
76 31 50
96 86 15
68 34 49
21 81 46
9 37 90
11 67 21
88 71 94
81 14 99
93 38 47
4 18 89
81 34 70
55 16 88
99 78 70
66 20 13
59 83 29
12 84 18
8 57 31
16 66 52
8 54 72
44 17 52
13 10 57
68 24 63
47 16 22
1 8 69
19 28 40
55 88 45
83 61 76
18 84 19
15 61 4
12 4 56
68 95 19
13 68 80
98 28 61
85 89 10
23 32 87
98 70 60
79 41 82
30 42 31
97 74 98
95 99 18
51 18 8
87 64 35
41 7 16
92 1 89
73 82 88
98 56 4
14 91 81
47 94 97
49 3 79
36 79 8
90 4 44
12 77 67
79 43 6
74 27 83
91 61 83
90 34 69
95 27 47
32 79 45
28 24 50
81 51 87
78 35 76
31 60 36
31 62 55
31 12 45
7 39 86
54 42 45
23 92 51
26 52 97
45 18 7
80 39 21
36 3 60
95 59 62
28 18 48
100 30 84
92 52 97
28 57 31
62 98 97
83 62 31
59 73 96
66 4 83
36 49 1
57 4 32
81 93 18
68 4 26
51 89 70
65 6 15
2 81 39
27 14 21
73 45 31
9 64 92
2 59 3
89 27 54
2 65 35
23 37 44
80 12 24
10 70 89
68 28 27
55 37 100
88 24 77
84 64 74
43 14 59
17 70 45
28 11 87
13 63 3
78 7 1
16 62 67
63 91 22
60 18 15
28 90 56
63 34 3
66 4 100
65 69 48
22 21 3
76 85 36
57 97 73
60 83 76
38 74 53
23 99 63
5 64 40
91 76 73
36 21 42
84 29 47
5 66 20
27 61 92
37 32 5
66 77 42
10 41 49
26 16 39
26 10 16
90 70 22
56 79 78
36 16 24
46 60 82
36 88 85
76 84 93
82 40 71
20 20 72
25 93 50
71 48 16
82 46 36
36 76 100
16 1 81
15 74 51
73 46 62
36 50 22
84 61 35
43 76 92
74 61 32
44 18 99
12 79 60
37 24 30
18 98 75
16 19 22
19 2 89
88 13 61
75 73 54
7 63 9
26 41 42
35 29 66
2 92 17
68 65 32
71 7 15
83 59 46
88 29 32
26 98 97
85 5 53
73 71 20
45 8 99
13 4 44
19 5 65
56 56 80
86 50 77
3 16 7
5 46 31
82 49 9
75 77 50
17 75 94
99 32 94
42 73 23
60 6 45
24 78 58
68 6 49
35 12 62
23 100 32
42 77 59
56 88 78
61 43 84
70 32 20
6 96 66
55 67 8
18 8 18
7 7 82
77 75 100
11 96 56
95 98 56
92 29 76
46 72 23
68 66 25
41 96 37
15 35 96
82 58 24
84 91 77
35 19 89
68 82 59
67 26 4
36 92 40
58 6 46
78 74 5
91 46 9
62 57 14
29 15 36
95 52 74
53 36 55
16 68 25
8 60 15
40 84 18
11 95 69
33 12 30
61 58 18
13 93 9
55 29 97
26 15 99
26 97 35
14 2 70
79 16 86
81 43 67
31 79 86
82 67 21
49 12 10
91 51 40
36 46 31
86 4 44
73 70 48
39 62 14
71 8 86
28 89 3
1 62 36
73 84 82
16 62 58
2 97 66
21 86 55
17 75 23
14 81 57
7 48 59
3 6 93
35 82 86
17 7 12
52 89 99
39 54 68
76 66 32
29 37 96
51 47 17
69 74 32
59 26 5
93 11 53
50 35 66
86 43 12
93 3 48
28 41 84
95 37 44
15 42 24
36 71 76
14 14 48
44 32 96
35 2 78
22 58 81
46 57 69
58 73 38
92 19 45
38 73 76
92 100 76
31 44 27
66 81 19
68 93 46
80 8 57
2 93 84
47 44 71
27 75 40
87 8 3
45 16 59
87 95 70
16 29 52
70 47 44
100 88 67
63 64 73
20 63 2
20 48 39
39 8 24
36 61 51
3 13 40
99 39 41
93 20 47
23 28 76
88 76 13
4 68 83
75 85 45
9 88 86
60 69 59
60 58 84
92 42 6
58 95 89
30 14 78
28 54 35
17 67 16
42 92 25
69 43 19
16 42 2
84 81 77
37 18 49
75 98 23
54 31 59
70 57 49
83 10 3
45 90 27
71 99 95
55 55 22
95 80 4
81 91 85
62 73 68
44 21 93
73 19 1
17 12 24
87 63 36
55 15 70
71 31 59
51 61 98
68 3 82
8 86 63
87 36 67
4 50 49
64 39 49
10 76 100
9 27 61
45 89 82
30 77 49
67 56 37
98 11 83
18 2 42
51 11 65
73 26 66
43 100 52
17 96 13
84 91 42
40 47 26
21 31 82
33 70 63
60 93 46
44 96 73
55 11 25
15 71 29
65 49 58
83 91 99
65 17 37
27 36 88
26 93 3
25 47 44
18 3 34
54 16 99
27 25 75
55 69 8
38 52 92
86 51 61
57 85 99
7 87 75
31 3 50
80 80 98
33 68 26
74 61 37
80 44 100
96 68 64
21 48 19
55 60 45
57 64 29
27 50 18
49 87 28
89 72 73
14 33 97
40 46 48
43 19 45
11 83 28
89 6 22
49 57 22
5 29 47
38 91 3
40 99 9
59 83 56
43 96 100
82 46 81
43 41 21
56 92 11
77 90 74
29 56 40
84 11 27
75 22 10
77 9 84
74 2 14
18 73 40
78 16 85
12 66 80
46 87 76
91 35 52
68 88 50
58 71 35
41 72 66
20 37 65
64 89 31
20 3 89
38 68 66
12 100 11
24 19 62
52 73 51
96 44 51
56 81 9
65 71 20
70 58 10
11 94 75
60 3 82
72 63 31
17 95 36
11 80 53
12 40 26
49 75 71
49 63 14
16 51 53
66 47 26
46 81 89
46 47 73
98 88 31
9 4 61
37 41 62
36 20 97
59 24 84
96 79 86
38 50 41
8 71 73
62 79 39
5 22 10
10 21 62
7 45 91
27 87 35
11 8 21
88 35 76
55 25 33
4 19 30
68 34 85
61 42 41
39 80 74
97 87 33
81 38 44
72 95 81
42 93 15
21 89 14
15 91 7
68 4 51
9 57 84
64 40 92
69 56 64
75 5 97
62 84 16
76 34 50
88 57 55
27 93 14
93 14 46
38 19 30
21 31 22
64 12 16
3 32 52
27 82 95
12 25 53
52 32 75
34 80 5
10 4 54
6 29 33
88 78 57
81 89 39
38 79 89
99 87 72
66 98 71
97 62 59
1 30 88
78 78 67
80 46 6
10 86 59
16 77 63
47 49 78
7 96 29
41 30 93
92 68 73
53 70 82
57 95 45
30 16 12
60 19 15
53 95 60
59 65 72
36 19 7
70 66 38
49 86 7
24 35 47
92 22 60
5 93 9
62 53 29
20 17 98
38 24 43
97 7 42
80 24 15
73 32 61
95 65 56
5 43 36
71 90 72
26 70 8
29 35 53
87 34 82
98 61 64
12 99 45
82 16 57
16 89 41
64 67 81
82 21 95
68 21 79
71 90 13
18 43 69
55 69 81
40 54 75
49 28 35
19 51 28
29 90 83
60 13 90
71 48 62
54 30 79
17 93 1
63 27 80
2 17 37
92 65 25
81 22 46
80 85 89
64 48 45
47 49 79
58 1 43
52 32 5
46 46 86
82 30 85
80 37 64
94 54 87
35 5 26
38 19 9
83 83 37
55 17 80
7 53 20
54 91 82
37 17 71
16 16 8
41 89 59
46 56 83
36 61 28
80 3 79
27 33 40
2 12 6
50 16 95
93 31 57
86 22 36
57 93 31
17 41 91
18 59 85
81 17 5
100 35 96
26 61 100
13 25 35
35 90 51
52 16 81
17 15 82
77 14 59
78 15 89
78 16 39
15 53 94
76 96 13
49 85 42
30 89 49
81 25 80
13 29 98
75 12 78
41 65 27
30 63 2
15 88 2
70 90 23
24 94 61
2 74 28
18 17 29
7 46 55
45 9 48
94 66 33
7 37 38
20 7 3
76 24 58
53 100 37
49 36 82
77 30 88
68 91 48
95 34 18
15 47 90
14 16 30
77 60 36
57 74 4
70 29 13
30 82 60
86 18 24
43 18 63
95 29 72
4 96 11
6 47 4
74 18 63
19 18 12
80 29 5
83 51 5
44 24 18
76 32 80
57 76 80
75 6 45
28 1 55
43 75 73
15 68 28
5 40 83
47 42 34
2 92 75
64 42 9
17 55 10
35 96 54
85 47 96
47 22 93
30 41 50
82 26 53
8 37 38
64 78 50
56 94 80
100 78 60
96 55 78
97 53 56
58 68 38
91 7 86
33 55 48
16 79 70
64 38 74
47 71 5
79 85 48
58 11 37
15 61 25
42 13 92
20 2 85
12 46 24
42 93 46
22 33 44
95 88 43
90 74 26
10 52 11
84 23 5
48 67 3
100 7 81
74 57 15
49 91 55
24 20 25
43 25 44
25 87 76
8 63 85
65 55 58
69 90 66
2 46 82
17 34 77
89 41 89
20 69 21
26 45 86
63 82 58
97 31 79
100 81 41
67 28 35
91 69 77
17 46 82
4 8 59
7 73 80
53 43 89
23 79 9
72 7 59
9 82 55
34 30 34
29 16 81
26 6 84
84 23 44
38 10 77
33 1 34
17 14 12
2 79 48
81 11 32
3 21 41
19 30 9
51 95 82
82 34 57
30 56 97
73 69 42
79 70 59
47 73 61
22 51 52
95 3 70
89 7 31
2 92 71
18 66 92
53 43 41
45 24 69
29 30 15
79 27 98
12 87 44
96 56 37
12 67 55
16 54 96
76 60 46
64 93 30
55 34 95
85 56 96
1 39 89
95 10 67
97 53 33
48 21 22
95 18 3
14 97 32
44 67 34
84 32 66
11 15 67
93 2 70
67 47 25
61 47 26
100 20 52
26 48 70
9 93 59
24 36 48
89 51 47
82 54 66
10 50 15
96 7 84
45 63 30
49 99 16
5 84 62
40 13 44
56 96 32
37 66 13
58 17 4
49 48 85
39 60 48
89 3 41
60 41 85
87 50 24
58 60 30
42 22 34
7 3 49
7 78 91
44 2 50
12 63 79
12 63 89
32 79 3
87 7 78
91 93 85
70 18 31
16 62 55
33 53 26
52 35 51
42 76 75
96 48 18
18 14 91
94 23 68
53 36 70
93 22 2
21 34 15
51 13 74
63 62 85
65 84 59
39 46 16
52 31 7
28 77 45
14 43 2
41 11 28
21 63 84
74 46 93
6 49 70
84 11 51
11 57 82
24 50 63
78 17 72
94 35 26
57 88 31
31 59 78
24 46 19
34 34 8
11 17 13
46 84 21
39 18 89
5 38 68
50 87 38
87 79 34
93 32 23
57 9 16
96 37 75
29 33 44
99 79 95
4 88 6
57 57 34
36 89 7
38 31 99
71 55 24
97 68 51
56 93 34
1 90 66
74 40 92
36 56 40
99 22 14
59 5 33
61 58 16
77 97 5
96 15 14
78 74 40
77 68 32
13 35 23
69 47 33
88 77 70
44 11 4
28 40 98
37 25 64
80 54 53
50 14 42
83 13 97
25 53 40
62 7 39
26 87 61
92 1 12
84 46 45
65 9 34
35 29 87
11 87 32
89 57 34
82 80 51
20 45 1
3 60 41
30 21 95
53 93 78
100 73 33
48 72 54
26 77 99
41 22 93
79 71 96
35 40 37
34 57 6
77 12 15
74 99 93
97 74 20
48 65 56
67 84 59
23 76 73
18 57 70
54 21 91
50 72 38
84 88 21
91 44 98
55 47 90
97 19 39
76 54 51
66 25 20
58 81 45
64 77 15
29 5 87
29 54 61
90 69 41
25 10 86
16 28 29
23 15 12
95 46 16
74 20 38
85 9 88
88 86 69
42 53 92
47 32 56
2 53 98
69 32 76
66 58 48
14 29 20
98 56 38
64 49 50
62 89 10
81 31 84
66 35 98
96 55 93
87 39 43
88 2 79
88 16 2
28 41 22
38 17 28
74 27 53
92 55 77
61 26 29
32 60 15
80 86 30
16 29 90
56 53 97
23 36 48
41 9 36
79 100 40
84 10 91
41 63 2
23 57 8
22 47 90
97 14 21
16 6 41
97 86 49
84 6 89
67 95 48
24 21 36
36 100 87
22 74 66
28 1 46
22 14 10
96 96 83
90 85 39
50 99 48
24 82 63
97 37 68
5 90 37
3 92 27
47 47 54
52 87 64
71 44 96
76 60 15
99 54 97
56 43 6
7 20 75
81 74 68
93 53 94
23 35 47
96 52 100
29 80 51
93 61 68
21 66 92
91 64 53
42 26 52
21 4 28
64 95 16
15 3 6
68 49 7
57 30 55
25 83 76
53 4 68
29 71 74
10 15 42
98 21 62
14 80 96
90 52 68
48 95 69
23 66 52
15 53 90
57 79 78
88 6 88
14 45 77
75 92 28
61 17 71
19 7 91
95 68 37
2 43 16
86 13 40
2 8 43
61 96 4
55 14 21
100 27 56
11 30 12
28 28 56
67 83 33
45 87 27
50 71 87
92 96 51
49 66 87
76 78 77
85 12 39
34 15 67
32 73 90
24 55 34
35 53 97
16 20 100
65 3 91
89 20 27
37 78 95
97 68 38
61 1 89
14 71 65
84 19 57
71 21 14
23 31 57
4 50 30
20 40 29
24 7 85
66 6 21
49 5 26
12 44 40
29 60 36
87 49 39
35 81 7
100 67 79
24 58 86
38 16 12
28 70 6
87 2 84
85 60 91
72 1 24
1 62 14
18 82 39
32 81 14
34 49 59
67 81 84
91 75 53
52 43 16
50 31 86
92 68 75
67 18 14
29 35 51
5 3 77
30 44 83
11 20 53
25 94 71
84 28 40
19 49 60
8 73 94
100 41 1
23 53 76
81 6 34
31 53 40
80 72 65
25 91 43
75 15 1
12 51 90
30 7 67
41 6 46
87 12 81
65 48 78
65 84 95
32 60 30
28 70 67
39 10 2
9 57 16
73 42 14
38 83 64
20 82 30
41 26 28
18 79 62
25 2 82
21 79 77
28 39 34
93 79 6
41 20 4
50 72 94
27 96 76
39 7 18
7 73 37
24 28 65
68 23 65
35 58 99
39 46 2
88 95 84
24 19 9
97 8 81
14 98 97
29 2 10
32 86 18
79 8 50
98 38 75
82 48 79
41 90 75
34 84 7
88 69 9
67 50 8
43 55 41
90 57 69
25 76 17
80 16 10
57 51 47
1 24 99
35 43 70
91 44 97
29 29 38
38 92 94
61 40 29
91 18 78
80 89 18
44 66 75
82 83 80
71 89 67
63 44 90
73 14 89
32 57 43
16 27 53
91 52 87
24 36 93
11 88 59
25 68 27
45 33 71
7 52 83
41 73 20
62 15 21
93 86 15
75 42 59
24 91 50
96 61 5
61 90 52
4 14 93
5 64 61
44 49 10
38 33 83
41 2 24
34 78 16
29 37 11
31 75 61
88 8 39
18 88 67
22 19 45
90 17 65
24 53 83
42 11 44
24 94 32
39 10 46
1 100 4
23 91 86
39 94 20
39 71 47
4 100 4
43 94 17
70 2 41
24 1 31
58 93 16
61 98 5
100 6 41
34 8 1
4 12 30
92 15 85
33 38 68
49 33 20
62 99 10
89 64 28
49 22 63
33 77 62
96 39 49
16 46 8
68 30 77
26 28 17
39 66 73
18 97 17
49 33 13
26 39 1
51 14 60
87 79 34
59 42 91
97 19 88
52 62 36
30 69 55
2 62 79
22 42 31
34 37 23
41 1 85
96 65 54
17 42 6
63 11 68
43 90 61
47 35 20
58 85 46
25 70 59
3 92 29
39 82 79
7 72 4
17 10 1
62 96 64
71 34 12
38 16 10
35 47 28
39 10 1
66 10 95
17 55 24
37 55 46
40 52 51
62 53 52
59 80 25
76 85 55
23 44 66
8 3 86
42 10 91
47 35 29
92 77 49
26 46 3
9 69 9
33 36 85
6 1 60
18 80 83
70 5 61
47 47 29
87 94 52
94 5 75
99 55 10
43 90 54
86 6 81
56 48 14
75 21 77
44 17 47
44 63 50
1 26 20
63 75 47
22 59 1
48 48 59
4 37 33
45 3 95
24 78 16
15 80 68
94 54 94
91 74 37
18 14 42
32 51 52
75 19 55
69 49 9
81 42 93
91 85 86
89 98 4
44 27 23
97 55 49
33 78 24
75 15 43
67 81 9
71 28 32
50 36 89
93 22 49
27 21 63
29 44 71
34 35 38
54 76 29
57 80 35
59 85 18
70 23 100
54 38 64
28 92 11
95 2 78
64 22 70
25 99 2
84 33 29
91 80 53
5 94 17
93 21 42
78 11 65
47 76 13
49 89 41
43 49 2
85 10 81
15 99 77
30 71 74
28 8 39
65 52 51
12 43 24
60 79 15
13 85 16
48 17 61
33 80 100
25 63 62
10 84 14
29 65 52
72 11 13
20 76 74
62 95 8
79 1 31
20 31 99
8 34 84
65 14 57
21 18 10
87 3 12
39 35 65
22 43 67
71 91 67
47 26 4
+1
+2
+3
+14
-17
-20
+21
+24
-27
-28
-29
+31
-32
-33
+34
-37
-38
+39
-40
+41
-44
+45
-47
-53
-54
-56
+58
+59
+60
-61
+62
+63
-65
+67
-68
+69
-71
-72
-73
-74
-76
-80
+82
+84
+86
+88
-92
-94
-96
-98
+99
