100 10000 48
65 54 21
45 33 12
81 83 46
4 31 58
12 35 47
12 74 9
70 16 53
71 2 99
71 59 86
35 6 89
18 60 66
23 11 90
54 87 11
39 33 78
54 39 44
65 70 48
55 37 24
84 53 24
71 56 93
28 62 48
31 14 90
49 59 39
61 7 83
1 81 70
34 18 84
35 29 35
23 66 43
32 6 84
89 38 84
6 9 64
32 61 78
26 90 69
40 42 45
59 26 39
14 62 46
54 65 64
96 42 11
22 36 73
29 12 33
38 82 45
13 55 35
14 6 73
68 89 18
5 7 12
43 76 100
4 97 10
33 86 12
63 32 86
24 94 77
74 10 42
68 45 51
14 43 64
26 53 63
41 53 81
73 11 54
16 84 6
76 100 38
37 59 81
41 28 59
66 91 71
35 65 73
47 88 76
30 56 81
33 78 25
43 97 94
13 92 39
18 81 46
91 42 90
6 5 69
16 91 80
25 65 47
9 3 82
82 27 89
6 13 80
38 36 39
11 40 80
14 18 44
30 78 81
3 1 51
40 49 43
92 22 9
18 29 73
39 48 81
90 42 11
73 81 29
77 53 55
37 38 89
42 57 31
51 17 43
52 59 17
30 72 24
27 17 88
3 63 32
23 55 24
11 59 39
17 89 33
88 60 37
29 52 30
39 94 2
35 96 54
29 65 25
47 9 37
8 85 32
48 15 13
47 32 43
3 68 12
72 57 98
93 7 4
83 73 6
28 1 98
3 59 39
31 79 55
54 60 17
59 94 10
33 89 81
27 43 81
89 36 89
9 36 9
58 92 76
19 19 53
44 23 56
56 4 53
13 100 55
75 43 37
68 81 39
15 28 12
39 88 66
100 96 31
26 49 35
44 32 66
99 89 43
16 58 15
24 56 43
99 81 68
76 100 41
77 43 62
21 4 8
45 48 43
55 49 7
37 14 69
54 73 7
49 95 77
24 44 70
48 52 99
90 50 80
8 59 93
40 85 25
59 64 33
53 84 60
6 56 16
86 45 30
26 3 14
82 62 18
98 70 81
91 33 19
70 65 93
75 74 61
49 13 34
27 99 10
18 38 78
68 59 23
82 4 100
77 64 68
4 68 81
37 88 79
61 100 59
94 37 92
80 8 22
98 38 84
41 48 43
57 37 47
6 57 77
86 98 80
92 18 44
49 53 72
36 43 28
30 73 68
17 78 55
92 17 46
83 84 36
30 49 65
91 76 35
1 83 61
49 47 25
99 80 95
24 99 3
53 11 90
77 55 66
26 50 52
86 76 18
31 41 8
70 77 75
70 46 22
8 36 18
10 70 53
3 65 4
19 46 55
43 78 43
90 25 29
11 32 72
49 90 95
55 84 88
47 87 30
68 93 70
72 62 68
12 90 1
65 62 79
36 33 23
12 22 78
82 86 41
21 80 2
94 52 80
100 83 6
11 12 19
11 36 65
17 72 83
69 27 100
34 95 75
61 38 79
9 77 67
14 39 85
74 32 74
11 74 33
93 10 31
22 6 61
68 89 9
55 68 59
22 95 5
54 48 41
49 45 40
87 39 86
55 51 10
8 9 46
72 47 4
24 1 94
59 45 94
95 99 98
86 3 99
96 70 8
59 55 12
3 24 16
54 93 43
58 35 81
42 24 64
12 7 92
74 22 12
25 22 78
41 23 93
1 33 4
68 60 44
27 17 70
62 70 46
54 60 73
24 59 37
57 72 25
76 100 86
18 65 79
88 8 100
79 70 59
34 85 43
99 53 85
54 93 37
86 55 48
9 74 19
49 6 33
75 84 74
26 71 14
90 3 14
96 52 5
51 48 26
20 93 89
57 36 100
54 41 4
35 63 9
8 82 99
28 2 58
83 85 100
3 49 72
89 41 81
78 75 51
27 81 48
44 87 5
67 62 8
40 44 25
75 68 64
13 63 44
70 44 8
73 84 7
53 57 69
92 96 90
18 40 3
66 74 93
62 5 80
48 19 78
77 6 56
71 79 88
6 26 35
23 34 90
88 86 46
94 24 38
35 24 9
68 94 58
76 27 36
30 11 52
56 49 61
90 25 84
15 91 3
16 95 94
21 45 71
39 1 40
37 66 22
13 14 69
60 97 98
10 73 61
27 32 65
79 52 58
64 18 61
56 45 57
78 73 8
90 39 81
1 64 41
97 55 19
51 16 33
39 28 27
62 25 37
62 43 74
77 64 26
79 37 27
59 21 75
97 45 5
92 11 1
53 91 71
37 76 9
2 18 73
39 32 70
95 59 29
16 99 3
55 77 11
12 16 29
83 63 23
87 8 24
78 77 54
28 65 23
95 62 70
15 54 97
77 93 79
97 12 6
75 70 74
38 51 67
57 11 15
92 89 12
29 85 26
99 26 76
3 78 76
10 68 4
73 70 41
41 41 18
39 57 1
12 84 66
89 27 100
96 92 28
82 86 93
59 50 57
47 38 60
17 13 5
48 69 95
50 19 4
5 99 90
69 38 70
42 70 63
74 17 29
37 74 44
33 49 24
42 97 14
35 42 71
18 13 87
13 64 44
62 81 37
51 67 50
22 43 46
40 62 9
94 59 100
62 16 17
22 76 25
47 76 83
47 11 34
27 9 92
33 11 40
99 62 25
39 83 85
29 76 79
75 83 88
94 74 32
80 4 63
78 21 90
56 65 64
31 33 74
4 5 10
99 44 83
80 92 61
49 19 49
19 27 37
7 65 76
34 17 68
30 54 34
49 80 54
38 69 40
25 9 78
62 62 55
54 93 59
49 88 66
9 55 72
41 54 2
15 28 73
33 24 62
60 49 86
41 29 79
60 78 64
31 19 16
12 23 48
81 36 25
26 61 56
57 6 28
54 28 76
28 92 12
22 32 78
78 82 5
6 84 8
5 93 4
70 23 47
58 8 7
37 26 43
67 8 33
17 18 68
24 52 91
3 97 13
92 31 97
70 30 58
55 76 22
19 71 31
62 60 68
82 11 69
68 76 53
90 8 47
5 85 84
16 63 9
22 15 82
20 79 83
47 37 93
82 93 55
11 2 71
7 79 19
24 13 10
99 55 41
27 58 95
77 7 73
5 39 23
63 14 3
8 49 26
55 31 11
12 24 60
57 71 3
1 70 81
56 16 29
89 64 65
45 74 76
76 50 15
65 19 17
86 74 36
5 41 84
92 51 67
9 30 99
45 31 45
73 67 34
45 88 46
37 53 48
84 35 27
47 35 28
57 76 93
69 63 81
68 86 68
32 57 67
79 24 6
87 32 61
3 82 80
70 10 67
14 68 48
72 17 78
65 81 79
76 85 41
59 26 9
58 18 73
98 9 32
29 81 32
3 68 44
58 6 76
86 93 72
15 47 55
22 83 7
72 23 62
22 15 31
41 42 52
77 68 35
32 22 19
3 9 74
29 66 56
99 64 41
61 66 41
82 92 32
35 37 86
75 7 70
17 35 68
16 32 55
90 83 32
11 28 78
27 47 53
75 85 36
49 43 78
56 16 93
60 46 79
33 33 9
6 86 28
21 4 70
80 6 22
43 56 36
32 11 10
64 66 35
9 20 30
77 73 19
39 78 35
73 77 1
68 29 55
20 46 86
60 8 63
14 62 35
69 10 82
31 53 38
20 91 20
53 36 48
7 32 44
73 86 18
25 43 70
24 42 80
5 68 88
81 33 8
10 32 29
56 13 95
15 82 10
79 61 9
62 27 29
37 4 38
94 22 81
30 10 67
9 70 49
71 65 86
48 91 45
81 69 3
30 59 26
17 63 60
79 23 64
62 16 49
37 27 43
24 49 85
39 39 35
42 61 46
60 58 87
56 9 12
68 85 79
65 53 4
85 63 62
40 17 86
37 26 63
19 29 88
54 93 81
91 76 19
63 11 1
65 37 32
96 17 83
60 9 68
5 8 35
76 4 62
71 78 83
19 82 54
81 41 4
99 6 25
45 77 69
21 11 42
17 85 76
70 1 77
41 80 2
16 72 16
76 44 46
48 96 51
77 48 46
31 57 15
78 56 84
54 37 47
99 79 65
84 25 16
38 21 58
14 91 14
46 89 35
99 93 83
9 49 4
34 69 40
46 11 42
96 35 28
78 93 73
28 43 47
25 45 96
69 26 44
88 7 78
14 62 23
63 51 57
28 27 79
7 65 64
58 55 88
89 87 98
7 25 19
75 39 43
54 12 62
88 29 93
88 47 56
59 1 97
41 56 48
94 100 60
79 68 88
24 64 32
12 89 70
86 20 10
52 64 93
18 88 32
41 70 41
79 93 28
5 17 100
72 95 34
13 97 54
8 17 16
20 78 27
11 25 47
50 85 25
2 21 94
42 24 27
17 37 12
71 32 62
76 100 32
5 94 80
77 85 41
53 1 2
54 80 42
63 12 79
97 35 49
77 60 93
98 71 97
58 11 80
81 13 21
17 94 10
97 56 7
34 74 28
90 52 3
68 19 47
57 4 37
93 76 27
78 29 35
91 85 33
79 100 89
69 72 70
51 81 78
91 100 48
56 43 4
4 83 84
92 36 100
86 56 33
57 87 52
40 19 61
13 12 32
9 45 77
91 7 66
54 54 58
53 58 82
28 48 43
44 53 7
36 84 60
98 16 33
93 10 1
34 77 98
46 75 94
76 74 36
81 50 34
11 7 84
77 24 22
71 8 29
57 24 6
24 25 35
55 60 78
56 22 27
97 80 94
18 63 86
100 99 96
70 76 47
72 91 10
29 13 57
10 79 46
39 44 81
27 43 39
29 26 19
90 97 40
97 44 93
57 84 88
82 25 49
83 55 46
11 84 8
67 23 68
4 24 79
19 79 19
74 56 7
87 54 10
9 47 68
41 98 5
71 90 10
48 56 36
40 16 68
3 39 76
50 59 18
35 42 77
79 37 76
9 49 33
93 81 8
91 19 7
30 37 32
60 23 39
35 24 55
14 9 33
98 56 72
19 66 60
90 3 87
60 62 9
73 29 84
8 7 26
51 95 31
15 67 54
8 23 92
41 68 76
22 47 100
88 9 47
49 34 97
66 55 60
40 77 14
86 43 76
35 100 9
4 63 26
38 75 80
71 8 66
22 23 72
93 22 60
39 81 59
63 79 12
53 94 40
96 58 67
33 26 74
87 40 45
3 26 24
51 29 74
51 3 91
21 9 79
94 62 86
34 100 8
86 81 44
61 79 28
8 56 7
26 73 23
5 26 17
22 8 29
39 81 6
76 92 35
53 37 56
63 78 88
51 27 74
69 57 69
60 92 23
42 23 24
2 72 47
74 94 15
81 58 10
42 4 48
33 95 10
82 32 60
43 29 63
46 20 91
57 73 19
12 97 21
37 18 36
66 80 96
86 89 23
90 86 39
86 46 19
12 4 74
8 70 9
7 97 5
25 65 61
39 66 49
64 71 21
8 18 32
62 20 50
63 52 99
96 27 100
63 24 92
96 62 88
59 67 99
56 66 68
89 24 66
6 64 48
55 53 65
86 63 37
79 41 9
65 43 36
72 79 48
1 60 19
8 43 65
91 88 12
78 13 15
71 81 85
84 18 27
50 33 44
5 33 26
99 49 66
5 4 25
46 31 69
97 42 11
6 55 76
14 17 59
94 35 18
64 96 58
54 9 92
80 58 1
22 80 45
98 30 34
72 74 38
88 58 57
8 43 16
18 69 71
72 16 53
25 86 81
100 14 71
54 1 13
76 64 25
82 18 86
49 41 93
73 85 55
27 11 50
20 72 48
70 26 92
51 57 1
93 35 12
67 66 88
73 79 61
71 30 77
39 48 33
94 3 5
95 60 22
35 77 2
7 28 70
41 93 72
37 43 23
14 68 56
85 14 45
65 3 13
83 59 60
20 26 100
38 95 87
71 73 70
27 46 88
99 24 65
80 8 64
82 54 50
5 97 14
10 65 22
66 39 16
93 6 83
69 79 70
15 17 66
4 77 67
100 75 87
87 45 3
17 50 51
100 36 6
92 10 52
84 74 100
36 46 35
64 5 91
88 94 34
56 63 93
31 24 44
76 2 10
50 81 56
7 91 82
56 93 9
16 68 36
52 34 52
57 85 74
75 60 43
73 30 97
78 99 34
51 95 40
53 43 84
80 34 11
46 96 45
21 38 68
93 69 75
92 43 25
47 86 55
54 94 57
81 22 72
35 86 28
61 2 31
54 37 76
53 44 12
63 28 19
43 1 57
82 57 87
55 41 48
28 9 48
27 81 43
100 89 63
75 23 47
61 84 39
51 68 84
82 77 87
12 44 47
37 58 5
42 9 46
25 51 94
32 10 54
23 33 35
92 90 57
68 79 83
40 25 53
47 36 81
10 39 23
97 17 43
95 62 8
71 68 29
22 41 27
45 64 68
85 49 48
95 49 25
7 64 16
74 78 22
10 84 18
63 100 56
17 49 7
26 34 42
8 84 22
48 65 43
29 81 24
13 17 85
45 100 56
6 64 93
11 92 100
85 28 59
28 83 65
50 96 45
71 82 96
47 89 24
60 18 68
90 90 11
22 86 83
44 27 7
37 40 13
68 68 89
90 71 77
35 88 63
2 85 49
54 100 64
34 79 49
87 38 18
74 8 63
14 44 79
28 73 4
91 44 36
47 77 58
30 12 33
75 76 8
37 7 60
55 88 46
47 54 91
56 21 42
6 75 80
70 10 91
51 33 66
56 87 91
87 9 27
92 98 50
3 19 76
60 87 95
28 15 94
14 22 79
10 66 19
55 43 100
45 93 37
79 84 85
3 59 81
22 31 69
12 64 100
49 31 14
94 60 93
64 18 64
22 48 64
53 96 2
93 93 22
52 67 77
55 47 37
76 61 24
26 35 24
74 10 20
61 82 75
75 12 23
98 23 74
77 6 43
55 58 11
18 26 36
82 22 9
90 47 24
56 57 54
16 66 61
31 93 4
20 81 41
29 75 30
94 38 81
46 64 33
84 75 1
63 84 22
49 36 26
67 18 43
8 26 44
43 22 68
100 4 12
76 93 100
86 46 18
70 36 88
76 57 42
90 6 89
87 88 55
97 33 4
54 77 14
34 9 89
97 2 67
52 43 32
32 76 9
75 97 15
1 82 57
47 46 55
25 100 53
51 56 24
95 24 36
38 42 21
81 85 93
67 59 76
60 5 13
78 53 84
16 35 62
59 57 15
51 27 72
92 73 65
42 88 27
41 43 47
5 81 88
99 26 85
14 34 69
23 33 86
100 5 80
70 93 76
69 9 83
3 80 91
6 79 84
9 50 1
42 11 10
66 30 99
38 8 39
83 81 60
45 32 60
14 11 95
77 6 39
21 27 46
81 6 49
43 39 37
23 19 17
96 85 61
73 2 96
52 49 17
10 28 29
61 44 93
50 20 51
12 24 92
21 36 35
74 31 51
77 33 46
18 37 49
5 20 42
8 35 9
47 54 71
80 24 9
84 82 11
16 37 85
4 25 4
67 12 93
62 9 46
98 65 38
29 64 16
73 46 93
62 13 98
64 34 57
13 28 35
24 19 28
83 56 9
31 18 36
37 53 81
44 22 41
1 63 36
21 57 95
15 10 69
10 17 85
54 12 73
27 85 17
75 56 23
64 12 92
51 7 60
24 19 9
38 63 23
67 34 1
5 27 19
50 91 11
24 48 32
50 78 35
21 6 73
42 81 63
32 1 94
45 78 74
34 33 38
91 65 25
74 18 7
63 79 12
46 14 90
90 35 53
7 83 47
91 100 19
2 28 88
6 41 61
43 86 93
8 7 62
95 55 88
52 69 42
1 6 84
27 93 44
40 92 84
14 81 48
32 78 23
35 25 85
66 31 77
97 19 88
21 5 14
41 6 23
17 32 100
10 37 55
5 25 74
97 10 82
91 19 89
55 38 100
8 22 37
46 53 92
6 88 56
95 66 60
14 30 1
4 29 73
7 20 3
23 25 6
76 38 70
38 37 78
78 77 75
38 32 88
97 9 41
23 49 55
45 50 34
59 66 48
86 4 18
38 64 49
76 37 85
56 35 32
40 18 62
92 4 100
42 28 9
59 96 82
31 36 43
39 28 92
88 84 27
82 42 21
44 66 37
12 22 16
69 85 56
73 31 97
82 63 12
31 28 63
49 19 7
30 63 6
37 9 53
4 13 34
15 9 38
35 96 11
28 38 47
10 29 61
78 100 12
83 29 41
42 18 41
80 57 90
34 89 56
77 24 27
20 14 99
27 13 30
57 54 40
100 39 43
29 21 51
31 50 20
78 99 69
67 27 73
32 87 14
56 55 27
31 39 27
23 98 42
39 89 44
90 85 59
21 76 19
49 52 21
33 6 74
62 96 34
13 13 52
98 90 75
80 81 35
48 33 43
69 36 23
55 90 30
30 19 74
33 10 71
31 83 79
41 4 100
88 35 6
67 68 16
2 64 66
94 91 11
9 88 55
23 2 10
68 67 3
58 35 92
18 26 35
100 23 81
9 100 61
36 40 3
96 8 63
79 48 19
1 71 57
74 25 56
39 81 9
58 60 88
86 70 74
4 19 53
65 14 13
89 35 8
49 10 91
5 22 65
80 2 54
80 48 17
85 97 13
41 54 1
93 71 5
74 49 47
73 12 32
31 49 6
18 78 46
49 49 64
90 4 8
26 46 47
84 46 70
25 78 56
38 3 99
99 35 28
18 45 67
30 97 54
96 23 74
30 91 98
26 81 18
73 64 23
63 88 44
37 90 98
56 89 78
54 32 56
81 26 37
41 32 47
65 47 73
40 39 19
8 94 31
95 43 53
88 96 77
71 94 96
37 78 73
93 36 63
11 11 75
98 32 17
99 27 29
30 93 16
79 24 7
26 59 47
18 85 92
37 38 22
21 42 15
75 28 19
44 3 11
14 73 32
2 43 46
98 55 19
68 3 90
91 8 86
83 11 52
60 15 30
94 53 84
97 75 14
55 12 39
58 63 65
48 16 93
69 48 81
31 87 52
5 18 73
9 87 69
98 17 85
88 90 5
49 23 56
33 41 72
43 49 76
30 65 6
81 32 39
28 48 79
74 5 67
72 51 42
82 55 26
56 45 71
6 93 79
100 66 41
75 51 54
74 15 5
14 12 79
53 16 89
52 33 46
26 53 16
90 65 73
38 93 23
79 87 69
42 32 38
92 78 60
90 52 82
87 88 23
23 81 33
100 25 26
35 47 62
12 31 50
99 41 28
62 14 98
25 8 76
70 24 29
36 5 3
42 25 44
66 19 84
15 5 11
100 19 53
93 46 29
48 80 15
16 81 27
91 89 23
46 46 37
73 29 89
69 28 74
67 31 98
69 12 74
51 53 63
50 93 23
61 82 95
75 29 36
80 89 85
67 63 35
92 87 75
46 100 41
61 40 51
31 18 76
11 36 49
36 83 18
2 4 72
86 44 60
52 29 74
86 6 23
8 23 24
16 95 11
38 18 76
57 39 41
84 43 70
2 31 95
23 62 48
88 65 63
65 32 27
47 89 37
62 100 12
1 43 70
25 32 16
41 36 81
40 33 39
83 65 92
73 54 67
93 6 81
22 55 16
76 72 17
34 3 21
7 78 60
20 96 94
2 17 55
41 30 87
72 71 45
41 36 73
10 27 66
71 16 73
40 65 85
86 54 67
4 17 37
7 80 11
2 86 7
55 36 16
37 87 13
79 9 92
54 11 2
43 48 83
83 44 53
1 56 89
79 92 63
50 20 51
77 68 25
56 44 19
19 93 79
64 14 5
63 59 22
23 76 23
36 23 6
82 51 10
26 8 25
74 72 7
3 59 66
97 92 44
52 100 66
76 37 89
17 80 98
11 65 33
7 28 8
70 5 34
19 9 44
35 59 48
80 46 76
4 79 28
76 12 22
96 50 57
65 75 21
56 10 57
11 74 60
96 92 56
41 20 11
42 92 66
49 5 91
47 20 45
88 34 71
14 60 39
41 66 48
28 48 19
18 33 27
39 41 89
61 94 50
72 93 12
94 79 73
21 34 95
27 19 26
75 56 41
19 76 9
82 100 66
2 87 20
77 84 25
56 52 3
74 8 16
81 98 67
82 1 51
66 35 53
17 36 60
67 45 54
29 17 4
77 13 91
95 74 72
40 49 28
4 14 91
52 43 64
4 54 14
49 83 17
27 14 30
43 18 83
39 89 27
32 21 40
53 29 76
33 98 1
34 1 97
56 61 88
13 88 43
50 88 66
40 94 95
92 59 68
82 27 39
37 10 52
89 15 40
92 23 70
68 32 59
15 79 68
100 29 35
78 55 76
38 80 3
13 52 45
94 70 48
17 88 47
40 25 60
7 92 46
54 69 90
45 41 66
44 85 68
2 76 8
95 95 42
57 48 18
51 49 63
37 4 86
46 74 59
14 8 48
80 25 39
18 59 12
55 96 20
5 65 12
78 36 49
8 71 2
32 26 63
55 20 13
54 21 11
24 99 95
39 12 61
84 40 50
47 90 97
63 5 20
64 37 7
100 78 28
73 30 45
67 32 17
34 98 75
83 30 15
61 74 76
25 16 53
40 44 100
54 7 68
74 17 43
8 39 12
49 55 12
51 98 91
87 88 23
23 69 80
33 75 31
7 17 25
90 79 74
37 3 99
12 84 16
6 15 58
49 5 50
86 33 44
72 96 51
56 24 26
86 15 99
71 6 28
20 7 37
7 58 13
90 35 93
5 35 44
17 71 69
91 58 71
39 80 99
22 61 4
6 54 34
44 59 65
98 88 9
62 98 45
60 27 23
23 32 62
72 6 27
96 99 80
98 16 53
8 25 48
50 42 20
54 4 49
26 18 53
3 4 74
23 29 93
90 18 89
64 7 64
72 43 65
16 60 81
11 44 100
91 37 36
60 61 6
50 77 30
9 3 51
18 70 60
86 66 37
2 6 64
85 51 13
8 37 59
80 100 62
3 31 50
98 17 83
6 16 60
50 40 99
27 89 25
32 71 58
12 26 38
6 66 89
57 78 64
8 58 52
84 37 7
100 64 83
42 5 67
4 94 51
75 93 43
94 35 18
61 28 49
41 70 8
42 37 8
24 19 18
35 63 74
53 8 16
89 14 96
62 92 53
54 68 29
29 98 34
100 21 51
83 41 66
7 79 46
28 27 62
31 7 44
85 53 59
68 49 53
3 51 87
35 78 7
81 2 5
85 88 8
64 35 16
15 77 97
36 83 78
14 4 28
93 98 57
72 66 60
75 55 25
25 83 74
35 54 31
46 39 81
51 29 6
48 41 83
24 68 64
25 61 18
72 61 56
10 66 39
52 29 83
73 87 80
52 33 12
80 65 41
37 64 59
39 25 29
9 53 74
2 15 45
65 58 11
66 84 53
92 72 78
88 78 29
92 77 13
50 20 71
51 91 50
85 86 61
18 70 12
22 78 76
80 59 66
53 77 3
65 29 46
89 72 9
94 37 89
58 36 78
79 85 59
38 8 38
96 56 35
73 68 44
69 53 25
66 53 29
73 37 47
79 64 47
76 90 58
38 25 28
67 40 54
99 46 44
42 55 100
31 45 69
1 24 39
40 76 28
93 35 6
21 4 6
95 75 91
56 81 33
11 37 56
20 86 63
3 86 59
51 78 100
1 72 68
31 21 99
40 9 22
16 55 85
33 12 48
50 100 70
100 22 81
68 49 8
46 69 99
64 97 30
66 29 17
58 63 35
55 45 97
97 20 42
49 55 8
57 9 19
88 8 38
86 79 74
81 81 84
53 62 73
90 93 29
48 75 51
66 82 95
76 24 55
68 53 56
71 94 34
7 26 88
54 16 29
13 20 94
53 64 66
90 73 62
13 99 69
99 64 37
47 5 30
70 78 66
66 65 35
49 29 25
89 33 55
48 26 61
41 31 51
73 33 37
22 15 71
72 18 6
6 63 49
46 34 71
87 66 8
9 36 7
27 47 76
59 33 35
32 85 44
8 92 53
79 10 87
2 53 44
41 37 66
42 93 68
5 61 55
60 92 17
50 28 16
4 12 24
62 49 64
81 98 20
62 18 8
13 7 74
80 51 97
88 92 41
76 62 23
42 95 82
56 49 37
79 98 57
90 24 76
89 71 91
39 62 49
71 21 52
2 14 13
97 89 24
28 26 55
2 68 72
95 35 4
26 24 86
52 46 64
88 83 26
95 53 81
30 86 76
97 2 90
31 22 76
55 65 43
79 86 62
49 73 65
59 7 88
81 70 49
27 61 88
23 85 28
20 10 95
7 98 58
17 26 68
60 40 69
10 96 5
7 11 80
34 22 27
80 65 7
93 54 90
14 70 17
42 70 22
24 23 62
59 49 29
20 84 39
3 13 15
15 48 79
89 42 14
3 90 5
28 4 65
72 27 35
77 61 66
94 79 9
100 10 51
77 83 22
66 58 10
7 84 56
2 81 29
82 64 78
97 6 55
84 76 86
1 9 8
61 24 86
52 87 90
16 77 3
53 52 82
59 49 35
55 64 17
3 96 57
46 89 92
3 49 47
30 79 89
38 65 46
55 56 12
39 29 64
29 59 78
10 85 29
81 46 93
5 95 80
67 92 85
38 61 7
12 64 41
85 84 29
70 98 50
42 39 85
27 43 35
99 27 33
54 5 52
43 23 12
75 85 100
33 91 1
54 21 99
70 61 49
47 63 89
11 79 28
81 90 40
66 64 81
17 10 58
64 46 47
61 20 98
74 74 81
96 27 17
61 55 86
96 36 22
55 38 66
97 22 16
74 85 32
20 87 99
19 77 98
31 86 55
43 89 23
21 6 8
89 53 23
33 88 16
39 83 65
83 10 96
62 10 13
2 84 33
33 49 72
39 59 64
13 72 60
16 66 61
16 43 32
65 48 92
3 8 60
87 35 83
15 84 4
71 74 48
98 76 46
92 80 15
41 55 7
100 90 40
80 79 41
21 85 68
92 91 40
25 66 27
19 44 22
26 68 85
23 32 18
82 47 6
14 49 68
54 66 86
37 41 64
66 42 96
57 68 43
60 43 28
94 89 26
92 90 40
54 45 50
66 81 28
53 22 84
75 74 32
69 15 42
67 53 36
10 21 3
88 63 37
10 82 51
85 19 64
36 17 43
98 35 65
67 85 92
40 33 83
41 89 92
20 43 27
77 30 13
44 69 42
97 29 66
67 13 75
93 32 53
2 84 85
4 55 65
61 93 18
39 98 71
37 21 20
35 58 97
63 29 27
7 28 41
64 60 47
84 20 75
64 66 16
25 36 18
59 44 100
7 85 16
8 4 27
56 83 35
94 59 12
42 22 35
39 74 49
55 79 74
18 47 24
37 66 29
11 61 17
80 38 92
93 41 79
45 29 6
22 63 7
51 11 2
97 57 58
12 55 33
8 77 42
59 34 71
84 83 29
11 92 72
62 92 46
95 100 29
41 66 4
9 31 91
86 60 26
75 56 35
19 70 47
17 38 93
94 27 33
58 59 68
21 8 44
34 36 79
16 2 13
94 69 98
83 7 16
69 91 71
54 12 41
44 99 13
83 90 96
87 38 64
49 13 20
3 60 43
68 92 55
10 22 88
45 6 74
87 71 91
99 29 73
71 37 62
54 26 7
4 4 73
97 32 24
40 87 54
72 42 15
42 90 31
66 77 71
71 25 81
75 74 17
37 69 10
95 26 32
69 11 51
86 49 73
69 66 88
62 64 19
24 20 2
60 14 21
64 28 35
96 53 62
77 88 68
29 66 81
38 75 50
58 60 8
28 60 84
57 60 76
11 48 79
69 69 82
41 75 98
21 1 91
66 35 65
21 77 5
74 15 11
27 91 14
80 74 12
11 25 27
15 89 100
35 100 84
80 28 19
98 74 17
98 93 17
24 27 74
97 14 71
49 89 43
10 88 46
96 76 44
48 66 18
37 84 46
1 86 68
12 37 44
80 65 9
89 81 78
3 99 58
23 52 21
70 44 83
50 10 91
42 69 71
71 41 7
57 4 22
100 61 44
69 13 34
94 52 67
17 55 24
19 26 23
49 48 44
50 5 90
10 43 38
3 47 39
43 48 27
71 76 39
5 16 47
62 43 72
39 8 73
37 53 18
63 90 3
93 4 36
76 79 70
94 84 28
34 98 99
5 18 84
11 85 25
4 44 85
54 56 86
100 19 6
57 85 84
42 3 91
16 15 2
26 19 65
23 93 16
54 68 8
34 1 30
32 80 20
100 16 36
11 97 90
22 2 40
63 73 35
2 61 6
91 100 60
17 91 31
67 41 62
32 48 72
10 65 7
15 5 96
40 63 74
1 57 20
85 93 61
20 16 49
78 63 24
32 92 29
49 23 92
27 36 28
5 83 41
84 95 90
33 91 69
50 38 16
44 63 84
61 42 99
11 8 76
11 30 99
48 33 63
1 93 24
66 40 15
26 9 83
70 98 21
81 89 43
60 92 29
80 33 8
93 75 51
62 3 71
65 72 60
60 12 100
44 6 85
53 80 42
52 69 21
27 7 66
24 12 81
84 62 28
46 77 69
2 2 10
72 75 13
10 75 30
81 100 68
14 56 53
17 52 94
46 50 10
32 62 56
93 75 82
14 8 64
63 83 26
77 88 47
53 92 26
82 44 83
14 59 61
34 2 20
31 89 7
74 99 1
91 55 83
76 14 31
34 94 80
38 57 58
83 23 59
58 58 11
38 13 21
74 23 6
39 34 96
88 33 16
36 48 44
88 4 86
46 18 8
5 92 73
41 36 26
8 26 9
24 37 32
90 100 56
64 98 95
38 64 73
4 54 2
42 18 12
17 85 72
39 39 61
94 73 66
31 69 87
99 19 37
30 11 14
4 66 16
85 60 55
26 85 26
6 20 80
54 80 1
28 12 72
54 49 86
51 69 34
59 74 12
19 12 36
93 39 85
45 83 6
45 31 57
89 57 20
22 98 20
66 82 10
73 97 67
81 59 12
44 67 54
49 42 13
11 74 59
91 26 93
3 70 29
78 75 98
94 57 34
83 50 31
19 29 92
45 88 47
38 81 72
64 17 61
26 53 55
34 19 64
63 78 4
52 70 100
1 71 5
32 79 44
6 69 80
18 4 56
7 8 46
59 45 91
94 78 47
54 9 88
70 97 5
18 23 93
39 4 73
30 79 47
79 81 41
47 9 62
39 87 15
84 19 46
11 28 46
71 51 99
83 70 33
90 45 94
7 74 100
54 18 19
66 62 60
94 22 38
28 41 38
87 69 94
93 95 54
14 65 78
16 10 52
48 9 74
66 51 67
18 54 99
4 49 85
26 34 71
72 42 14
12 84 41
19 49 100
54 48 26
72 4 86
60 69 51
49 80 67
82 83 62
74 100 24
10 93 64
7 24 55
65 52 69
6 74 4
60 82 10
27 88 43
54 13 31
97 38 4
53 30 20
41 10 52
75 63 78
100 34 50
57 56 62
69 32 19
6 27 38
24 7 35
35 99 21
87 49 23
43 31 67
54 8 92
84 62 7
52 49 92
67 33 64
27 54 15
27 8 37
28 77 42
51 26 19
59 26 46
88 16 86
19 75 13
48 6 63
77 29 24
46 49 19
47 12 63
54 33 27
94 76 46
78 7 68
67 100 37
85 66 23
90 56 33
16 18 73
85 25 70
1 56 27
12 76 24
48 36 88
85 47 56
10 27 53
78 85 83
5 23 49
75 25 16
50 25 55
51 55 83
27 75 52
7 8 76
91 39 93
16 49 41
24 29 25
69 46 7
89 68 47
93 75 1
39 53 39
92 23 27
92 24 92
77 97 67
54 60 79
40 92 6
20 18 63
86 72 59
5 22 9
83 69 94
18 46 22
44 70 72
6 69 45
55 59 19
65 55 83
75 89 49
52 35 63
57 100 55
50 45 99
58 47 88
77 96 57
34 99 87
55 3 5
24 10 97
46 37 53
59 42 94
40 95 30
1 7 8
24 19 18
93 13 77
97 65 100
14 33 100
33 80 1
23 73 84
8 20 1
12 13 45
30 84 26
70 65 60
74 79 33
12 63 56
85 16 18
29 100 38
95 67 20
26 11 90
48 6 83
85 35 39
79 18 65
78 69 40
64 65 36
58 45 40
58 84 16
91 15 52
99 37 63
75 65 41
1 46 72
6 65 86
28 8 93
80 68 23
31 92 22
25 26 66
89 8 53
36 53 92
29 37 6
59 17 70
68 33 64
48 6 8
100 68 28
36 50 3
44 79 84
17 4 92
63 19 55
51 20 75
58 93 76
17 27 17
20 48 38
97 70 68
21 19 92
4 66 6
60 35 29
67 4 68
73 83 37
27 32 59
12 22 23
81 70 22
74 37 23
63 4 27
97 16 35
28 60 86
3 16 22
63 49 36
30 46 44
71 36 62
39 4 46
53 18 78
98 64 62
52 85 62
11 92 64
30 80 3
63 72 43
51 53 63
76 23 44
31 89 38
59 62 100
63 17 49
33 75 96
58 87 54
37 26 12
29 81 6
82 58 13
8 76 43
72 67 51
58 58 42
66 1 82
49 16 33
20 45 50
40 51 1
36 63 92
48 18 55
76 93 8
32 35 43
44 17 61
67 71 82
81 4 60
33 67 31
61 86 43
52 88 66
99 33 36
94 63 65
21 66 53
76 6 89
51 87 10
28 89 70
21 51 77
89 63 32
63 50 54
6 85 35
18 100 62
5 8 7
72 92 39
42 50 11
34 49 83
46 61 23
99 100 8
43 89 29
18 47 64
61 33 92
73 20 82
44 64 24
93 42 54
81 23 65
9 44 22
78 51 21
13 24 86
65 29 100
84 60 81
89 15 91
60 48 55
81 28 32
62 8 68
37 94 96
36 35 44
44 9 85
90 38 60
4 37 43
51 29 79
44 64 29
3 89 9
1 89 81
13 13 51
80 2 69
2 62 35
9 13 54
4 34 11
35 7 66
55 77 34
59 9 17
76 1 87
38 17 22
67 5 13
10 48 86
89 32 23
42 21 77
15 24 49
95 65 89
54 39 83
2 59 88
88 42 30
8 66 83
80 16 29
37 5 54
14 39 44
11 18 38
12 20 51
20 16 22
22 12 76
30 73 49
53 55 8
14 50 2
19 43 19
94 55 29
97 100 16
10 91 95
12 93 46
33 91 20
81 33 55
3 46 33
10 45 1
99 43 7
83 36 74
31 91 82
69 23 27
64 53 17
89 89 18
68 21 11
38 85 4
78 78 72
45 90 94
89 44 68
28 1 10
56 30 58
73 46 27
76 6 89
25 86 6
60 55 93
41 11 3
6 96 77
95 62 55
18 55 79
78 24 36
73 78 56
46 33 32
43 28 86
98 66 73
75 95 1
32 39 70
24 6 74
44 26 22
32 97 77
96 7 53
59 75 82
64 70 19
94 65 74
1 59 93
88 95 15
25 33 78
26 2 13
12 84 79
42 76 49
63 74 38
63 2 57
18 39 88
94 4 55
44 70 74
73 32 65
67 76 35
19 95 77
92 11 3
23 33 46
6 10 77
21 17 92
91 94 99
53 78 63
2 23 64
68 49 59
69 98 15
86 45 31
23 10 97
39 69 67
64 31 94
63 72 92
75 75 69
18 47 63
29 29 79
89 44 28
77 90 10
58 87 80
8 17 19
71 28 70
53 46 66
25 92 53
98 51 77
17 55 41
82 12 38
62 14 54
94 35 23
94 95 21
14 7 49
50 17 8
14 1 51
88 8 18
20 9 25
76 25 56
17 27 100
8 89 56
16 82 98
12 39 64
100 60 28
55 35 12
85 91 42
10 66 32
76 50 90
47 3 75
45 19 36
23 22 26
54 28 49
53 7 53
50 21 31
34 46 83
11 81 66
14 60 7
3 31 40
21 39 85
17 82 96
47 43 61
84 68 63
17 19 17
47 9 24
12 40 50
83 64 16
61 47 83
74 97 2
75 7 23
61 36 64
83 71 34
42 56 29
100 46 70
7 47 60
92 86 78
81 70 63
17 85 62
80 81 47
78 64 68
9 32 47
65 37 89
58 100 7
30 35 23
97 53 29
3 38 92
95 5 98
52 81 83
55 82 58
64 34 91
8 9 26
50 32 61
96 83 35
54 39 73
80 85 4
10 85 88
18 36 60
19 4 66
80 67 97
1 45 42
59 76 17
6 51 97
88 97 52
12 87 69
31 52 34
35 45 95
55 83 76
7 34 67
88 45 51
6 6 17
75 57 87
82 51 95
67 10 94
39 54 13
74 43 25
89 24 32
85 23 86
41 20 87
85 25 65
78 83 49
80 100 84
72 100 19
78 63 85
44 18 23
54 51 99
9 76 59
63 98 40
70 83 49
8 55 38
90 47 29
95 93 60
84 20 11
1 92 64
21 39 25
57 99 1
100 17 46
95 100 79
96 65 22
31 65 78
32 37 29
95 61 22
6 15 40
2 57 31
15 36 70
43 53 4
11 64 43
36 7 73
56 64 33
12 68 26
4 90 94
1 95 15
25 43 62
19 88 55
19 35 83
21 68 16
25 67 80
24 7 47
56 10 1
68 58 96
11 83 48
64 23 46
19 93 12
37 93 24
17 75 87
9 72 59
89 79 86
90 58 34
33 21 90
11 15 99
100 73 41
27 7 70
37 82 34
90 71 94
25 83 44
43 1 15
22 50 58
89 3 97
56 92 84
56 84 64
62 59 84
55 14 97
83 35 56
69 79 9
5 30 82
25 60 79
29 19 23
72 58 96
92 79 8
56 23 89
5 10 14
51 17 47
58 76 48
96 94 34
49 84 32
43 5 75
56 55 4
25 32 24
26 9 7
78 17 24
5 99 10
60 90 69
75 28 12
7 73 48
96 97 11
51 78 32
20 66 60
91 4 93
62 33 44
54 28 23
23 99 3
29 72 73
92 2 11
10 87 69
87 88 53
79 4 24
95 49 62
55 38 28
72 19 36
100 33 79
57 94 34
84 6 38
28 83 27
18 77 69
37 20 87
99 80 91
74 25 6
22 79 36
90 86 19
96 11 14
30 36 48
9 1 77
27 90 94
42 89 93
68 36 61
31 53 62
46 83 33
6 38 62
81 77 98
85 72 81
98 17 16
58 16 48
37 13 96
73 25 7
96 100 53
92 47 79
40 35 89
6 29 49
73 97 90
8 56 19
10 5 58
85 49 22
45 66 83
17 9 92
26 32 86
88 53 59
93 44 88
62 51 57
19 7 38
50 23 39
97 4 17
28 53 92
41 28 12
18 6 33
6 91 90
3 81 56
86 95 42
90 66 68
18 93 36
96 72 62
84 54 3
36 94 3
34 36 55
25 33 41
72 64 73
39 60 64
48 49 76
6 25 53
31 12 64
66 73 65
76 58 80
27 41 26
14 35 53
100 50 69
48 72 48
49 57 87
25 19 46
58 26 72
96 88 46
87 46 17
39 51 5
39 45 51
6 41 22
15 4 49
68 78 86
41 4 22
100 30 67
43 29 61
61 91 1
38 24 64
37 46 76
4 28 33
76 53 65
13 44 39
90 43 100
13 59 60
69 21 14
5 41 53
10 80 67
73 83 16
96 90 75
56 89 27
74 63 79
34 61 16
37 70 43
89 55 17
86 35 36
25 7 16
32 11 54
91 81 93
16 79 22
4 52 5
24 23 86
30 29 4
35 75 13
49 40 5
99 19 35
48 88 39
49 58 15
92 12 88
88 98 50
71 72 81
96 59 66
19 83 100
50 96 51
33 62 100
36 68 18
77 97 96
68 28 65
45 18 66
43 4 25
93 66 44
70 29 92
18 55 28
78 43 49
79 78 7
16 44 89
84 12 29
36 69 96
61 79 6
83 23 43
10 48 60
13 54 51
31 63 49
88 68 59
92 63 55
2 48 60
90 6 60
42 85 17
70 30 14
57 25 12
36 33 88
70 85 78
37 48 61
94 64 12
17 27 28
38 21 57
28 62 35
33 49 85
9 28 29
84 26 78
4 100 9
57 28 85
83 48 4
72 29 73
90 5 13
56 65 74
28 58 57
74 6 72
63 49 81
76 71 31
66 66 46
68 78 60
28 96 71
44 86 26
50 76 19
2 22 76
34 55 72
31 77 31
19 66 33
51 46 89
62 76 78
9 86 24
84 92 7
52 25 24
61 55 24
91 78 56
11 61 56
84 39 33
2 73 61
72 94 11
43 90 5
77 88 48
99 2 94
93 93 17
88 33 86
86 23 84
91 16 72
54 52 5
52 56 72
64 92 28
90 29 81
60 85 18
30 43 22
93 84 43
66 74 83
26 61 28
54 37 33
46 28 55
40 28 60
54 7 65
92 32 55
80 22 23
37 79 4
60 39 83
43 67 21
92 14 2
3 46 7
35 65 85
65 12 48
19 63 72
75 56 32
82 88 6
44 18 63
46 48 64
55 43 88
80 59 86
32 21 87
29 91 69
3 92 27
50 8 83
73 27 17
97 5 94
71 98 52
61 83 74
36 6 48
93 37 27
55 85 12
30 74 23
58 18 65
74 61 88
26 71 54
62 64 55
30 73 88
36 49 74
78 43 85
96 18 64
1 47 36
31 91 13
77 20 10
80 72 84
62 77 2
47 25 47
48 47 7
52 64 7
20 91 96
14 86 92
92 86 60
70 44 61
67 32 17
60 93 73
71 61 7
5 62 55
64 16 46
41 61 24
1 82 10
37 83 35
65 61 17
20 84 6
52 21 34
77 56 60
72 4 44
26 25 33
57 18 27
18 94 31
43 99 11
75 70 26
95 5 1
97 21 52
92 68 16
48 82 94
58 24 92
2 15 45
22 64 55
36 16 35
35 19 23
94 8 76
5 33 6
61 38 60
80 35 60
83 90 94
99 78 32
65 88 92
88 39 59
71 53 23
15 52 99
80 97 75
85 23 60
17 44 64
100 3 96
41 45 75
5 19 66
98 35 84
53 23 63
84 44 43
29 6 18
58 4 49
72 98 13
55 81 70
88 16 6
50 56 37
7 18 29
63 93 38
28 6 16
42 82 30
29 86 29
89 81 16
17 92 46
61 36 25
37 43 70
10 100 85
9 15 3
48 73 29
65 84 59
11 60 49
7 89 26
96 35 56
88 56 37
48 55 86
71 100 64
43 86 81
28 57 1
71 26 48
61 28 37
56 54 97
80 18 29
36 66 18
25 86 84
10 57 11
73 63 18
14 49 38
44 63 66
93 29 55
72 64 92
1 93 18
74 82 34
100 14 30
31 56 70
55 33 38
65 21 5
71 31 1
8 22 29
99 96 69
71 83 8
22 59 56
22 83 89
35 71 20
75 100 39
12 61 24
9 9 18
66 4 44
81 29 55
61 16 43
38 58 45
23 43 37
9 36 33
3 71 67
31 78 38
8 96 20
48 83 24
61 33 55
83 86 7
67 51 97
72 82 13
76 29 93
34 7 18
72 17 64
49 15 50
41 28 85
41 75 82
2 71 77
5 68 41
46 48 81
81 59 70
89 70 74
51 83 62
28 92 79
85 53 62
73 91 95
78 6 46
29 71 54
72 46 35
22 96 87
31 54 5
57 8 22
77 16 25
64 32 61
54 69 15
64 9 4
51 63 68
73 38 26
19 4 7
27 55 72
57 92 19
61 65 39
39 16 70
52 93 53
85 79 55
30 85 65
63 35 85
65 36 59
14 7 25
56 25 4
35 3 82
14 53 12
78 72 49
40 25 72
29 37 73
72 6 37
87 88 84
39 33 27
22 4 49
60 14 54
15 99 13
50 29 76
9 33 41
10 18 78
63 59 46
29 30 2
43 39 35
90 73 49
41 50 10
95 12 55
6 57 21
60 8 44
58 78 7
81 76 65
38 47 19
58 36 61
63 38 56
39 57 40
73 22 27
43 68 46
93 67 50
69 80 20
32 19 76
99 50 71
93 31 5
6 29 70
21 92 85
1 69 91
30 33 84
59 100 46
57 22 41
64 49 24
96 73 55
3 10 57
59 52 95
94 53 78
3 70 33
52 52 82
95 71 14
63 24 47
42 90 11
31 38 44
38 29 92
21 19 78
37 62 64
15 78 53
91 34 21
29 16 29
24 26 4
57 4 60
52 70 8
5 24 60
51 63 41
40 72 16
68 49 37
46 10 31
7 92 18
85 63 17
45 22 74
62 73 28
39 7 72
99 5 10
88 68 32
72 79 47
75 38 29
18 93 84
81 38 63
23 30 21
3 7 59
75 93 79
13 91 20
86 78 89
100 39 41
68 80 95
81 16 85
84 4 89
15 71 82
90 38 74
7 81 92
53 71 82
64 17 59
77 43 23
50 53 7
47 86 73
6 10 15
83 94 2
3 56 60
9 66 79
31 26 32
54 79 44
80 90 42
80 57 13
69 19 8
50 27 92
13 85 28
83 84 63
11 32 6
14 100 89
8 33 19
89 80 40
63 35 84
24 42 91
99 93 100
86 66 37
88 86 32
81 16 70
95 45 57
41 62 22
11 94 20
81 23 93
64 43 65
32 91 21
82 85 46
40 30 5
19 100 7
34 86 88
65 16 12
77 55 26
88 65 73
22 61 59
78 96 40
16 79 64
18 18 83
19 16 25
78 81 86
76 53 79
13 84 23
42 64 55
78 14 11
37 98 95
62 59 64
61 67 87
64 73 65
79 71 69
84 17 26
31 86 9
68 92 60
27 95 11
36 71 2
12 26 6
78 16 66
52 17 62
23 74 9
72 4 16
24 16 61
47 91 15
70 11 20
30 63 28
2 20 51
9 64 8
22 63 68
59 41 27
44 9 70
25 71 30
87 42 57
18 16 24
22 62 39
28 32 16
32 42 95
48 64 29
63 97 90
14 66 76
6 5 11
40 8 61
60 36 70
13 37 22
94 40 45
52 86 56
26 85 92
67 86 46
47 63 47
56 1 21
2 88 4
38 93 76
45 81 84
99 24 76
15 82 21
63 26 8
71 16 33
18 64 65
41 99 1
7 29 35
66 21 52
42 29 48
54 56 4
37 69 87
87 66 61
6 41 26
92 89 59
15 29 17
85 90 5
45 4 53
8 10 30
61 11 99
74 39 56
16 8 60
5 38 55
44 92 26
4 100 37
89 55 86
85 52 96
80 30 99
8 15 95
71 100 9
76 1 54
33 99 58
12 48 79
64 15 87
98 5 98
39 7 44
11 72 18
69 72 65
60 35 53
34 55 78
72 34 45
93 4 35
13 66 7
5 35 28
84 88 19
94 71 69
91 33 23
13 28 68
16 87 75
83 27 12
68 62 18
99 8 60
98 28 24
28 86 61
34 36 56
78 54 2
64 72 12
89 99 21
14 6 100
80 47 37
30 85 92
26 72 44
14 22 23
11 32 78
44 48 28
83 46 16
53 60 53
15 12 68
61 56 41
4 86 85
47 81 18
14 27 48
9 3 69
55 97 45
99 62 79
53 86 47
91 26 41
98 16 38
92 73 85
25 8 19
90 99 3
11 83 86
99 88 48
86 79 25
20 35 33
6 79 92
48 13 21
45 63 85
59 52 50
16 33 7
77 40 94
22 1 3
26 9 16
87 53 25
91 55 59
56 4 17
23 2 97
86 50 87
11 83 38
70 75 10
43 20 91
97 93 44
55 74 60
42 47 89
43 60 74
84 77 21
23 4 48
21 1 21
48 65 78
41 58 21
26 48 83
52 40 3
35 56 6
31 16 24
63 14 2
29 7 9
76 33 24
24 83 53
88 25 60
41 91 77
71 71 77
41 88 81
24 54 34
62 27 79
10 72 46
47 88 35
75 55 24
90 19 48
76 86 8
16 9 37
60 29 12
25 36 38
53 65 37
96 73 48
60 42 21
98 78 18
86 87 3
94 19 63
86 38 48
83 36 23
5 6 86
44 60 9
96 18 83
79 58 87
7 75 10
61 16 39
96 14 52
20 91 45
26 34 30
41 24 93
80 90 52
1 62 85
66 10 87
96 74 38
33 27 22
20 44 53
17 89 100
16 40 10
48 55 56
26 69 67
56 3 58
35 85 8
39 47 68
5 39 64
64 45 2
24 92 39
27 26 17
45 13 20
78 69 3
23 82 97
25 93 32
2 39 65
47 88 9
51 82 96
61 97 69
55 67 45
77 15 77
46 92 19
46 87 14
22 68 9
24 3 34
47 53 44
36 78 70
95 20 77
28 32 55
35 47 100
17 46 62
71 49 7
35 16 8
43 78 22
11 54 1
40 42 14
89 11 99
47 28 85
36 22 74
37 29 4
8 46 9
42 48 83
23 74 27
70 100 61
60 29 22
76 93 73
63 58 57
53 31 97
10 17 27
84 62 43
39 81 66
28 93 89
69 92 43
69 63 23
71 12 22
24 63 59
97 56 92
10 24 100
86 6 66
85 70 74
60 1 3
26 27 79
64 11 40
30 91 82
59 38 29
72 90 2
85 70 63
60 72 24
96 10 11
33 8 48
73 79 18
96 55 35
93 73 44
1 47 12
71 42 51
42 42 99
4 49 9
48 21 50
55 68 28
76 83 64
56 62 33
59 28 89
89 51 20
32 10 2
1 43 17
40 100 68
57 93 56
22 58 99
32 60 29
11 71 99
48 50 51
5 49 89
78 55 29
92 7 74
69 48 28
46 84 36
62 32 81
47 52 77
78 57 51
79 64 49
95 63 48
100 81 12
7 34 99
98 6 74
38 39 76
63 75 14
65 76 18
21 36 6
47 63 23
14 53 38
17 29 72
87 43 70
65 24 68
21 23 61
64 35 73
41 29 81
1 22 78
16 88 70
7 43 27
87 16 17
92 97 57
50 11 51
33 76 73
67 65 76
80 53 64
70 39 86
40 38 68
52 61 81
47 81 32
51 52 50
21 12 61
39 92 81
16 99 87
80 1 30
34 2 10
53 96 51
68 32 74
19 59 63
79 89 43
23 99 95
60 2 54
61 97 34
25 40 20
41 38 56
21 24 74
89 86 65
22 28 76
30 28 9
27 20 98
37 25 47
17 58 21
42 34 20
51 80 52
1 94 13
88 40 82
28 18 49
40 70 84
61 25 46
58 65 43
40 82 54
83 70 43
8 1 34
57 34 3
83 41 72
68 67 15
33 28 85
1 43 56
15 90 15
12 81 66
41 84 73
22 74 4
50 18 78
75 26 76
12 96 95
77 25 81
15 21 3
10 89 62
48 8 32
83 72 93
27 95 10
24 100 66
13 50 10
28 22 84
58 31 14
96 64 25
65 41 16
73 21 50
89 87 99
76 68 86
72 32 83
73 7 36
99 29 70
24 17 92
45 4 28
39 7 17
71 91 5
55 100 63
86 82 80
64 37 12
2 76 64
33 90 95
41 62 12
81 4 79
82 69 21
64 86 49
80 36 18
26 96 69
83 87 80
70 74 4
66 54 5
9 55 27
29 4 41
89 39 26
28 62 55
18 65 100
23 87 58
16 77 52
75 99 14
2 71 14
87 56 38
56 45 96
46 88 44
40 49 53
19 27 26
67 39 76
72 68 66
79 78 100
3 73 29
60 17 7
20 4 38
47 33 70
94 66 55
2 54 40
55 93 55
86 45 10
10 91 34
86 39 4
66 89 65
30 58 94
62 75 91
25 50 45
48 3 71
88 67 3
50 61 24
35 46 53
56 29 74
10 84 73
70 52 99
53 4 64
20 76 79
2 20 80
95 32 25
86 6 17
63 88 43
49 65 6
11 59 46
42 42 97
54 68 78
66 99 69
64 65 33
91 26 85
20 20 1
29 19 39
25 19 7
99 68 78
61 36 49
46 74 86
6 38 43
97 41 81
21 84 85
88 58 1
19 100 33
22 79 85
98 46 55
92 81 7
25 23 65
76 55 17
74 72 46
84 81 47
74 30 34
73 26 27
57 95 77
42 3 96
98 72 44
83 54 40
49 45 58
72 27 79
68 93 18
84 85 48
54 24 12
3 4 66
40 40 3
37 79 56
36 19 23
29 49 43
88 14 75
40 37 81
32 6 55
83 79 78
96 58 2
83 7 17
95 11 14
4 82 96
63 22 46
94 42 67
37 19 60
23 55 24
7 72 38
47 11 90
29 36 84
44 10 45
47 36 48
60 12 79
14 91 75
43 80 42
27 43 22
15 70 7
27 74 76
56 60 100
29 85 61
56 56 73
17 42 98
67 50 77
51 8 61
14 37 25
97 35 74
51 74 64
79 98 2
23 44 19
66 15 1
46 75 13
45 55 63
25 88 63
1 39 81
39 46 65
58 85 49
24 51 97
88 3 30
5 64 60
72 45 75
64 7 73
15 54 15
96 30 57
65 97 21
36 44 7
64 76 18
59 20 95
44 22 92
19 26 39
54 1 80
3 7 43
82 49 47
3 6 38
9 45 82
20 43 7
41 12 46
68 78 35
19 55 66
9 29 78
61 72 29
75 91 75
24 90 57
41 44 32
1 79 39
95 48 79
5 16 100
44 34 87
48 93 39
34 74 70
88 19 7
9 36 4
61 95 96
90 43 92
19 59 72
71 54 11
88 27 25
51 39 65
44 48 70
55 13 96
31 16 72
85 28 36
98 39 46
18 60 49
90 91 71
16 64 29
94 66 86
66 46 38
34 60 84
72 60 66
94 28 56
72 52 80
66 87 99
95 35 39
24 38 70
56 70 74
50 92 27
22 17 39
70 27 22
57 73 28
13 70 48
7 46 43
66 66 93
53 28 41
10 28 38
84 31 67
77 39 55
31 84 6
29 96 54
80 77 40
10 51 58
13 48 35
30 16 36
37 45 96
65 43 28
24 66 79
42 46 49
73 27 74
62 37 93
22 86 33
88 8 26
13 49 85
64 74 93
54 45 10
51 7 36
17 55 9
83 54 69
77 92 19
87 45 91
38 38 63
22 44 86
55 45 20
90 77 98
24 62 41
54 46 48
8 21 20
29 12 25
21 81 61
53 91 95
74 30 52
25 27 65
97 35 73
76 83 88
79 19 66
62 48 32
16 39 68
82 93 47
16 72 32
40 82 90
60 24 28
31 21 97
69 21 80
21 8 66
69 89 6
22 56 36
34 85 59
61 22 83
20 78 60
79 51 91
87 73 100
7 42 15
76 86 28
69 92 72
91 88 86
10 79 66
64 30 50
31 85 55
75 42 87
18 32 89
88 6 64
75 60 24
40 33 60
4 18 73
11 75 51
31 27 22
71 100 70
42 81 93
67 27 7
84 58 13
61 74 24
80 29 70
95 36 9
21 54 91
18 94 98
91 29 63
18 43 6
38 94 5
19 59 83
58 29 6
16 93 6
10 50 75
30 55 56
22 48 33
22 31 69
11 15 11
41 72 73
63 73 68
85 34 5
41 74 8
67 5 2
61 34 5
26 87 98
47 17 33
33 35 84
88 70 8
35 23 18
89 68 93
43 34 2
61 7 16
90 37 72
11 57 71
38 48 7
91 97 21
7 19 60
80 38 37
36 53 93
73 30 15
99 84 56
38 30 14
77 36 7
69 53 24
61 38 23
66 86 35
62 98 97
81 57 67
6 100 49
13 27 25
26 67 51
52 44 65
38 73 64
36 89 16
3 50 71
17 30 97
62 72 62
12 10 50
98 78 88
59 32 47
57 89 17
67 62 65
94 56 73
15 71 94
34 16 65
33 82 69
1 9 18
73 39 78
21 73 12
66 20 77
26 33 12
69 60 68
52 93 22
2 72 33
6 22 56
33 44 85
8 37 88
61 30 15
11 76 55
59 64 24
93 15 77
43 97 67
20 6 61
92 10 14
35 97 52
26 70 41
44 100 25
36 68 78
46 41 32
67 4 88
69 25 63
44 32 25
2 55 64
41 28 81
57 60 37
31 8 39
44 54 99
65 18 66
52 7 28
44 46 6
77 87 96
21 35 29
40 92 28
61 71 67
29 82 50
56 63 66
16 46 36
58 36 32
78 71 10
27 69 15
59 51 87
94 35 53
24 21 94
39 61 47
62 72 37
2 57 21
53 60 64
57 4 60
14 95 13
12 88 32
1 69 99
30 29 79
22 92 35
72 38 29
46 44 26
6 37 17
21 93 37
60 9 46
1 22 29
32 5 50
87 57 54
97 83 38
26 35 56
4 32 68
6 93 53
38 76 83
68 35 92
71 9 29
80 76 61
52 12 37
11 43 85
95 42 30
34 90 97
18 15 52
36 91 82
46 59 28
51 51 52
56 38 70
20 5 40
87 48 76
25 38 60
83 41 63
18 14 97
6 43 38
66 68 83
91 8 19
86 97 71
15 46 33
35 64 66
10 72 22
53 89 84
62 76 59
92 97 20
25 62 79
57 34 82
68 64 8
92 45 94
7 13 30
88 79 64
85 66 25
8 55 83
11 80 11
83 28 74
8 43 63
35 48 81
89 81 60
75 100 36
84 72 62
38 18 72
5 36 27
39 46 8
9 79 41
27 61 39
32 100 22
34 46 29
24 56 49
84 49 92
23 59 22
41 59 29
88 43 36
38 72 89
87 84 49
82 4 9
78 100 19
99 81 41
92 62 35
19 23 86
4 53 62
10 73 8
17 6 81
86 22 38
43 6 100
3 9 48
53 47 29
70 19 81
89 87 96
81 91 52
57 49 76
76 18 81
61 71 96
23 94 77
58 9 16
69 74 9
54 47 4
97 30 54
27 38 83
12 22 26
14 82 96
64 37 68
76 51 80
27 82 10
15 12 73
20 26 66
86 88 78
91 9 38
67 30 98
93 94 40
58 17 19
32 25 24
32 76 8
64 70 78
64 26 6
55 76 89
65 31 20
9 18 92
63 45 94
65 18 46
29 47 62
78 48 47
64 100 93
87 46 19
22 31 30
89 29 18
67 63 4
36 67 77
57 46 36
50 84 39
75 41 86
75 59 32
91 45 82
32 47 62
62 35 47
74 26 39
31 9 73
68 14 50
61 9 49
71 47 66
52 88 37
60 22 12
45 6 18
25 16 62
51 100 92
11 61 17
10 88 60
37 65 12
11 56 53
65 53 33
84 33 16
57 41 62
76 55 60
19 50 80
98 47 79
73 74 32
33 35 27
30 89 32
27 16 49
46 95 40
32 11 69
24 93 68
4 42 13
57 11 34
79 69 31
84 20 34
56 76 25
60 12 16
50 66 78
16 78 28
16 20 40
68 38 32
23 79 63
31 59 36
14 6 18
65 35 73
98 73 23
95 62 8
3 74 73
17 90 30
71 42 11
49 86 78
77 53 25
81 80 95
52 41 81
72 12 86
7 2 21
20 16 29
7 55 17
28 16 48
7 51 30
37 62 70
22 96 94
37 76 73
25 64 44
60 36 76
18 48 18
92 3 31
53 87 2
51 53 18
51 59 88
90 39 19
48 26 37
40 64 22
49 86 33
26 78 65
10 26 70
73 12 28
35 9 37
86 8 66
27 25 88
14 10 31
87 75 57
66 6 64
20 100 37
9 6 28
80 68 84
73 100 25
94 43 46
4 92 100
8 88 39
59 7 79
53 86 56
18 88 61
22 72 60
45 74 7
99 89 100
83 18 8
15 84 22
60 28 32
27 68 39
27 81 16
27 41 76
31 43 25
68 97 1
83 27 17
98 27 88
77 50 99
2 81 64
35 9 60
92 19 6
41 44 60
83 8 85
35 61 48
72 97 94
25 64 37
95 8 6
63 64 7
47 63 25
62 73 78
74 54 98
92 40 21
43 84 86
98 32 61
68 85 12
41 39 44
75 54 5
63 60 37
77 30 71
17 31 30
60 91 95
18 79 74
44 61 68
20 2 67
31 56 9
31 70 28
15 79 92
25 90 11
82 35 72
35 63 16
8 64 88
54 57 31
70 38 28
28 48 46
3 30 10
62 15 52
7 81 23
79 27 44
52 88 89
48 24 46
34 86 12
83 57 51
72 3 42
12 38 9
57 25 27
85 29 18
90 28 73
99 56 29
49 79 41
58 75 90
80 24 35
85 71 15
75 54 96
8 50 34
75 39 93
76 65 76
44 66 12
62 56 86
27 6 88
44 54 97
100 60 41
59 9 7
30 23 36
29 43 86
12 61 43
70 68 4
11 6 43
36 50 3
48 69 14
35 7 83
45 44 6
84 84 24
19 100 68
58 1 95
64 51 69
85 50 95
23 96 90
91 12 22
82 89 37
42 54 82
46 89 46
32 5 42
62 67 1
61 32 23
62 51 69
96 63 48
1 34 99
93 12 68
80 60 25
64 45 99
48 95 20
73 26 84
50 47 53
62 19 35
66 17 8
39 59 86
2 91 80
38 62 65
8 73 62
16 38 48
99 12 73
71 16 38
85 100 43
48 65 83
20 43 44
95 13 34
18 8 65
62 21 77
18 26 100
80 53 33
95 92 85
91 72 88
72 9 4
34 7 35
1 43 4
61 4 60
65 78 19
69 12 46
28 20 54
9 97 20
16 37 93
47 26 93
90 46 19
5 49 56
15 63 25
63 43 72
7 35 85
20 9 89
83 92 88
34 24 81
100 37 36
72 39 93
59 55 39
76 3 20
81 54 10
71 98 1
52 49 81
5 72 55
72 74 59
4 100 19
21 16 61
45 77 99
97 44 56
36 97 75
1 65 85
73 56 86
45 84 4
49 37 56
37 10 42
82 32 46
27 83 70
11 23 25
2 64 73
8 4 23
24 78 39
28 53 8
85 92 66
74 24 62
23 18 43
96 76 59
8 34 21
46 83 28
71 12 29
56 15 42
4 62 93
63 23 29
32 98 50
87 60 38
46 26 70
72 61 65
8 89 88
79 29 22
36 56 53
80 49 32
54 52 71
88 48 7
98 62 26
89 42 30
13 11 3
63 48 74
33 73 43
5 90 5
83 11 15
51 40 99
24 85 53
28 16 83
27 66 39
17 66 41
12 60 84
19 1 3
79 1 95
47 29 17
99 92 19
32 42 57
86 72 92
88 48 65
62 71 77
5 41 63
8 53 8
50 73 78
33 77 97
58 73 89
90 32 48
72 81 24
91 65 17
12 71 13
71 18 35
58 27 68
50 96 11
41 95 11
18 36 78
53 52 69
2 36 85
70 56 22
72 12 65
58 40 67
4 74 70
4 41 23
97 92 16
17 73 89
69 36 47
86 84 61
80 85 33
69 18 81
46 58 97
58 89 6
73 32 28
26 61 24
52 19 33
65 89 62
32 37 27
65 36 83
4 38 100
14 33 65
4 53 81
32 16 68
71 79 33
80 11 15
83 43 93
67 4 8
33 12 17
26 72 55
24 57 31
2 42 94
46 47 12
69 44 81
39 88 68
71 32 76
40 20 21
62 96 67
52 89 25
30 39 29
7 5 45
81 95 77
20 84 16
71 93 70
43 94 50
15 33 79
19 85 83
75 31 90
19 20 67
80 62 74
91 17 43
52 95 82
17 4 48
49 8 9
75 63 81
90 63 12
23 48 6
64 89 76
67 88 41
12 6 76
70 96 77
19 52 94
80 4 19
73 42 96
97 65 39
4 62 25
67 76 23
55 61 41
38 13 10
53 84 16
37 76 6
52 14 50
47 66 16
86 29 73
35 80 87
87 21 1
72 92 65
49 30 82
29 29 32
62 39 36
42 13 87
23 59 62
52 28 16
79 53 24
37 63 62
41 22 76
55 38 39
7 39 12
42 100 12
35 59 29
93 22 17
63 63 74
15 91 31
71 58 94
88 48 60
2 59 46
47 23 74
70 41 85
22 22 86
16 6 92
65 36 32
95 67 50
66 83 47
5 40 10
75 68 37
11 33 56
87 18 55
90 98 3
21 42 40
61 93 19
17 87 75
34 19 29
74 62 16
34 53 32
53 98 58
35 57 21
64 59 43
32 55 23
58 39 61
93 36 66
81 22 59
21 39 37
3 81 68
28 90 15
1 86 66
89 88 84
65 92 61
83 83 76
86 36 25
31 89 48
98 17 22
12 78 38
12 66 47
57 28 56
4 21 10
86 38 6
18 89 28
85 11 99
34 33 100
70 73 29
32 22 4
52 2 96
91 72 25
79 53 81
79 32 26
27 85 24
13 1 90
74 17 74
30 93 33
37 77 13
13 35 18
55 46 66
81 13 97
1 78 6
75 99 69
94 59 62
83 48 32
57 54 13
44 78 19
80 91 45
25 35 6
32 23 32
6 26 68
100 90 51
25 92 17
92 71 54
65 98 3
94 35 44
57 56 43
61 56 89
18 6 56
34 78 16
53 22 64
33 80 42
56 15 58
83 86 29
30 50 11
35 7 43
16 47 28
8 66 78
87 48 17
100 77 30
22 89 26
55 60 59
98 14 94
17 77 20
38 27 33
29 6 47
50 32 64
82 66 33
35 44 93
14 94 51
1 65 33
40 43 23
31 98 2
73 95 15
62 60 23
32 70 100
67 56 24
7 64 35
61 89 100
61 66 84
88 24 28
64 69 50
31 2 98
50 85 62
27 36 7
24 1 20
11 44 35
14 87 77
45 33 41
3 63 56
89 56 7
14 96 45
37 74 27
31 38 83
19 64 22
43 36 93
50 83 44
31 81 46
72 29 64
11 92 56
74 78 66
55 4 22
69 61 55
89 48 83
41 49 18
26 80 77
2 27 55
49 100 68
19 92 28
60 9 73
1 16 25
11 23 46
67 72 92
53 85 70
52 41 33
91 68 47
88 9 8
27 91 40
9 9 74
81 80 97
27 61 28
75 35 12
40 72 66
91 17 7
47 67 13
57 98 97
4 13 87
38 42 87
38 70 68
51 32 78
79 60 24
38 19 79
3 62 55
18 88 22
44 100 56
94 47 83
73 33 41
31 93 92
54 59 85
81 42 3
18 88 59
49 10 71
69 95 45
46 49 53
68 54 3
87 96 5
12 31 5
84 20 51
5 32 49
10 17 62
85 96 14
40 4 6
79 45 51
91 23 84
55 71 45
28 72 85
52 12 93
100 77 40
19 33 24
32 95 71
49 49 86
71 82 45
45 20 87
22 85 49
44 30 87
86 93 88
67 41 26
47 56 92
6 2 58
6 5 87
40 82 15
94 72 38
54 7 25
75 24 18
6 48 73
85 86 25
33 58 77
2 75 52
36 17 26
31 64 60
49 56 78
90 62 46
55 81 79
53 33 18
99 62 65
64 15 21
65 93 86
81 36 28
93 86 8
67 39 59
38 30 99
29 100 85
77 23 74
94 48 65
13 53 64
71 17 49
91 29 35
22 73 86
81 83 86
49 28 32
61 11 97
83 62 85
66 46 66
65 99 20
87 72 25
14 54 2
17 31 52
15 49 72
95 75 52
20 66 56
66 35 60
56 59 73
90 4 28
93 44 36
70 18 84
78 48 22
91 51 71
71 9 59
41 56 92
73 64 37
49 8 73
1 17 64
18 84 74
98 2 21
80 71 69
12 58 71
5 69 40
15 61 100
82 19 86
27 39 89
98 25 81
12 35 46
49 75 52
58 96 10
44 80 99
21 51 11
80 41 47
8 37 22
26 84 76
44 76 60
3 34 69
1 99 58
12 100 66
61 86 100
81 34 10
66 37 85
77 32 25
95 88 59
33 66 17
21 60 92
97 61 23
76 24 48
68 16 81
57 5 82
63 89 26
8 9 43
20 83 72
87 73 44
79 12 61
68 100 48
83 58 31
50 8 60
31 17 37
66 78 49
46 35 39
30 79 88
38 93 78
96 26 32
34 37 12
91 92 68
39 86 61
31 46 43
51 82 57
89 23 35
27 73 24
95 24 39
38 29 32
39 49 84
30 71 91
5 52 45
51 57 13
91 92 73
4 61 62
14 43 89
6 17 19
91 15 95
52 1 20
16 81 43
8 25 7
54 15 94
96 72 74
70 66 16
18 47 62
18 76 64
100 33 28
45 27 47
96 7 65
54 41 18
13 2 95
86 51 57
31 68 7
90 18 81
16 84 85
38 7 19
33 40 80
21 53 28
43 12 53
5 48 92
8 36 74
91 64 59
31 53 24
78 68 16
99 35 84
79 12 74
56 69 96
79 61 19
54 50 97
11 28 62
51 37 4
32 98 80
30 48 4
1 27 7
75 12 93
84 94 40
39 98 40
12 76 60
81 78 35
73 69 71
3 21 2
13 91 5
45 53 35
71 49 17
4 9 6
29 87 50
80 39 59
26 81 74
25 100 55
2 90 5
8 78 47
79 8 86
6 73 33
26 38 23
17 25 84
21 98 2
85 32 62
64 59 48
93 68 26
41 11 34
44 82 52
70 97 75
53 56 66
17 92 81
77 63 4
97 41 25
47 89 32
23 48 65
3 21 31
55 64 84
50 34 1
28 88 53
93 53 78
6 22 18
35 51 2
60 92 32
87 81 72
85 93 61
52 25 12
60 70 22
16 53 92
77 62 64
3 63 33
36 47 49
21 100 49
15 78 6
8 82 98
21 27 93
99 35 68
40 17 22
97 35 33
37 88 41
84 19 41
34 29 83
33 29 78
50 26 78
63 73 39
81 85 12
87 11 31
39 53 89
41 45 87
86 9 47
16 4 93
24 68 19
34 12 60
6 54 82
35 63 48
32 23 62
55 18 22
11 32 64
6 84 48
43 92 12
71 65 22
24 25 70
26 8 62
85 61 70
60 59 38
36 42 96
41 16 38
75 8 74
57 12 49
77 48 32
68 15 5
78 30 80
16 64 36
89 79 72
39 50 10
30 49 83
85 19 47
8 89 17
61 9 37
90 75 77
36 14 13
37 86 93
6 61 28
68 66 55
22 83 70
37 39 7
93 80 51
64 53 81
82 88 53
13 64 4
47 1 54
79 78 89
36 34 42
27 61 35
87 93 35
27 81 89
78 56 55
26 84 64
56 93 27
28 74 25
63 43 76
40 52 5
96 76 43
34 68 38
57 21 50
95 39 4
56 6 4
69 89 100
62 37 23
29 49 72
55 73 84
63 68 86
24 62 64
25 100 48
13 69 21
31 60 35
75 9 41
95 52 98
75 22 25
11 65 46
97 20 67
12 11 77
86 21 50
100 33 89
58 69 98
20 50 71
99 73 89
6 55 56
59 90 21
84 9 28
18 12 19
19 71 20
34 36 24
33 58 5
68 95 14
89 32 63
77 3 14
31 78 79
95 63 79
89 8 29
1 55 93
12 75 14
19 35 65
55 43 37
32 45 77
38 28 62
15 21 54
90 61 85
25 28 36
98 70 37
22 98 40
54 24 44
22 26 92
93 55 37
92 24 47
6 95 91
42 24 17
2 51 20
17 47 84
11 32 29
91 51 20
53 25 81
61 59 70
65 39 66
4 46 26
37 37 44
24 55 86
12 80 42
28 100 88
49 80 21
38 37 88
41 56 46
68 100 74
26 87 15
18 96 31
93 98 51
1 46 83
55 2 30
98 55 93
4 74 23
73 73 16
17 8 23
64 74 43
45 85 46
9 10 15
45 90 10
35 31 54
42 47 36
43 38 72
13 88 19
27 82 21
93 78 19
25 8 53
44 88 72
1 8 70
72 31 21
13 81 4
69 47 24
76 42 57
30 1 20
21 35 88
26 92 49
43 68 46
73 52 11
91 29 22
30 16 86
57 98 13
31 41 48
17 95 71
11 64 56
37 69 99
23 93 32
26 19 25
6 39 61
95 74 60
29 53 49
79 56 16
14 62 60
20 45 95
34 88 56
22 80 11
60 72 49
49 53 16
10 33 29
99 41 63
77 60 49
65 72 37
75 63 46
30 23 92
14 81 85
73 82 58
73 92 64
30 86 24
49 13 91
6 65 37
17 41 19
71 85 83
7 3 97
15 11 75
21 7 26
78 91 57
17 85 41
24 28 73
25 78 44
34 32 9
97 1 15
55 61 36
63 25 39
30 71 97
11 35 85
78 6 48
84 5 50
64 32 78
5 5 50
86 62 12
98 63 53
12 8 9
50 79 55
27 83 92
2 86 4
14 93 70
42 24 18
13 20 90
87 74 68
97 54 21
30 87 96
65 49 37
53 47 41
85 63 19
76 24 39
67 52 95
3 5 90
8 9 76
77 83 79
93 57 14
54 47 28
99 80 90
56 59 76
4 98 91
97 9 25
38 80 11
89 51 10
25 39 25
78 32 78
23 8 23
58 83 47
12 79 60
59 24 41
29 25 44
33 29 63
67 35 32
75 69 14
69 52 3
9 36 79
16 4 88
11 48 26
1 59 60
16 43 55
62 83 9
76 4 68
97 88 83
50 65 64
22 38 79
54 38 56
52 35 46
41 32 73
36 42 34
93 2 69
9 55 44
100 35 85
8 73 89
99 77 21
26 93 56
1 25 86
96 49 74
58 58 31
51 8 28
56 4 84
75 53 24
13 13 45
99 28 4
73 6 56
46 38 55
97 49 93
9 69 71
87 48 16
19 72 47
48 85 29
3 23 73
5 84 83
37 37 65
9 71 97
99 66 72
38 4 6
4 81 38
33 11 77
82 49 26
86 34 97
63 22 100
41 31 1
10 74 62
52 86 17
55 25 33
60 85 6
37 72 48
83 37 83
100 37 93
22 17 33
6 43 25
25 91 99
86 25 9
37 26 8
8 34 54
4 41 55
84 33 4
35 67 75
83 31 2
91 33 22
50 36 38
26 28 43
81 100 39
84 64 28
94 32 33
77 2 94
1 32 9
72 6 89
86 14 91
47 36 73
37 18 49
33 85 74
94 24 28
18 64 24
9 33 8
46 66 8
13 21 14
25 20 91
33 6 68
41 73 66
56 92 27
38 54 40
72 69 97
92 79 22
38 26 88
35 90 57
47 40 98
40 13 82
39 26 47
65 61 47
58 43 24
27 10 71
23 66 35
28 61 68
15 48 61
31 21 96
22 85 22
37 63 85
70 32 93
78 5 71
87 91 5
89 98 50
68 57 10
7 59 29
34 99 20
79 93 17
88 39 16
91 74 60
67 17 78
90 92 59
2 36 41
91 70 62
41 77 1
11 54 67
46 56 100
78 9 76
75 42 1
98 84 93
45 92 79
98 30 80
74 3 75
40 90 52
67 65 28
71 81 7
57 75 45
22 36 44
22 23 61
14 28 61
83 77 5
34 81 17
45 99 50
9 94 21
16 98 45
20 52 69
89 79 9
2 88 59
93 88 56
26 25 88
12 95 69
64 24 86
69 29 92
92 26 70
77 53 73
100 85 65
31 68 92
21 43 8
68 97 2
26 66 83
15 25 7
8 66 39
68 29 88
35 71 95
62 48 88
1 63 100
48 59 68
51 61 68
73 100 62
92 42 96
15 3 1
63 80 30
96 60 47
2 41 100
52 96 13
53 7 89
61 57 20
49 23 73
17 16 24
88 67 87
22 16 100
53 94 82
12 63 16
75 68 93
52 60 41
69 80 42
69 21 30
89 48 56
39 88 81
92 69 96
52 87 77
41 88 65
93 63 100
96 32 88
84 60 47
44 63 38
72 57 31
49 40 15
17 16 65
98 10 94
56 95 96
1 84 26
81 84 93
56 81 70
43 36 92
7 49 35
89 53 7
53 33 56
60 17 32
98 34 40
91 12 19
82 91 94
15 4 76
52 85 88
65 74 46
98 65 23
36 66 63
46 54 69
67 32 43
7 6 74
40 6 46
90 56 66
21 96 30
37 39 83
28 100 81
44 73 62
12 41 17
64 54 57
5 23 41
69 33 28
27 9 46
13 32 72
3 85 25
91 40 71
52 58 77
74 56 81
94 80 91
46 46 28
64 30 40
13 52 10
84 88 7
96 78 89
18 5 1
74 9 16
48 33 41
1 89 62
47 23 41
52 47 56
11 41 93
94 40 77
40 29 26
100 59 79
19 2 14
81 42 45
44 69 11
47 60 24
78 65 37
100 93 65
87 100 66
24 69 52
74 33 66
25 66 35
38 23 7
22 46 59
33 18 7
87 65 53
83 19 49
62 84 9
39 61 59
24 56 89
91 9 68
87 49 17
31 41 29
50 53 100
34 88 33
26 45 52
44 83 35
34 33 56
53 50 97
29 4 85
77 31 99
77 25 41
33 49 66
58 20 3
3 18 36
75 36 26
71 39 93
51 95 57
49 55 70
24 60 33
78 17 32
1 77 82
62 41 55
3 45 34
64 90 45
25 39 84
63 93 37
44 28 62
8 68 86
27 19 39
32 73 33
42 23 26
85 76 44
59 84 24
44 96 91
29 46 9
3 39 18
34 91 96
18 94 42
7 29 92
14 43 53
25 93 48
14 37 100
54 18 12
27 73 32
94 98 69
89 35 16
43 47 32
47 30 10
24 25 53
36 50 99
30 79 44
19 84 53
39 59 12
30 86 28
77 84 6
19 70 65
95 27 25
23 46 4
53 91 14
47 62 76
70 24 85
13 95 1
41 81 59
10 37 47
8 54 2
4 28 59
96 37 73
85 33 74
26 65 92
75 81 32
45 1 77
70 81 4
89 27 37
30 22 70
33 70 88
58 86 6
64 22 32
84 27 37
37 52 14
28 65 23
40 52 30
87 69 87
67 37 93
55 11 75
35 19 35
74 15 94
99 61 23
48 16 29
44 9 12
58 41 74
3 15 1
27 59 76
57 76 17
10 75 80
64 31 71
74 46 73
17 86 73
17 47 63
2 35 66
94 53 12
18 58 42
40 74 46
87 24 4
15 26 72
99 53 83
30 4 64
55 31 91
16 54 30
98 29 100
80 56 24
37 85 32
3 59 88
86 15 91
78 76 12
18 42 80
55 99 50
57 66 83
88 90 51
29 40 15
56 37 18
69 57 15
49 19 60
10 97 96
59 45 58
96 10 52
70 39 41
3 83 35
89 64 33
47 66 63
42 32 53
67 81 78
8 6 62
59 64 59
92 98 20
45 32 16
39 84 83
34 93 100
20 40 15
55 65 81
36 7 70
25 29 93
31 20 98
8 84 60
27 4 86
15 61 79
73 53 26
63 43 41
98 17 38
52 89 62
38 92 32
10 45 94
5 28 63
74 9 27
79 44 86
3 25 35
80 12 68
56 53 66
36 45 97
50 32 35
17 17 55
97 74 53
45 73 93
49 88 85
96 79 46
52 38 39
79 27 28
56 93 88
86 7 63
66 22 89
5 14 87
15 93 60
80 81 68
77 4 17
33 100 47
46 94 71
70 29 100
60 64 68
94 62 89
65 64 78
5 68 72
51 3 50
58 53 66
49 86 81
30 43 89
94 78 25
32 36 37
81 9 85
60 33 44
75 19 44
22 10 69
68 16 9
26 69 1
74 7 53
8 40 31
19 26 53
59 13 50
38 38 36
61 13 11
60 55 9
24 93 47
4 38 83
100 68 63
51 45 50
58 26 92
49 79 22
100 20 98
93 84 24
17 66 100
44 11 57
71 47 84
20 13 57
42 70 18
7 47 4
63 17 39
76 96 11
19 39 62
22 76 18
7 26 35
46 17 59
31 36 8
26 38 48
28 88 56
43 4 36
37 28 65
55 31 45
49 30 91
19 33 62
73 89 22
10 86 68
74 6 74
73 94 34
29 24 37
8 41 76
92 63 16
99 1 98
82 68 49
91 47 76
68 19 85
68 100 12
54 50 75
23 13 21
64 73 27
97 91 94
37 68 22
23 46 38
18 83 55
38 33 18
77 74 83
48 62 4
40 6 79
95 4 32
78 27 83
59 16 92
92 26 60
48 51 77
49 46 65
82 97 1
41 12 7
93 56 85
24 47 38
74 25 29
53 16 79
94 65 74
55 1 77
65 24 4
2 26 35
20 14 13
36 83 92
97 48 88
10 87 67
28 85 33
83 86 16
65 63 79
13 76 72
3 22 26
48 4 70
49 7 22
15 95 1
81 46 60
78 62 72
32 56 72
44 9 25
19 58 57
51 19 47
78 86 61
36 14 42
86 24 81
30 12 27
31 52 91
57 38 35
46 67 1
28 52 96
73 9 23
62 26 65
78 64 7
68 93 100
51 71 10
98 36 12
97 65 43
19 9 44
54 51 14
41 78 12
96 76 88
45 47 73
4 23 78
61 55 62
54 14 58
28 79 22
10 45 98
65 99 15
7 16 81
80 59 83
20 64 78
88 25 65
51 93 35
14 39 81
2 5 69
54 59 29
81 77 95
48 85 72
93 49 8
27 74 44
87 76 93
45 49 26
87 65 4
16 27 47
84 35 76
77 53 27
30 84 72
62 29 49
44 85 4
21 46 73
10 59 65
7 36 23
77 78 74
32 22 83
52 63 8
63 7 78
94 63 68
50 3 97
29 73 88
87 41 59
10 70 43
16 96 34
89 17 76
23 7 23
15 12 60
16 61 70
19 24 9
56 25 36
41 40 30
38 29 64
15 91 99
10 62 60
98 26 9
83 29 60
82 16 70
34 41 66
44 88 81
37 25 84
12 70 59
87 56 25
13 78 27
99 81 89
32 4 93
25 87 1
35 60 22
23 84 56
19 39 23
14 79 78
93 43 25
27 24 48
47 87 57
6 73 22
3 39 60
97 90 82
99 18 100
14 30 34
98 79 64
66 67 91
79 69 71
48 2 20
94 75 52
95 49 23
54 32 89
98 89 61
43 64 89
56 62 38
39 100 22
47 69 45
1 58 69
64 68 17
76 41 60
54 57 97
8 86 88
63 41 23
7 57 71
72 75 69
82 75 42
50 53 36
63 80 87
3 70 12
15 97 96
2 39 7
53 45 13
40 63 49
73 16 70
89 86 37
18 88 73
76 66 24
47 65 55
90 44 33
97 39 41
23 97 30
52 36 56
47 67 91
58 89 53
8 63 92
26 37 49
82 73 46
62 81 60
54 3 82
48 62 48
48 86 7
73 50 40
57 32 19
70 27 70
89 68 22
66 45 99
44 84 9
48 72 78
26 38 65
12 25 70
67 44 93
78 65 7
55 2 14
22 73 35
76 9 19
27 6 22
9 74 7
87 93 22
62 53 59
12 46 65
19 59 33
30 68 61
8 70 76
39 94 80
85 79 59
87 83 7
46 9 23
95 87 30
60 23 35
8 28 26
56 97 75
10 36 100
73 76 79
90 29 41
85 73 72
85 17 7
18 32 56
40 54 69
51 29 59
87 36 28
97 24 26
28 46 55
23 55 43
29 81 78
11 11 90
68 78 18
38 84 60
60 42 58
99 66 9
96 42 20
3 92 85
79 26 33
10 13 42
22 33 88
84 65 76
88 84 26
97 71 98
15 78 47
75 26 38
42 22 66
19 74 56
55 26 65
4 73 32
39 60 62
37 23 39
60 30 67
51 36 79
80 25 83
51 74 24
97 35 73
99 85 56
56 59 12
16 36 41
12 15 14
90 46 81
50 86 56
31 25 43
18 55 37
93 63 44
54 25 76
11 71 58
100 48 9
25 54 51
25 54 87
3 60 84
42 29 81
37 20 15
45 49 60
25 3 1
13 58 30
92 16 38
37 81 23
37 81 37
30 17 41
48 75 54
13 47 46
38 72 74
40 93 25
94 41 4
20 71 51
63 37 100
52 3 14
42 95 13
43 53 64
87 48 73
7 65 92
83 88 28
92 6 83
58 32 61
50 81 93
75 42 69
54 48 56
75 49 19
69 25 68
35 82 45
67 64 72
62 33 23
85 7 48
26 16 56
59 68 83
45 4 88
22 60 18
1 11 13
96 16 22
84 38 46
31 90 13
49 43 66
73 68 56
82 18 84
22 39 65
23 29 84
16 12 66
7 9 92
45 77 51
32 18 84
6 84 4
53 11 34
23 36 49
94 81 59
92 50 34
2 53 86
20 80 94
30 83 23
99 19 18
23 72 26
30 66 41
96 28 22
82 43 76
73 44 43
39 11 21
59 8 72
49 24 33
8 6 86
83 39 65
36 9 85
8 4 64
34 89 7
46 91 40
40 67 40
59 20 14
19 12 93
43 19 74
82 62 39
94 43 29
31 76 43
63 6 68
67 22 48
16 98 91
27 9 89
89 91 10
7 95 20
32 14 97
42 82 80
57 64 43
32 68 9
32 60 7
66 68 64
23 73 93
65 92 19
11 97 10
29 39 28
82 43 81
26 44 28
56 60 37
61 49 83
10 12 76
5 25 84
27 89 66
25 30 3
48 51 45
49 78 24
66 8 86
96 29 63
32 14 2
25 93 44
52 14 3
76 52 58
31 7 76
52 34 82
28 4 85
22 41 62
67 5 10
65 43 17
77 7 93
35 96 45
22 23 41
97 86 88
40 8 68
89 9 86
87 100 27
74 36 49
38 97 10
59 49 79
87 50 42
35 67 51
20 26 37
58 30 2
45 70 8
73 41 74
64 22 81
78 26 16
55 81 19
18 47 55
23 83 84
100 1 99
91 12 33
56 28 32
88 92 64
72 72 33
23 20 75
4 54 2
95 1 34
5 79 64
29 55 79
22 70 37
8 47 72
78 59 78
72 17 46
17 43 46
51 84 43
59 94 91
63 74 83
71 25 92
28 47 88
100 92 28
55 100 25
7 74 53
31 16 92
3 17 74
28 11 50
82 61 44
9 24 8
13 51 21
63 29 53
68 16 74
68 67 99
67 94 71
19 77 91
37 46 48
38 83 93
40 28 36
6 24 48
53 11 20
67 50 21
96 37 68
56 60 19
65 93 88
6 96 51
26 2 71
47 2 11
13 34 82
25 66 79
34 41 89
58 53 68
46 41 32
44 84 9
84 49 19
19 1 11
26 37 16
82 79 36
32 55 46
63 93 89
12 45 98
53 66 63
23 67 97
46 21 77
77 68 55
23 76 36
91 6 70
54 94 50
49 41 49
46 19 37
25 19 73
94 66 68
32 6 53
39 73 86
95 73 48
41 37 93
67 33 25
63 86 43
78 23 76
6 59 68
36 93 8
66 52 10
87 51 14
26 47 78
58 76 88
23 14 99
68 78 59
60 61 84
81 1 54
31 14 21
45 75 50
93 36 29
79 47 9
53 70 27
26 78 43
89 30 58
89 63 19
37 10 20
90 75 82
47 28 55
65 70 64
66 65 73
2 37 76
96 69 14
43 62 37
98 71 75
55 78 65
94 91 21
24 56 17
18 64 23
50 87 51
36 56 72
92 32 62
19 41 49
15 31 80
95 81 35
97 49 74
50 88 46
71 92 78
22 46 92
62 10 67
23 96 11
74 83 86
54 34 95
37 23 39
33 97 52
15 71 57
11 91 45
84 73 59
69 90 13
1 23 24
41 4 92
31 82 50
37 100 61
97 99 90
92 28 18
61 39 35
14 19 59
22 29 19
10 49 39
29 66 23
35 63 28
5 12 25
12 36 60
33 61 85
87 31 75
62 13 80
28 26 7
94 70 86
23 99 69
96 47 65
7 22 8
61 1 58
58 73 56
57 47 60
2 32 27
32 19 60
82 93 43
26 18 59
53 64 59
54 83 18
1 63 62
2 1 34
65 22 61
37 62 89
89 32 43
28 34 15
43 25 47
34 35 78
65 89 25
39 22 35
91 52 91
58 64 7
22 49 48
37 96 2
86 3 10
4 28 63
9 49 4
73 93 6
1 81 93
100 68 29
26 9 92
75 44 49
60 14 15
93 62 74
79 72 8
20 65 66
73 42 69
82 7 49
28 3 75
85 58 69
70 5 14
8 35 65
57 17 4
41 79 88
74 47 22
45 3 69
50 62 44
85 94 34
36 73 81
74 73 6
94 9 18
51 9 59
20 59 43
34 39 43
50 27 63
5 25 47
81 88 56
10 87 94
84 19 41
56 13 98
22 34 21
35 88 68
68 41 17
14 59 92
57 83 6
93 88 39
1 81 12
70 33 85
52 71 2
13 80 51
80 44 12
23 9 49
18 55 93
17 100 49
44 46 64
12 56 33
89 72 39
10 13 95
56 33 79
86 18 23
3 79 64
92 96 87
78 70 84
26 21 2
58 21 14
57 70 76
72 82 13
36 58 10
95 76 79
19 74 92
12 43 76
34 89 83
66 46 86
75 28 62
37 100 78
90 82 15
48 16 70
97 61 85
74 9 17
27 70 6
74 9 17
34 81 35
79 89 22
74 40 1
39 67 96
86 41 61
32 32 86
100 16 6
56 64 18
36 73 24
12 32 39
54 83 65
97 35 76
15 37 70
21 16 49
80 24 74
45 63 76
7 35 19
64 58 94
14 60 64
50 9 28
84 28 100
94 17 56
73 85 46
42 28 39
77 73 68
20 39 59
94 54 31
25 17 46
93 59 22
68 59 88
93 40 94
86 92 29
6 76 29
42 100 55
57 7 12
25 4 24
18 73 86
3 58 54
19 28 12
75 62 66
34 8 68
21 75 91
3 97 45
77 18 74
19 4 32
40 53 84
5 75 20
31 47 12
49 100 44
70 48 27
95 31 80
85 46 86
37 79 26
57 67 31
50 22 33
30 49 83
11 41 12
72 88 35
39 34 99
47 38 9
36 31 97
3 88 63
62 29 83
63 60 26
9 44 63
94 16 7
6 25 33
75 48 27
61 9 81
76 81 12
51 15 20
51 94 97
33 4 56
55 2 80
23 91 96
79 76 41
41 95 34
40 54 58
20 93 84
74 81 48
23 92 26
24 25 83
6 83 37
63 15 96
25 39 83
39 23 41
76 41 25
96 12 83
97 72 33
38 45 52
44 65 19
24 10 75
73 42 45
48 10 50
10 49 74
69 85 39
34 8 12
86 29 84
60 24 28
92 7 79
68 72 55
69 70 36
19 31 5
87 70 22
1 42 11
53 23 79
1 17 38
78 35 64
71 7 48
14 34 52
69 8 56
64 84 25
39 14 51
90 76 41
52 37 49
61 21 45
8 93 81
63 55 78
33 89 76
64 65 93
53 4 86
10 48 12
61 63 8
66 7 36
3 98 58
7 53 85
62 18 86
55 38 81
30 37 33
87 64 66
91 1 15
61 17 70
70 35 93
75 60 39
69 64 7
81 56 46
95 33 60
6 13 2
50 21 69
28 22 48
21 65 24
83 83 86
2 90 77
93 96 20
55 77 40
96 88 65
19 9 29
61 74 63
76 76 41
35 77 42
32 38 70
13 86 17
55 57 82
37 18 48
21 7 81
65 28 12
66 55 64
92 2 30
9 71 2
40 59 68
46 17 93
10 39 60
74 60 62
2 88 66
61 21 3
58 47 7
65 2 82
35 84 62
16 34 91
40 2 10
65 47 83
86 90 2
43 36 7
23 72 88
22 15 11
51 90 96
19 92 73
53 9 48
98 23 83
13 43 73
63 59 37
80 42 40
86 66 70
41 18 35
91 32 35
53 16 39
81 64 88
37 15 34
83 48 12
49 19 44
64 50 91
58 61 92
79 5 71
52 28 35
43 1 3
92 16 32
86 72 24
65 44 27
90 23 27
68 85 70
15 51 13
70 85 81
84 3 42
40 18 61
20 42 21
65 92 65
3 38 12
87 20 34
40 71 90
1 50 34
37 46 35
78 33 39
29 97 67
85 98 91
5 87 42
73 93 46
11 88 68
16 46 33
1 35 16
19 81 46
94 53 9
72 26 86
91 72 4
31 29 74
16 48 79
54 81 16
65 43 83
22 57 31
68 16 24
69 62 86
62 83 66
87 41 92
72 49 55
17 32 33
93 35 70
49 7 83
76 33 93
23 6 79
47 100 37
60 100 60
82 54 69
70 100 85
75 74 44
86 23 28
43 86 74
74 39 53
25 81 63
98 38 56
92 62 74
31 33 60
83 1 52
67 8 16
24 13 82
58 63 46
96 90 1
96 83 46
35 15 91
55 98 13
1 29 60
73 42 90
77 50 20
55 55 89
72 33 59
90 19 33
53 65 47
95 71 52
84 18 68
48 52 99
41 4 89
6 58 11
46 35 19
8 100 26
49 54 98
78 74 8
86 63 66
24 43 78
16 65 68
8 69 20
56 1 69
24 46 29
52 63 70
40 73 100
76 73 68
64 93 86
22 51 77
57 23 43
61 94 50
32 93 37
40 14 57
73 55 23
52 85 84
14 92 29
44 48 41
36 49 25
25 27 85
46 6 35
55 60 68
81 18 83
56 72 100
76 11 5
10 4 8
94 73 26
40 56 25
29 3 11
34 70 92
24 16 18
30 56 48
6 99 5
41 92 8
30 5 34
98 88 29
70 47 29
12 96 75
37 92 84
9 25 39
53 34 31
29 64 43
57 19 56
72 26 12
49 97 15
32 14 52
89 27 84
49 98 14
73 89 47
86 81 22
90 10 75
99 37 68
51 58 1
61 29 49
6 23 86
75 2 97
45 11 15
72 22 72
18 84 18
13 28 49
18 14 11
74 93 7
27 93 81
31 44 64
79 67 15
11 97 96
44 6 18
24 4 19
7 98 2
22 52 67
51 27 55
45 36 32
23 22 65
81 17 86
62 5 94
65 45 40
90 25 37
65 83 43
59 81 74
9 69 50
86 7 35
53 1 94
14 48 29
47 66 53
10 81 19
79 42 15
88 93 4
10 70 60
50 56 76
43 25 72
53 26 39
94 99 42
1 64 48
82 37 55
52 60 46
88 87 67
39 69 95
85 47 12
6 5 15
81 89 27
32 61 12
14 59 38
84 51 45
5 39 43
82 67 3
68 97 3
39 46 24
97 37 33
79 16 59
72 64 35
80 34 52
28 50 77
34 6 74
35 86 66
23 63 55
88 34 52
17 24 84
67 93 6
27 1 13
15 88 16
70 49 56
84 84 63
14 52 87
59 55 23
24 47 70
78 86 41
29 61 29
73 22 60
52 85 32
92 49 26
70 72 53
38 51 50
44 48 60
83 72 38
72 43 38
77 4 68
59 9 47
18 49 6
22 39 59
97 72 55
77 72 55
88 26 56
26 76 17
2 30 82
2 92 88
75 40 96
19 72 37
16 96 80
99 33 41
76 17 76
93 35 79
52 32 60
8 25 35
57 97 80
9 65 79
5 36 22
84 79 73
48 47 85
45 73 93
6 39 22
86 79 33
58 24 25
75 11 58
64 49 83
11 61 53
96 58 87
47 15 99
63 29 22
32 72 18
50 67 3
66 92 85
15 73 36
5 6 100
44 38 46
59 78 62
99 16 25
94 39 28
63 24 9
59 23 36
75 27 29
81 66 24
45 60 89
30 30 2
50 21 31
62 24 53
97 38 29
48 41 78
19 70 38
31 9 23
72 25 100
62 21 97
21 50 20
49 33 22
8 25 19
17 41 78
39 32 70
81 81 66
60 36 25
9 93 4
26 54 94
57 1 11
19 97 31
19 86 38
21 65 28
99 61 49
60 99 54
1 54 95
36 64 100
28 52 45
23 84 35
91 41 17
18 69 82
23 73 7
44 77 42
57 61 44
25 6 89
77 80 14
82 31 98
89 28 41
88 20 94
97 53 59
20 64 70
37 78 84
56 94 11
82 77 54
91 45 98
52 92 19
2 30 71
60 48 12
87 79 29
3 69 2
53 9 47
21 46 38
79 95 50
46 44 16
16 9 18
12 63 74
26 39 48
75 6 41
67 8 63
30 28 46
46 48 26
62 100 12
38 85 59
53 82 15
83 30 80
3 39 56
80 66 81
66 80 98
34 36 84
93 56 93
52 21 82
24 73 83
38 55 17
10 48 36
37 59 68
99 98 58
34 20 34
24 80 20
76 81 27
4 31 71
59 4 68
86 60 48
33 62 9
89 31 82
94 19 73
28 58 21
71 32 12
78 67 30
64 43 19
18 8 79
38 82 30
57 23 33
97 23 92
87 22 41
81 83 38
91 19 36
95 65 8
38 54 10
95 93 22
18 25 63
77 10 34
10 30 80
6 33 41
47 23 26
68 35 73
92 95 3
8 63 93
15 100 64
36 59 68
15 37 62
57 11 58
28 70 26
4 52 20
2 49 41
24 32 85
74 12 9
31 3 87
48 65 76
60 61 65
68 76 86
39 33 22
1 44 6
18 81 85
81 42 11
40 18 73
45 100 85
21 25 4
23 6 12
46 90 40
66 20 71
96 90 69
59 59 62
97 62 64
84 89 18
82 58 75
47 19 85
36 70 46
35 88 7
47 94 34
92 14 77
7 57 14
14 98 42
68 24 27
73 56 24
33 93 16
45 53 55
100 61 72
64 10 51
93 39 79
38 69 54
2 79 74
73 49 79
62 47 16
52 78 92
88 42 77
23 18 70
41 13 80
82 79 33
39 8 84
88 76 32
58 94 45
40 25 27
12 2 96
60 6 64
98 9 43
71 4 17
15 88 36
60 89 36
34 97 20
78 32 92
3 46 32
66 40 20
4 31 3
90 100 23
56 16 92
96 12 64
12 58 10
31 4 38
81 74 12
18 22 32
68 20 95
76 5 58
79 72 68
5 61 18
32 8 38
99 35 47
1 21 50
10 13 3
28 27 8
19 62 73
12 43 63
5 83 26
45 66 78
89 89 84
36 94 99
100 50 52
2 50 10
33 65 32
62 24 60
84 17 9
84 69 90
41 10 98
38 68 37
86 68 74
81 17 26
24 20 5
51 56 81
86 64 62
54 81 64
91 85 27
3 36 23
69 87 82
54 73 100
79 32 39
62 34 1
14 12 53
26 25 17
87 39 85
91 56 43
64 24 88
15 16 100
57 40 99
23 64 68
86 98 99
91 97 58
99 50 13
40 37 16
65 31 77
79 88 44
90 85 56
31 61 59
25 16 66
76 74 43
2 83 100
97 60 6
95 32 68
43 16 60
53 29 61
52 15 34
78 32 18
2 66 49
5 68 53
34 47 59
57 22 53
75 81 48
79 61 47
14 32 83
59 39 100
14 9 78
76 13 67
11 85 76
45 22 56
49 31 40
78 2 1
47 89 29
58 27 65
62 97 54
38 76 81
61 56 27
42 45 11
61 53 22
15 73 66
4 15 13
75 93 48
24 58 95
90 97 95
73 70 53
38 32 60
64 28 7
83 39 23
11 14 58
6 18 62
45 79 32
14 50 58
29 43 18
78 48 83
86 52 21
68 100 85
75 66 44
64 65 22
26 16 72
12 79 85
31 4 33
54 17 85
6 7 17
34 32 84
61 61 79
82 77 75
74 26 64
5 24 8
88 30 58
88 29 61
13 26 93
9 82 80
57 78 85
58 53 76
21 53 43
16 29 36
16 16 44
100 80 31
87 95 34
6 54 30
84 66 38
1 12 100
63 10 94
61 25 79
93 81 53
17 5 31
41 6 89
11 27 44
86 43 12
41 37 41
75 66 53
14 18 28
72 62 64
2 34 5
55 36 29
37 18 86
53 55 74
24 11 54
45 63 49
66 33 7
79 92 68
18 79 9
26 21 42
51 68 70
65 36 4
51 33 12
93 32 49
62 76 83
84 12 78
67 44 64
3 45 54
58 97 50
66 72 55
67 37 19
1 61 32
28 25 49
65 10 51
35 9 35
93 13 82
95 25 23
69 81 74
76 66 64
98 49 74
47 29 18
25 71 52
98 80 87
26 95 87
38 82 45
73 87 11
67 30 95
78 100 39
50 8 26
38 19 70
87 39 12
31 59 60
6 72 60
89 81 28
33 8 38
70 49 64
5 79 33
53 34 30
14 98 58
59 79 33
61 53 35
81 55 36
22 58 54
26 47 84
57 53 79
49 62 49
5 52 82
55 90 82
66 93 16
45 100 55
50 74 59
41 99 57
93 81 64
85 49 85
57 47 85
20 18 53
58 48 63
30 34 10
16 81 86
58 25 19
100 10 51
44 41 56
69 89 33
94 12 29
73 47 53
42 8 46
74 18 70
30 44 36
23 59 83
81 63 68
11 11 10
76 16 76
87 87 91
21 81 66
76 8 28
14 46 24
44 5 54
26 59 38
79 65 72
63 65 79
1 94 15
31 20 52
53 86 53
35 36 18
76 47 7
37 63 9
10 10 40
68 36 48
95 76 33
70 40 97
13 90 30
46 97 67
67 69 71
11 96 15
44 33 86
36 92 48
58 67 80
43 27 72
89 22 65
9 62 12
52 92 76
43 25 48
52 34 52
33 72 60
16 48 59
13 48 4
8 21 80
72 85 22
31 37 89
16 85 89
74 47 64
29 25 12
23 19 16
37 72 74
33 60 18
14 78 46
73 92 43
39 72 86
97 48 88
45 23 53
12 30 11
61 95 97
51 68 37
48 15 97
67 100 43
32 67 14
34 73 64
91 8 38
63 68 44
56 17 92
10 21 91
47 86 24
23 76 100
20 64 68
74 60 46
26 90 96
45 49 59
76 17 81
86 96 58
15 55 59
54 29 81
77 100 79
34 82 99
47 99 57
84 17 68
19 68 83
60 99 71
64 49 43
71 14 20
63 19 85
12 69 54
75 88 19
66 59 38
71 15 95
88 47 33
73 94 15
79 60 38
58 12 56
69 28 41
75 65 78
84 9 17
91 83 89
51 20 10
41 19 41
18 50 14
51 74 72
54 43 39
91 44 78
25 29 41
67 10 52
66 16 7
84 46 35
81 14 15
33 94 30
38 82 21
12 91 87
89 92 35
5 11 82
37 14 82
75 82 50
17 73 48
27 76 37
99 46 88
36 15 69
60 77 94
6 23 39
37 64 59
19 20 2
50 36 18
26 29 19
70 86 70
31 45 31
44 46 84
39 3 11
3 16 4
58 81 35
75 76 23
59 24 41
10 48 85
76 4 23
18 66 22
18 3 31
7 36 4
4 50 77
43 24 81
59 16 19
48 71 87
24 11 77
19 84 25
13 10 11
69 3 87
41 29 84
69 55 22
74 19 6
77 68 78
72 30 42
94 41 4
21 46 37
84 66 92
69 93 83
74 56 76
5 34 97
45 4 35
94 49 74
54 83 44
74 19 78
16 54 11
91 36 6
92 23 61
69 8 68
30 40 30
12 3 51
16 37 72
47 11 82
55 43 9
53 43 49
87 9 38
8 26 36
57 95 20
51 70 62
37 83 24
71 74 22
4 23 36
78 90 14
35 28 12
76 94 96
71 41 39
31 37 7
33 78 38
52 74 83
81 24 16
35 47 59
42 32 83
60 86 88
10 32 23
62 80 71
6 49 22
51 84 49
69 21 3
88 95 54
16 57 58
50 90 96
80 79 41
37 22 7
2 18 72
6 4 56
25 69 91
21 20 75
77 48 92
69 89 37
53 18 47
17 29 79
87 61 59
60 72 43
59 28 83
76 58 51
85 32 83
14 44 93
36 6 24
78 91 45
7 39 88
9 1 91
21 89 44
44 65 46
72 50 58
88 7 47
81 63 74
28 16 70
29 22 37
20 72 85
85 80 77
16 25 7
54 11 98
47 4 83
48 87 80
45 93 38
19 92 46
96 45 40
26 66 44
95 59 29
12 95 58
95 9 46
18 56 41
6 89 38
2 100 49
40 33 16
10 16 83
64 27 19
2 10 67
45 5 31
62 12 7
94 85 6
69 10 77
65 72 84
61 94 80
88 45 50
5 8 65
46 56 24
46 28 25
17 40 20
29 22 76
26 84 8
99 79 53
80 2 82
76 95 15
48 14 5
94 55 36
24 68 26
28 8 92
57 66 70
67 11 71
93 70 7
83 93 100
3 18 89
30 85 70
76 5 2
51 45 10
72 86 84
6 21 15
66 62 4
3 44 6
62 63 43
73 79 100
73 77 14
64 10 13
65 35 79
12 48 35
47 7 9
85 51 45
41 22 63
23 80 34
18 94 50
97 21 67
85 22 64
77 2 69
93 18 85
8 28 53
85 56 26
15 2 11
45 81 61
27 43 60
91 17 70
81 7 72
42 23 12
95 65 93
26 66 65
89 95 67
45 20 90
56 19 47
35 72 27
60 95 75
38 6 33
12 93 32
85 28 37
1 74 23
40 58 75
55 79 47
40 22 19
89 20 90
41 84 46
93 49 86
43 99 21
36 31 94
70 93 83
69 72 88
73 19 60
76 37 47
94 46 27
100 92 28
58 44 85
75 32 53
85 6 84
70 76 28
48 17 56
87 100 39
20 59 28
87 67 40
32 22 24
90 30 15
30 90 94
74 56 33
42 76 74
91 35 4
6 33 74
76 7 23
87 49 100
51 49 22
81 71 97
83 73 17
60 55 9
85 28 63
26 15 51
41 18 72
90 16 88
66 45 67
12 15 34
73 11 31
9 49 36
87 72 28
79 40 99
27 85 19
7 46 76
16 33 68
61 47 73
23 12 55
33 37 61
54 66 18
88 64 65
1 46 19
41 100 89
70 55 32
75 84 73
27 37 12
43 25 41
65 17 25
65 73 46
65 3 95
59 13 5
90 68 65
54 16 33
89 88 6
68 31 58
41 4 84
81 74 16
18 71 2
37 22 62
94 46 85
71 99 52
49 72 53
29 77 34
68 62 100
25 5 98
18 73 25
56 97 1
19 8 25
45 93 55
29 76 92
6 30 54
55 87 98
10 93 9
79 85 92
15 16 78
63 41 33
67 47 38
62 72 92
46 68 32
30 35 62
27 43 38
79 37 47
74 29 26
42 33 48
19 32 89
38 55 35
60 2 31
92 3 69
8 32 33
80 56 48
90 27 84
11 65 12
68 33 59
70 24 18
47 76 62
53 42 50
54 59 28
47 1 57
6 78 53
66 48 93
74 76 83
15 94 40
25 16 85
85 60 23
88 39 60
40 55 19
26 32 22
86 40 69
35 93 55
100 8 88
75 93 63
44 9 86
97 93 35
57 78 74
45 30 99
8 3 15
70 15 58
37 75 1
53 88 18
20 47 22
51 99 34
18 79 93
35 9 92
5 36 32
13 49 25
74 84 44
99 69 34
44 84 4
4 91 58
54 80 77
61 6 79
10 12 76
89 41 36
38 71 99
68 53 79
86 28 83
69 18 68
21 38 79
74 68 89
30 63 70
27 46 23
16 94 50
43 90 94
88 84 85
47 50 91
15 19 43
54 88 72
27 84 26
16 16 68
88 81 17
53 51 82
26 22 78
92 62 61
8 57 95
46 93 60
55 32 28
81 59 66
51 13 40
14 41 22
33 8 53
17 53 41
51 77 3
16 36 74
98 44 65
22 46 68
22 25 47
50 46 39
22 84 9
55 27 76
4 66 64
24 41 53
47 2 3
42 81 23
55 11 69
29 53 23
89 71 87
18 13 50
58 48 12
2 15 1
59 32 23
23 91 31
9 62 83
19 34 80
35 25 65
22 8 55
98 46 92
38 14 50
79 23 8
43 29 23
69 21 15
19 41 23
85 76 65
1 53 72
45 73 37
83 1 52
30 93 84
13 89 6
92 92 49
52 85 100
51 93 23
46 63 68
22 3 42
44 98 75
100 73 64
88 47 66
1 62 37
53 92 38
74 20 95
27 71 45
83 16 27
46 90 14
21 70 27
44 46 47
8 84 86
15 60 93
43 80 91
62 33 65
52 7 89
17 64 26
46 47 78
13 2 21
36 5 95
80 56 68
30 78 59
50 89 60
36 58 54
68 24 43
93 67 13
28 25 100
61 72 100
44 93 61
33 28 4
56 75 58
36 60 22
45 83 78
32 6 37
44 70 65
26 70 7
83 29 4
87 78 86
69 97 98
28 71 54
19 22 35
85 73 9
45 56 19
76 76 64
42 37 8
64 35 12
23 48 4
11 84 41
32 18 74
77 23 89
58 61 89
32 92 16
9 48 26
36 23 48
54 60 66
2 98 57
58 49 48
99 66 6
39 70 26
91 14 11
29 79 63
49 94 51
21 25 4
54 30 10
26 92 85
35 32 73
50 55 44
90 67 82
49 30 21
32 7 85
37 30 42
54 94 10
3 91 34
76 34 31
39 43 7
50 95 15
18 70 55
49 66 73
51 65 37
11 44 36
83 52 45
43 19 74
63 4 32
8 63 72
8 5 11
2 54 3
21 12 59
27 9 88
28 79 47
24 86 74
98 2 75
53 93 28
100 53 61
38 22 66
73 40 69
54 47 19
49 59 60
17 99 69
64 76 36
76 76 41
57 83 9
5 82 31
14 54 57
73 6 29
24 49 29
12 10 31
33 3 69
94 3 82
69 65 17
36 54 21
88 92 49
96 64 70
84 4 33
79 12 66
73 46 92
1 23 85
54 56 84
39 25 66
24 80 82
35 86 73
44 33 28
11 71 11
60 3 42
39 39 46
17 94 91
23 14 11
16 32 81
20 8 47
21 67 80
40 29 37
36 64 39
60 65 76
95 4 64
19 83 86
57 35 84
13 4 59
60 74 44
56 79 70
62 32 22
7 70 83
6 1 54
35 46 29
45 18 49
44 86 25
87 22 65
12 56 63
86 8 7
59 93 4
12 48 73
51 10 40
92 46 62
20 42 87
57 81 38
65 67 91
30 23 19
86 19 59
82 86 44
40 67 31
84 73 22
16 63 64
5 28 64
98 92 8
91 41 89
95 68 47
64 85 16
98 61 27
83 51 10
5 77 51
9 2 1
98 76 19
98 49 27
44 65 60
6 48 56
92 49 84
23 70 89
93 68 49
10 78 6
98 66 44
68 60 89
24 83 22
82 83 84
22 8 16
21 35 12
60 6 60
33 43 36
56 94 13
29 87 34
48 25 24
65 90 98
25 4 100
15 93 8
53 64 63
3 85 47
50 62 24
77 65 25
6 8 79
61 66 48
42 99 3
31 56 49
49 1 97
32 12 35
67 53 4
83 27 88
73 60 46
52 23 48
68 22 88
94 98 80
13 92 24
87 41 86
36 94 98
39 48 66
77 22 85
13 55 74
24 77 94
65 62 16
64 54 99
64 36 19
62 39 22
38 32 24
68 33 7
56 11 50
84 66 92
13 74 27
89 39 59
62 29 16
26 82 45
66 27 32
27 58 21
74 63 84
57 64 85
72 71 87
16 84 53
96 93 17
90 80 30
72 55 100
51 32 37
28 32 89
58 18 65
97 61 62
4 32 68
57 72 39
89 12 78
10 26 8
27 89 74
53 13 20
32 48 61
28 48 16
63 22 88
37 60 29
23 25 35
79 88 92
95 64 61
40 53 76
7 30 31
29 81 44
28 6 37
49 17 65
95 53 6
62 30 42
12 35 18
59 36 70
32 18 65
28 4 17
9 25 81
58 25 74
62 70 73
37 55 17
91 88 78
53 32 55
61 73 64
79 17 85
14 35 32
16 84 17
65 37 18
46 86 73
29 54 80
84 9 72
26 59 62
8 74 88
25 76 17
99 23 93
78 23 60
99 29 8
2 87 77
37 62 26
25 29 100
79 88 9
41 4 79
57 64 56
84 78 62
58 83 73
18 98 94
33 62 22
23 88 72
68 59 36
81 5 10
7 63 9
5 86 9
26 89 65
68 46 7
93 10 67
80 85 47
15 57 67
87 100 61
46 27 28
18 82 1
33 4 46
95 38 78
16 93 81
34 8 59
17 85 64
20 69 31
8 81 83
59 89 41
95 75 95
30 56 86
56 8 92
2 26 24
58 82 45
58 59 18
63 62 33
26 10 45
62 80 90
76 74 93
24 87 90
56 69 75
25 39 48
89 65 93
67 27 88
73 33 28
82 84 48
78 71 5
9 37 59
45 49 81
11 87 11
74 100 79
1 25 60
20 92 41
45 23 76
37 7 59
45 86 44
27 84 85
79 85 24
53 12 46
25 23 89
10 53 4
89 82 77
96 27 26
83 13 94
47 85 62
85 7 9
13 28 63
51 70 49
19 7 63
4 83 65
13 81 41
55 9 12
68 20 97
5 17 46
13 5 58
43 48 26
52 20 51
33 99 80
56 57 98
87 62 100
65 93 24
28 56 76
73 86 93
21 23 84
91 26 72
54 97 45
1 74 17
85 14 96
45 59 53
42 94 87
11 8 4
100 60 35
88 62 28
66 43 8
72 1 42
89 37 49
15 83 32
4 1 90
64 81 32
64 24 19
72 32 86
85 35 37
58 81 29
39 25 88
16 62 73
26 8 48
44 50 34
59 46 88
72 53 79
8 67 52
71 34 98
71 91 80
77 74 73
13 13 40
17 89 79
83 92 68
44 63 49
1 36 38
36 47 36
47 48 74
54 14 96
74 72 39
8 88 65
72 39 22
33 19 43
35 50 99
81 67 94
61 81 32
88 85 56
61 51 52
9 23 65
22 1 91
25 14 5
71 43 49
74 63 55
78 28 33
48 75 98
9 60 29
13 34 98
54 99 21
85 64 26
73 53 36
33 92 70
30 87 11
91 32 76
75 30 99
79 40 31
5 14 91
26 12 16
31 51 21
75 63 33
67 55 81
38 24 7
8 80 75
93 20 30
9 78 48
49 8 16
7 15 42
12 79 73
10 93 37
27 35 65
15 45 50
54 65 59
65 66 22
97 59 24
37 12 88
51 84 48
93 88 78
19 47 55
46 87 11
50 32 61
25 60 35
28 40 13
50 86 47
12 55 66
80 31 80
75 89 81
94 50 51
65 91 10
65 56 35
98 47 60
73 61 46
31 49 79
17 98 42
97 26 46
39 59 86
63 24 79
3 52 13
48 63 43
97 64 26
7 60 28
27 36 73
62 69 90
14 100 8
79 51 5
57 59 27
98 9 65
18 51 20
61 44 68
73 66 74
93 57 40
12 60 36
27 47 48
7 42 13
97 7 32
91 13 34
83 38 44
74 89 70
64 35 49
86 45 50
81 78 60
14 30 1
77 93 84
84 90 2
6 98 99
87 64 78
74 74 66
15 16 55
52 76 53
90 21 1
24 21 71
77 100 6
86 11 14
71 96 30
17 96 3
6 83 35
45 11 31
81 89 19
73 99 34
60 95 34
23 66 46
56 74 66
18 66 85
14 43 18
45 10 99
74 18 39
65 43 76
90 5 15
49 91 30
31 92 9
44 62 85
77 62 12
59 79 64
80 47 44
62 47 28
17 22 27
7 68 22
21 29 59
30 66 70
87 29 62
84 76 53
96 89 66
97 93 76
27 94 57
4 78 23
53 87 97
27 4 9
28 50 94
66 65 60
85 49 81
54 60 83
6 64 60
4 85 43
88 12 79
72 12 39
73 21 77
17 39 68
61 92 81
38 86 79
47 84 27
63 99 69
31 58 3
38 97 75
14 4 16
42 98 30
31 66 9
16 8 68
14 49 32
14 57 15
15 24 23
94 2 71
98 23 38
75 10 14
69 84 36
59 74 43
6 13 20
13 76 19
39 91 45
9 62 26
12 23 47
70 92 35
78 39 35
63 72 9
87 71 90
21 41 62
48 94 95
15 78 84
12 99 51
8 53 4
66 41 92
36 14 30
6 89 59
50 95 45
23 86 22
56 16 70
94 86 27
56 67 95
47 70 35
36 7 36
88 46 76
23 53 16
16 72 65
60 90 80
89 66 48
59 56 27
62 80 10
73 22 28
78 6 39
59 27 70
47 6 76
11 78 89
34 9 53
10 91 98
61 21 13
5 79 49
59 62 60
7 29 35
68 89 8
27 81 43
76 84 39
76 26 84
17 21 69
60 40 3
64 67 69
42 14 96
28 95 91
82 80 1
5 42 96
28 44 47
94 8 17
68 58 1
99 98 91
3 54 2
66 13 1
20 52 90
79 77 90
94 68 27
48 40 99
41 8 72
6 27 25
53 60 70
9 91 21
43 56 59
68 21 98
11 11 52
64 18 36
96 41 43
91 91 58
82 74 83
50 93 4
60 79 8
100 26 7
5 10 87
61 71 5
51 74 88
54 71 91
12 29 6
28 52 10
39 80 34
51 59 43
3 21 54
46 60 84
29 85 46
18 94 13
53 79 49
8 100 46
64 76 17
40 78 35
43 28 85
18 29 100
91 9 24
33 98 42
72 24 59
90 40 94
17 51 3
27 15 20
59 1 15
56 37 59
48 25 7
30 53 35
94 66 16
37 21 96
99 61 18
72 54 97
55 24 23
81 50 80
60 93 66
36 73 66
88 27 64
52 53 22
67 33 18
17 73 8
14 28 47
97 6 78
66 41 79
52 34 71
26 83 100
68 16 68
80 92 22
99 57 52
57 41 74
2 54 90
58 22 68
29 4 49
42 4 85
25 30 14
37 31 11
51 48 38
80 12 28
44 28 76
16 56 24
16 40 54
63 24 86
37 32 24
69 58 5
62 6 89
76 49 25
96 26 56
4 23 65
75 17 46
62 83 39
33 30 87
81 87 80
28 99 94
69 12 62
42 12 19
13 24 7
51 38 32
82 35 81
55 65 72
40 24 66
35 68 41
78 80 98
80 18 83
29 89 32
44 94 96
50 74 4
23 42 34
100 36 93
78 85 73
89 27 18
93 12 29
18 3 51
33 33 68
5 25 68
69 31 1
94 60 66
96 52 15
68 7 41
29 84 74
76 100 92
92 65 25
39 81 8
98 44 73
34 93 84
67 84 56
61 33 70
96 91 52
51 43 18
85 99 2
83 79 70
57 39 23
77 10 57
88 89 88
9 27 41
71 67 94
70 90 97
34 19 49
32 74 48
59 12 22
93 99 90
32 34 15
79 60 12
36 73 85
5 40 95
61 60 66
46 4 6
65 33 28
17 41 29
52 48 62
16 98 11
38 70 27
16 38 8
74 29 46
3 9 29
76 48 26
26 2 91
24 17 19
64 99 54
54 83 8
14 67 96
74 95 54
4 44 25
44 12 89
47 83 22
39 17 74
53 60 68
70 73 7
53 40 82
5 81 56
24 9 88
49 88 100
99 78 47
92 59 60
16 95 50
92 8 79
23 16 17
54 75 10
68 46 16
10 68 4
72 27 46
87 23 9
26 42 31
76 32 64
48 84 18
100 12 47
78 82 67
17 60 74
65 62 55
100 7 72
45 7 78
44 18 44
5 93 63
24 36 4
63 57 91
48 28 81
2 47 68
50 22 7
84 73 26
97 29 63
97 39 66
79 44 72
89 62 36
52 82 77
80 98 96
32 37 56
83 96 57
98 93 49
76 31 15
68 42 11
100 66 22
60 70 39
15 27 100
77 53 62
10 9 85
5 64 63
81 97 54
49 92 24
30 26 56
3 52 57
7 15 97
79 81 70
100 61 24
76 99 97
31 24 92
15 56 25
45 1 97
28 97 58
59 18 32
63 80 5
6 58 13
85 2 11
41 43 76
47 47 49
51 17 25
33 13 91
61 72 93
76 30 98
51 3 58
26 20 71
32 58 2
58 28 68
40 6 9
75 49 23
59 12 38
52 11 77
93 17 68
99 56 43
45 17 32
97 61 37
49 7 26
43 78 38
89 74 72
34 85 35
80 59 73
76 19 22
99 60 59
40 52 94
80 7 68
39 92 41
1 27 17
53 97 13
26 18 59
37 17 27
75 73 43
44 2 50
50 98 99
16 83 9
83 24 4
98 6 83
63 10 99
45 2 87
36 45 90
7 41 72
71 35 48
15 92 16
96 49 62
20 89 6
25 23 47
25 92 26
78 94 99
45 56 17
40 93 100
60 36 63
92 18 35
29 3 51
39 96 69
86 72 59
96 32 100
36 85 48
60 30 1
44 71 95
26 78 92
92 92 78
79 76 43
44 39 59
81 37 41
75 55 8
26 28 27
19 20 58
1 9 62
63 1 45
12 20 91
36 29 55
89 47 53
88 26 81
87 44 19
40 16 17
84 68 6
60 71 1
5 45 77
9 64 24
4 76 73
51 28 61
38 64 88
30 41 17
7 61 76
26 29 62
64 66 63
21 73 37
27 31 13
88 90 77
86 53 27
92 3 67
90 57 13
26 22 64
21 96 10
57 74 27
43 89 41
65 29 74
11 92 27
53 18 8
32 21 67
44 61 84
38 33 61
8 41 62
76 90 96
21 18 73
87 85 32
83 24 44
93 24 19
63 58 40
57 21 2
73 27 53
24 80 5
25 61 100
56 39 28
52 6 89
57 93 46
23 5 95
86 34 58
76 76 23
77 91 95
36 87 13
8 89 62
69 3 91
15 20 82
19 85 86
14 35 49
31 97 10
20 53 37
64 84 35
78 92 47
89 61 47
1 13 40
90 97 99
47 27 37
63 15 5
56 36 92
78 78 88
97 67 57
24 19 7
41 48 62
96 71 31
58 100 26
64 44 4
41 25 74
67 72 55
9 54 3
20 72 59
68 3 52
86 100 38
22 24 25
25 68 83
85 29 93
57 19 47
15 69 42
28 17 56
70 85 6
69 19 28
68 97 94
45 66 72
86 59 9
20 45 71
81 10 34
36 83 84
34 13 94
59 80 58
76 8 16
5 52 42
99 6 35
40 66 63
59 5 82
85 50 11
7 43 33
7 57 13
45 26 35
48 63 22
17 82 90
5 14 3
10 38 36
6 62 74
61 51 80
38 55 88
49 11 34
6 95 15
28 25 55
9 52 75
35 70 62
16 10 96
29 13 80
51 75 51
77 56 12
89 44 62
55 39 53
19 30 20
11 96 31
55 84 8
72 57 40
83 88 28
14 86 49
69 55 37
4 39 18
69 83 22
66 47 16
75 94 96
83 67 95
77 9 41
3 71 13
6 24 78
5 30 75
93 61 24
49 23 86
20 2 57
47 53 89
96 68 27
64 74 4
27 98 82
15 8 81
26 55 32
72 84 78
90 81 60
55 40 13
35 16 72
66 68 92
92 75 80
4 88 83
29 67 75
97 11 52
95 75 13
43 65 38
63 23 38
68 55 63
66 1 30
23 65 24
36 4 89
31 37 26
52 50 34
30 33 47
4 67 57
57 98 40
50 49 8
71 29 7
66 64 29
8 20 31
19 95 30
85 28 17
16 2 45
94 55 79
29 32 7
55 40 21
71 37 29
92 56 35
76 85 44
91 28 70
38 73 24
2 74 56
94 62 27
98 37 26
47 32 56
87 75 34
26 91 21
63 48 83
99 65 4
99 9 48
44 72 68
2 24 8
23 14 2
17 25 89
100 46 63
24 58 95
15 27 72
36 46 93
8 23 44
96 40 54
52 62 61
11 56 44
25 84 59
100 55 33
65 6 49
7 72 24
58 1 3
40 66 62
69 55 12
47 16 49
72 67 77
65 68 89
76 89 63
81 78 38
39 21 1
79 23 24
19 31 15
61 10 45
100 42 58
46 63 6
9 23 89
45 53 59
61 62 76
53 59 65
32 22 8
22 72 18
45 95 2
36 8 72
84 93 88
30 77 52
38 80 34
88 29 92
64 50 13
94 66 81
10 58 94
55 49 56
28 43 24
82 68 16
63 92 93
52 74 55
90 38 64
16 22 36
6 44 61
60 20 13
13 100 41
1 66 83
61 35 29
12 85 65
47 68 19
23 12 38
51 63 66
15 48 36
9 23 33
11 22 36
57 84 76
76 84 47
4 76 61
16 4 38
62 24 26
20 88 89
40 48 39
11 25 84
17 70 55
23 80 11
14 73 27
23 83 60
13 69 40
88 25 53
88 43 78
42 15 30
61 34 97
74 53 65
25 82 69
98 8 18
86 6 93
99 77 80
13 84 55
40 96 21
3 36 18
12 22 24
28 56 100
37 99 2
47 71 52
28 19 44
54 89 43
6 69 13
24 61 9
12 88 29
31 2 54
18 93 100
63 54 91
81 61 37
94 21 87
63 63 26
26 22 63
84 99 90
21 35 48
78 27 53
26 37 61
23 73 46
26 4 23
64 60 83
33 93 33
56 80 75
36 65 8
17 22 59
63 64 78
5 92 24
12 11 52
13 90 1
82 68 46
41 17 63
94 32 36
63 93 46
48 65 19
61 76 86
76 89 25
10 4 78
12 49 83
58 18 23
67 28 24
37 72 74
41 36 61
5 32 86
63 18 33
31 40 58
31 41 72
40 67 52
50 19 60
55 19 27
29 90 99
18 71 40
30 58 97
86 77 21
79 97 80
84 94 67
81 100 16
38 48 44
88 16 32
21 83 89
64 93 92
26 23 62
54 23 100
82 62 74
17 58 20
85 91 51
64 57 95
72 59 7
58 100 47
42 8 76
91 6 64
75 55 68
6 67 10
77 44 65
94 55 81
12 1 54
20 19 48
41 56 46
91 12 55
16 43 72
99 16 92
46 17 73
68 37 27
55 98 51
26 32 88
19 80 42
63 70 59
94 49 9
72 94 30
64 85 32
94 38 92
83 56 72
21 79 22
25 67 87
20 19 39
92 6 56
63 77 57
99 33 35
13 73 48
14 19 63
71 91 14
79 9 16
9 83 74
84 23 76
12 5 67
56 58 30
1 46 53
17 73 38
90 17 64
44 84 17
95 11 14
72 22 74
88 79 73
56 3 90
93 5 77
35 81 37
26 75 45
1 4 73
89 70 86
19 26 18
7 14 40
84 37 61
39 41 74
56 69 31
3 73 28
47 62 46
54 74 46
63 70 24
81 31 91
61 75 40
34 30 91
45 92 4
37 4 17
52 84 60
23 4 86
35 74 17
78 84 55
86 43 44
89 81 41
90 56 86
46 22 36
69 74 18
30 94 20
38 73 44
26 16 29
45 55 23
9 37 76
44 1 10
46 98 87
95 60 37
60 93 38
79 27 44
72 60 26
98 17 24
71 45 97
25 15 94
38 25 27
39 7 64
27 60 24
96 39 43
75 56 46
70 21 69
3 100 56
41 66 24
5 18 36
92 48 61
82 39 38
72 4 32
49 39 44
24 67 82
27 80 3
66 97 91
45 56 89
50 2 30
38 68 25
95 93 74
35 51 50
41 93 89
65 21 94
67 9 47
90 64 61
67 47 86
3 75 67
32 97 50
100 12 63
83 78 86
39 39 92
46 74 70
68 34 71
9 58 40
58 8 79
100 3 15
16 97 98
75 6 53
28 30 40
60 54 97
20 35 49
71 67 69
34 58 13
11 95 91
65 86 8
58 64 36
64 72 55
57 63 66
80 78 8
42 61 83
94 74 83
80 58 91
43 17 18
31 38 89
73 62 73
61 26 84
99 47 24
69 19 27
18 1 87
72 13 45
40 57 3
51 18 37
54 12 92
24 16 76
52 90 11
75 67 52
27 26 4
98 38 27
10 35 24
31 24 29
45 22 60
12 77 91
63 74 44
57 32 29
4 91 40
93 41 68
40 18 39
92 18 32
28 33 92
99 74 73
70 49 93
62 86 88
59 43 27
6 4 16
37 73 47
74 31 91
38 46 86
83 23 70
60 84 83
64 86 100
100 30 75
18 5 51
90 69 13
22 89 37
23 15 77
96 57 45
24 43 93
93 7 19
91 18 72
73 43 63
12 26 85
38 74 78
60 53 72
54 86 44
14 40 95
7 44 72
90 35 7
57 88 56
7 42 80
73 73 60
94 2 31
5 30 51
25 44 86
60 72 48
94 4 78
100 90 45
61 21 34
2 34 40
100 81 64
72 21 71
23 8 60
69 89 27
3 34 21
88 59 28
7 76 66
50 70 72
95 38 9
66 81 37
97 45 15
49 23 84
18 18 64
75 43 76
84 33 65
79 41 16
50 86 100
68 29 76
99 74 44
51 94 95
95 73 32
20 73 29
60 37 33
23 26 89
90 74 63
42 33 53
92 13 30
97 56 62
78 10 97
23 66 92
38 100 93
82 80 21
57 64 18
57 74 61
77 10 71
48 77 3
76 26 56
24 44 39
92 92 88
100 59 35
84 79 6
59 83 59
27 9 81
22 50 34
92 63 62
13 68 62
11 63 74
38 43 85
76 13 51
90 37 12
9 83 8
46 8 79
43 6 12
100 32 84
3 93 59
12 46 32
26 4 9
51 69 3
83 93 4
14 50 42
92 100 7
55 40 82
15 24 37
12 25 24
58 59 17
89 33 93
67 55 68
27 59 46
47 14 30
88 28 66
12 56 25
3 36 48
52 37 6
20 68 48
35 93 100
45 80 77
88 73 92
45 19 76
84 31 77
87 49 47
55 42 80
72 23 76
3 38 72
6 49 100
64 70 29
53 26 24
69 64 61
24 37 17
82 13 11
61 58 75
88 79 12
34 46 49
42 46 53
52 22 28
27 83 23
47 32 22
91 36 92
60 45 54
18 32 64
55 66 28
83 21 52
35 35 55
64 7 78
7 72 56
21 30 50
32 27 43
43 86 64
86 70 64
89 69 3
44 89 44
69 8 16
82 55 46
88 100 73
30 24 79
13 42 40
70 42 75
67 14 1
11 81 24
42 71 13
38 43 41
57 76 89
13 76 46
62 8 38
14 88 9
11 64 29
86 18 56
9 56 85
3 93 26
17 69 1
49 38 4
3 23 26
46 57 90
14 62 84
68 59 73
73 12 55
35 9 16
96 4 49
18 75 51
63 6 33
34 23 7
55 5 21
14 57 99
33 24 36
24 2 31
58 100 29
98 37 43
72 28 16
30 36 43
86 53 26
36 44 47
69 61 84
17 45 10
39 40 91
53 53 43
54 5 2
96 39 38
50 45 91
95 99 95
69 97 82
58 73 76
59 99 13
92 20 97
19 39 76
57 28 88
26 18 12
39 68 7
31 23 16
60 86 66
81 81 86
16 26 27
35 19 59
3 27 46
91 74 23
98 46 59
43 79 73
50 87 5
90 37 27
100 26 55
18 90 58
62 31 14
94 42 11
62 86 7
2 90 51
73 4 83
31 78 46
3 38 65
3 69 51
13 58 20
74 65 23
65 47 61
49 16 59
67 12 76
98 95 54
89 34 15
82 78 85
77 10 51
58 69 10
76 66 8
79 85 7
16 67 3
11 61 59
29 93 4
13 91 87
11 72 17
92 68 53
11 46 56
74 61 22
28 5 42
57 35 4
93 2 14
5 60 8
35 93 12
74 96 58
1 33 48
75 94 21
21 65 26
94 40 42
52 61 89
59 54 82
8 32 86
87 18 4
100 25 70
41 48 22
44 37 63
61 6 49
40 83 64
4 21 13
10 11 67
18 87 69
65 54 42
54 22 66
66 78 100
85 88 19
8 21 50
66 99 30
38 29 38
79 22 38
38 71 31
8 27 37
58 7 9
16 18 72
97 80 42
59 3 96
73 21 42
86 92 60
27 16 23
98 3 96
22 27 35
38 73 32
53 100 18
95 80 13
70 20 77
73 29 83
24 49 38
22 80 11
1 85 35
46 30 77
42 56 28
4 89 37
12 74 43
84 61 78
82 7 84
57 58 5
68 53 56
88 29 64
89 61 100
75 13 94
30 59 35
88 53 6
94 55 66
83 37 7
34 27 73
76 37 55
48 63 64
1 61 23
96 32 16
73 18 85
78 52 31
12 33 78
20 73 59
76 32 84
94 16 56
70 33 16
28 89 25
77 23 35
21 78 86
38 87 42
21 72 32
10 92 74
57 95 71
90 94 69
53 78 9
91 12 28
70 47 89
73 77 34
21 96 90
59 37 12
6 79 44
18 90 5
68 68 43
99 58 77
13 68 23
43 61 86
44 21 57
29 82 50
46 77 10
55 49 46
11 43 17
79 39 49
60 81 49
76 50 54
60 41 72
96 95 71
47 61 27
93 53 9
68 87 11
39 63 25
27 91 3
36 43 65
39 65 73
21 28 93
38 88 79
29 4 46
19 23 48
33 55 4
88 29 36
35 6 72
66 62 23
51 32 61
96 9 53
22 53 70
81 5 69
53 23 18
67 42 99
42 94 5
14 27 19
72 83 33
41 4 47
7 72 47
76 36 24
64 43 46
38 51 40
59 93 4
97 16 76
77 25 56
42 88 74
17 36 48
8 12 48
43 71 15
7 80 90
23 91 99
28 51 57
60 44 63
72 24 36
43 94 58
94 89 9
84 76 33
4 83 33
83 23 39
12 85 22
79 72 24
35 27 100
43 64 7
93 88 70
2 54 3
56 9 100
12 62 55
25 47 61
56 77 58
90 17 89
69 66 89
62 14 21
95 44 66
19 88 55
35 32 79
10 84 64
33 42 5
23 28 27
15 47 26
35 70 29
1 82 77
64 5 95
44 89 36
82 66 12
46 86 89
55 97 99
74 43 84
62 32 37
32 86 100
56 49 89
100 53 38
49 84 9
11 72 16
64 47 84
42 33 64
73 7 27
89 84 32
41 33 74
34 8 26
60 14 67
40 5 51
44 53 83
18 58 5
62 74 60
40 37 83
81 40 54
99 33 32
55 45 87
77 1 99
62 38 22
21 16 49
66 36 43
40 14 34
10 13 97
15 5 54
39 41 49
27 43 7
92 17 84
73 93 16
72 60 8
11 67 42
75 45 77
5 4 12
1 27 56
75 73 93
29 24 60
40 32 25
52 56 46
24 81 73
97 36 4
85 74 8
93 14 34
12 91 15
19 2 14
54 88 60
58 72 18
60 4 39
47 36 6
86 89 41
8 11 94
48 66 63
69 53 19
99 60 8
1 94 80
31 9 6
27 3 14
83 68 48
41 34 54
72 100 73
13 92 76
16 90 94
6 21 96
12 65 6
96 29 100
37 41 29
14 21 1
56 33 61
70 32 36
50 98 54
21 69 90
6 48 79
23 92 59
77 62 85
74 53 23
10 30 51
100 95 42
12 12 88
88 39 44
35 10 87
73 54 94
20 55 81
66 25 37
30 15 75
51 23 72
17 43 92
59 78 66
12 25 4
64 60 12
90 30 71
48 18 89
90 68 22
28 24 43
38 22 4
81 7 16
41 70 92
49 36 78
72 12 37
88 20 40
7 16 89
56 57 15
26 46 25
58 77 90
15 63 32
11 98 96
70 53 72
7 92 66
68 68 66
90 93 8
93 86 12
48 29 55
95 96 13
69 9 25
78 74 24
37 2 87
95 18 56
52 23 28
52 44 22
97 97 42
46 43 92
67 21 75
60 39 49
5 53 74
83 27 74
62 26 65
82 84 62
72 64 7
75 31 2
64 48 7
39 46 24
67 92 27
30 61 4
58 49 55
2 44 88
99 85 60
97 47 74
36 27 56
83 81 24
56 82 52
45 94 71
14 78 65
67 59 29
17 54 3
50 45 50
94 25 32
35 45 14
59 23 48
43 58 45
12 17 8
50 35 24
62 44 72
1 41 7
64 52 31
95 32 59
26 34 52
63 44 74
85 44 81
46 62 25
22 92 83
87 28 70
18 37 26
45 63 84
32 25 76
57 2 10
73 19 83
10 49 17
96 80 87
47 22 36
47 31 34
85 98 77
87 6 33
90 64 24
10 95 2
17 94 14
80 75 14
88 57 95
71 27 60
36 55 23
36 99 82
34 39 16
36 48 9
64 43 29
77 52 95
20 81 86
59 94 90
49 41 61
39 86 85
66 11 20
92 84 65
74 81 64
54 61 62
98 15 91
32 60 65
39 74 36
59 41 18
86 75 96
31 53 9
83 64 100
21 84 37
92 39 16
62 35 66
54 76 43
17 26 6
87 86 12
63 99 54
33 96 3
92 41 56
41 41 47
78 38 12
64 1 40
67 52 94
71 52 99
94 95 90
65 37 9
41 43 92
78 81 46
97 4 79
11 48 56
19 82 42
94 75 99
89 61 59
53 1 10
36 81 60
99 88 73
39 66 68
67 46 22
74 68 6
60 73 26
93 59 25
26 59 100
41 93 33
79 3 51
57 41 53
21 23 44
40 13 71
26 34 87
75 43 74
53 7 36
33 68 61
36 30 95
77 33 92
96 96 95
94 9 66
23 71 54
23 87 50
93 34 31
8 66 60
96 76 84
31 78 76
29 26 27
43 37 33
-1
-2
-3
+4
+6
+7
+12
-14
-15
+17
+18
+24
+28
-30
-31
-34
+35
+37
+39
+44
-50
-51
-52
+53
+56
-57
-58
+59
+60
+62
+63
+65
-67
+68
+74
-75
-77
+79
+81
+85
+86
+88
+89
-91
-96
-97
-98
+100
