100 10000 52
9 59 48
96 30 13
51 19 26
68 38 35
65 25 27
84 23 43
84 92 14
6 100 2
77 69 93
32 50 29
3 20 7
65 36 90
87 2 45
64 15 43
40 28 92
40 61 93
75 45 72
17 99 72
79 54 49
84 42 61
93 54 57
64 71 52
76 30 75
100 91 74
30 18 2
33 91 2
72 51 100
22 72 76
67 37 85
85 58 29
87 59 28
37 51 69
25 85 35
49 39 50
88 20 99
54 90 5
17 89 64
1 73 69
81 51 72
60 28 92
63 79 68
97 3 38
85 56 5
92 86 43
30 56 99
73 4 12
94 79 4
9 41 1
35 35 98
81 69 72
41 58 20
16 1 55
7 28 85
3 56 100
44 25 18
16 38 35
47 48 70
73 38 26
61 28 10
46 61 51
2 45 87
68 69 100
28 78 67
10 80 41
46 67 23
62 44 13
69 27 73
5 68 70
53 54 75
11 24 5
37 61 25
44 10 12
38 13 12
2 40 20
64 95 91
24 87 55
19 13 98
73 65 27
45 77 21
11 73 50
76 41 7
63 57 9
47 13 79
83 9 3
6 88 57
95 83 8
45 10 8
47 13 6
2 46 77
48 75 34
43 87 21
74 73 11
44 28 17
28 59 23
41 56 61
28 78 57
30 23 92
60 17 28
61 41 94
19 79 13
81 18 24
30 51 73
73 42 77
46 97 19
73 75 34
88 13 28
99 91 2
13 55 50
65 22 94
74 27 53
90 74 1
49 55 87
44 82 43
100 13 62
62 48 33
24 5 32
94 60 77
98 81 80
98 12 88
31 33 82
7 60 58
97 45 53
25 40 55
43 74 87
5 74 50
92 100 27
51 86 34
26 25 42
89 29 5
77 89 51
46 48 33
39 78 84
73 19 6
53 13 15
95 85 12
69 52 100
44 2 77
28 25 73
27 94 90
27 93 58
84 80 45
29 76 22
19 29 53
31 27 73
85 32 72
72 73 50
69 1 27
38 54 68
45 17 26
50 47 34
38 73 50
5 68 49
48 72 80
90 84 92
24 90 46
70 4 84
19 42 46
98 26 30
73 10 26
53 29 66
75 52 42
74 70 28
40 76 80
92 58 53
20 91 72
81 67 28
69 99 2
23 92 10
9 100 18
76 24 66
11 43 84
39 51 52
20 42 50
88 6 97
93 15 14
8 92 67
22 28 54
55 38 12
45 49 86
14 13 92
63 9 96
11 22 91
56 96 63
63 87 22
100 65 46
92 17 15
91 36 100
71 96 59
96 81 89
34 39 46
89 89 100
17 71 20
56 36 52
64 62 47
22 84 63
96 90 36
59 28 88
26 54 59
26 11 90
3 29 22
4 15 35
6 40 46
17 53 11
28 73 91
67 57 75
38 93 74
53 31 56
65 47 17
62 53 87
35 30 63
38 87 60
44 2 42
20 4 26
65 97 33
25 19 54
9 52 61
74 80 58
75 66 46
61 57 10
16 88 98
91 25 29
88 29 52
46 24 42
41 86 34
10 53 36
33 20 7
5 85 3
12 93 25
95 20 53
78 13 75
47 39 81
21 97 10
24 28 54
22 11 32
85 86 35
71 12 57
52 28 96
45 35 9
12 4 84
75 40 72
100 16 37
69 94 50
31 39 74
91 30 84
67 67 62
52 2 87
42 32 100
15 96 9
81 39 40
67 11 21
55 65 95
77 47 9
99 96 47
75 76 58
37 7 76
23 36 27
80 81 2
90 91 40
41 19 4
66 49 37
8 56 100
46 33 44
60 78 84
13 40 22
55 70 47
85 12 9
2 13 49
77 39 55
85 84 15
9 54 70
36 18 56
39 83 15
44 52 61
53 65 25
36 92 83
26 65 87
51 94 87
96 68 13
44 64 56
96 92 79
12 38 70
7 10 12
20 3 15
81 33 67
92 81 65
6 56 11
98 83 68
37 82 15
71 35 10
46 59 6
81 76 29
95 29 73
8 99 42
78 88 92
64 93 72
86 98 28
17 24 55
12 95 52
89 63 75
4 89 20
76 9 84
55 51 91
96 15 43
91 85 16
23 95 18
56 24 89
30 56 24
47 82 43
22 94 18
19 64 36
2 55 66
99 94 31
64 81 65
65 25 53
38 90 55
62 20 76
53 81 31
78 87 25
70 55 94
75 38 48
72 83 86
56 88 38
63 54 78
76 80 76
75 5 99
100 61 58
33 87 60
47 67 4
73 56 41
23 51 21
56 74 58
9 62 78
81 91 74
76 1 91
16 51 5
36 69 95
54 10 78
87 53 80
74 89 7
56 96 6
29 4 54
76 65 66
54 69 60
93 50 29
89 25 90
56 9 8
93 22 66
70 45 29
29 60 95
76 39 7
28 49 3
9 44 98
11 76 58
49 39 87
35 65 45
49 38 78
48 28 43
63 44 33
39 55 1
44 72 2
9 35 12
50 92 84
51 53 39
99 35 98
15 8 59
82 17 35
59 88 9
83 4 43
100 67 97
4 16 43
30 97 82
34 78 92
75 78 28
75 75 96
54 57 85
76 6 38
17 14 35
82 95 77
52 52 60
47 25 21
98 42 41
22 68 4
57 22 40
96 54 26
15 84 38
13 95 73
16 26 19
53 72 7
77 8 23
36 43 78
89 64 36
19 85 59
95 66 74
73 4 43
5 37 54
19 64 46
68 26 84
60 5 45
10 99 94
31 28 14
42 49 62
27 30 75
50 15 12
21 99 36
94 56 100
74 42 18
90 70 6
20 75 19
84 24 58
89 29 65
25 93 7
28 81 41
61 66 11
95 87 71
82 81 56
44 59 38
80 34 97
65 42 66
22 92 88
64 34 9
97 60 94
19 69 39
85 32 64
5 6 62
52 93 42
56 22 2
90 7 22
75 11 21
19 79 88
88 71 90
79 5 69
10 53 27
71 58 100
93 45 87
45 73 40
42 67 75
91 75 68
88 28 17
20 50 45
10 6 49
56 43 4
97 67 63
81 49 10
23 5 53
51 36 39
84 83 86
79 98 3
78 96 9
11 65 66
33 65 60
48 86 68
36 70 3
58 92 6
24 21 29
93 31 76
49 2 24
51 29 2
68 70 44
92 6 70
10 26 68
52 12 49
70 60 21
69 55 1
28 97 14
100 18 29
6 21 64
44 54 33
86 41 29
62 20 65
20 31 39
3 26 10
49 28 13
9 82 78
81 40 41
40 37 3
38 69 77
83 64 25
97 99 5
39 73 100
97 19 79
42 71 41
77 66 24
20 90 100
28 96 43
99 47 85
23 22 25
64 62 70
27 42 71
62 23 59
64 48 92
99 46 60
53 67 92
62 35 14
17 35 17
78 64 46
67 23 14
83 50 31
83 39 99
96 78 10
81 9 38
41 5 71
68 14 3
69 71 58
9 7 58
98 33 34
66 62 6
84 31 52
55 60 81
4 81 20
61 54 34
84 2 18
79 62 12
69 84 82
75 54 88
74 54 63
22 33 84
30 17 98
12 57 13
78 31 1
44 63 10
23 52 71
41 67 84
31 1 41
88 36 31
79 27 72
12 24 1
5 2 69
37 81 87
16 20 80
3 51 7
31 52 65
94 84 14
61 14 15
95 78 85
84 75 6
16 28 98
88 41 76
51 70 19
31 34 67
29 49 59
62 74 50
61 25 20
11 44 8
76 2 80
59 82 78
8 1 53
53 92 17
12 17 68
40 27 80
89 41 50
80 39 2
82 96 79
80 36 87
2 86 98
67 3 48
58 76 5
51 10 12
100 33 13
28 83 15
28 18 50
51 64 90
39 95 40
82 14 83
22 51 20
99 62 78
73 97 47
92 46 36
6 3 96
6 98 43
66 69 89
23 2 39
34 25 80
59 72 66
60 89 32
36 82 70
89 60 91
51 98 97
73 63 47
65 45 39
92 4 19
35 50 39
12 21 36
27 86 85
43 6 14
41 24 87
88 95 50
80 7 94
94 11 64
16 54 49
45 81 95
40 60 50
43 79 43
72 46 39
85 74 64
88 94 27
6 43 79
56 1 95
49 8 86
33 36 89
65 81 61
96 89 100
38 66 94
18 27 50
64 97 14
47 30 70
36 44 97
53 2 73
9 78 98
46 55 50
3 21 24
17 69 52
45 10 57
83 36 87
74 67 13
57 71 76
1 54 70
74 35 70
70 100 80
70 97 47
20 45 27
76 45 2
27 53 74
81 92 79
47 7 11
92 36 77
30 57 63
46 43 68
21 10 17
75 82 34
12 12 85
91 75 34
58 31 39
78 26 12
4 72 77
43 78 16
33 55 52
16 87 58
85 52 65
91 63 54
47 41 50
55 6 70
88 52 50
41 1 76
13 39 24
85 93 29
11 10 8
58 31 91
54 37 14
17 74 22
6 32 51
85 39 11
31 70 48
57 96 84
30 48 14
28 39 89
25 10 16
56 36 18
48 41 91
35 26 59
21 98 33
62 70 98
30 48 16
20 100 60
96 21 42
9 23 44
57 35 54
89 69 20
4 100 46
98 8 79
78 70 62
99 26 82
87 26 85
38 14 79
88 92 47
80 95 100
28 28 10
41 90 95
47 91 51
27 4 96
14 99 1
16 15 67
6 2 90
43 57 97
91 79 82
10 51 64
49 39 45
5 58 89
78 46 72
31 39 99
63 51 60
39 48 16
49 46 93
38 84 67
1 78 33
1 11 18
95 50 22
64 58 87
46 61 93
78 44 85
8 95 18
52 83 63
54 64 25
58 60 41
78 18 22
57 35 54
47 91 21
39 83 57
23 56 77
23 10 26
94 22 31
49 79 63
27 83 26
76 39 69
49 66 42
71 89 1
99 64 91
68 75 54
42 58 25
80 84 9
72 67 92
38 66 58
13 65 29
69 88 34
99 34 75
2 94 60
53 8 85
78 8 30
86 25 58
67 78 84
35 3 85
18 35 34
49 92 10
60 87 93
45 11 46
36 84 57
54 28 43
28 4 6
68 33 67
71 25 56
29 18 72
92 43 59
26 47 10
33 75 96
18 62 98
15 42 73
36 85 83
48 48 75
72 16 43
3 41 45
21 29 21
55 39 55
55 59 26
76 42 32
99 63 28
55 5 93
85 33 38
61 54 47
63 86 26
92 80 74
74 13 57
80 21 55
68 31 18
26 38 9
100 67 43
81 77 81
75 59 97
9 77 42
4 55 91
72 52 55
15 20 90
49 59 85
8 99 46
28 3 44
23 19 3
32 61 69
63 96 28
14 43 62
97 88 15
27 79 62
37 60 89
64 49 68
4 29 77
94 16 6
81 19 10
71 8 82
53 86 37
41 85 70
44 59 6
31 80 66
87 4 35
50 75 44
22 90 39
13 70 83
91 11 71
34 45 72
79 9 38
83 18 20
24 87 81
52 79 43
99 88 19
68 47 6
90 96 57
15 40 61
79 100 90
93 25 89
73 8 4
45 85 88
66 57 26
36 98 8
69 32 31
67 3 82
78 94 93
43 6 10
24 69 27
74 41 11
37 81 99
57 23 70
89 53 51
69 46 41
26 16 44
8 8 37
2 83 33
10 15 83
58 38 14
29 38 68
34 82 67
28 21 90
91 41 42
11 23 84
63 60 58
73 37 15
93 48 19
71 11 71
37 20 73
2 46 25
51 55 95
50 53 66
84 76 21
53 23 33
95 50 55
32 29 40
87 34 82
87 57 28
17 90 80
22 71 58
37 34 23
62 49 96
33 50 76
78 24 80
40 30 88
6 38 63
8 22 73
27 99 31
41 58 56
98 12 16
24 90 65
57 8 4
51 11 60
15 90 74
27 58 20
22 58 74
17 94 95
96 91 87
93 52 7
23 19 43
16 40 71
99 34 84
17 59 57
73 39 32
81 84 82
60 98 17
93 63 92
58 25 29
21 46 100
16 95 72
51 69 29
77 58 99
98 81 45
59 34 8
85 29 53
40 36 64
33 24 76
50 59 4
96 43 23
95 100 36
96 20 100
63 93 95
3 55 74
7 51 29
76 23 15
86 67 92
69 58 40
64 2 52
90 92 19
73 57 83
24 39 60
64 83 82
59 86 35
67 54 97
29 1 71
75 90 24
51 36 29
87 8 67
34 94 76
69 11 89
21 7 60
82 48 3
61 68 78
10 49 54
19 98 48
4 3 23
94 66 52
40 48 68
16 56 72
67 16 26
73 53 76
31 30 68
8 97 88
17 23 47
2 24 58
30 76 95
94 58 61
66 85 54
12 65 99
14 39 87
28 36 46
31 45 52
98 99 61
5 15 82
76 64 55
47 27 60
27 16 3
92 25 76
37 86 82
79 76 95
70 16 34
72 21 46
19 94 73
59 75 57
56 62 96
10 46 24
38 6 12
73 19 35
19 2 69
22 85 8
7 100 53
92 48 78
86 96 10
16 88 82
31 40 66
95 82 96
42 72 45
50 44 15
36 72 69
21 1 81
38 15 79
49 19 14
39 92 57
98 52 90
72 98 75
20 82 43
80 93 2
17 96 13
21 91 29
31 99 50
60 17 48
64 59 78
22 12 96
59 8 75
21 82 47
64 36 27
3 43 84
33 99 42
57 45 41
28 97 33
32 46 53
34 62 97
50 56 81
37 66 76
100 50 20
2 80 73
91 38 75
56 26 17
41 69 87
58 37 86
9 5 51
68 67 34
61 4 63
78 35 4
77 21 45
30 30 79
80 73 18
1 55 25
35 8 86
51 22 1
80 75 30
98 52 65
87 46 40
93 72 45
55 75 26
12 98 48
67 51 65
7 15 38
33 89 5
99 24 80
62 55 61
89 34 97
38 11 56
33 13 43
94 2 77
59 31 42
87 80 27
64 34 79
91 25 89
36 42 93
14 91 77
99 89 58
79 76 66
43 22 45
47 42 71
20 89 7
46 97 28
13 72 2
45 52 91
87 20 93
64 28 97
18 92 49
46 46 87
45 87 31
22 61 36
67 97 84
6 24 22
73 70 16
57 78 84
42 65 81
97 4 57
64 48 10
66 32 1
62 11 55
99 21 27
75 37 62
1 45 51
37 47 48
86 5 31
3 40 45
23 64 29
45 34 3
30 65 20
92 33 63
87 53 31
54 99 58
72 82 23
80 99 20
15 98 97
67 64 87
70 20 25
87 61 90
85 10 62
11 98 78
55 1 87
75 28 43
83 16 3
56 69 77
88 56 95
26 72 51
24 49 6
34 44 12
39 31 39
89 82 8
60 40 5
64 74 76
100 57 82
88 43 37
59 100 20
46 39 7
8 59 48
81 60 56
33 27 39
27 20 40
75 17 68
68 95 7
98 12 88
97 88 26
92 9 37
29 43 16
97 49 14
16 75 84
22 86 43
60 53 71
83 35 48
3 1 73
38 94 7
68 71 24
66 32 90
31 31 51
62 79 57
98 59 28
3 57 96
39 61 45
90 70 35
21 19 13
99 87 56
56 61 72
43 5 46
29 71 29
26 36 27
82 46 90
68 12 33
99 86 78
76 72 18
32 44 49
97 92 37
91 87 90
57 45 71
45 94 91
18 79 43
26 48 78
55 28 98
31 64 95
86 93 39
90 56 61
11 6 19
99 23 9
81 19 14
17 95 66
4 89 72
57 13 79
12 30 37
52 23 57
22 100 36
7 22 76
14 12 26
98 57 47
85 15 49
51 40 7
5 32 74
31 81 24
10 26 16
51 12 34
19 40 99
19 67 54
3 1 22
97 3 67
2 54 63
59 51 39
53 30 28
92 29 81
10 16 43
38 85 33
15 58 87
99 13 68
26 83 92
46 55 25
34 81 58
69 61 24
85 72 93
46 4 63
71 11 40
25 94 7
65 26 85
38 56 21
63 15 68
58 76 58
24 77 24
47 38 34
57 5 56
69 93 94
76 79 9
97 1 45
25 34 26
81 95 58
96 91 45
3 15 75
3 21 76
33 98 23
70 85 57
75 65 39
40 15 17
97 40 65
9 85 34
71 27 1
66 49 17
56 1 100
49 20 76
14 90 50
64 2 52
65 48 16
39 88 26
58 46 95
14 13 75
96 63 44
27 41 81
64 25 58
41 40 60
47 26 98
19 10 59
56 61 89
95 34 54
31 10 43
90 29 7
10 65 29
98 62 75
99 78 49
81 81 42
25 97 70
38 32 51
69 12 8
83 24 1
28 76 7
54 59 84
58 21 58
23 6 48
30 78 82
22 74 51
44 93 87
27 84 35
81 17 8
83 55 36
99 85 34
17 19 57
39 52 87
60 56 52
21 65 73
19 51 18
12 28 63
25 16 86
8 69 60
50 4 28
46 15 96
4 27 40
50 29 64
17 97 26
35 16 83
42 97 15
36 21 73
74 20 36
35 83 68
14 95 32
5 21 27
10 75 34
35 39 69
22 42 72
86 17 35
53 1 51
38 29 22
79 75 88
83 81 72
6 77 91
1 12 67
66 45 90
39 11 91
9 35 30
41 42 55
29 43 97
17 56 36
35 82 9
90 97 33
82 47 43
23 20 32
61 33 84
34 15 84
31 60 94
59 96 28
81 30 17
23 58 99
51 75 70
82 16 12
98 11 94
47 78 48
26 36 80
14 69 77
16 47 23
18 30 59
26 54 43
41 80 52
2 50 21
19 33 10
67 13 54
96 79 6
85 35 6
35 75 49
99 73 39
83 52 72
87 64 81
51 41 11
67 81 61
1 79 14
85 87 29
32 81 80
93 24 45
12 54 10
35 41 56
1 49 92
28 53 31
62 38 26
25 90 39
64 23 63
91 96 78
92 98 28
80 24 5
31 20 58
75 29 39
76 52 94
76 24 50
77 83 34
54 81 25
50 63 75
63 99 55
96 100 89
26 52 22
71 69 40
47 66 1
58 63 28
59 97 48
3 41 61
31 46 40
6 26 30
11 14 63
83 46 42
13 35 16
81 82 62
86 75 83
37 8 92
7 63 26
85 6 8
24 21 25
7 4 30
64 78 17
4 38 98
14 91 25
14 24 41
24 15 49
38 2 90
34 67 6
99 58 20
67 59 75
55 66 94
72 96 30
48 99 72
51 69 27
78 2 7
61 73 52
55 84 10
92 78 70
31 7 55
90 85 62
80 94 11
26 46 71
19 63 37
40 36 50
81 89 91
83 73 94
84 45 50
73 40 61
12 8 13
23 48 67
22 9 54
19 45 65
91 100 42
48 27 41
18 8 14
31 68 10
48 97 35
7 39 2
20 47 82
11 14 85
37 88 97
83 58 74
35 100 99
44 9 96
99 17 37
76 41 20
85 25 61
69 91 42
63 35 75
71 97 70
37 63 38
37 86 78
9 95 93
21 71 31
48 54 88
73 51 40
15 64 52
67 3 85
34 6 4
80 37 16
59 7 100
84 12 14
10 26 23
97 15 98
58 7 72
57 42 55
4 58 95
57 49 6
65 38 15
41 96 68
89 64 55
95 20 58
25 20 32
36 49 47
3 58 7
12 45 80
93 38 47
80 24 11
81 83 62
16 51 71
11 46 80
10 71 73
38 53 80
96 10 92
100 29 31
44 77 87
66 9 48
63 81 41
80 37 97
16 100 52
90 85 13
83 90 24
25 11 81
29 3 4
24 86 92
85 80 65
27 68 12
67 100 81
87 82 97
56 26 83
100 70 3
50 43 63
44 41 100
67 70 26
30 48 54
25 83 54
83 87 45
97 6 54
53 91 100
87 36 39
14 6 4
22 21 93
79 8 44
23 60 51
9 51 42
31 29 39
43 70 26
7 98 37
27 53 77
33 80 7
86 12 82
73 36 29
31 53 29
32 44 38
87 92 70
28 2 42
75 70 15
77 70 92
72 54 3
63 91 50
76 23 83
69 59 82
7 51 72
20 43 26
12 37 75
13 47 75
42 39 41
52 88 4
36 10 68
46 43 79
77 5 21
40 51 56
66 81 56
4 39 64
27 1 76
15 28 19
49 92 84
34 15 43
63 23 62
9 83 85
29 21 25
77 28 6
65 71 31
60 82 3
75 47 67
51 82 92
30 39 42
43 41 29
54 55 45
16 61 99
57 57 43
8 90 40
56 94 91
15 16 34
27 55 90
84 71 7
52 68 4
2 76 77
94 1 55
82 80 65
65 41 76
70 60 51
73 58 80
7 17 70
76 48 78
16 12 86
52 77 76
100 2 60
29 16 38
31 99 1
20 63 48
29 62 6
83 11 5
21 46 89
40 88 16
70 73 89
6 65 89
7 95 32
38 79 57
25 55 39
22 91 52
80 67 62
16 98 67
20 22 93
70 74 72
53 32 31
55 45 80
11 53 99
37 57 9
23 76 90
43 49 86
81 80 93
13 50 41
62 21 18
75 90 91
13 59 23
93 17 49
66 97 59
20 99 89
57 39 71
44 49 14
90 31 80
15 78 44
43 73 76
37 38 98
99 32 31
97 80 22
30 69 64
99 18 36
88 39 45
89 75 97
78 71 94
17 95 25
83 94 46
10 71 87
96 87 18
35 3 84
94 87 80
68 91 56
12 1 61
38 26 38
14 70 49
5 4 35
62 71 65
32 100 81
74 14 86
63 55 2
88 28 9
31 7 51
15 97 10
22 65 22
37 78 15
35 50 5
75 23 10
31 63 47
40 50 27
23 34 12
78 1 50
75 36 71
65 93 61
11 54 3
19 16 84
70 10 54
80 69 73
72 91 73
71 100 56
15 10 96
51 82 98
61 17 84
68 20 32
83 7 25
85 2 39
73 54 59
31 20 5
34 43 67
80 29 27
43 95 90
46 32 69
45 100 11
99 47 33
5 70 84
8 67 26
85 37 49
80 100 32
71 27 45
75 78 17
18 53 22
22 59 68
7 10 70
96 14 15
79 83 75
40 14 16
3 100 29
67 62 70
68 58 91
83 48 75
47 3 48
28 6 30
36 78 3
38 92 28
62 60 91
93 71 39
3 66 29
67 91 53
80 62 79
99 76 50
98 73 20
84 63 75
38 32 91
97 1 5
78 84 86
79 60 53
76 5 31
31 25 20
77 91 93
84 93 29
48 23 70
87 14 12
8 73 22
93 4 96
44 90 51
8 59 37
27 68 10
47 84 9
74 32 40
61 21 29
37 100 80
70 95 56
65 21 39
56 52 11
91 38 97
27 71 58
29 99 76
64 46 55
56 87 93
56 44 88
53 52 36
29 22 45
8 82 49
42 31 39
82 61 40
36 34 75
98 4 86
13 89 91
79 79 4
98 21 31
96 62 10
40 60 50
79 57 23
63 99 27
81 28 75
46 33 15
90 26 84
63 74 42
51 86 15
31 89 39
28 42 1
91 62 14
28 59 97
3 38 12
63 19 85
56 16 97
54 69 71
50 67 35
18 35 43
77 6 70
63 85 62
10 47 88
100 40 94
60 25 21
67 57 62
56 97 38
23 50 73
33 1 69
79 73 45
32 51 69
30 60 61
29 41 27
94 32 99
40 90 11
79 87 55
37 72 11
4 28 98
41 35 49
22 9 3
35 95 55
83 96 10
78 40 74
18 30 3
76 77 66
81 50 1
93 8 14
90 54 19
10 14 23
79 94 80
35 60 46
74 49 92
97 78 59
94 39 94
90 31 22
90 77 29
87 3 98
11 63 97
66 70 10
62 87 64
58 38 49
93 5 20
70 89 31
98 84 88
58 85 26
23 90 100
87 18 87
12 33 34
6 21 31
63 37 15
43 15 67
87 20 91
50 97 12
30 39 58
77 100 21
6 57 86
70 86 6
94 62 16
67 2 39
44 40 52
83 7 24
36 75 33
2 24 29
64 57 86
85 9 84
100 10 54
51 68 44
96 57 70
78 34 68
87 49 10
61 5 46
89 57 38
11 98 35
24 13 28
26 67 79
83 75 43
35 92 63
59 50 46
37 31 87
15 66 73
14 56 95
100 96 38
65 56 87
2 10 48
14 86 78
35 78 86
30 83 37
99 99 95
21 58 73
23 71 80
28 71 89
21 38 79
74 53 100
55 32 74
93 55 24
22 70 92
100 83 86
59 61 2
62 91 7
74 39 11
77 39 21
60 80 50
57 66 20
67 11 58
97 64 53
65 11 87
37 96 30
55 57 79
97 94 21
83 15 79
77 42 27
93 90 7
57 14 54
96 70 33
75 79 85
51 27 32
99 78 92
22 20 69
55 50 55
48 79 35
75 89 18
11 39 61
89 8 30
25 57 4
74 37 34
32 37 49
3 93 25
47 92 78
74 79 59
65 76 95
3 31 94
91 49 78
11 48 34
16 1 90
81 4 23
43 71 18
32 20 76
42 60 21
6 25 46
66 16 97
86 57 3
76 74 25
56 71 31
40 19 34
87 65 69
100 4 75
5 77 100
80 69 50
60 1 24
40 96 78
63 49 59
78 100 25
63 60 100
96 91 81
60 52 74
19 82 8
62 98 33
57 66 41
70 29 5
82 66 56
73 68 85
90 29 46
60 59 14
8 7 93
37 12 14
91 85 44
22 36 42
43 31 65
75 11 81
94 97 34
25 38 14
80 36 20
96 90 71
75 87 27
40 4 47
34 7 41
18 42 11
22 76 7
53 99 90
31 5 39
4 22 5
44 96 79
88 96 4
30 29 61
83 38 4
27 94 64
73 7 89
9 39 99
85 21 69
1 49 97
76 89 32
21 37 98
59 90 55
53 84 34
71 81 61
59 44 84
63 35 62
15 83 96
11 23 10
43 28 43
87 82 85
93 60 74
72 87 2
29 87 65
56 43 75
73 25 24
32 3 98
52 56 20
98 57 78
38 17 68
58 13 43
73 88 70
54 77 61
37 78 12
64 91 1
72 50 2
58 79 85
34 58 27
2 70 97
89 31 22
73 18 7
57 78 68
69 29 64
87 29 42
46 56 22
56 41 2
24 17 78
7 81 7
78 61 11
34 22 91
53 73 50
68 21 55
21 42 64
38 63 96
13 29 39
25 45 73
91 2 31
9 3 85
91 20 50
43 77 11
87 53 51
78 46 24
80 57 68
14 55 71
2 90 1
58 64 66
22 34 92
69 35 96
70 5 11
29 36 45
93 47 88
83 56 91
56 84 83
10 47 13
27 14 17
52 92 10
95 93 65
69 41 66
24 96 43
17 42 2
30 16 43
14 27 69
79 55 46
71 13 83
66 91 2
68 30 75
74 37 4
30 20 25
1 25 46
6 77 80
33 24 20
67 67 88
53 51 58
83 35 82
69 71 32
21 40 72
98 79 70
78 79 59
26 27 61
25 23 78
31 24 56
98 83 47
83 27 24
35 3 44
44 63 10
46 79 3
71 45 100
22 48 92
27 63 23
47 71 32
47 47 14
38 9 49
80 3 96
60 85 26
80 62 15
23 27 51
97 65 41
67 74 7
53 2 72
25 70 33
64 72 100
58 35 12
64 73 22
48 56 24
38 54 84
81 90 94
11 23 12
60 53 95
53 33 16
72 47 37
25 70 14
72 35 84
65 5 56
26 66 27
1 45 87
100 32 72
52 46 24
68 11 58
19 14 6
53 87 18
39 84 16
26 96 54
58 14 26
83 40 65
47 78 38
6 40 76
77 41 7
31 93 99
73 84 75
62 32 53
39 5 89
80 90 66
47 84 63
12 83 9
34 60 51
32 49 86
4 14 86
9 93 53
94 74 60
32 62 33
5 22 2
10 14 82
69 43 75
56 51 90
9 19 47
27 19 59
63 45 77
14 25 100
73 2 99
88 21 55
91 31 25
35 83 4
18 90 66
24 98 13
10 35 34
94 36 18
29 37 35
80 36 46
6 30 48
54 18 72
54 26 34
37 8 23
33 13 43
91 84 48
10 21 56
19 96 48
95 81 93
48 71 39
71 72 56
96 78 67
48 9 16
10 23 47
90 45 27
8 84 15
80 43 26
44 85 88
35 47 78
17 31 61
71 66 36
34 81 32
96 38 82
83 30 67
63 29 5
88 68 63
55 73 25
92 83 43
79 58 90
58 3 12
83 76 61
25 20 100
11 9 47
14 85 33
97 56 71
1 32 40
100 80 74
49 76 100
84 54 16
41 31 76
79 17 67
73 41 27
78 86 14
66 17 82
24 48 16
63 44 62
60 57 83
92 12 28
36 57 75
11 78 49
35 56 50
81 47 79
20 100 27
34 25 66
81 90 27
18 1 95
81 100 58
22 88 79
31 70 19
2 93 91
25 74 72
78 8 16
62 76 81
30 17 86
77 53 40
84 41 18
16 57 43
98 80 40
96 66 45
37 41 36
23 43 75
46 64 21
42 91 87
38 53 65
29 53 40
60 8 49
2 92 34
78 50 80
8 47 78
49 55 21
21 92 13
14 66 69
35 19 49
52 42 64
64 28 49
56 62 97
53 82 70
87 75 15
55 72 31
43 2 74
64 81 29
82 93 7
87 7 27
55 33 97
39 88 10
2 20 69
84 83 14
22 53 31
83 61 76
71 10 92
19 91 41
89 8 3
19 58 69
66 29 94
79 73 87
37 100 41
4 9 98
88 16 14
5 42 56
7 61 69
91 89 94
48 90 52
72 49 82
71 51 25
45 61 21
25 86 63
70 46 2
76 92 57
84 39 95
84 56 22
23 39 51
31 35 79
22 98 3
82 48 75
7 33 92
10 9 17
48 92 16
49 42 7
73 76 18
61 49 68
48 35 30
45 84 88
98 53 29
51 34 88
91 68 38
15 39 81
76 51 21
83 48 26
66 54 79
28 3 15
80 95 40
36 25 71
28 60 41
55 100 56
90 50 56
62 36 24
55 49 10
80 18 32
84 11 66
76 71 46
79 38 12
8 31 5
61 52 2
70 78 3
57 25 51
33 57 48
80 61 71
88 4 47
97 54 4
31 67 28
94 4 82
13 37 92
64 73 89
53 81 76
89 55 65
77 22 74
17 10 44
30 17 13
70 20 90
48 71 58
36 58 21
56 56 46
43 44 68
46 9 12
76 27 11
25 76 95
7 55 99
42 2 18
56 78 43
62 20 74
80 85 49
33 61 99
36 81 60
46 41 51
96 78 6
66 69 27
50 3 97
29 36 99
44 61 60
79 8 4
26 6 83
59 18 73
35 70 78
4 38 26
70 75 38
68 47 13
76 9 43
51 66 90
82 73 24
40 40 53
69 95 32
56 93 39
47 13 88
68 50 51
41 73 81
39 100 60
7 28 6
43 3 44
53 51 45
33 77 2
10 96 92
6 97 63
73 72 32
70 49 79
81 28 37
85 75 15
65 59 23
38 7 94
13 37 63
65 28 30
50 16 59
60 41 99
46 4 84
53 47 38
33 96 15
7 67 83
59 6 17
71 67 13
81 30 86
81 7 31
92 84 98
50 34 10
64 27 7
85 67 47
11 44 47
87 2 53
44 72 76
22 40 94
87 19 68
91 54 26
97 45 61
65 53 51
58 94 22
99 41 72
100 42 91
71 99 90
65 97 68
66 57 34
74 30 68
21 8 30
85 70 49
19 47 48
45 55 53
84 39 72
76 96 13
55 18 50
65 63 9
79 3 98
85 88 43
77 86 14
64 19 33
30 66 69
24 17 59
73 54 68
38 56 87
13 58 52
66 36 20
73 84 63
51 97 48
55 58 74
12 75 17
72 8 67
62 73 89
9 18 95
53 36 95
53 14 23
38 88 10
12 74 2
31 21 24
49 48 34
68 40 32
15 36 72
80 26 3
95 33 28
29 21 93
76 5 20
92 73 65
86 36 40
48 85 43
50 60 32
21 66 39
52 7 60
97 42 89
55 17 26
54 27 66
40 98 30
16 100 36
21 21 31
66 46 58
84 57 13
10 98 26
31 82 70
40 11 20
13 5 55
43 90 87
29 81 32
4 68 85
68 41 22
91 8 33
62 18 51
62 50 77
16 41 5
68 11 18
79 21 36
53 62 38
34 12 35
76 55 76
41 22 53
26 20 53
46 55 90
14 85 8
14 2 89
77 98 35
47 3 13
55 14 85
89 55 32
43 46 2
76 4 54
24 61 22
88 65 7
96 24 1
90 18 7
30 75 92
39 61 72
98 69 51
99 6 49
3 16 63
13 17 26
24 23 63
88 22 41
25 85 10
56 48 79
57 62 13
64 7 55
62 77 99
23 76 100
3 62 28
49 46 50
96 97 57
46 46 72
84 26 17
47 4 97
31 76 71
93 77 52
24 54 63
84 85 47
39 84 98
86 81 93
2 81 69
38 55 74
27 64 42
81 28 86
99 4 15
85 27 51
60 60 29
9 83 54
36 51 24
36 41 100
36 3 84
34 76 22
60 68 54
85 51 93
16 73 45
69 73 42
2 61 50
47 65 61
23 71 46
68 59 82
98 33 92
48 6 13
98 29 46
10 18 40
65 29 100
42 35 33
62 40 91
42 3 30
31 47 49
61 25 58
65 66 40
57 31 41
80 77 65
100 5 46
90 40 61
54 46 21
99 27 1
20 15 49
42 66 89
75 66 31
4 10 85
32 78 63
54 19 8
94 94 58
15 10 96
74 69 90
85 21 77
14 54 96
61 6 70
28 89 50
61 73 46
58 63 4
99 77 94
37 12 3
6 47 98
90 38 49
71 7 66
48 56 1
27 41 76
48 85 9
89 62 57
50 94 81
100 41 7
55 100 39
44 29 56
83 11 56
82 84 3
30 14 43
46 65 24
55 52 94
25 80 61
51 58 46
57 24 20
84 92 23
90 19 96
89 24 65
93 96 16
89 43 68
75 57 16
3 23 47
68 55 52
68 55 100
95 51 87
16 79 68
33 32 51
80 82 43
39 17 28
37 80 64
92 60 29
65 24 100
31 83 13
12 92 70
54 64 91
31 24 21
13 15 8
87 57 4
16 73 91
15 48 14
56 74 5
32 89 87
68 60 27
29 93 65
40 46 60
81 58 11
58 9 84
91 2 69
99 72 60
17 44 84
10 60 64
33 68 75
54 62 12
85 77 76
35 72 50
38 41 81
65 48 9
5 12 62
33 71 29
75 79 88
58 95 1
98 10 79
2 37 15
74 85 26
13 49 38
66 74 50
80 97 34
53 71 7
77 69 50
29 20 32
23 63 75
97 4 88
38 80 29
14 24 60
68 62 12
79 18 73
44 23 75
24 59 54
17 37 47
73 14 84
26 11 29
23 47 15
88 75 59
69 40 25
46 75 14
10 89 72
64 99 71
33 92 82
46 24 81
59 77 76
91 44 85
25 72 53
48 91 77
18 47 82
10 72 77
97 90 94
52 16 8
89 63 67
70 12 38
96 69 36
68 1 65
83 2 69
52 1 31
33 46 60
3 76 94
49 50 60
91 56 73
3 18 89
84 37 92
47 92 97
17 89 21
57 92 47
79 52 77
16 43 3
40 35 92
83 41 77
13 100 51
71 42 99
46 23 48
52 69 53
99 15 13
40 81 5
41 89 5
16 47 78
79 50 56
92 75 44
51 46 39
43 74 29
11 71 27
31 96 79
15 88 33
72 69 46
31 82 44
53 30 19
19 71 76
15 56 31
32 9 47
4 89 53
59 84 3
36 1 65
99 24 46
41 55 50
31 48 14
41 69 52
79 39 66
69 71 60
12 58 27
3 92 43
88 76 21
3 85 33
4 50 77
71 62 37
53 3 85
95 71 87
26 72 90
73 43 38
78 75 14
5 45 7
9 62 8
7 40 18
11 31 36
71 26 86
100 23 15
51 93 20
11 49 44
6 35 14
60 39 31
46 5 36
23 98 49
50 63 54
62 26 75
63 46 61
4 11 41
46 48 44
9 61 71
66 70 35
48 91 52
65 55 65
5 24 60
30 89 64
36 30 96
76 69 27
88 40 7
4 94 42
12 9 4
75 58 45
1 97 49
71 89 80
36 46 20
23 74 60
78 40 53
58 14 84
27 69 21
39 97 70
40 69 89
76 73 11
31 73 7
60 80 27
39 8 30
34 98 88
82 83 86
98 26 9
44 87 55
81 37 86
9 67 68
31 90 39
30 75 84
73 41 90
9 60 65
21 80 100
4 58 74
84 67 6
70 69 32
31 15 3
94 22 24
78 82 49
97 33 44
78 86 92
21 31 99
44 79 6
59 65 100
94 18 56
17 22 51
78 15 86
30 42 99
96 88 23
62 93 99
81 55 95
42 67 84
29 4 48
25 33 48
64 80 90
70 83 49
49 92 15
83 19 62
23 57 15
82 62 82
46 78 88
87 10 63
85 11 18
52 9 38
93 94 81
1 99 27
85 27 1
67 69 2
30 13 49
52 72 65
93 7 77
1 73 89
17 44 70
77 13 88
23 71 21
35 49 6
21 11 77
54 29 80
75 43 57
20 32 2
85 3 13
54 67 47
26 75 70
41 88 6
27 66 45
94 60 31
58 16 70
38 69 77
22 62 49
100 53 66
33 93 55
97 81 18
43 12 10
68 56 58
20 4 38
99 20 77
97 57 30
59 65 90
69 94 41
17 82 96
64 93 25
86 5 87
78 28 82
85 86 3
30 49 38
24 37 43
92 32 27
100 55 39
93 15 54
26 58 2
86 6 79
88 64 40
10 61 100
13 37 59
45 68 88
67 41 95
45 71 31
88 100 29
3 46 56
60 82 19
38 72 50
94 76 87
8 50 31
19 92 43
40 22 31
22 70 86
27 91 11
46 68 59
46 44 12
6 6 19
63 88 62
35 8 84
37 2 21
61 90 93
95 96 70
69 27 56
91 91 1
68 5 89
28 30 88
49 68 23
32 52 2
94 82 44
23 74 89
27 97 10
85 11 55
31 97 10
20 85 15
70 40 7
52 80 18
29 46 66
39 68 6
83 35 19
64 50 93
52 12 44
52 7 87
18 94 90
19 75 83
78 31 41
61 95 1
69 69 74
16 79 28
32 71 60
41 9 12
13 38 67
93 59 23
43 99 56
84 44 92
87 81 2
85 84 78
17 98 96
8 37 79
2 4 43
5 91 87
33 8 88
21 93 76
5 38 44
40 79 17
5 76 80
12 17 30
86 56 2
10 32 11
13 38 59
7 87 42
84 53 31
89 9 79
25 4 82
17 9 6
69 69 39
30 84 3
40 73 52
65 41 94
65 35 82
83 38 85
43 1 100
22 1 36
13 68 17
74 85 78
14 56 77
20 33 43
83 53 73
80 9 75
57 38 12
23 1 2
90 2 24
42 62 79
94 62 68
50 31 40
31 29 100
14 55 7
20 19 12
2 77 24
22 65 46
54 6 68
90 48 15
24 100 89
96 3 37
4 100 36
71 13 59
30 61 32
92 30 54
44 26 59
29 85 23
85 44 23
23 8 13
21 60 58
74 14 37
69 89 93
84 55 39
37 74 5
55 35 16
29 24 66
99 20 40
92 41 11
6 81 36
58 46 73
35 68 47
86 50 60
59 49 34
62 30 79
6 27 91
67 75 86
30 79 38
91 36 71
17 73 50
39 68 57
53 66 20
64 83 44
42 79 13
4 94 32
37 66 73
76 100 36
56 82 33
79 87 81
91 10 62
24 44 13
35 89 18
74 52 66
5 99 95
55 93 91
100 68 78
8 1 56
90 22 69
52 21 64
93 34 57
93 53 77
11 4 84
83 38 67
12 12 67
44 62 70
32 66 11
21 68 43
9 43 70
66 73 1
67 22 66
93 99 25
1 44 70
82 97 16
46 13 83
24 63 57
32 49 4
9 42 91
28 41 1
54 55 24
8 26 44
29 40 25
68 7 61
72 78 15
54 40 89
78 8 6
23 18 2
47 66 74
74 96 68
71 99 40
76 52 55
53 19 63
100 57 30
89 65 73
15 37 68
56 4 62
92 43 6
4 19 3
61 91 94
24 78 35
78 86 83
26 99 71
75 61 7
72 96 17
69 26 86
83 6 84
49 83 8
18 90 18
46 31 72
86 74 24
55 4 54
94 28 70
62 52 76
65 12 59
44 23 35
86 63 19
19 88 48
78 21 71
50 26 19
43 58 45
91 63 85
43 81 77
73 54 38
20 46 73
59 80 42
39 66 46
5 95 31
53 40 45
41 83 38
97 95 40
13 67 19
38 34 96
14 100 65
32 82 96
6 24 50
92 95 66
89 14 47
17 7 51
38 90 69
68 28 54
15 44 48
25 52 55
43 91 5
9 49 16
17 65 21
58 46 61
89 23 78
22 53 2
100 22 21
25 84 33
38 41 7
46 47 43
28 91 20
100 63 92
8 12 23
86 81 56
63 89 95
72 24 36
13 29 55
79 83 16
71 32 95
43 58 39
37 81 65
82 91 24
57 22 31
59 13 88
40 70 35
74 72 90
40 40 66
60 74 90
69 35 70
43 2 58
68 99 89
26 82 9
69 89 69
49 35 13
30 96 47
65 77 39
25 10 28
32 72 29
78 29 40
82 53 1
9 21 69
88 65 29
64 93 66
30 53 100
48 98 33
88 83 59
76 4 57
96 21 77
74 80 50
24 27 87
54 90 41
95 52 45
31 13 59
67 49 16
64 45 94
67 62 17
33 97 37
62 45 36
8 57 43
87 75 68
50 58 50
59 64 56
63 78 15
97 11 74
54 5 46
28 10 26
81 46 36
42 73 22
96 24 55
70 32 24
95 62 75
69 98 97
89 8 13
85 28 97
78 28 37
51 100 40
52 68 26
68 85 48
26 27 74
98 1 50
34 29 2
79 26 70
94 5 42
64 34 79
19 29 65
98 58 39
62 11 51
97 24 32
29 90 80
25 31 39
84 62 23
29 56 80
21 67 44
38 91 65
69 32 60
35 21 77
25 96 17
32 17 37
17 79 8
50 94 7
61 85 48
10 54 44
96 97 68
80 93 61
51 98 3
48 84 44
48 52 18
87 78 82
95 45 20
58 91 53
61 66 89
69 6 97
47 50 51
89 31 99
80 24 60
8 67 15
37 28 43
78 70 35
91 61 25
13 75 38
32 30 48
56 28 15
24 45 66
66 42 24
59 12 57
76 58 91
91 71 89
47 68 47
39 48 6
18 42 50
67 63 43
38 96 44
8 63 15
81 5 11
9 73 42
49 84 96
15 77 61
69 25 100
85 99 42
89 36 69
82 9 19
34 53 46
62 35 44
27 13 9
87 57 6
30 76 31
83 73 5
85 40 89
94 41 24
15 74 18
34 11 66
32 40 72
22 25 94
6 72 94
34 48 79
12 64 18
50 29 72
72 34 6
41 1 31
40 39 65
44 15 49
59 95 24
52 5 100
44 35 49
14 53 2
66 6 15
52 65 52
7 49 86
100 30 14
91 37 44
6 92 63
50 82 26
4 2 53
98 78 14
52 18 71
81 49 38
57 42 18
96 37 78
98 62 34
28 92 30
43 2 18
27 70 3
48 3 19
41 96 33
7 52 100
50 100 2
11 35 97
78 17 49
37 2 55
92 93 55
83 39 95
64 84 59
73 31 21
71 14 84
89 82 84
32 29 95
93 88 38
75 90 41
36 70 23
44 28 15
7 73 100
53 17 14
37 52 40
12 24 60
75 21 91
97 47 85
100 53 66
53 66 76
56 6 68
4 91 50
65 61 7
66 78 97
24 9 6
99 93 51
36 36 46
62 84 43
38 42 46
93 66 93
53 76 22
59 66 21
16 28 62
88 44 78
10 67 38
2 63 68
50 65 73
66 63 13
3 7 27
42 85 6
10 59 38
88 32 56
41 57 78
8 51 95
66 84 96
14 98 19
10 13 88
78 5 32
34 1 22
76 11 65
28 55 69
57 75 23
82 76 27
36 24 72
49 65 94
32 35 96
61 13 9
33 90 69
29 42 56
83 89 60
2 78 15
48 88 78
100 47 97
79 86 13
76 53 72
48 15 82
28 35 62
82 100 66
8 15 12
68 19 97
82 77 1
8 27 36
60 43 47
65 72 91
15 53 42
90 32 90
78 45 21
9 16 57
31 95 64
92 15 85
2 78 54
30 76 25
65 62 59
37 70 88
74 94 64
25 60 94
16 13 92
39 13 86
66 31 91
81 11 99
36 24 7
86 2 52
31 20 29
82 11 18
98 7 32
66 94 58
62 9 85
4 52 5
26 22 64
86 94 93
74 8 49
40 72 53
26 61 81
48 38 78
21 44 85
98 19 12
97 27 31
4 11 64
32 24 45
67 53 21
42 91 22
5 29 87
57 13 23
52 16 3
31 58 18
28 4 78
40 68 16
19 19 98
8 23 28
91 88 62
75 4 98
12 87 39
96 68 78
16 72 7
78 41 53
10 89 31
35 47 48
45 93 36
16 31 74
45 2 5
40 92 16
35 80 71
75 52 51
86 74 46
33 94 52
98 94 5
13 43 82
68 58 72
75 35 82
31 5 45
45 44 37
96 24 66
20 42 95
23 7 90
36 76 66
38 50 31
83 33 88
12 49 86
66 86 38
36 35 92
22 77 11
11 66 7
20 83 17
63 70 59
11 35 10
81 87 45
42 24 71
77 84 12
10 18 69
37 73 74
52 14 23
49 28 68
36 14 59
82 28 83
17 37 10
15 65 71
48 39 80
4 27 50
29 79 88
13 47 96
26 5 55
57 55 2
66 17 10
5 59 97
11 60 55
60 78 10
10 17 62
21 76 72
8 85 34
60 97 57
14 56 7
6 54 85
18 76 87
99 28 62
47 23 96
44 19 96
8 71 65
10 63 96
7 17 47
36 27 76
90 49 75
88 41 20
81 78 86
14 94 71
50 48 28
28 96 82
12 88 47
83 7 80
99 2 55
91 55 58
94 31 81
69 73 2
42 82 19
85 37 12
44 93 29
73 28 44
44 92 86
16 88 63
42 62 49
68 12 43
61 84 97
70 95 73
39 67 75
55 47 19
30 72 91
5 77 66
76 17 70
84 86 85
91 51 81
60 85 34
57 2 29
24 98 4
24 39 76
56 27 25
36 18 60
15 95 53
18 32 18
86 83 17
12 64 7
17 84 33
22 60 31
28 31 39
63 93 53
49 90 22
6 60 11
70 23 6
70 86 10
2 31 36
2 32 22
34 32 61
42 35 10
98 69 27
49 99 52
52 35 4
56 86 44
14 65 61
20 56 32
83 11 61
39 31 90
66 3 83
39 71 39
32 97 33
79 6 79
23 100 65
89 24 61
53 91 27
60 50 61
77 4 6
32 48 47
15 55 81
46 65 21
32 91 69
61 25 53
17 56 61
88 90 61
60 84 83
58 44 8
21 20 93
89 26 85
21 8 19
70 7 71
91 19 12
48 12 48
76 41 45
79 85 75
57 76 36
100 100 5
67 66 32
90 9 83
81 79 43
2 68 49
5 16 48
8 85 9
68 36 60
47 2 41
24 71 7
43 58 91
67 53 11
30 72 41
86 74 36
87 96 28
63 54 37
48 26 19
4 54 62
40 3 23
90 27 11
8 7 51
50 88 68
83 64 100
78 6 9
49 29 61
44 42 46
46 81 73
29 62 47
48 50 51
7 95 53
62 60 1
6 54 14
4 34 35
64 56 25
28 49 4
93 8 49
1 97 3
17 94 7
69 23 12
22 75 35
45 83 6
6 28 30
100 96 92
87 39 36
56 45 32
82 19 79
79 96 37
66 83 84
42 78 10
8 92 16
19 31 51
21 18 66
85 10 44
50 51 11
67 82 70
6 70 98
66 77 41
84 40 1
39 3 16
21 36 50
77 35 26
99 69 74
63 38 63
69 70 9
78 61 52
94 7 64
54 16 44
84 74 69
57 62 88
59 27 58
98 89 39
2 28 85
15 15 14
33 98 15
78 41 31
85 58 61
26 75 97
91 23 82
69 49 54
46 53 11
14 36 39
85 46 51
64 84 12
84 23 37
34 43 19
36 65 53
49 58 29
68 77 81
55 54 83
2 71 74
53 86 97
38 6 63
94 80 5
85 58 31
81 85 98
99 12 38
45 1 72
22 61 76
81 18 21
15 83 85
58 76 53
5 20 42
42 99 66
95 65 39
24 41 91
69 57 59
18 43 70
12 95 61
11 64 93
30 54 70
88 24 81
100 66 64
42 85 37
37 1 39
47 97 78
26 40 51
84 28 83
26 37 96
63 14 13
48 10 8
90 93 90
51 85 12
9 94 64
33 7 60
56 100 31
21 96 3
10 39 94
37 43 82
98 25 20
67 53 64
8 15 43
74 89 42
11 89 95
67 15 26
1 81 46
24 65 7
23 75 62
33 23 54
40 3 14
60 68 98
39 26 4
59 41 74
80 67 15
69 5 65
4 98 92
59 65 61
70 50 39
56 57 47
61 36 50
7 81 20
20 32 80
76 37 57
20 63 62
50 99 21
43 66 81
82 95 87
67 39 29
27 47 34
14 75 96
23 54 83
21 16 84
21 78 16
96 88 28
57 42 95
51 28 43
86 72 60
27 26 96
37 8 85
45 18 60
6 69 7
69 28 86
65 94 25
38 48 70
15 23 28
58 6 84
38 26 85
35 41 24
23 53 76
22 37 57
35 1 25
27 77 32
63 54 23
1 68 78
19 16 10
15 85 68
15 13 12
44 59 83
80 77 76
48 86 26
28 96 78
31 81 5
76 36 69
64 98 10
68 15 59
39 55 89
59 26 88
36 98 96
68 11 69
10 87 2
38 97 13
97 13 70
57 32 22
1 86 88
10 98 68
73 69 40
58 23 92
43 60 72
8 96 70
52 90 51
81 51 61
86 12 85
86 5 39
62 73 31
7 45 53
93 73 41
12 65 25
63 45 50
23 16 6
89 13 82
56 26 17
6 67 35
45 10 17
40 94 42
86 52 29
6 53 61
62 81 95
35 47 16
86 27 7
96 43 17
20 18 2
28 27 71
99 73 93
81 48 83
26 26 57
39 100 76
75 30 54
47 79 78
76 61 64
85 69 51
62 26 48
14 79 30
36 48 38
45 54 34
67 53 56
33 54 37
11 68 57
61 43 82
31 22 60
38 73 1
40 81 87
96 35 13
56 40 1
34 47 48
43 31 58
16 14 26
19 4 97
92 56 51
79 60 7
10 46 18
92 4 86
50 21 7
3 88 86
36 66 31
10 41 32
37 40 45
81 98 16
39 64 53
64 27 65
1 41 52
43 78 34
3 90 25
12 50 32
13 93 36
42 4 62
22 97 63
94 79 48
53 28 38
83 31 64
38 36 39
19 15 86
24 20 18
3 39 89
76 64 66
97 100 55
86 41 81
37 43 79
4 46 32
39 72 56
37 24 76
16 85 3
83 61 2
92 40 64
47 92 96
87 88 43
59 66 29
56 63 34
20 17 75
40 78 33
48 29 91
58 92 59
99 66 29
45 76 7
80 90 51
26 65 21
70 7 56
100 91 27
1 73 87
86 28 26
56 91 42
46 100 45
70 69 66
65 3 28
26 79 19
4 43 79
73 39 41
98 45 64
64 34 83
29 71 89
56 81 87
60 85 14
86 14 83
81 42 22
22 11 74
31 50 53
53 98 10
85 46 25
37 5 45
42 71 32
18 5 60
93 92 8
84 94 76
3 14 62
83 27 60
62 41 73
17 93 11
36 39 61
47 21 22
24 15 79
60 83 49
84 51 91
10 57 63
35 38 17
48 94 80
86 62 44
51 81 42
3 2 51
65 76 93
14 14 83
10 53 52
80 78 82
21 86 13
9 15 97
1 10 35
78 7 90
47 23 84
97 32 94
18 57 15
4 12 28
22 93 61
48 89 18
63 95 90
33 16 49
47 26 37
21 91 72
79 90 95
1 15 14
85 27 87
83 15 67
56 75 97
13 75 44
37 29 25
32 86 79
48 47 34
36 12 63
9 44 13
69 75 68
42 20 39
16 3 68
88 71 50
39 16 98
88 42 52
41 13 98
12 31 76
70 52 61
51 83 43
77 1 24
5 30 79
8 42 87
99 39 73
19 76 29
65 56 40
47 61 58
36 29 60
18 54 62
95 51 77
81 80 36
77 58 80
10 55 94
77 56 45
90 8 78
5 33 59
8 48 3
96 66 27
98 97 30
31 32 41
12 66 74
73 42 77
23 43 26
28 5 73
58 36 55
36 89 22
24 90 69
76 81 76
26 11 90
30 20 50
35 96 43
89 30 68
7 16 92
92 48 13
81 32 100
3 15 82
31 36 66
27 18 39
7 90 93
86 82 12
16 5 80
49 81 36
50 10 63
45 40 2
73 26 35
84 85 82
35 11 60
31 59 28
52 35 82
6 20 39
54 63 44
85 5 80
45 37 75
51 7 32
50 84 70
93 12 13
48 40 100
69 8 88
29 50 27
82 23 70
92 78 3
76 75 98
26 38 79
52 42 89
91 28 75
19 60 80
23 53 76
36 3 86
26 37 98
99 61 72
68 65 87
48 97 4
80 90 95
29 35 54
55 4 92
35 51 46
38 54 16
17 22 66
42 86 70
26 14 54
39 34 17
7 20 74
78 35 68
26 59 75
9 24 94
79 52 21
76 33 57
89 45 18
6 26 63
33 76 25
97 1 81
60 30 38
21 78 44
50 26 15
82 79 37
36 54 67
13 38 97
74 2 31
75 29 58
4 5 51
78 84 35
84 40 18
71 99 61
56 22 60
28 64 76
42 67 92
56 1 52
14 55 27
37 16 82
32 80 69
76 97 85
50 82 88
58 34 33
69 73 100
51 45 89
85 39 25
19 61 25
32 71 90
30 28 85
55 97 9
45 100 27
26 69 21
7 33 98
76 33 57
48 44 34
33 70 48
74 76 65
17 54 13
11 33 75
45 100 71
57 73 24
52 19 37
3 83 13
57 67 34
91 69 2
75 16 75
74 11 39
56 42 31
13 19 79
7 54 8
64 80 7
57 72 50
17 11 52
69 81 77
4 70 62
18 8 13
66 67 82
34 14 88
68 14 37
30 79 44
55 35 13
86 41 64
7 12 15
28 38 78
100 21 31
51 98 35
1 77 71
35 3 83
54 36 56
21 77 53
68 79 68
47 97 44
65 70 78
100 22 77
83 49 62
64 26 97
91 14 88
67 26 97
11 64 90
65 64 87
29 28 67
60 15 54
96 35 84
59 32 56
41 57 33
15 25 76
63 67 63
84 8 19
13 91 74
63 20 74
95 56 71
98 60 69
42 58 61
41 52 81
81 89 71
39 83 43
18 78 37
83 71 25
31 48 35
86 14 85
94 9 37
3 51 69
90 52 51
31 21 18
91 36 51
81 83 3
34 4 98
77 21 76
2 96 48
65 27 76
95 78 13
72 6 54
45 3 23
41 51 52
45 78 68
96 94 91
49 27 2
54 53 41
67 67 12
16 80 64
18 68 97
16 2 39
59 37 9
44 93 29
56 100 99
13 2 77
30 85 23
21 86 30
70 97 38
78 67 85
68 12 49
47 82 49
97 47 62
74 30 75
2 40 76
49 83 15
6 46 100
86 56 77
25 23 98
51 25 69
89 38 43
80 88 37
75 54 13
57 2 74
98 62 3
23 96 13
1 60 81
32 84 63
39 28 15
90 51 25
83 11 50
80 9 43
81 10 8
75 47 43
38 6 78
51 6 78
56 42 32
35 22 69
23 92 26
55 38 6
62 49 70
64 17 30
34 18 46
65 61 21
68 40 89
26 54 79
30 40 94
54 36 100
15 37 34
9 18 29
82 87 77
54 88 4
42 63 47
13 28 43
12 94 61
50 7 50
65 8 84
87 68 26
50 9 12
100 9 33
95 54 4
95 86 68
60 72 73
40 15 28
45 27 56
83 100 21
36 15 30
27 45 89
3 88 26
39 33 19
58 42 61
23 13 33
7 32 50
91 48 88
82 91 42
100 81 32
69 70 4
25 17 14
39 98 86
29 11 81
19 23 15
93 25 58
25 34 44
63 33 9
77 27 20
86 98 96
2 52 72
43 15 10
83 96 34
30 16 82
13 66 56
51 58 81
80 9 48
4 41 27
69 30 48
6 73 58
26 4 78
40 9 86
30 72 52
60 94 7
86 92 62
24 40 72
59 9 43
58 19 88
51 94 80
34 11 65
8 78 19
47 89 52
38 95 73
68 19 3
32 75 92
14 96 14
96 67 35
69 82 47
46 52 76
73 30 43
43 66 50
85 66 1
69 58 91
62 46 50
10 15 79
76 18 60
4 14 15
38 7 76
42 89 45
3 83 92
7 71 40
98 44 75
52 75 92
78 90 20
71 18 22
85 92 97
24 56 69
80 2 55
31 64 81
12 22 95
16 41 18
60 88 17
83 68 34
44 57 34
11 36 7
60 52 61
13 50 39
4 59 78
57 26 63
34 99 87
20 14 28
46 4 23
53 80 94
59 24 56
3 72 46
42 66 71
22 17 43
14 32 50
61 38 6
90 9 16
2 47 17
12 74 2
21 54 13
85 65 99
4 81 7
38 55 27
5 59 15
83 61 50
57 40 94
99 36 53
70 76 95
38 12 57
32 55 76
33 9 13
22 83 63
33 27 31
94 23 59
68 69 52
12 2 24
27 9 48
54 25 51
59 18 69
32 3 84
94 64 99
94 5 45
85 82 43
35 45 20
99 88 4
16 32 74
66 35 88
75 13 59
57 73 5
4 8 16
2 91 53
13 73 46
5 80 22
41 69 91
99 79 38
86 35 38
53 16 92
70 30 34
96 8 15
90 80 76
55 17 54
92 6 67
32 54 35
24 7 39
22 43 17
33 68 43
55 68 28
69 99 29
56 25 1
99 93 5
54 91 100
20 26 28
32 79 75
82 50 7
99 95 2
54 28 15
95 65 18
87 13 97
74 51 55
7 69 36
2 24 50
65 66 40
54 39 80
70 68 16
35 52 95
80 28 79
80 38 28
22 71 95
5 81 2
35 15 35
93 69 18
7 30 63
1 76 45
55 5 27
36 15 49
53 62 30
23 41 22
55 69 25
15 48 85
20 82 85
87 100 39
16 51 21
71 52 7
90 77 7
24 1 11
40 79 33
94 100 66
28 31 27
55 48 54
69 78 30
2 95 27
32 60 95
5 58 39
36 91 42
26 70 98
43 68 67
39 93 22
1 64 46
42 78 16
43 63 3
16 55 91
44 92 57
68 40 65
93 54 10
29 20 76
54 37 17
47 92 28
25 10 86
87 44 23
35 25 24
2 75 82
95 3 30
74 38 37
54 62 84
15 36 46
45 55 80
31 7 69
27 90 58
76 70 33
8 30 17
8 31 80
51 18 27
55 85 57
18 30 54
89 30 85
68 77 94
88 30 96
38 74 53
68 59 9
17 40 77
65 2 95
27 11 2
99 29 50
7 29 87
56 63 97
47 84 59
65 21 71
56 89 61
75 76 77
17 15 98
27 49 62
4 48 10
3 60 64
95 5 29
55 100 27
83 100 45
97 93 18
62 99 21
61 64 73
27 31 56
14 89 90
20 10 16
39 76 18
83 7 53
74 11 99
37 48 16
59 44 48
47 39 46
38 50 20
5 18 29
55 31 41
87 11 24
94 22 73
94 52 56
53 72 22
65 6 9
20 73 11
79 45 36
95 7 74
77 21 80
81 98 35
67 96 17
63 13 19
60 41 21
44 73 45
4 15 70
1 92 54
78 46 1
42 90 7
40 72 74
24 68 75
84 47 49
61 45 29
40 48 10
78 99 74
14 96 43
99 12 43
29 29 58
78 15 57
62 100 41
6 26 12
6 19 62
44 95 51
15 64 66
61 55 24
87 45 5
18 66 64
30 16 47
79 11 46
100 99 11
79 2 89
54 62 83
16 46 31
13 39 94
88 30 44
79 49 37
87 67 37
28 8 12
58 5 56
39 76 25
4 12 49
47 53 20
39 39 11
55 85 98
87 55 39
40 60 76
41 30 34
21 13 86
67 64 21
97 78 88
31 36 80
15 96 26
26 27 80
35 37 9
21 38 54
13 99 18
85 60 87
6 100 25
40 97 26
13 15 9
96 27 66
20 12 17
7 80 24
76 79 78
67 23 19
64 33 30
2 90 81
86 6 9
75 88 35
35 43 79
6 93 87
46 97 47
99 97 62
87 43 92
66 45 95
15 49 96
65 40 87
56 27 41
48 14 26
12 52 40
36 47 85
20 70 19
100 23 17
8 11 45
43 29 74
2 52 77
28 55 72
5 96 48
79 6 34
1 52 100
5 41 53
66 42 77
29 51 21
85 83 97
92 1 69
97 14 75
97 63 92
82 44 78
51 45 31
28 34 68
25 21 73
18 33 28
82 80 95
22 52 95
62 36 45
55 9 8
32 18 50
63 61 53
21 72 81
42 49 92
57 13 19
64 3 33
25 35 47
88 68 78
4 2 20
67 45 71
10 4 86
25 82 63
59 79 3
55 7 99
69 68 34
13 86 97
19 65 22
83 54 17
51 86 28
99 100 18
75 79 75
14 23 97
42 41 89
20 45 51
30 95 87
76 72 99
61 20 25
21 56 87
75 60 41
23 44 4
43 89 58
27 81 53
39 59 62
45 11 66
23 25 51
77 60 69
14 77 11
95 58 72
55 9 43
75 22 21
62 44 48
73 40 77
89 72 18
18 31 21
9 13 68
32 70 3
60 94 100
35 19 3
93 21 65
76 33 83
3 60 45
59 100 81
35 73 91
53 76 41
77 22 20
1 5 1
49 21 64
7 22 73
81 42 41
58 57 82
62 36 20
96 97 35
66 94 60
98 97 13
22 21 11
14 39 52
87 74 66
24 52 5
81 62 68
31 24 18
97 53 65
9 82 78
8 20 81
79 8 85
73 99 89
16 40 99
64 7 89
99 58 93
83 80 58
30 3 16
26 10 47
63 96 54
83 63 17
18 45 46
99 94 64
39 82 48
22 65 91
92 92 84
47 49 14
84 2 50
88 89 52
75 67 8
23 86 30
89 69 60
36 68 57
52 52 42
83 66 31
4 32 7
92 37 17
37 1 46
40 2 22
94 30 86
90 78 34
86 40 11
30 22 51
78 77 24
4 46 95
19 46 66
31 88 33
99 13 37
95 24 87
61 64 2
77 17 34
69 18 64
1 27 77
24 39 99
86 5 25
54 62 44
30 20 77
59 6 88
62 16 62
60 62 38
77 22 60
86 49 75
33 45 87
36 94 32
63 61 42
99 20 7
87 92 63
50 81 53
3 23 79
62 78 86
10 21 71
24 94 76
50 15 59
66 17 15
77 75 97
83 67 30
4 66 39
11 85 67
31 17 83
30 60 20
32 55 87
54 73 100
77 46 69
70 55 91
37 29 5
92 85 88
99 9 44
69 97 4
59 13 85
87 18 71
18 36 69
23 37 75
1 48 97
85 92 44
81 26 37
79 20 87
5 56 66
79 26 16
97 77 58
44 38 43
75 39 42
67 20 52
79 51 60
53 60 42
74 30 8
58 100 87
48 85 19
88 27 99
50 78 96
4 84 9
38 3 97
34 89 32
68 69 66
21 62 30
77 38 84
39 2 29
8 69 24
22 98 17
28 45 5
100 81 71
26 7 93
91 82 92
91 80 27
51 59 37
63 89 46
95 81 60
90 98 9
21 28 70
10 77 100
70 20 80
7 25 91
68 70 78
66 84 78
9 60 93
91 62 84
47 74 81
58 4 30
40 30 43
11 89 99
41 32 72
89 23 16
74 18 41
55 45 22
67 68 10
91 21 46
80 33 34
23 96 43
43 14 3
89 24 5
82 11 24
63 90 80
50 97 67
6 8 38
51 61 65
43 81 74
4 46 27
49 76 41
65 63 30
57 31 11
100 81 58
17 74 36
89 50 45
52 86 34
72 77 71
20 10 19
86 14 34
52 16 38
89 73 45
47 16 67
10 39 7
58 5 24
50 68 35
59 16 13
72 89 31
80 35 86
23 74 20
88 5 64
10 64 50
9 26 84
8 13 10
90 11 21
39 89 5
47 43 26
100 94 76
69 92 38
33 87 31
38 24 91
58 65 90
13 11 31
99 73 100
49 76 36
3 8 23
45 43 6
90 46 93
100 77 66
30 44 54
1 27 25
83 11 71
59 84 92
89 64 65
87 99 91
5 42 72
48 28 68
21 31 93
34 20 21
21 7 60
9 84 13
51 85 70
21 10 19
12 38 98
48 73 87
58 44 28
32 6 15
30 26 86
33 90 89
50 64 21
71 19 79
1 97 13
70 74 64
5 90 27
24 6 38
59 30 17
9 76 20
6 29 55
69 85 30
25 66 45
74 39 91
10 15 75
37 67 34
25 24 94
12 52 32
95 79 68
81 67 23
30 46 71
21 55 18
81 88 44
59 61 69
94 19 17
24 45 94
70 61 69
98 100 2
60 7 73
19 99 81
60 15 19
31 79 43
30 62 14
54 95 69
98 97 6
77 89 45
71 51 5
93 93 50
65 76 66
33 17 38
61 37 82
99 94 24
49 39 99
95 57 8
78 10 68
31 71 66
38 53 87
2 73 52
8 11 29
22 8 86
39 51 91
48 100 42
3 66 32
63 99 71
20 57 13
59 14 26
71 40 69
30 86 23
68 30 10
7 81 94
74 28 43
38 57 14
55 16 34
8 21 11
26 30 47
88 56 22
91 31 61
23 54 48
76 99 52
50 3 75
17 19 75
59 8 84
35 49 3
4 84 6
74 1 29
30 2 11
97 59 49
49 1 11
9 94 20
21 30 49
48 96 84
55 73 41
53 48 26
69 53 52
94 30 83
55 43 62
34 90 5
31 99 87
34 56 7
49 86 13
25 72 21
2 16 98
91 34 13
65 95 90
44 42 21
57 12 30
96 50 22
46 91 11
6 29 87
62 73 95
57 58 22
57 14 68
93 32 40
72 97 38
27 67 43
29 100 39
70 73 89
19 16 38
44 7 56
88 51 69
63 55 69
67 3 23
21 2 81
90 72 74
56 22 69
45 87 50
59 44 92
22 10 23
53 99 76
41 66 7
58 84 13
22 85 35
60 13 96
93 39 73
55 71 99
13 29 66
97 28 23
37 62 3
59 11 90
72 80 42
69 12 48
84 14 28
1 9 97
81 86 13
21 7 21
79 81 32
57 32 80
94 11 91
54 93 100
33 33 17
35 97 16
6 5 74
90 71 2
48 29 81
79 25 76
26 33 17
48 55 58
17 80 87
88 91 61
47 33 28
65 24 72
1 17 37
10 50 77
22 29 7
67 59 9
65 30 84
15 99 61
12 39 66
87 33 96
2 84 83
45 26 3
1 30 67
45 74 25
76 85 48
79 6 12
66 95 80
69 62 98
30 5 46
29 62 79
50 97 30
63 54 4
43 42 66
70 76 77
68 85 38
38 15 17
49 91 41
100 5 65
87 6 17
45 11 32
45 82 37
41 87 21
75 82 9
90 6 97
52 86 54
52 87 65
97 32 39
25 34 47
23 95 100
70 12 37
52 7 58
25 3 33
60 75 68
50 95 58
10 89 53
79 100 41
84 35 3
98 13 17
98 67 17
69 46 64
27 35 98
97 46 73
43 31 74
4 92 43
46 59 98
88 24 52
57 22 80
49 83 92
21 95 24
74 95 90
44 37 35
78 99 89
52 47 30
77 45 55
30 50 90
62 82 44
70 62 10
32 66 80
69 18 29
30 39 40
60 21 73
48 36 77
25 64 99
54 89 51
12 28 12
49 51 61
17 70 38
60 79 84
11 24 45
30 38 97
77 88 79
17 64 99
81 14 68
100 99 1
12 90 42
85 6 9
94 77 91
63 61 51
12 42 5
43 42 31
6 55 93
75 33 35
12 6 13
89 93 99
72 55 66
12 81 36
4 32 89
48 71 61
79 7 99
75 64 2
87 81 91
28 34 84
73 39 74
76 30 12
22 34 78
52 90 11
54 14 12
2 6 96
67 20 32
63 76 90
88 74 22
73 18 74
61 41 65
62 40 93
72 69 1
96 91 40
58 90 56
22 67 6
50 47 75
90 88 85
71 26 47
91 5 11
97 38 96
60 40 25
22 88 59
2 87 93
79 14 75
44 10 14
49 37 15
85 4 68
70 97 70
18 6 26
62 51 55
17 69 93
39 80 7
47 94 40
90 91 89
45 42 81
60 4 8
40 16 19
53 36 7
44 59 96
86 33 47
25 73 64
14 68 3
81 36 71
85 22 89
50 82 63
41 26 17
87 81 42
48 92 75
31 12 23
53 96 83
33 58 53
31 66 39
86 80 7
23 83 33
52 19 30
13 43 13
4 87 40
21 78 23
97 5 53
57 12 92
41 54 96
28 99 20
71 11 41
87 60 52
62 18 1
99 15 3
39 24 53
65 99 91
2 20 39
25 72 42
38 10 43
82 17 68
31 24 50
50 43 67
13 13 47
81 64 74
88 77 55
6 75 97
4 17 38
4 96 47
98 99 27
69 61 94
92 3 49
92 96 34
36 97 86
61 74 56
75 79 17
88 5 61
97 13 16
81 34 4
16 79 88
39 27 41
19 18 22
87 94 58
48 50 27
38 88 9
26 32 51
31 97 6
92 36 64
43 84 82
67 53 60
15 74 21
40 100 32
85 77 18
14 62 70
61 28 43
33 70 47
81 46 81
33 68 14
9 41 73
94 36 21
28 77 39
38 54 75
67 67 12
20 85 70
77 46 5
32 69 74
91 67 97
90 11 91
54 85 92
15 68 97
48 54 84
60 51 46
65 49 3
40 10 84
1 64 41
64 19 3
74 92 4
22 57 54
29 5 89
76 79 14
45 17 85
98 17 83
31 5 31
33 51 71
18 68 12
89 14 23
8 77 41
26 8 17
20 78 63
13 58 87
7 80 29
17 16 26
56 53 89
98 94 91
53 13 84
14 40 32
51 23 67
32 28 59
94 10 92
16 47 54
84 24 11
47 7 89
79 95 40
13 63 35
22 29 31
69 17 63
11 68 62
6 4 70
11 83 13
19 8 30
1 47 96
87 10 37
56 96 48
24 39 29
36 73 93
39 76 52
89 15 37
66 2 50
27 29 66
62 91 42
22 76 36
15 85 38
43 40 29
12 70 79
57 54 13
28 52 66
99 76 90
60 80 53
23 68 98
10 1 94
39 98 67
27 15 63
14 15 43
20 66 80
85 49 38
99 28 85
78 34 62
30 28 8
7 91 71
27 21 36
8 70 17
86 96 10
26 50 45
77 9 30
16 23 13
34 92 78
39 14 70
61 10 35
20 89 40
18 13 34
93 92 23
65 27 99
10 42 95
84 56 25
3 44 86
53 56 51
72 59 9
22 91 77
23 24 93
65 3 83
64 21 100
62 81 32
45 54 63
44 49 85
7 85 10
68 18 94
97 76 89
83 29 46
38 13 15
13 4 84
84 43 17
85 25 64
62 89 60
29 56 80
95 65 93
13 18 76
50 62 14
38 45 87
69 26 97
27 29 20
6 64 42
20 91 45
32 6 10
32 49 26
16 1 20
75 1 64
7 97 6
19 41 74
19 39 50
95 92 15
32 26 54
84 9 78
29 42 93
38 70 97
82 98 49
57 47 9
13 7 66
83 30 13
74 63 15
86 13 38
6 74 52
18 96 79
42 25 52
31 36 27
23 92 34
94 5 73
20 67 48
49 55 25
77 37 8
2 39 73
84 79 85
59 75 19
5 77 99
90 67 35
55 27 18
34 15 8
98 55 41
57 57 12
18 7 1
33 82 38
66 40 58
67 77 65
73 65 7
80 4 13
16 13 86
98 2 22
85 51 100
67 62 10
68 39 20
61 83 26
36 86 8
71 41 74
28 22 32
7 79 19
53 50 27
55 8 96
60 6 30
65 86 16
31 20 39
93 45 58
90 21 65
20 75 54
40 70 84
28 28 30
8 32 27
44 88 57
31 42 21
86 74 77
25 58 18
50 32 95
63 61 27
78 11 64
86 26 43
78 33 85
15 76 22
25 42 31
16 41 53
9 90 39
20 58 39
55 46 51
31 5 90
26 12 79
8 52 100
80 51 11
74 59 4
47 11 81
64 63 23
56 37 6
96 21 50
19 10 54
58 27 74
77 94 71
40 98 37
93 92 62
48 2 77
73 38 85
28 13 17
21 42 24
68 63 75
88 20 24
34 76 25
29 33 8
36 12 49
51 86 43
53 39 95
10 44 83
46 1 74
48 31 89
70 1 65
87 89 60
49 18 24
75 34 14
77 34 4
10 5 58
24 46 55
82 89 52
76 71 61
78 4 35
16 68 79
3 48 62
20 54 10
2 2 40
55 64 24
14 10 16
93 90 87
26 31 24
41 62 15
50 55 27
65 32 69
75 35 68
18 16 6
75 24 93
69 74 90
7 4 75
60 18 74
90 53 71
73 58 80
71 42 31
74 39 66
56 90 91
4 57 63
77 25 56
46 6 16
58 53 64
58 94 51
94 43 35
100 83 17
99 34 10
19 83 8
61 50 32
51 60 55
64 88 83
8 14 16
26 77 1
85 86 10
38 19 28
88 46 22
85 73 61
22 1 52
93 98 38
59 40 52
62 53 20
58 10 19
83 37 6
22 69 27
36 50 32
55 10 3
98 94 81
15 92 82
76 60 21
33 57 23
62 59 84
26 15 9
75 67 14
63 4 92
30 5 25
34 57 4
75 8 10
43 21 87
2 83 59
53 53 36
70 24 87
12 58 25
15 8 68
97 83 19
82 52 55
27 55 87
70 5 93
79 26 14
31 48 38
59 8 54
95 41 89
29 96 35
64 53 77
48 41 76
94 75 85
86 29 64
34 18 89
84 8 97
2 57 14
37 15 47
17 40 46
52 91 5
32 40 41
77 79 13
53 13 97
99 31 100
32 56 27
78 96 37
5 87 66
78 41 25
42 2 25
1 90 76
88 96 70
4 49 85
54 32 65
89 56 29
72 33 96
5 37 47
56 7 53
81 64 95
59 40 21
65 12 23
76 19 88
25 75 16
55 80 1
96 28 8
40 34 98
35 22 21
64 32 2
37 48 33
72 56 1
88 83 86
56 57 92
5 81 100
23 88 26
28 99 45
15 47 79
95 22 81
21 30 14
80 58 56
87 84 47
46 4 3
51 39 53
60 79 13
4 53 45
56 94 29
66 49 30
69 25 73
79 91 51
93 34 19
65 27 2
87 63 30
2 1 94
49 80 20
70 96 88
27 54 23
74 6 59
8 81 51
14 24 21
89 51 27
14 49 92
87 4 8
46 72 27
49 51 7
87 45 18
25 76 90
46 41 20
70 76 41
64 28 84
90 12 63
9 83 85
70 69 81
18 42 32
39 95 60
69 91 31
59 9 48
97 4 88
64 88 44
70 59 78
97 34 59
4 81 20
34 59 44
64 5 25
72 96 83
12 65 36
84 52 41
49 66 5
79 88 10
34 34 12
50 79 3
33 81 99
32 69 21
78 62 85
30 27 64
57 54 4
97 71 18
47 45 50
91 23 35
41 81 71
81 26 12
64 79 8
60 9 92
38 36 56
67 90 32
5 75 85
97 32 39
54 53 2
75 2 94
27 35 70
16 27 58
8 89 31
71 43 49
32 70 23
8 72 41
31 41 72
95 53 93
95 12 10
41 90 7
39 37 78
14 86 19
84 11 76
99 88 10
21 67 3
16 38 30
22 99 1
6 34 86
20 14 23
2 30 85
60 71 93
1 31 5
58 32 53
72 39 94
42 40 77
41 62 48
43 41 5
16 66 2
80 97 44
12 30 35
32 86 15
33 60 93
59 80 99
80 55 89
10 70 9
37 94 71
64 79 4
51 19 30
65 43 28
88 83 28
6 91 76
52 36 64
100 51 80
17 31 25
33 91 90
55 63 78
36 25 69
59 58 39
57 61 25
55 73 25
25 15 17
1 53 50
71 50 60
42 62 37
64 24 89
15 17 44
69 27 31
15 4 10
91 84 3
71 66 20
49 36 40
23 14 37
80 40 31
13 28 10
48 84 33
17 26 3
31 40 58
67 99 21
87 11 31
63 75 79
93 100 5
68 24 51
40 21 69
58 33 8
82 91 41
47 3 38
13 33 70
46 87 46
67 11 71
9 12 47
30 84 75
34 64 39
38 47 97
13 99 71
10 78 62
77 65 95
97 75 84
30 24 61
29 61 46
13 90 1
46 21 36
96 36 60
100 51 91
6 26 15
62 55 91
89 87 1
75 18 93
93 2 29
63 61 22
86 51 53
70 12 13
82 42 80
2 27 18
5 100 77
55 41 95
34 72 93
23 84 4
62 49 47
11 39 73
64 68 19
72 8 75
49 82 85
8 38 6
79 76 91
5 49 59
14 81 20
61 55 51
53 100 21
57 34 68
35 77 95
64 15 17
19 41 60
73 14 79
74 2 1
92 34 70
3 47 88
3 38 83
53 10 49
98 70 59
79 71 21
3 50 11
55 2 40
53 22 39
41 61 52
13 13 92
23 100 77
13 64 22
94 12 8
60 64 93
72 84 82
76 57 23
63 21 11
57 31 7
29 72 55
42 73 42
73 26 43
68 60 76
56 64 11
39 95 7
75 71 29
23 87 45
18 97 34
81 9 49
11 91 89
55 72 87
90 70 14
58 79 48
44 78 49
18 18 29
53 98 13
59 67 35
82 75 59
92 94 18
55 7 50
4 74 46
27 40 2
19 48 8
90 89 65
69 84 92
48 28 38
38 7 72
22 82 83
94 77 24
34 25 65
31 6 96
18 30 9
65 98 48
16 51 39
43 45 76
6 100 89
39 24 94
7 9 85
98 22 39
48 16 62
29 69 76
81 43 9
43 49 14
18 92 59
35 20 89
53 68 83
41 74 99
12 64 24
88 14 9
73 62 35
63 52 36
26 77 18
22 76 56
15 6 62
53 37 83
28 74 32
93 47 35
17 47 19
100 1 58
19 31 18
41 95 64
48 80 18
18 32 94
69 53 31
24 22 95
54 20 71
76 19 57
28 25 93
84 25 100
14 96 63
25 69 58
21 92 49
43 40 76
82 73 99
8 29 21
15 38 63
89 49 8
65 96 37
66 88 28
30 63 82
14 32 31
5 98 96
91 20 2
44 54 34
21 62 63
21 42 7
9 30 68
54 99 90
92 82 6
35 98 54
6 99 66
15 68 57
21 52 45
30 37 96
90 82 17
25 60 42
16 66 64
12 50 76
60 26 62
54 41 29
5 99 71
11 19 84
28 54 98
77 50 58
12 12 47
53 68 67
68 55 45
34 47 6
64 99 36
9 83 8
65 32 22
46 65 25
69 56 94
34 71 32
40 45 94
76 52 50
97 11 32
57 84 78
77 52 25
17 45 20
73 96 38
70 45 55
43 47 70
73 93 20
94 49 10
17 87 46
14 5 24
64 16 19
44 60 65
100 83 84
28 17 8
48 63 92
11 40 45
93 54 26
63 17 10
79 91 27
31 31 18
36 20 18
26 34 13
81 72 64
24 21 100
36 24 36
90 52 94
89 97 98
14 6 75
48 88 35
8 67 98
70 5 41
18 27 77
78 89 31
36 15 88
79 32 72
84 7 22
63 52 80
23 64 58
86 37 38
35 14 44
60 41 77
20 74 29
9 81 72
31 85 26
30 94 42
46 22 46
9 61 94
51 10 49
47 96 38
95 81 21
4 63 79
77 39 60
89 3 16
29 94 74
57 6 17
15 34 92
43 60 20
85 9 86
78 5 42
63 34 13
95 48 68
60 90 1
20 83 78
93 10 8
97 15 97
12 2 22
49 87 56
36 45 80
51 93 81
85 29 100
91 27 90
58 85 68
53 20 99
62 83 67
73 11 46
29 74 60
91 14 17
67 46 72
65 74 93
12 69 20
59 11 53
54 90 45
14 89 65
62 55 29
4 92 68
53 97 83
83 89 71
80 47 26
84 66 65
20 46 64
55 58 93
7 34 88
91 27 1
23 54 43
67 15 59
46 23 75
11 12 13
77 63 57
16 74 32
20 65 64
31 41 90
87 14 3
14 36 41
79 95 90
38 46 41
28 15 92
33 74 61
64 79 48
81 90 42
50 67 88
74 15 12
94 21 73
27 86 19
38 39 80
83 98 26
61 45 5
33 50 20
3 93 27
20 98 96
63 86 10
42 97 44
30 52 99
94 1 76
61 37 62
33 93 31
39 72 36
33 9 26
9 29 25
7 100 64
36 7 64
88 11 2
67 4 38
80 14 92
14 69 31
39 51 87
62 70 23
27 12 88
53 82 98
53 72 90
3 57 26
89 89 32
49 75 14
42 88 68
85 33 47
16 30 92
43 26 88
71 50 32
97 16 97
88 54 4
13 99 72
3 67 84
50 50 56
55 30 85
59 49 86
82 87 46
45 87 32
58 50 71
53 69 58
2 19 48
49 32 29
55 35 37
8 45 31
62 45 39
68 66 29
48 89 25
30 98 3
21 61 51
59 36 11
87 59 85
99 100 89
2 43 68
37 7 39
38 74 2
19 74 73
42 25 99
19 3 84
53 78 13
4 59 43
78 64 51
92 12 33
10 16 33
54 50 65
94 13 59
73 21 31
64 56 73
65 71 24
58 19 30
83 29 90
65 8 85
87 63 17
61 66 51
19 41 29
9 2 52
37 19 49
44 86 83
49 12 67
76 97 16
20 38 30
20 62 13
74 84 35
78 76 11
45 97 14
1 40 77
84 41 55
8 39 22
47 24 93
67 50 5
76 91 32
97 93 42
28 34 48
90 61 58
86 36 99
1 79 15
44 96 16
71 96 13
67 78 98
82 56 53
97 53 20
6 48 96
8 95 55
76 82 30
32 1 45
65 1 64
78 75 68
5 53 29
54 98 67
45 73 87
32 48 98
93 68 49
65 5 93
16 35 6
18 62 83
80 67 35
11 3 82
66 73 2
80 75 10
71 83 8
83 51 69
90 15 17
80 28 63
38 89 45
58 63 26
57 24 60
18 28 10
84 87 71
15 22 93
89 37 4
22 63 15
97 25 58
52 55 72
45 30 37
9 81 1
95 89 77
91 34 84
79 31 24
46 56 41
21 30 68
65 24 39
21 22 42
75 41 39
18 28 75
91 77 29
75 100 99
88 70 33
17 39 61
34 36 66
81 13 84
33 73 65
45 52 94
28 54 48
52 58 22
89 85 6
88 8 84
2 38 97
70 98 33
36 52 56
60 64 95
40 18 22
97 50 66
25 75 43
29 95 20
34 68 92
53 85 86
64 98 3
32 92 84
30 92 62
67 4 9
88 69 65
12 41 21
58 61 80
30 67 84
84 9 23
34 50 73
100 21 11
82 61 18
37 38 78
94 66 21
46 29 91
81 42 80
66 71 81
15 55 89
32 91 87
56 4 48
39 68 13
7 6 75
57 97 75
62 26 28
15 87 29
30 57 9
27 35 10
97 53 52
86 56 99
32 79 63
82 33 82
68 15 30
26 76 91
26 61 91
46 52 22
62 48 28
92 73 31
96 43 49
84 89 41
89 9 28
99 10 54
66 98 86
87 19 4
2 6 75
75 24 72
37 39 91
72 28 67
44 90 60
94 61 7
65 4 86
15 4 96
92 80 60
68 11 66
75 52 80
17 12 68
23 40 25
98 95 25
9 66 5
6 86 37
93 36 52
43 93 29
51 59 44
15 74 66
70 71 27
24 1 61
93 22 2
58 26 85
8 2 76
63 41 31
23 88 54
66 88 57
21 77 74
84 90 89
62 73 31
23 28 79
1 35 28
69 52 93
77 22 95
3 51 87
90 1 45
96 46 81
95 3 16
47 40 87
83 71 77
19 34 59
53 24 18
12 58 87
12 87 64
17 59 85
86 46 5
15 70 33
16 55 73
99 81 1
14 2 91
28 42 69
31 68 8
8 66 27
9 74 24
33 70 62
96 67 38
13 8 59
74 67 86
69 42 93
92 20 31
75 69 93
54 52 5
63 68 4
48 78 19
62 29 21
62 88 23
41 2 25
20 29 95
83 11 55
26 32 22
78 2 81
49 84 82
51 83 34
54 16 43
92 87 7
46 1 25
87 43 97
39 75 97
10 9 4
92 77 91
40 78 9
21 42 77
50 36 45
18 86 3
63 7 27
89 33 82
38 29 72
32 61 52
40 16 4
64 54 70
30 25 56
47 31 11
73 9 92
1 5 56
34 5 87
69 12 19
100 86 59
41 12 43
27 35 49
6 69 65
16 15 67
85 31 87
47 40 99
19 84 59
78 66 73
55 38 10
100 72 55
24 14 97
85 26 75
8 20 27
4 3 78
47 71 29
20 78 15
84 59 75
99 17 88
2 96 30
39 59 88
76 44 92
23 53 89
30 71 46
78 91 60
18 46 42
47 67 16
93 46 72
14 46 56
68 6 33
28 55 39
52 34 57
100 55 31
93 2 91
15 74 69
23 83 59
36 58 71
32 99 64
58 49 43
73 18 25
97 46 7
55 54 33
22 85 68
29 65 93
65 82 43
38 98 57
100 100 51
89 12 84
71 89 94
66 67 54
30 9 16
91 22 41
66 86 13
34 60 32
60 1 36
16 55 21
97 67 59
33 10 6
42 54 3
88 74 11
54 50 80
51 80 11
47 36 87
41 94 21
75 42 32
73 67 59
25 21 52
88 38 8
75 40 31
38 64 91
2 2 32
32 36 74
45 100 99
84 35 75
79 30 14
55 88 97
45 7 11
72 67 26
3 96 84
25 17 8
31 70 63
37 55 31
97 71 53
38 83 47
18 62 14
14 100 81
25 37 28
44 95 72
11 51 65
24 61 40
41 50 56
34 22 32
89 34 9
59 63 8
65 3 37
51 45 60
67 89 1
24 42 27
97 10 17
25 10 8
65 100 65
98 3 4
87 66 36
34 33 14
11 8 97
88 95 72
12 60 27
24 79 9
70 44 82
10 23 35
95 76 39
70 32 42
69 26 35
75 54 79
96 12 82
91 38 9
10 5 7
43 67 17
79 45 99
15 63 16
69 6 30
9 75 59
77 2 55
62 36 66
79 33 83
28 75 68
3 74 50
80 90 89
26 53 69
23 60 77
12 85 4
66 55 87
4 9 98
24 29 39
4 92 79
69 76 39
58 29 53
89 23 33
22 27 100
82 97 68
44 86 30
88 45 40
31 32 52
86 81 90
5 74 91
62 74 93
8 9 30
15 9 98
98 32 42
97 64 20
39 81 29
90 48 92
42 96 4
90 9 10
69 52 91
41 51 29
20 29 40
38 66 64
83 36 66
45 68 26
82 97 59
66 15 67
63 1 2
17 74 80
1 54 48
44 99 41
11 4 34
15 30 14
64 64 65
97 35 63
73 78 26
73 60 91
19 44 97
77 49 17
49 2 61
15 41 46
43 40 41
25 72 93
88 15 26
89 23 14
50 81 80
95 6 33
76 71 60
65 9 3
60 39 87
19 71 50
65 57 48
55 5 51
45 61 40
54 61 94
66 33 88
90 2 53
93 77 36
21 100 32
18 5 55
76 26 30
63 98 30
78 58 91
57 12 35
28 1 93
89 21 64
8 88 63
70 74 18
45 96 4
27 31 91
45 25 45
15 58 90
18 12 85
61 82 43
20 15 12
38 55 29
93 32 56
13 53 25
57 14 88
57 5 21
50 79 33
12 54 63
95 48 85
91 95 58
86 91 25
87 67 97
27 76 5
18 21 77
62 7 95
46 36 66
3 48 3
33 34 75
24 29 94
74 54 85
14 92 10
30 58 41
23 90 55
26 41 36
88 52 36
6 94 95
74 49 44
15 93 64
78 38 79
45 18 72
76 62 96
38 96 16
12 17 14
4 20 2
76 54 96
12 90 87
99 59 15
33 16 38
25 35 88
49 51 80
48 19 67
94 65 21
20 9 16
59 61 72
16 70 63
22 55 40
48 26 67
34 9 98
5 51 56
73 32 66
20 74 41
91 29 94
76 95 58
79 4 8
86 14 63
81 66 100
76 64 55
70 43 6
76 59 85
49 57 6
45 36 41
36 36 7
10 6 37
76 55 51
35 64 90
79 27 66
90 89 65
61 2 51
3 24 100
68 11 91
77 26 14
2 75 26
27 28 68
5 67 10
1 19 37
10 48 54
26 25 100
51 59 68
9 22 76
26 67 59
53 55 41
98 38 30
21 8 48
93 76 60
24 35 44
58 19 3
89 18 2
29 79 54
94 22 50
84 75 70
72 91 72
39 69 94
28 34 83
38 86 57
70 25 77
57 31 58
95 90 42
40 92 12
71 7 52
22 59 37
57 30 6
38 15 98
91 61 65
70 63 54
40 30 10
40 1 36
24 72 31
75 46 18
49 44 49
30 85 97
87 40 71
97 65 53
29 41 69
76 79 6
59 11 1
98 86 54
53 13 15
43 86 26
11 6 12
49 19 75
93 21 1
77 29 95
94 7 20
42 2 100
49 30 57
100 35 70
29 50 81
27 85 6
77 28 44
37 5 45
59 99 77
47 78 14
1 84 30
5 51 73
44 19 8
79 37 82
81 55 99
69 15 86
21 31 39
92 4 14
14 10 19
67 51 7
96 53 60
62 22 65
37 52 91
85 30 67
29 48 37
70 55 56
17 81 52
21 60 73
84 63 62
6 43 44
98 73 36
8 4 92
9 57 13
14 25 5
93 15 97
54 89 80
73 59 16
19 29 90
19 85 12
52 84 92
7 73 87
98 57 10
22 36 22
96 15 38
19 30 84
97 24 56
90 84 62
39 47 68
79 23 43
95 20 31
33 72 5
61 8 13
33 3 19
13 40 42
8 78 37
85 14 59
85 91 90
66 50 77
26 11 20
47 19 26
83 50 5
7 22 52
1 41 42
35 78 34
61 95 69
48 13 67
22 43 83
59 32 2
98 7 18
70 1 22
25 14 67
21 93 74
15 94 36
8 46 58
59 68 37
98 27 73
3 73 27
52 32 69
34 13 34
61 26 8
94 93 74
81 13 85
100 34 48
37 94 99
7 88 68
15 65 100
100 79 12
27 37 33
100 89 42
29 89 51
20 73 74
15 6 44
46 86 34
24 34 3
23 8 15
4 36 65
47 84 68
85 92 85
98 1 66
5 82 44
48 79 26
67 77 66
92 61 99
34 34 9
92 23 12
46 86 9
53 6 17
25 19 9
54 67 59
34 2 58
54 40 53
92 25 24
66 81 45
19 85 38
73 94 95
51 53 74
62 6 38
13 64 40
8 28 23
84 29 90
25 58 81
9 44 85
44 51 25
9 81 45
22 52 7
4 42 94
53 73 58
41 4 15
19 28 3
2 36 94
3 42 50
29 68 85
32 51 95
13 51 94
22 44 17
67 52 76
30 28 84
76 85 48
61 28 62
10 43 37
66 69 72
21 23 48
4 32 76
21 74 55
48 65 81
29 8 23
64 3 63
27 40 53
37 3 92
21 80 7
4 63 88
39 76 77
38 30 14
9 27 36
63 59 63
40 70 17
37 8 82
67 49 8
67 95 52
19 61 5
100 9 83
84 3 43
41 4 70
88 6 4
53 27 95
92 11 18
64 15 48
75 16 88
61 10 8
78 64 93
95 67 3
98 17 14
88 89 5
79 94 91
76 46 65
42 16 84
54 78 35
34 89 29
44 95 5
73 75 30
89 23 9
3 13 6
47 5 58
41 70 43
74 74 90
51 77 91
85 47 86
5 100 73
58 53 51
56 53 7
22 15 88
33 74 39
31 76 64
41 15 3
63 80 24
90 26 49
42 70 83
63 100 77
11 5 29
72 34 16
8 20 27
40 65 72
35 49 48
1 61 69
100 3 38
19 96 79
23 93 24
56 34 47
54 98 13
24 66 80
16 10 97
62 28 92
47 39 66
36 5 77
92 100 41
98 19 35
98 78 10
23 15 37
21 43 8
47 71 56
49 84 70
77 56 94
37 20 95
50 1 41
80 72 21
71 70 54
8 63 82
93 96 26
34 99 32
29 99 29
29 95 45
52 73 29
51 31 18
47 77 95
57 42 55
96 17 19
63 51 71
71 70 78
63 67 78
10 16 83
48 82 10
82 25 11
78 41 71
30 69 39
59 62 6
89 99 29
90 31 71
47 29 77
5 62 8
98 85 4
67 79 19
27 80 58
9 83 54
90 7 61
87 1 69
80 93 76
83 96 9
51 30 54
72 65 41
61 8 67
4 77 20
17 66 41
95 6 67
99 64 91
76 2 100
97 58 40
76 54 79
48 46 99
68 68 75
67 85 92
100 100 41
40 59 88
62 46 71
20 69 41
10 92 62
95 28 30
93 55 29
97 13 9
7 79 44
43 31 46
83 7 21
77 58 41
4 99 64
31 69 53
5 85 78
69 73 39
5 57 44
55 7 27
45 93 11
29 27 36
72 20 100
46 98 85
80 80 81
21 19 54
43 49 15
46 18 99
28 94 41
22 53 64
16 92 83
54 35 3
6 58 95
87 91 73
6 25 39
73 10 96
99 56 41
46 46 55
34 28 70
84 29 27
14 5 18
5 39 95
36 11 24
75 1 11
100 8 67
69 14 59
43 36 51
88 46 76
44 59 30
18 31 74
93 51 69
82 46 32
61 18 90
69 99 2
52 91 24
81 8 63
84 1 46
61 58 73
82 58 11
87 20 7
59 31 81
70 37 47
36 47 83
28 18 99
59 14 37
27 26 34
78 22 41
17 29 20
39 44 26
40 21 11
26 40 20
97 82 34
47 98 6
66 16 97
42 73 80
100 45 2
23 93 11
82 16 3
34 85 28
63 4 16
55 87 7
23 93 20
81 5 93
79 77 58
45 48 79
68 83 3
39 67 13
35 17 75
52 50 40
26 25 2
81 93 80
77 22 94
95 99 91
77 36 41
85 32 81
76 52 1
57 91 18
99 75 28
68 97 98
52 55 45
65 52 73
42 49 47
99 28 57
35 84 48
5 15 59
48 91 32
29 35 10
14 36 93
35 65 95
60 41 87
43 92 79
14 42 60
91 58 1
28 81 89
18 81 39
7 14 17
88 31 2
94 4 79
86 72 20
74 82 84
17 29 80
80 39 41
25 71 22
94 27 46
60 27 39
6 93 56
61 48 83
53 4 92
48 67 75
92 45 64
49 17 19
76 54 44
91 56 64
51 65 51
56 87 65
97 47 16
71 40 99
68 94 21
72 85 34
8 2 5
27 2 69
50 6 49
31 8 67
43 46 27
43 11 64
22 60 91
57 79 78
26 26 63
63 43 47
55 54 33
78 79 70
72 25 41
70 83 26
88 55 31
84 83 63
21 53 87
78 28 33
57 26 85
59 71 80
74 31 74
25 84 38
20 18 100
28 2 11
36 71 31
56 95 100
63 24 73
22 42 20
17 55 87
66 71 81
45 30 16
80 37 6
62 80 7
97 52 36
27 27 73
49 25 58
8 22 27
71 70 23
81 34 12
49 43 44
11 55 91
78 49 38
36 40 91
68 38 68
62 29 58
67 58 51
51 89 20
66 41 7
18 59 43
10 17 82
51 87 31
85 81 77
46 47 44
12 46 71
29 69 77
54 3 13
99 40 52
95 34 43
95 23 83
11 13 28
30 95 58
64 24 72
31 85 83
17 2 89
81 3 9
19 73 81
43 90 80
32 97 4
18 14 47
1 95 61
36 53 55
76 25 77
78 40 64
47 3 28
53 90 32
47 47 4
67 13 85
57 21 69
11 48 13
82 77 99
63 99 76
49 47 78
79 25 89
8 41 50
94 47 62
59 89 53
62 3 10
43 40 24
16 52 76
9 87 51
100 60 32
88 77 50
14 14 3
4 26 49
84 3 4
91 45 94
66 51 91
8 68 86
86 59 13
87 11 65
40 24 60
48 4 13
37 96 75
2 99 51
70 25 100
42 91 94
6 60 55
48 91 11
85 23 84
51 66 22
26 74 31
32 33 49
90 37 88
23 16 96
52 55 87
75 98 48
55 36 60
10 37 70
36 66 41
19 92 68
76 91 73
24 4 28
74 18 39
79 59 44
97 76 65
28 1 52
87 87 25
22 51 2
13 43 82
25 68 98
68 58 50
85 1 42
31 52 99
52 95 45
53 22 60
28 57 75
37 44 8
74 83 6
23 56 51
70 73 71
77 52 58
22 86 19
53 73 31
69 72 93
78 57 63
49 74 36
92 26 13
34 53 100
28 20 73
55 11 80
63 24 99
89 67 6
63 11 74
25 22 36
41 1 5
76 51 60
36 52 36
67 73 11
33 64 52
46 56 42
82 74 22
71 91 87
41 47 23
51 30 33
32 62 6
36 59 48
87 29 20
89 100 76
65 11 55
67 28 37
22 100 40
91 2 91
8 47 54
76 69 32
85 96 4
49 43 35
15 4 96
36 59 98
4 26 57
70 17 38
57 9 14
34 10 57
79 98 83
49 100 91
20 15 78
92 93 40
59 35 10
47 29 5
27 23 92
16 29 24
26 69 20
76 84 68
48 42 5
93 61 76
45 48 37
72 75 63
5 42 76
25 14 34
81 25 94
80 66 80
76 51 74
60 69 76
44 84 43
19 24 93
69 41 74
92 15 62
54 16 83
12 2 77
9 60 1
73 26 54
38 67 12
34 64 46
13 81 42
51 68 98
27 63 62
23 26 85
59 8 4
86 15 92
22 15 84
16 21 60
73 49 13
3 92 14
36 56 24
62 13 14
71 82 13
65 14 28
26 42 91
24 28 44
11 30 47
69 65 94
18 88 98
40 59 96
17 39 64
5 32 74
99 24 25
87 65 74
3 54 79
29 91 52
43 48 59
38 7 61
95 97 67
62 47 96
22 67 28
77 4 96
44 48 44
94 87 29
31 34 59
29 100 90
66 33 85
56 16 19
67 69 95
23 95 56
97 25 61
98 25 99
89 80 52
66 51 90
86 44 8
43 56 87
13 34 4
90 26 4
93 31 2
26 50 41
100 25 39
38 11 99
10 52 42
90 62 54
98 27 94
30 44 85
77 26 9
14 10 68
38 22 29
97 97 9
75 82 8
44 40 93
81 93 39
77 55 20
23 83 38
54 64 50
40 16 96
96 18 74
24 83 43
68 30 17
80 70 62
8 57 62
69 88 67
13 53 7
81 69 73
36 26 38
45 8 97
6 24 1
23 10 96
89 93 18
52 24 91
12 54 6
63 14 44
6 73 45
8 24 18
35 65 5
20 99 95
96 31 40
50 2 95
62 28 85
31 33 8
90 47 96
94 91 72
94 36 69
47 5 73
67 85 38
40 15 35
67 85 17
79 10 38
89 33 97
17 50 94
73 78 84
82 63 13
83 83 97
33 82 57
6 16 38
81 17 49
53 52 32
64 60 91
25 44 84
36 32 74
65 70 85
93 60 40
36 93 24
24 88 28
65 37 30
96 31 22
40 57 12
5 74 93
62 27 39
100 93 40
11 11 56
71 63 13
95 56 36
15 42 53
84 17 86
61 92 75
82 48 37
91 66 53
63 93 29
47 75 49
27 11 45
98 55 69
86 64 93
13 78 62
14 70 3
16 8 6
91 75 88
93 80 32
72 11 52
31 48 37
33 28 17
50 3 30
45 54 86
5 85 12
50 53 24
67 29 74
62 24 50
46 97 14
5 81 32
58 29 81
84 1 73
12 81 24
2 67 16
85 1 95
68 61 1
85 32 89
52 29 45
52 52 95
26 86 38
45 13 28
98 6 19
53 90 22
67 80 55
45 27 91
81 66 40
17 62 33
9 31 40
33 42 95
22 17 62
36 77 64
76 85 10
59 40 87
30 62 3
10 67 10
68 66 64
29 75 34
17 19 57
66 56 46
43 61 51
42 21 18
48 36 39
29 37 10
83 65 36
64 19 10
64 18 94
32 89 93
15 12 10
78 91 66
11 100 77
2 4 67
71 82 30
89 80 77
11 100 76
82 18 41
31 41 99
30 87 56
18 87 24
1 79 12
83 24 40
7 2 64
87 96 26
44 19 62
21 70 97
15 93 77
7 9 82
19 13 82
27 87 56
58 54 82
100 33 23
100 49 62
61 65 42
75 53 39
72 73 99
94 18 58
38 54 13
27 98 43
38 58 72
27 48 4
73 68 26
7 74 76
93 73 64
49 72 90
53 29 11
29 28 96
63 66 52
4 5 58
92 70 19
28 63 54
37 16 8
30 71 2
32 67 88
65 16 49
64 79 13
51 56 90
62 32 73
11 66 80
25 81 93
12 16 54
3 20 58
82 46 95
38 27 56
59 86 44
35 24 42
69 30 54
36 26 88
20 5 18
29 77 25
23 12 49
46 38 12
84 55 73
22 13 68
47 86 92
21 88 85
34 7 99
21 21 53
73 48 88
72 79 49
16 23 57
93 77 25
94 95 77
57 18 80
74 20 73
50 73 69
63 20 77
52 13 78
31 67 17
87 24 21
45 28 96
5 94 55
35 12 48
41 17 48
71 5 29
82 24 74
16 56 24
67 77 89
6 21 71
49 62 54
90 64 21
90 17 48
85 88 83
28 28 92
60 25 80
66 66 91
75 87 18
94 22 45
93 66 20
67 4 96
73 71 42
53 78 28
84 57 26
94 2 45
32 99 95
96 46 64
2 44 97
2 64 73
33 82 19
66 89 76
95 53 29
12 82 28
18 50 66
7 91 81
38 87 51
66 8 63
87 7 5
21 35 34
54 98 82
68 44 15
84 53 27
5 59 4
87 85 13
3 96 9
64 16 3
33 80 60
34 37 34
5 82 30
72 42 29
76 5 53
80 11 77
51 61 39
15 18 1
44 12 9
76 26 98
16 92 35
47 71 31
71 13 68
28 8 70
41 47 84
18 58 51
33 1 94
66 92 67
58 38 19
66 59 82
35 38 92
35 100 7
19 65 27
43 30 86
57 51 5
16 60 52
81 34 54
33 33 10
31 56 74
51 13 30
52 44 57
79 93 56
83 58 89
84 71 11
18 94 89
30 77 73
12 20 18
98 22 90
6 71 76
12 11 2
5 15 35
6 21 36
67 38 84
63 21 2
66 77 93
23 77 2
99 8 47
22 2 52
22 4 9
8 70 98
79 56 87
55 71 94
30 17 84
67 72 53
54 45 2
97 71 93
25 9 88
33 91 95
31 62 12
41 46 73
14 57 38
4 61 40
91 41 24
56 100 11
99 86 28
15 88 75
28 95 51
11 1 46
6 54 23
74 15 85
51 78 79
14 30 59
95 93 22
65 26 86
57 36 7
51 5 55
45 26 82
87 4 79
16 75 62
37 39 95
64 40 72
81 23 8
17 76 41
12 3 38
18 45 74
7 18 24
1 36 93
52 50 52
24 22 56
92 11 41
20 59 38
43 30 13
97 87 89
56 11 81
15 40 66
53 75 82
46 51 100
53 73 2
99 40 73
64 27 41
85 65 99
36 21 2
92 40 31
52 72 50
99 3 17
63 53 60
94 1 93
82 8 19
78 67 28
51 42 1
15 9 6
37 79 37
48 42 36
74 97 68
89 55 21
96 52 2
7 48 28
20 47 26
51 11 25
77 20 99
74 39 90
14 92 28
17 5 65
93 61 27
92 81 80
37 33 97
14 7 50
92 83 68
72 48 63
56 95 71
85 4 43
88 79 33
67 61 25
43 10 62
45 60 80
60 95 91
56 94 93
5 50 36
42 79 92
69 40 22
51 75 6
90 6 88
27 88 43
54 7 39
64 73 1
100 1 45
92 76 61
81 22 40
92 55 42
49 51 94
74 22 80
52 40 91
86 8 62
37 100 22
51 75 67
94 72 87
55 45 11
63 98 82
99 11 90
13 70 97
25 7 89
46 40 11
19 22 27
91 2 66
17 36 69
31 56 77
1 95 29
40 87 93
23 32 73
74 97 23
49 83 12
43 4 28
59 98 16
73 17 63
41 93 81
15 71 64
94 57 15
58 28 79
71 92 38
43 29 81
64 50 20
26 34 10
4 4 92
84 49 34
23 92 79
61 92 68
25 68 85
39 46 31
85 56 7
47 88 9
32 4 17
23 90 18
60 27 72
64 77 32
80 31 52
92 57 59
91 66 55
67 55 29
23 60 40
10 21 93
64 88 37
64 79 10
71 30 16
98 28 88
89 31 90
61 54 19
5 22 5
48 41 74
55 20 31
87 58 25
88 8 9
75 76 100
5 78 6
63 19 67
53 17 63
45 65 81
87 14 88
99 69 95
71 48 75
58 71 45
19 8 59
11 68 54
25 70 4
45 20 46
7 59 14
69 96 62
83 37 68
83 58 80
97 59 37
40 25 31
40 25 11
25 70 88
28 68 13
60 35 70
73 12 78
70 46 74
6 80 32
6 16 19
30 25 18
25 63 62
24 26 30
83 4 13
43 52 21
56 100 20
16 76 50
23 31 25
61 54 37
16 93 61
8 45 1
61 30 12
15 61 20
82 99 24
50 44 96
68 37 8
23 77 73
54 2 29
35 19 59
26 49 59
19 61 91
86 40 69
55 5 100
62 92 67
61 26 97
76 47 96
67 67 62
37 21 39
65 26 97
86 32 31
46 40 65
54 2 89
28 38 6
9 70 98
9 9 17
3 100 42
30 16 43
48 22 58
43 73 52
17 70 4
13 37 26
94 67 54
65 93 94
27 56 65
27 96 19
48 36 89
87 84 57
98 52 73
32 7 72
63 15 23
20 39 41
95 92 48
55 14 34
75 35 6
50 65 7
48 39 64
46 79 23
55 19 17
36 76 94
22 43 26
24 81 40
22 96 79
16 76 61
18 34 30
19 71 50
68 14 54
86 97 12
27 97 23
62 53 50
84 5 46
88 40 64
40 86 43
99 16 78
8 9 83
97 11 27
36 14 9
27 82 88
32 59 16
9 47 8
38 93 20
71 89 22
57 32 40
38 32 66
96 31 76
72 53 95
66 18 52
22 95 60
98 1 5
90 33 17
53 7 46
51 49 15
97 34 54
85 17 97
28 81 56
58 45 11
4 73 77
84 93 31
32 56 80
20 6 98
92 70 88
46 46 66
16 54 86
22 72 2
37 5 29
91 8 33
55 48 8
71 27 72
80 72 61
9 87 81
23 20 7
4 80 7
90 93 52
68 94 72
18 21 22
32 96 13
95 77 41
87 83 23
96 72 93
67 64 56
71 40 5
53 85 79
21 46 99
12 92 75
11 13 43
76 66 90
5 31 25
56 10 75
9 96 75
13 93 99
88 29 21
87 69 60
59 58 51
93 49 14
89 80 41
82 60 76
67 41 91
52 36 42
53 50 39
64 63 43
32 84 28
30 38 10
75 70 85
57 81 99
82 2 71
2 46 100
57 43 96
89 72 91
49 52 22
91 100 93
20 25 21
74 31 2
47 65 11
6 71 39
89 4 8
69 7 50
8 26 13
12 13 43
33 50 77
38 46 39
26 55 94
19 64 65
93 26 14
19 14 68
45 47 38
27 26 48
28 25 76
11 93 80
30 35 19
10 83 35
79 48 98
100 33 78
81 1 55
31 89 21
28 30 10
70 42 51
87 40 2
4 40 24
15 40 32
89 100 60
65 39 72
45 61 56
1 26 3
55 31 7
7 29 80
39 44 98
29 13 30
79 8 48
11 73 89
74 40 52
72 80 72
74 98 23
59 84 8
66 74 39
38 20 40
95 100 7
66 84 92
100 96 57
23 26 49
31 1 7
2 29 36
54 14 10
80 29 25
53 57 16
13 90 100
85 99 95
71 49 88
58 72 60
23 56 81
84 69 89
92 15 49
12 23 15
74 66 45
69 7 52
6 92 49
30 59 16
8 97 38
24 74 73
24 72 64
54 21 5
63 91 94
10 34 38
74 33 82
12 21 1
76 21 99
41 29 31
62 62 43
67 56 41
16 40 100
73 81 20
88 57 59
72 79 33
96 12 59
87 30 97
38 17 68
95 60 40
92 92 8
8 3 63
49 60 72
39 25 93
35 92 88
45 88 30
40 48 68
60 82 4
80 98 97
67 21 71
47 10 17
29 91 55
92 6 49
13 89 91
2 94 46
50 25 74
28 84 86
53 14 3
50 89 66
22 63 84
7 64 93
92 11 72
42 82 28
61 5 18
85 39 52
38 76 41
54 17 13
36 54 63
94 59 82
67 65 5
43 69 5
43 22 77
31 78 79
16 85 68
52 33 78
25 17 82
55 36 25
62 36 32
95 94 93
89 91 21
14 60 31
57 72 91
54 12 6
72 13 75
58 99 91
49 100 72
39 92 78
44 68 54
56 29 41
80 58 53
40 58 69
72 96 92
33 91 56
52 70 92
89 40 99
19 75 79
70 84 59
97 17 38
23 76 36
75 20 91
19 81 45
44 88 96
7 57 82
46 70 15
48 63 82
82 50 2
56 23 48
14 3 13
50 23 6
76 4 17
1 93 91
96 24 29
9 24 20
88 5 24
41 75 13
31 99 90
85 21 80
16 44 14
7 34 84
80 89 5
44 47 48
62 4 8
8 33 35
95 87 2
14 41 1
43 28 57
1 62 85
15 7 87
84 4 12
97 80 2
37 55 87
66 31 76
59 11 56
51 66 64
4 15 68
96 15 19
67 58 31
94 66 22
21 99 40
70 50 55
52 39 45
92 67 48
59 96 37
54 90 80
62 12 83
95 26 59
4 96 88
21 28 63
89 7 22
41 75 78
5 83 35
23 81 36
30 20 99
72 81 20
20 94 56
72 89 94
9 78 62
41 95 73
92 30 59
70 74 90
95 56 95
8 39 29
76 42 5
27 32 53
68 61 77
17 24 100
55 75 43
54 72 81
16 13 88
68 50 91
78 85 3
63 76 51
77 51 91
46 78 98
7 67 79
31 80 20
44 30 35
52 54 9
6 34 48
28 57 85
4 59 84
63 70 33
80 97 23
58 81 93
64 39 69
65 92 83
60 82 26
12 83 26
27 27 7
57 25 22
28 56 77
60 64 90
84 46 93
90 31 89
27 41 39
82 84 57
72 52 39
58 57 86
14 84 28
78 16 98
26 24 93
83 72 80
88 34 67
4 23 3
65 20 56
71 38 12
24 46 20
64 1 80
39 57 62
36 54 38
37 83 92
56 6 82
12 44 16
68 64 53
21 31 22
75 22 64
26 46 52
60 84 33
31 24 2
73 31 29
64 54 34
75 60 25
16 93 64
88 84 6
34 42 71
92 29 31
49 4 68
99 83 26
43 84 12
36 29 77
59 9 62
39 77 71
8 48 30
3 31 29
46 9 92
28 37 12
55 44 62
70 37 96
23 3 23
7 36 22
6 55 73
26 83 33
2 93 73
93 93 53
90 16 44
12 85 33
41 32 76
80 66 1
87 58 21
67 36 55
81 99 41
85 86 67
73 66 99
62 89 41
43 61 94
73 80 7
17 14 67
29 45 7
24 8 10
86 68 10
21 74 99
52 8 26
5 83 13
7 52 76
6 20 100
54 31 95
63 39 27
100 86 49
44 1 64
30 3 6
79 25 69
25 17 3
32 10 63
36 60 64
40 98 16
96 89 20
66 53 31
28 92 33
64 42 36
83 24 58
88 33 86
53 30 3
19 58 53
97 52 29
55 53 25
73 79 57
99 51 32
18 42 60
84 6 86
96 58 20
36 34 98
42 78 26
49 69 42
40 74 53
22 17 10
29 62 88
30 67 59
10 43 84
3 61 32
81 14 38
84 75 44
84 76 100
30 23 83
44 23 38
98 65 99
25 20 99
42 4 14
61 50 42
25 49 28
34 69 31
90 16 98
57 82 43
9 41 73
77 68 54
77 27 11
83 31 65
54 7 52
7 50 40
87 76 58
63 89 90
22 5 80
6 53 18
74 29 91
93 81 73
54 31 56
92 1 58
68 9 16
16 30 16
59 38 70
79 45 60
27 70 88
74 7 1
94 36 2
72 2 74
74 92 70
32 57 47
97 25 46
87 22 31
77 67 15
30 64 20
62 32 27
14 61 51
65 70 98
13 15 28
92 49 16
76 1 100
60 34 47
98 87 39
3 22 87
49 30 92
25 95 46
74 23 97
30 20 52
73 20 25
55 29 100
73 17 92
27 95 77
73 58 56
71 62 17
61 82 6
35 61 66
91 86 62
49 27 51
91 71 72
9 41 40
51 90 80
42 70 12
79 100 24
16 31 29
71 48 43
34 81 51
37 38 98
46 73 42
69 39 53
30 83 12
11 27 31
12 63 84
37 94 72
49 89 65
7 50 5
92 39 1
51 16 67
23 63 8
39 63 33
65 4 16
11 88 54
2 44 43
68 91 99
90 9 19
94 60 73
16 78 3
68 27 99
55 79 30
88 1 5
60 39 87
24 20 100
96 35 63
13 18 81
31 82 23
21 55 95
88 9 30
91 72 36
40 60 89
40 71 74
88 74 90
53 60 41
73 13 63
52 52 90
7 93 39
36 2 56
16 22 18
18 24 58
23 47 38
21 94 80
61 51 60
10 89 27
35 45 64
61 17 23
83 43 79
45 64 58
66 95 7
36 96 57
13 37 78
57 43 70
80 66 27
79 66 58
66 59 97
62 37 86
81 63 17
76 57 78
6 79 98
83 7 60
35 16 62
39 44 82
72 74 20
36 93 95
21 38 54
68 32 61
77 69 65
85 40 1
81 55 11
8 5 80
83 4 17
61 73 45
27 27 87
4 15 82
92 43 83
58 87 39
80 70 10
76 40 66
80 6 17
40 6 68
64 33 59
59 95 76
65 24 69
50 30 19
65 75 14
70 18 90
62 65 29
79 73 32
72 4 79
70 100 61
20 59 8
19 73 72
32 12 37
38 100 56
16 96 57
3 7 73
35 39 81
77 15 9
60 91 50
83 8 43
63 41 87
18 30 12
93 97 15
75 79 84
100 87 77
7 30 48
99 95 27
45 69 90
52 76 60
95 31 77
33 7 11
19 99 71
11 73 20
26 38 37
25 52 46
44 66 94
25 92 68
68 35 78
86 86 14
17 29 56
60 80 61
46 80 77
92 82 28
83 97 82
47 97 19
79 40 53
78 88 98
41 33 88
21 67 38
31 16 67
54 88 67
45 28 3
13 5 32
24 95 69
54 44 4
32 51 39
91 69 81
96 90 56
47 38 26
42 74 5
13 25 29
79 54 49
21 13 23
7 71 93
50 32 45
96 62 98
10 92 26
2 28 15
84 99 55
95 61 11
56 76 18
36 9 13
100 53 51
65 81 76
56 69 56
72 66 56
24 82 12
3 60 5
26 7 66
40 67 54
85 87 90
13 13 47
88 24 55
20 22 87
37 60 7
3 55 60
39 34 68
74 59 37
48 8 83
12 71 40
93 8 57
98 60 90
65 99 27
17 67 6
64 39 89
94 87 18
26 37 9
58 98 16
95 41 56
1 57 9
90 58 90
76 17 16
20 96 59
89 39 69
28 12 75
62 46 58
14 89 5
61 3 47
76 59 16
7 67 59
13 23 78
76 78 85
77 54 47
63 38 48
40 42 53
79 44 34
97 27 69
53 64 74
38 72 24
11 57 14
69 67 97
9 66 22
20 69 87
83 8 68
55 41 53
44 50 94
11 93 22
42 51 5
17 39 100
88 26 12
42 3 17
2 87 39
74 73 94
29 54 85
13 31 87
30 32 24
3 45 100
35 93 20
56 77 56
98 92 26
95 69 64
72 67 82
87 93 94
26 87 80
95 85 9
29 89 95
58 95 25
67 86 85
23 98 79
37 70 34
14 28 34
67 49 83
1 25 7
6 72 74
61 79 84
29 2 51
24 70 30
50 46 31
44 19 30
74 77 25
79 87 53
70 31 100
81 77 11
72 54 14
1 15 37
70 12 19
67 25 56
31 31 76
43 44 63
29 86 13
83 41 71
30 5 21
82 39 36
86 94 52
62 78 62
49 77 95
2 80 36
83 19 15
26 44 8
71 33 68
9 95 21
28 93 7
86 18 100
65 47 57
11 22 74
50 13 68
16 35 49
46 15 28
37 16 92
69 7 42
44 13 67
75 61 66
44 37 23
84 59 54
57 8 63
97 45 94
11 100 31
91 9 30
7 48 97
86 73 56
94 38 78
7 9 37
13 39 24
10 46 24
54 89 45
24 45 53
68 98 23
97 65 39
70 88 13
18 61 58
46 69 80
69 92 62
94 99 11
2 33 75
14 41 46
94 7 53
83 5 27
78 18 95
65 75 57
12 53 21
63 100 45
41 92 96
98 20 99
87 11 93
84 14 44
26 99 72
99 97 6
86 42 2
28 88 9
74 3 30
96 97 13
45 51 27
67 41 5
30 96 63
48 30 70
37 100 1
77 28 35
5 63 38
47 68 98
45 76 77
33 3 47
22 24 25
65 51 46
5 13 9
38 80 11
7 27 91
20 99 72
27 20 73
57 71 74
53 97 13
10 14 17
9 61 25
68 5 81
86 52 60
22 63 34
77 10 67
13 44 37
19 72 74
10 98 15
48 18 77
98 10 28
10 93 81
83 30 63
73 98 78
69 11 52
58 92 23
35 7 95
100 77 81
47 34 44
54 69 29
75 74 72
26 13 6
18 20 31
36 75 14
66 87 21
48 63 54
14 88 30
13 55 51
80 32 21
84 84 26
68 44 23
90 19 35
5 40 36
92 67 38
100 84 14
18 98 4
44 53 81
83 75 15
75 93 56
96 78 44
48 35 98
29 19 47
67 68 44
89 71 66
54 86 44
67 8 14
32 23 83
47 41 89
98 84 38
32 56 40
51 58 91
44 26 85
47 50 99
3 71 66
19 86 23
56 97 30
26 100 64
50 29 80
1 29 81
18 2 76
20 18 36
32 81 52
38 35 43
21 80 22
44 86 79
89 34 92
38 86 23
31 85 75
9 4 23
47 72 90
18 96 26
57 59 13
5 27 93
30 53 22
54 85 48
7 99 11
89 55 20
6 74 7
25 3 48
83 73 51
13 95 27
4 29 80
77 65 74
95 100 29
31 17 37
17 68 17
37 77 64
89 19 70
73 18 65
34 41 21
46 75 70
4 7 73
45 6 59
32 83 34
38 57 28
88 59 70
68 34 63
59 12 23
97 85 82
42 8 44
27 39 45
84 9 6
2 39 45
59 87 41
16 6 23
75 11 21
10 27 25
78 94 22
28 96 43
64 45 25
49 6 13
10 56 18
7 64 93
43 2 66
41 67 92
71 2 50
40 82 17
22 3 59
3 15 57
13 48 97
61 57 78
55 11 41
1 42 31
84 23 83
30 61 39
95 24 52
42 68 85
88 63 17
78 14 75
3 67 34
48 27 76
56 64 87
46 44 26
84 9 30
79 15 86
6 94 99
17 61 21
36 45 18
59 30 75
26 5 32
8 55 46
44 62 49
53 74 76
95 10 62
7 19 88
29 92 33
2 52 42
40 8 70
16 18 64
88 26 86
26 58 99
52 19 8
65 15 86
5 43 48
89 40 58
24 89 74
49 28 68
98 94 55
94 21 65
30 30 85
74 42 7
32 51 93
100 61 56
1 5 2
45 25 60
45 97 3
62 28 34
25 58 87
4 99 81
52 55 31
83 21 77
31 41 58
87 60 77
64 15 35
90 39 40
90 88 82
6 42 99
53 90 1
79 76 58
57 65 94
46 15 75
6 23 30
7 55 5
54 69 87
36 90 89
45 29 52
2 19 4
43 64 81
75 21 93
78 97 79
24 99 100
45 86 92
74 87 39
61 16 26
83 98 97
58 51 94
9 35 59
39 13 70
80 70 98
19 33 68
82 99 22
97 68 83
20 20 74
3 50 60
42 22 80
27 29 61
82 11 25
85 62 8
49 74 64
62 51 58
55 73 2
4 20 27
49 33 44
41 58 5
88 87 93
85 77 20
7 5 76
75 63 35
88 83 62
28 52 74
98 89 100
75 35 14
37 34 54
57 61 93
21 31 76
69 80 20
5 61 52
40 83 10
37 29 53
54 13 12
89 57 68
48 14 38
80 87 41
12 10 43
69 22 36
59 64 20
32 72 50
85 50 45
74 98 26
79 73 45
77 79 44
67 23 67
89 69 65
24 1 5
75 99 66
16 59 49
67 64 24
61 24 29
64 32 42
97 85 75
98 21 1
32 10 78
60 85 3
89 2 53
19 19 84
77 54 85
16 79 14
100 81 25
30 81 29
35 29 53
22 24 32
25 20 51
64 85 38
72 17 26
33 12 37
86 27 58
52 74 64
43 99 24
33 67 4
2 74 65
54 87 32
20 79 54
57 24 74
95 23 49
6 56 72
54 7 45
81 32 94
35 69 91
93 52 53
87 87 40
75 30 44
11 68 30
84 30 33
28 66 65
10 17 68
15 24 32
14 85 15
27 10 62
46 26 85
56 22 76
18 82 34
33 35 28
90 56 27
47 9 26
30 8 6
4 18 89
56 41 52
3 41 73
46 7 73
71 5 32
82 30 49
5 34 78
8 3 38
37 74 87
65 25 69
51 49 88
67 64 56
88 26 67
37 75 82
75 69 24
2 53 73
70 92 35
14 25 90
5 41 21
2 42 2
94 62 9
44 40 41
10 83 4
52 1 64
89 40 100
98 62 26
26 52 99
14 7 100
51 24 25
33 62 98
32 94 65
80 48 68
46 42 24
12 26 97
38 46 76
24 73 27
30 70 10
73 24 99
32 27 77
25 60 90
82 31 50
72 42 1
67 59 70
4 51 71
20 76 27
90 65 52
8 51 24
49 74 89
84 36 20
36 27 81
65 94 76
21 86 6
100 9 34
6 76 29
95 22 76
92 23 97
74 73 11
25 46 95
21 67 88
61 53 99
20 17 12
13 82 47
94 98 33
91 18 36
79 22 72
72 84 68
7 83 43
75 45 18
5 52 27
70 58 64
26 55 89
16 45 71
96 48 33
16 93 65
99 71 11
79 57 78
31 45 76
10 69 36
40 75 30
45 36 95
74 67 48
71 46 77
62 96 28
49 16 63
24 27 87
29 79 70
27 33 35
2 33 28
22 38 33
85 1 56
1 18 24
38 98 12
81 13 14
40 32 72
94 32 20
5 56 53
95 13 49
66 23 62
18 67 10
15 10 67
61 21 18
47 9 8
27 23 75
21 72 74
62 5 76
8 57 78
98 53 69
41 10 68
32 31 24
84 18 90
92 65 69
31 34 43
89 88 68
99 51 95
45 43 79
13 19 92
19 81 95
54 14 6
52 80 20
94 42 7
14 96 35
2 66 71
73 72 81
22 82 78
66 41 81
91 67 49
60 89 72
3 96 30
69 3 75
58 76 64
95 27 5
63 11 94
82 7 95
9 42 32
4 81 24
23 63 9
94 63 16
79 77 29
36 92 63
63 44 85
5 30 48
82 47 8
60 100 31
51 49 62
12 2 73
57 17 44
61 15 35
96 74 7
9 56 64
84 46 72
59 53 29
43 31 55
83 66 100
47 74 50
3 83 68
39 35 16
29 54 49
24 75 16
20 18 52
54 3 23
30 6 37
37 49 16
35 73 20
6 16 30
11 2 41
84 50 46
58 29 36
15 59 62
85 65 11
34 72 87
86 1 39
36 87 74
99 66 32
56 5 81
65 64 60
77 17 23
71 38 10
59 85 43
14 90 69
91 64 25
94 32 71
1 32 27
74 71 1
43 100 90
33 59 16
6 14 98
63 16 43
70 100 7
9 85 86
2 79 34
20 49 17
3 87 11
100 87 5
48 98 67
57 6 12
61 92 10
49 24 53
60 76 22
53 49 88
3 10 47
27 71 66
62 75 48
5 68 88
17 45 71
22 9 30
62 16 54
85 12 14
57 92 82
36 36 5
81 14 34
55 51 91
4 58 5
68 64 100
4 71 80
40 10 78
85 23 84
51 8 96
16 4 84
71 1 52
23 79 3
4 85 8
58 63 9
17 54 67
11 10 83
8 14 70
79 93 29
73 80 69
75 64 73
77 49 19
81 81 71
79 52 91
42 20 22
19 51 94
56 56 55
97 99 7
56 12 37
62 10 98
13 36 52
27 11 66
27 47 4
2 44 84
96 71 20
86 6 9
58 7 73
33 73 95
82 51 69
16 69 93
12 61 74
13 21 46
12 41 24
85 91 32
74 80 72
68 57 63
71 69 25
18 52 45
14 75 63
25 91 1
29 64 94
31 79 98
71 36 89
62 99 5
68 82 35
17 48 19
73 4 78
68 52 58
17 97 98
79 25 58
35 61 65
28 86 34
29 90 56
20 23 82
46 58 40
55 79 26
75 55 11
29 27 89
68 86 92
29 99 25
6 16 86
10 28 6
89 43 34
42 71 18
55 21 95
17 67 38
88 47 88
51 14 88
10 71 52
5 5 66
92 26 35
58 69 42
94 70 37
78 42 46
97 38 43
37 79 67
11 13 43
99 32 99
94 25 46
46 71 1
3 8 17
74 57 4
16 79 38
53 91 41
60 92 4
45 48 54
24 23 34
6 7 11
41 59 37
96 1 21
2 78 59
13 18 1
16 10 57
57 69 66
5 58 41
57 45 7
50 9 86
28 58 93
12 24 1
26 6 30
45 80 42
53 31 95
39 66 39
98 94 50
2 40 25
21 80 21
46 85 3
60 47 10
53 6 8
7 94 73
11 87 51
26 94 22
97 30 17
91 93 76
58 51 31
27 40 31
100 85 17
33 18 60
79 43 92
44 46 53
16 66 22
63 23 19
95 13 9
88 25 51
10 43 17
98 9 78
55 21 69
33 99 74
56 40 74
4 21 81
75 95 5
99 93 1
10 24 36
3 13 97
91 72 56
86 21 18
9 3 17
36 47 62
57 14 15
46 18 42
90 20 53
77 73 72
89 31 90
50 92 67
47 81 74
14 3 88
18 28 75
18 68 15
59 55 52
78 26 92
100 10 19
83 86 84
82 31 53
55 54 10
49 31 74
48 37 13
23 84 34
1 56 69
86 38 15
45 77 24
53 69 11
5 18 73
79 91 20
63 9 14
35 10 96
96 44 15
68 71 100
75 27 51
65 60 64
9 1 56
18 7 18
14 6 4
70 97 33
13 71 1
89 92 68
63 9 44
72 59 4
71 35 4
88 4 14
36 97 9
6 2 95
67 71 39
79 31 93
40 12 26
74 85 97
39 29 45
75 89 93
12 56 24
9 20 61
5 53 20
52 83 43
2 76 91
17 79 83
64 16 75
50 100 56
34 68 57
78 14 28
50 53 95
4 2 87
84 67 6
21 100 2
49 64 100
40 67 9
27 17 62
34 2 94
59 91 81
72 98 4
80 63 82
95 96 38
10 74 60
88 96 47
10 97 57
39 21 72
80 66 39
80 22 53
58 82 86
67 91 2
26 10 38
81 22 64
71 45 71
59 45 41
81 82 92
4 9 92
76 96 97
17 12 9
96 53 29
72 48 19
14 5 40
95 75 38
85 72 90
97 78 19
60 65 89
99 12 63
57 89 55
31 39 24
41 26 9
4 79 68
71 23 97
92 18 99
18 97 47
6 98 10
4 22 7
29 72 2
68 46 95
74 37 3
42 28 68
78 7 36
2 66 89
31 84 88
60 84 15
66 14 67
74 17 97
79 22 93
44 20 29
41 66 90
31 87 81
85 51 73
95 16 43
11 22 64
61 97 38
54 4 79
32 63 75
83 31 72
4 80 1
51 62 82
18 75 70
89 65 21
44 30 48
48 48 14
28 27 18
51 32 99
3 85 96
7 28 79
57 72 41
96 75 37
96 19 15
75 14 15
42 29 24
15 5 55
10 35 37
94 12 19
8 27 91
66 61 41
96 23 88
98 53 41
95 94 90
69 4 35
86 100 77
62 35 9
52 61 91
41 95 32
97 86 75
24 39 91
75 69 76
4 17 14
31 42 51
18 50 99
83 26 8
39 3 96
19 44 19
25 53 25
14 63 97
10 4 16
57 85 10
24 41 7
4 82 78
57 30 54
2 22 90
34 57 47
67 65 5
28 69 76
44 30 54
81 31 56
94 96 47
40 51 46
73 94 53
93 66 22
44 7 1
45 4 26
57 63 28
50 82 43
10 35 70
94 75 82
48 87 52
22 9 79
68 57 37
45 37 30
12 26 19
52 75 17
8 83 17
17 30 62
93 53 72
64 51 53
42 89 27
61 72 20
40 21 51
80 84 33
63 92 82
48 36 41
14 76 40
37 61 5
93 24 40
30 66 80
38 54 19
30 42 5
92 17 8
15 56 90
14 42 61
76 90 69
40 42 89
24 89 46
99 90 76
19 79 16
22 31 71
42 38 10
32 96 17
72 98 34
36 30 47
3 28 26
70 58 56
87 40 94
93 61 31
40 80 51
59 76 51
53 91 90
21 28 35
1 7 2
41 89 87
23 61 74
100 55 73
28 14 13
8 7 1
85 68 34
16 57 4
86 53 100
10 68 8
13 34 70
93 45 36
58 49 17
53 15 23
16 61 95
8 75 14
69 5 66
43 64 58
23 1 31
15 56 7
47 74 77
67 25 71
61 49 97
96 83 17
9 95 39
5 67 33
35 72 66
59 59 43
65 20 45
46 87 71
5 52 91
83 20 91
48 33 79
91 24 52
14 53 66
100 9 62
34 37 3
29 16 34
11 98 62
6 1 99
59 4 33
64 28 14
88 96 17
38 30 28
83 69 40
46 20 77
8 3 85
10 95 77
89 24 100
18 36 66
9 100 20
4 61 7
58 90 80
1 29 25
52 1 71
18 99 32
29 87 66
62 26 43
90 41 80
52 78 98
98 74 90
98 47 38
92 65 21
18 93 20
30 56 74
76 74 61
54 55 42
7 53 69
61 13 19
61 57 14
44 68 62
21 17 79
29 88 59
46 46 50
9 44 23
79 22 11
80 62 92
85 35 37
24 35 34
83 22 50
73 35 85
51 48 75
46 21 27
37 81 69
39 43 17
48 1 51
12 41 60
58 54 96
40 64 11
54 67 79
67 7 69
98 92 83
69 42 100
80 40 20
49 77 74
35 89 20
68 20 77
97 14 37
51 57 63
77 5 7
6 81 72
62 78 82
53 64 21
93 61 74
50 79 85
44 53 2
100 11 74
78 4 30
37 19 12
73 65 21
19 49 12
82 61 99
70 96 15
17 95 76
16 49 3
13 84 79
84 97 9
100 39 11
60 92 10
10 17 48
77 45 69
16 8 84
22 25 36
24 22 45
82 49 15
51 37 28
50 10 78
37 100 46
55 3 19
68 76 45
49 98 44
28 71 5
29 24 18
87 55 5
42 33 43
81 36 90
11 95 27
94 90 2
19 31 41
68 46 64
65 84 75
69 45 60
36 61 91
15 12 37
97 95 69
35 19 43
62 11 7
68 11 87
51 80 5
58 99 95
53 30 13
85 66 91
57 36 50
82 57 43
73 93 27
67 31 42
7 72 89
46 79 63
99 90 7
23 79 57
54 5 56
63 78 44
49 74 20
8 2 41
96 11 2
34 24 46
29 40 61
28 39 61
97 29 20
64 67 47
21 26 3
25 43 13
85 63 86
81 63 33
68 53 56
16 76 66
31 23 43
88 100 41
88 56 93
55 53 24
94 32 36
53 3 75
56 14 59
68 57 37
24 64 66
34 35 14
4 53 42
65 73 51
68 89 40
19 90 45
65 79 6
85 94 18
81 24 25
45 40 64
74 90 24
38 21 56
63 75 79
30 99 93
23 87 42
14 13 6
7 43 57
76 10 97
90 90 64
10 47 43
57 42 81
68 35 78
52 6 84
91 62 70
84 61 25
9 19 33
66 18 41
62 23 68
52 77 42
47 19 78
57 11 72
12 86 97
85 23 88
87 85 49
9 48 84
42 49 35
13 28 84
13 4 62
67 93 53
5 42 91
92 62 84
5 16 62
64 27 36
92 24 55
50 75 57
40 90 5
45 71 95
90 30 54
19 9 44
57 95 36
54 30 34
91 35 83
48 35 96
52 75 14
9 20 72
17 86 4
6 17 70
63 33 34
5 84 82
16 57 8
61 67 79
51 35 38
90 55 5
97 6 79
57 85 88
10 49 63
50 99 21
46 68 6
73 23 6
45 53 99
14 12 23
51 37 83
95 91 87
50 20 46
83 60 61
44 56 61
67 69 22
92 82 88
81 10 19
91 60 21
32 94 65
80 89 95
40 19 63
23 17 57
23 40 45
84 92 37
55 28 49
88 13 28
3 94 87
32 66 50
79 55 31
76 32 51
38 13 37
51 7 22
49 49 57
4 12 68
52 60 90
76 68 98
31 73 22
55 58 31
93 23 98
40 44 70
45 19 67
58 41 87
49 34 63
73 35 82
14 13 43
23 47 34
81 34 26
32 65 56
90 30 9
28 50 27
14 8 6
85 55 29
33 24 5
72 52 60
31 87 94
18 43 47
13 11 55
7 31 29
48 75 30
11 13 59
11 85 62
59 16 79
47 6 44
54 5 1
23 92 23
61 58 65
5 84 44
64 84 8
40 56 89
70 86 12
50 28 62
48 90 18
25 90 66
46 35 28
98 64 100
85 94 89
31 24 25
36 88 16
86 39 61
75 9 6
56 67 88
65 38 98
66 86 54
97 11 29
66 46 61
45 90 94
67 91 41
27 36 95
48 27 5
85 52 45
38 100 73
85 81 53
61 12 68
64 74 56
10 47 17
35 98 16
50 40 56
39 1 22
50 92 97
61 74 50
13 56 71
66 29 81
82 84 54
44 63 4
96 56 76
50 21 73
93 17 4
83 37 97
55 69 64
98 31 69
98 40 52
43 79 4
76 97 15
24 37 68
56 29 18
40 48 37
1 23 98
74 94 76
70 10 33
39 54 84
65 7 60
21 27 40
52 64 74
27 71 11
19 97 57
47 71 52
53 1 18
89 52 66
56 94 11
43 35 78
82 100 66
32 93 45
11 83 96
66 36 42
5 27 46
3 80 5
11 53 29
65 60 74
90 91 42
4 9 17
90 59 14
49 25 7
87 50 31
6 30 86
75 90 66
7 25 64
41 91 95
47 3 10
27 32 52
32 7 31
55 87 90
76 91 51
6 22 29
7 21 45
66 72 99
11 96 9
10 36 32
56 80 24
89 86 43
72 78 19
78 73 52
85 57 28
81 51 89
1 56 99
19 29 76
76 3 8
2 84 3
78 61 81
74 100 80
99 70 96
62 64 56
11 56 89
2 9 49
3 84 86
68 32 39
82 54 35
47 39 71
46 12 79
73 8 26
78 93 91
2 59 88
17 1 11
73 69 41
7 52 76
2 3 4
56 25 99
17 34 78
58 87 72
76 12 3
61 83 82
33 41 22
21 18 90
50 32 51
44 62 37
61 100 39
18 10 19
100 49 23
26 59 79
86 25 99
72 53 90
15 62 85
42 51 94
56 42 36
77 52 46
70 92 62
22 21 99
36 3 44
71 93 32
82 52 69
38 34 70
58 86 8
76 46 95
51 44 12
42 56 58
93 54 96
65 87 29
90 48 38
41 20 11
21 35 26
96 47 43
70 65 72
9 33 10
25 17 28
68 67 54
15 100 2
88 12 17
51 67 10
80 73 58
22 87 94
10 4 44
19 65 41
37 31 46
48 55 45
9 12 4
66 53 71
90 2 27
78 62 8
10 100 18
15 39 36
63 83 86
85 49 57
9 16 83
79 32 74
100 28 63
96 30 47
66 30 15
100 92 67
39 20 5
33 34 17
65 30 33
68 95 61
93 11 56
17 4 37
80 27 20
47 86 49
23 71 56
-1
+3
-7
+8
+9
-11
+14
+16
+17
-18
+19
+23
-24
+33
+34
+35
-39
-40
-41
+43
+44
-45
-46
-50
-51
-52
-53
+54
-55
+62
+67
+68
-69
+70
-73
-74
+75
+78
+79
-80
+82
+83
+85
+86
-87
-89
-91
+92
-93
-94
+96
-100
