100 10000 58
74 39 37
65 73 29
48 20 75
23 26 94
32 56 12
32 18 81
31 31 68
59 36 73
92 61 68
52 61 97
24 4 81
58 10 59
27 6 39
80 8 38
89 100 45
63 97 5
13 21 69
7 34 42
53 9 46
52 33 89
87 23 20
54 25 80
72 93 60
69 55 79
86 19 85
47 42 5
79 76 16
32 87 73
35 68 31
25 27 54
49 14 53
87 44 11
24 65 54
82 56 43
96 70 79
45 35 79
63 22 76
74 82 40
26 2 87
61 76 89
50 37 31
41 87 54
82 17 32
15 24 55
10 82 92
75 69 80
75 60 93
7 27 1
7 96 49
15 35 63
3 21 46
36 22 69
36 20 35
50 96 9
8 33 39
70 89 83
55 2 72
45 37 71
25 55 35
28 88 26
19 32 24
21 82 7
91 74 71
75 42 10
23 100 74
14 51 94
27 28 1
27 30 77
21 7 32
75 96 42
26 35 50
94 15 81
74 62 29
79 64 28
61 28 80
9 21 54
49 33 36
35 19 92
13 77 57
21 32 77
98 61 16
96 99 90
86 79 55
63 90 60
49 87 76
61 9 69
83 27 34
49 4 15
4 7 55
94 10 16
44 64 44
10 34 38
54 74 87
28 30 84
85 6 66
25 93 4
71 99 14
85 66 6
50 70 23
87 54 10
99 71 97
68 92 67
33 37 42
28 38 28
15 55 93
9 15 55
12 80 12
60 51 82
65 8 71
21 41 57
16 82 30
73 60 24
19 31 100
62 36 9
60 49 61
89 64 76
67 5 62
59 25 12
89 100 49
1 25 22
3 33 29
87 97 96
43 64 6
47 83 6
62 61 42
74 71 39
93 6 65
35 71 89
54 32 70
92 84 3
77 84 78
40 78 75
16 56 31
55 54 46
22 79 41
85 85 47
75 72 86
58 50 94
69 21 100
64 51 52
13 37 16
65 29 6
4 98 13
78 36 6
66 34 76
22 58 8
67 17 4
4 26 53
3 38 71
40 73 12
27 15 7
80 45 13
97 84 94
74 52 26
38 50 7
45 56 71
4 50 3
19 78 40
53 36 59
42 76 5
88 71 43
91 96 43
97 58 13
5 22 37
57 92 7
30 58 5
58 6 71
55 73 31
43 56 89
5 39 97
63 26 18
85 11 91
19 15 55
6 6 71
9 85 19
47 13 25
51 36 44
45 57 93
75 47 84
72 91 25
27 56 46
57 76 56
57 41 51
54 100 61
19 55 48
75 76 10
89 66 96
87 31 71
60 16 100
55 5 36
43 16 49
44 41 63
47 30 75
9 93 84
3 74 97
78 10 61
92 15 55
83 33 87
90 46 91
25 14 32
46 57 15
82 16 58
75 33 54
29 53 77
64 98 38
10 4 50
52 89 61
70 4 92
17 50 35
41 15 32
91 61 42
95 50 63
77 74 49
65 18 32
88 26 90
58 47 55
29 66 97
65 91 89
2 11 1
82 36 68
39 72 21
23 12 13
55 56 12
31 70 99
26 88 41
55 34 59
80 52 85
56 29 10
78 55 7
86 59 66
51 32 84
18 46 73
93 64 11
23 9 96
88 76 8
86 6 10
7 39 12
35 97 9
43 75 14
59 3 24
72 59 16
78 30 19
53 66 34
65 6 44
24 25 2
96 15 75
92 80 2
35 74 42
19 77 63
18 27 56
34 51 60
93 91 28
81 12 39
32 76 98
73 27 54
75 78 41
36 10 76
79 93 23
99 71 12
24 59 28
41 31 45
49 54 71
94 98 68
23 35 95
19 16 8
43 98 61
57 6 73
64 12 36
90 15 90
68 33 86
24 91 49
2 17 84
99 60 32
99 40 24
43 30 81
90 76 58
16 87 98
8 31 69
18 26 53
5 4 95
49 26 63
77 27 36
70 66 6
6 28 54
51 74 22
70 98 5
72 16 25
32 77 35
43 41 95
30 22 12
64 61 1
32 71 12
43 9 21
84 14 35
12 9 27
49 82 99
61 13 66
30 61 22
47 100 22
27 100 33
53 31 38
92 21 89
64 10 2
37 58 91
54 18 50
28 42 49
80 84 67
66 54 87
47 19 88
42 37 69
89 67 51
27 56 86
26 45 9
32 63 79
32 51 50
66 30 93
78 91 68
36 23 41
31 65 96
96 76 68
93 20 93
58 84 41
13 3 82
38 38 5
91 22 100
58 38 74
80 83 6
10 45 39
4 88 95
56 47 79
99 61 28
86 61 16
76 61 5
29 92 17
64 62 36
33 63 75
100 37 56
79 67 63
6 18 60
14 100 38
7 21 74
82 66 46
36 86 83
87 26 20
21 100 22
24 11 46
84 60 32
91 85 70
54 91 62
61 27 12
77 22 34
22 34 89
9 26 50
21 60 40
29 46 43
70 88 67
25 98 33
58 19 51
5 65 89
3 9 38
41 77 24
3 8 71
54 23 7
12 62 83
41 21 80
28 19 20
43 73 65
88 85 82
89 53 92
79 33 2
84 21 65
83 68 11
93 52 60
59 13 10
69 85 7
22 21 61
2 25 42
10 100 72
80 80 73
58 30 3
93 52 30
41 82 81
39 47 57
23 59 44
95 33 86
46 92 90
88 32 88
65 10 25
15 35 17
21 79 47
54 95 20
23 10 45
59 75 85
64 44 12
40 81 93
21 13 56
24 20 99
70 88 82
4 90 30
31 2 29
45 74 13
27 11 46
6 34 96
43 30 55
86 11 21
46 34 62
46 94 92
87 12 58
85 31 76
46 18 84
76 60 93
27 20 32
8 52 50
55 95 15
21 67 17
87 80 34
58 99 26
4 80 74
75 66 54
65 47 81
82 89 62
40 54 31
37 60 4
99 78 18
73 87 73
99 24 20
18 31 91
73 49 83
29 79 55
45 70 48
68 4 55
45 51 15
51 42 76
51 40 85
86 17 82
40 96 83
15 87 45
24 30 35
15 31 64
20 12 64
34 5 31
39 52 53
41 92 55
82 12 21
30 80 29
33 29 54
17 57 70
52 65 58
59 76 65
65 96 54
47 76 86
96 38 25
6 67 52
34 82 78
74 29 61
83 47 92
12 3 26
82 99 78
88 75 95
55 66 65
72 37 46
3 29 83
13 30 79
19 48 32
99 72 73
88 3 55
96 74 86
47 42 21
20 27 21
23 2 73
76 92 19
56 87 12
30 99 95
26 11 76
92 65 56
79 23 77
5 59 80
44 52 24
8 32 75
67 42 69
60 100 46
79 69 21
68 73 58
89 1 37
32 54 5
48 93 47
61 74 13
65 94 24
62 28 37
44 1 49
70 54 12
31 90 40
28 32 90
70 12 64
8 89 96
70 44 100
59 43 10
68 83 56
14 87 5
92 35 19
11 46 1
52 51 20
34 97 86
28 29 46
25 40 23
33 85 79
57 21 59
69 61 100
16 72 89
97 94 52
61 15 94
41 66 46
37 71 98
35 90 93
99 58 91
19 16 22
96 55 48
27 38 27
19 88 70
81 4 70
91 52 35
27 91 74
96 89 100
87 79 32
6 15 19
37 79 50
15 22 10
50 17 70
89 67 99
75 95 53
77 73 49
16 45 100
9 14 51
55 4 40
77 88 26
65 24 63
98 54 6
54 81 4
20 61 86
94 25 10
43 52 40
10 65 33
26 22 5
5 25 1
40 65 9
20 54 9
30 91 29
46 79 40
84 59 98
25 12 64
54 82 90
3 33 71
8 20 15
57 66 16
45 58 21
70 95 15
23 100 74
1 11 59
28 82 70
56 46 89
71 1 54
84 28 64
63 89 22
88 70 60
21 57 81
98 11 44
37 50 24
89 64 22
100 85 55
20 2 10
32 53 17
58 33 21
89 29 27
21 40 30
16 53 41
21 89 22
56 30 84
49 56 87
79 22 27
33 37 87
58 36 54
13 74 98
29 82 26
42 63 84
93 55 78
59 75 94
30 97 34
68 59 98
35 76 9
33 59 36
54 42 54
51 49 21
73 83 76
58 61 46
15 61 29
28 91 80
37 27 62
68 91 98
49 45 36
71 14 60
39 88 35
80 13 59
48 16 66
93 100 66
38 31 2
7 41 47
100 97 72
3 75 15
87 92 35
44 84 51
37 27 21
19 82 35
79 52 92
52 89 22
30 73 33
72 56 83
40 60 47
79 47 94
30 13 66
2 42 10
27 77 19
79 65 33
7 96 22
38 23 60
38 57 67
60 42 76
80 64 10
53 98 71
96 89 87
45 31 37
74 11 97
53 15 82
20 68 9
86 42 54
19 43 49
28 31 83
54 6 72
92 81 88
23 61 44
66 77 88
63 61 21
45 2 5
9 55 85
20 90 52
80 47 7
33 96 2
62 5 54
41 51 23
31 25 86
33 24 93
16 41 4
35 87 61
96 89 5
17 46 31
34 50 18
79 56 11
41 14 7
31 47 4
12 75 77
95 8 44
10 10 71
35 51 81
40 77 99
66 87 72
13 19 93
30 60 93
67 87 80
75 88 75
40 45 33
80 43 65
31 48 30
9 46 87
49 26 84
87 43 13
63 2 31
92 92 24
77 36 46
30 72 43
36 17 79
61 86 58
45 1 22
18 64 91
97 31 65
41 100 13
8 58 71
34 4 81
88 72 97
7 70 81
29 24 15
57 76 38
67 28 31
52 57 95
89 63 48
99 64 11
37 66 69
77 31 43
41 15 81
64 1 66
87 22 10
100 69 73
32 69 100
9 68 28
38 8 96
89 87 38
58 58 46
24 89 11
1 29 87
92 31 59
84 20 18
3 84 70
35 76 25
12 42 83
79 22 38
94 39 11
38 84 3
96 93 30
99 54 10
89 6 100
94 15 82
24 64 68
34 1 96
1 30 77
4 22 25
5 27 43
46 9 31
41 12 6
33 76 29
64 9 5
48 77 53
91 84 14
21 70 99
55 77 47
89 55 51
13 1 59
24 97 34
11 42 80
82 12 73
58 97 38
60 37 44
88 69 64
17 66 25
25 71 68
66 42 72
51 32 20
41 7 19
13 80 42
98 3 51
17 74 39
30 63 77
51 40 63
11 73 29
92 25 1
35 46 22
98 16 54
22 50 17
91 5 1
47 65 2
41 4 93
100 23 51
54 71 29
44 18 67
98 27 89
26 100 86
73 80 21
42 61 11
64 95 26
47 20 15
44 8 83
32 54 42
70 95 81
46 28 91
83 2 83
60 16 65
52 4 60
35 70 20
14 69 68
63 51 92
96 62 25
95 47 77
11 94 84
20 86 74
33 50 93
91 98 10
99 13 2
7 39 61
5 89 31
72 50 90
47 92 41
68 83 27
92 30 85
36 42 59
5 77 32
17 5 80
90 36 46
50 85 82
43 41 20
55 62 1
11 63 47
49 33 65
54 8 71
74 87 62
16 37 89
97 79 47
90 42 34
49 28 83
69 47 17
84 99 75
98 74 65
83 55 18
24 31 58
96 94 95
58 97 12
50 59 36
57 69 28
10 43 61
81 73 25
92 1 62
68 2 73
10 90 67
94 86 83
67 34 2
94 6 87
15 96 87
100 29 45
35 9 13
78 81 19
30 96 28
16 48 92
85 9 65
82 21 1
97 59 22
70 5 54
16 22 91
17 41 3
36 49 42
44 76 45
19 3 47
76 62 65
63 21 29
37 84 94
8 73 11
82 28 25
18 95 7
21 68 9
51 33 71
90 47 88
56 29 12
87 1 12
92 27 2
99 64 27
62 59 91
87 42 22
93 72 27
28 46 74
80 66 37
44 74 62
96 74 44
37 8 12
43 38 29
43 67 57
19 37 72
28 49 37
77 33 6
10 63 35
91 80 43
80 100 66
72 7 4
3 94 88
96 26 81
99 41 15
34 56 100
34 37 97
79 66 97
1 37 58
42 11 39
37 70 53
23 42 97
39 26 99
98 4 50
31 10 39
12 38 80
87 4 60
88 42 71
58 86 22
32 66 96
45 62 96
83 76 34
43 59 36
4 37 42
69 32 67
48 39 31
78 7 20
95 25 83
47 1 39
89 86 33
4 57 70
34 4 92
97 68 42
84 15 19
77 59 97
46 76 12
18 42 62
51 81 30
31 97 38
20 92 70
40 26 99
54 80 43
19 17 81
51 11 6
73 95 84
70 46 27
50 95 47
73 16 71
80 69 34
64 62 73
40 60 24
89 99 75
91 27 36
23 91 66
7 39 22
43 75 70
19 25 62
31 87 89
26 80 13
37 42 21
27 3 55
42 68 33
33 58 43
37 76 91
9 84 17
57 80 56
83 69 44
31 23 53
68 52 60
6 89 22
8 40 23
46 4 19
89 90 14
91 44 59
53 86 1
88 21 61
2 84 78
35 64 74
26 22 80
53 1 45
15 28 72
36 87 96
95 51 75
89 59 49
74 27 100
28 99 48
62 47 40
64 48 24
9 26 99
17 1 76
29 53 24
59 83 39
34 58 11
64 75 92
36 23 95
90 94 84
78 64 96
100 50 7
7 42 83
89 64 71
14 18 41
33 24 15
82 76 72
18 74 42
14 98 100
22 10 6
97 8 42
86 33 9
61 29 59
73 11 22
10 59 71
2 40 52
73 92 35
5 7 20
24 75 24
19 99 17
16 40 50
22 53 51
17 76 12
45 69 58
87 66 25
93 27 96
88 77 84
40 88 70
67 42 96
94 41 48
74 20 47
59 45 74
28 83 5
38 90 63
41 4 32
91 61 56
33 89 100
12 51 24
30 7 78
25 44 6
36 5 89
12 87 29
12 30 75
75 55 4
8 61 56
21 39 5
85 13 42
64 100 42
90 15 26
13 49 8
8 8 74
60 80 62
15 73 37
34 41 95
47 12 33
5 37 71
74 93 82
46 8 69
52 87 8
78 83 49
78 57 55
64 12 68
5 54 46
99 27 71
81 44 33
48 64 16
30 35 81
54 29 1
26 81 32
43 27 71
52 16 28
82 39 71
46 20 40
68 54 64
46 29 45
5 70 50
64 34 2
35 1 80
30 64 1
29 49 76
72 24 20
35 59 74
12 29 65
86 93 26
60 92 57
94 80 98
90 4 90
68 28 91
24 31 100
42 68 83
47 82 79
81 94 48
34 58 83
54 90 15
97 97 69
87 65 22
21 18 50
23 80 71
35 24 99
36 68 2
12 24 81
24 46 33
47 20 85
12 94 75
56 70 35
78 27 72
100 25 37
90 62 44
23 23 90
19 7 53
71 42 91
96 13 43
52 100 42
41 6 65
64 15 70
44 53 51
77 96 45
47 67 95
40 89 31
46 65 11
28 100 39
20 54 66
29 60 95
71 11 64
88 21 29
17 17 93
18 11 22
75 10 46
35 36 66
72 55 67
16 54 87
47 98 43
11 7 23
88 36 89
97 58 8
52 9 29
30 77 17
98 15 99
38 4 18
74 29 16
30 2 66
54 25 54
52 81 51
54 97 62
78 23 70
37 91 73
28 33 62
86 99 67
19 95 20
78 18 23
7 39 91
76 17 85
67 100 56
66 59 66
86 51 94
67 77 78
42 44 87
72 93 15
32 5 71
11 54 1
64 35 92
5 54 2
96 35 77
14 53 57
76 91 68
35 91 11
69 23 18
83 79 85
24 23 4
84 40 51
81 14 15
48 77 78
30 27 73
62 36 37
95 88 75
93 90 88
47 78 93
63 35 67
56 98 16
53 18 4
7 71 58
1 56 89
1 24 48
11 34 39
76 43 36
52 7 77
94 71 5
1 1 10
46 99 79
36 69 54
13 39 36
67 29 97
89 82 92
54 72 38
30 66 39
83 54 68
44 45 62
93 31 16
8 79 24
85 79 95
27 62 37
49 78 24
55 42 16
29 25 28
22 35 75
5 30 92
30 17 84
74 17 53
90 6 34
19 5 97
2 80 98
97 78 88
31 95 55
34 75 85
62 62 86
8 67 40
18 76 64
76 32 70
8 96 62
85 51 60
39 31 43
43 92 93
70 43 98
82 32 84
38 30 60
69 73 44
8 55 35
89 66 1
46 99 20
69 16 73
11 58 37
2 21 45
35 14 92
13 59 86
34 33 97
76 22 65
33 25 66
99 23 94
3 44 54
47 45 87
2 87 45
13 51 57
13 3 20
56 28 44
92 66 76
82 31 34
67 72 2
85 70 95
17 86 31
47 31 73
71 1 59
88 4 47
73 73 34
90 41 4
10 19 40
69 40 99
4 76 39
59 19 26
8 72 11
5 24 81
80 9 98
32 43 34
43 43 46
13 12 36
45 66 13
23 42 33
76 54 89
85 16 29
29 91 11
65 71 21
53 2 69
3 94 57
85 51 90
24 65 1
79 95 32
87 83 76
51 30 93
76 21 34
53 63 40
88 66 74
17 67 75
46 5 11
87 82 77
39 1 44
36 90 79
77 30 3
24 62 5
70 97 58
54 75 50
80 34 44
11 62 39
60 99 85
64 9 28
61 12 13
62 21 12
14 5 91
10 21 68
23 3 23
12 73 1
78 67 79
4 37 66
62 54 73
41 90 53
33 87 69
87 82 40
26 34 6
8 97 96
29 90 17
85 89 73
64 27 39
40 28 54
57 96 11
43 11 100
67 1 98
82 18 82
78 60 41
44 70 57
5 73 22
54 96 91
56 93 7
56 39 65
85 94 35
34 72 31
78 44 31
49 17 75
82 59 44
77 57 4
68 99 92
11 56 34
86 93 88
3 39 38
50 79 95
74 33 66
17 2 12
28 100 44
55 19 63
26 21 98
87 67 78
20 85 50
7 70 51
91 93 57
59 29 74
80 24 79
63 72 12
5 90 32
1 40 52
38 21 96
27 86 68
90 18 94
48 43 6
25 42 29
71 19 84
55 72 39
18 55 88
83 2 16
51 45 56
79 57 95
53 13 83
48 48 77
15 31 65
18 77 53
36 10 87
70 56 6
6 15 60
13 66 65
1 41 53
36 100 6
70 64 10
50 16 42
30 87 76
39 26 30
16 52 77
46 23 55
67 55 23
89 74 59
88 10 25
44 11 62
18 59 22
42 77 19
20 48 4
84 90 4
35 78 48
99 40 75
99 7 23
92 63 93
13 68 98
72 23 67
49 10 16
81 24 35
71 82 7
70 20 55
39 27 38
85 42 45
19 12 36
87 77 52
2 17 99
58 73 68
2 8 83
15 44 8
75 52 51
62 75 40
39 1 22
4 20 88
47 12 58
64 1 31
85 28 62
68 65 83
35 36 83
28 48 3
72 79 7
44 59 45
47 13 65
35 36 8
67 9 33
31 72 89
3 61 96
58 10 100
54 69 5
79 97 96
8 48 94
90 67 47
7 41 3
78 77 82
48 10 97
1 49 8
16 75 24
5 40 30
8 83 5
8 51 95
23 60 53
35 16 76
48 26 84
51 33 61
21 73 72
56 72 58
28 98 74
32 23 81
20 53 82
66 55 53
91 94 75
80 94 20
20 17 15
45 9 39
39 63 24
47 95 84
79 34 37
41 2 98
44 50 14
67 42 54
42 44 25
6 40 75
38 29 28
43 43 12
78 25 22
58 80 71
6 57 51
96 93 30
43 91 44
75 22 66
99 82 95
4 62 66
4 18 60
25 97 1
46 25 37
21 23 75
90 24 84
11 49 43
57 83 39
61 9 86
98 33 61
81 10 31
91 29 16
84 27 68
38 71 62
11 75 57
7 37 73
43 42 72
51 80 86
70 23 15
100 68 49
3 69 56
76 33 2
74 50 23
20 16 73
80 50 70
46 59 25
61 12 13
75 58 74
77 54 37
97 14 99
75 21 25
23 3 77
89 24 17
70 61 31
99 47 30
65 36 42
17 61 83
38 13 12
83 39 69
5 24 41
95 43 86
24 25 38
52 50 81
32 59 44
74 9 83
83 11 13
80 59 12
22 74 97
59 93 81
85 83 74
49 79 7
35 31 68
5 54 74
13 97 16
86 41 53
55 74 72
44 19 81
41 13 96
83 45 1
95 10 43
48 66 9
84 46 5
10 96 9
25 15 77
70 86 83
34 3 93
73 61 80
23 45 89
50 44 61
75 67 77
88 76 59
39 19 24
30 14 94
77 89 44
61 59 38
98 11 46
15 44 42
36 44 98
31 46 59
99 83 13
34 5 21
60 38 98
76 45 56
30 9 37
14 92 18
31 47 32
12 74 13
20 49 56
34 61 98
94 21 39
39 52 82
60 4 23
78 58 72
11 76 38
63 37 64
85 46 83
100 31 39
8 89 37
3 21 5
33 97 16
85 8 72
66 77 18
73 34 97
23 4 77
55 12 46
9 80 91
67 79 41
3 54 2
49 82 18
58 69 76
76 88 47
29 2 12
4 99 7
63 95 81
70 31 36
79 40 93
2 65 38
78 46 61
26 58 66
44 16 45
37 33 71
33 36 34
64 23 78
72 13 76
21 31 39
14 49 43
95 28 83
100 32 3
46 54 37
95 83 54
27 2 46
23 42 39
92 85 67
18 3 26
33 75 63
7 62 43
1 66 62
81 65 74
81 67 57
1 22 45
22 69 8
51 8 34
86 20 75
71 15 75
11 30 24
40 60 30
20 27 16
34 63 77
84 13 21
64 27 9
92 23 53
51 42 45
84 41 26
86 42 58
48 54 9
38 1 100
56 40 52
64 32 23
15 22 65
36 79 88
50 7 78
95 59 71
78 15 75
51 92 24
96 18 40
62 7 24
65 56 69
99 49 6
71 32 52
10 67 24
37 5 89
75 1 49
8 34 69
18 99 30
41 77 40
57 44 9
30 23 85
36 17 20
93 36 65
60 25 38
97 91 61
49 74 31
31 32 3
89 6 62
6 74 73
84 15 23
75 66 27
91 34 6
100 88 32
7 90 17
6 80 64
91 91 71
16 29 25
15 5 96
93 6 11
39 91 27
73 83 22
13 8 98
42 11 29
11 40 93
74 74 28
52 49 59
84 64 10
82 45 39
48 91 10
3 69 54
24 24 41
86 6 33
74 42 72
55 18 4
35 13 16
38 10 43
18 69 10
7 67 77
42 9 96
71 21 71
53 45 83
9 75 67
7 27 86
24 9 10
23 74 54
61 66 2
81 13 61
24 89 42
21 17 19
19 98 91
72 79 57
54 27 6
93 65 42
39 12 13
10 42 44
81 2 25
3 93 4
73 69 62
5 66 33
97 22 68
45 94 7
77 26 79
55 5 29
36 99 78
51 85 60
3 27 45
37 70 41
17 21 68
7 18 41
89 60 50
100 70 92
9 38 46
49 29 87
47 56 22
22 91 33
98 54 61
36 37 44
73 60 93
88 74 66
35 60 47
82 90 78
18 91 8
49 60 94
61 72 9
86 49 71
77 11 21
69 92 47
71 47 30
44 82 35
72 56 10
91 72 36
34 1 68
36 26 55
87 59 46
12 8 80
38 81 4
86 19 95
7 53 79
3 69 46
1 96 31
69 6 5
60 84 18
29 45 8
1 20 19
48 30 63
73 88 84
70 8 54
10 3 14
47 29 96
70 34 100
97 72 36
80 70 48
50 85 20
4 40 7
26 76 33
43 4 14
72 52 47
56 34 38
94 88 3
72 74 56
34 98 33
30 47 55
66 60 52
50 63 88
74 70 60
50 74 83
92 1 29
20 61 11
72 94 40
66 70 92
45 5 58
76 21 38
68 94 90
78 17 99
21 94 93
36 96 9
39 6 34
39 96 43
89 41 78
24 36 21
88 50 30
58 89 25
76 32 55
13 50 14
69 9 10
33 19 24
39 5 59
97 1 62
87 59 76
74 18 32
77 51 15
88 70 7
42 47 48
42 72 11
44 66 33
72 54 8
14 7 92
29 27 61
96 43 58
80 8 10
4 68 10
93 3 20
2 22 91
98 54 42
54 12 22
98 54 91
62 30 63
74 5 31
16 76 29
61 17 7
40 57 93
50 3 67
93 42 86
77 94 17
73 34 83
42 41 60
84 91 80
4 58 64
1 91 42
77 95 3
10 36 43
32 61 72
45 88 79
14 70 7
34 88 30
39 31 91
34 53 92
8 84 26
30 74 64
13 48 90
46 17 19
70 86 34
73 44 1
12 97 13
86 36 9
8 43 29
62 57 3
61 50 93
61 92 20
84 27 36
84 29 10
81 9 1
39 25 64
31 22 43
29 21 5
30 9 37
75 73 22
46 21 46
12 94 77
18 91 10
59 39 68
33 23 3
61 96 36
57 51 93
59 17 81
44 56 100
31 96 42
13 27 2
14 100 76
28 67 26
29 92 50
4 60 57
25 78 7
50 86 36
73 4 94
99 96 29
44 46 9
67 22 45
70 13 64
37 6 83
45 35 4
50 47 79
53 67 52
92 52 48
47 64 54
31 25 66
9 92 67
71 78 15
73 66 97
1 62 45
83 42 54
12 20 18
37 65 11
39 34 36
90 31 36
72 13 45
28 90 47
13 19 84
63 56 87
40 23 63
3 24 41
95 55 41
98 78 18
29 58 37
18 38 16
22 78 94
52 25 68
36 95 67
85 8 10
69 28 21
55 51 60
90 77 90
99 58 10
100 7 57
66 54 83
54 34 83
93 33 100
13 37 5
48 85 23
63 76 89
38 39 100
83 60 88
72 61 72
41 100 21
92 86 22
82 5 89
22 5 29
2 8 89
33 16 80
4 80 5
93 45 31
72 95 99
27 28 36
73 59 1
33 59 46
12 11 100
98 19 75
26 79 19
81 90 40
16 57 3
33 44 83
62 62 1
93 15 3
62 90 51
55 99 82
43 56 21
64 34 39
5 49 91
16 19 82
42 50 7
25 24 19
18 66 86
47 83 100
94 95 20
31 42 61
69 58 8
31 45 29
43 70 32
18 68 49
90 66 44
23 37 86
96 72 6
85 43 1
54 8 29
65 60 3
86 32 18
53 95 14
4 98 87
62 45 5
15 1 86
96 84 67
34 71 76
80 46 8
32 10 16
75 100 71
36 83 54
50 8 12
97 67 26
87 4 94
36 53 30
84 73 58
22 64 65
27 28 27
16 78 60
54 86 25
27 12 5
95 46 61
47 42 1
39 44 58
91 15 67
56 16 37
82 28 10
96 95 40
59 18 32
49 96 46
13 49 71
83 20 14
68 98 43
62 7 24
33 96 49
63 21 10
98 6 96
65 23 19
58 45 46
89 62 80
80 86 38
89 85 95
58 9 22
39 8 6
67 86 83
87 100 76
27 74 38
86 15 17
16 20 94
59 19 90
80 36 28
7 16 98
53 86 76
17 42 89
47 59 11
68 70 82
19 75 32
55 82 24
55 58 61
7 38 100
11 44 97
100 97 98
69 26 67
52 7 94
47 63 35
26 42 36
18 35 48
65 39 12
24 35 85
60 22 87
8 73 29
91 33 44
50 42 39
54 91 13
32 70 84
32 70 77
81 25 39
63 84 19
95 36 12
13 37 28
37 25 69
43 75 47
37 60 92
95 29 69
84 97 37
56 37 76
10 95 50
31 8 25
65 4 18
65 89 38
63 57 51
60 97 39
59 8 27
74 17 55
39 59 54
10 28 58
33 47 90
77 1 89
72 39 69
15 65 6
77 87 1
10 8 59
57 78 3
55 55 3
92 85 77
52 23 99
94 4 47
31 14 70
49 20 17
43 79 32
39 35 26
26 55 75
77 25 34
59 84 85
73 45 64
65 44 72
52 15 14
71 4 84
19 100 72
57 74 34
58 28 61
100 71 83
72 56 8
27 64 10
12 31 43
75 99 51
33 12 89
41 25 37
5 78 30
43 68 96
38 45 96
60 81 23
24 39 97
59 98 80
94 17 60
66 61 21
16 69 65
80 34 37
11 8 62
58 57 60
61 34 33
57 83 49
63 54 76
11 61 76
62 58 22
26 33 61
74 85 48
64 84 17
72 99 75
38 44 38
83 95 26
5 5 33
38 43 36
38 69 59
26 44 45
3 14 99
62 6 22
42 5 42
5 41 94
59 21 56
98 32 15
66 90 7
64 10 22
39 27 12
36 77 90
29 82 60
36 29 10
12 20 19
1 72 89
16 93 26
65 65 11
79 62 38
41 13 73
27 56 21
6 81 53
7 71 37
50 22 49
94 85 75
77 46 39
62 59 64
90 34 46
12 59 87
43 66 98
46 100 45
43 28 12
41 87 12
100 12 83
29 96 72
1 2 42
31 98 39
93 16 28
24 80 46
84 21 69
64 98 64
74 39 54
93 63 99
22 24 50
48 4 84
86 3 15
44 2 16
34 56 37
10 11 12
97 5 6
37 24 77
62 93 92
73 1 25
38 59 73
45 33 8
44 62 59
52 62 39
84 47 55
98 11 89
64 63 95
84 13 91
46 67 3
76 21 89
45 27 21
3 74 62
92 71 21
49 86 31
52 8 33
20 53 47
77 29 21
26 49 96
60 74 28
22 91 2
87 63 17
87 21 33
63 89 83
32 83 46
45 96 10
68 32 81
100 7 24
27 85 51
95 24 70
93 62 59
21 42 86
22 71 13
88 97 69
62 40 70
75 75 60
48 1 98
56 64 13
1 64 100
19 83 74
66 69 1
43 4 92
91 76 80
52 39 62
55 19 90
27 10 69
7 72 73
92 59 1
7 89 27
23 36 74
26 99 3
4 10 21
13 48 20
69 79 70
88 49 13
15 97 69
40 98 28
86 89 31
65 66 98
83 18 41
60 64 37
75 22 2
90 62 58
70 32 78
24 31 11
59 51 26
60 66 6
38 5 44
45 50 88
95 2 28
70 6 87
21 43 38
9 72 59
71 38 29
26 52 35
88 87 37
50 94 18
55 76 69
61 66 9
23 21 72
55 83 71
92 75 78
50 58 34
61 46 39
61 92 81
58 52 19
69 40 93
92 69 8
81 42 58
73 70 84
32 50 51
34 99 19
18 33 25
36 37 98
44 23 75
66 96 45
21 19 50
29 2 86
31 79 81
99 80 62
37 12 64
44 22 34
18 64 71
6 88 90
53 13 28
5 1 49
93 23 18
91 12 36
47 43 9
4 55 95
44 91 76
13 27 97
82 46 37
49 89 61
33 36 38
61 92 51
43 58 83
49 32 41
66 44 2
80 94 92
10 97 22
77 22 13
15 84 57
32 27 80
5 87 1
29 40 24
18 2 68
68 73 13
24 96 56
87 88 93
13 45 49
40 50 40
79 22 91
65 97 89
1 64 21
51 85 57
18 74 59
18 46 68
87 1 71
52 64 43
28 38 45
47 99 17
45 14 20
90 69 96
64 82 95
23 13 87
56 75 93
39 68 5
54 80 73
47 31 64
77 33 45
11 64 56
73 87 38
92 29 65
21 56 61
88 25 100
25 42 66
91 89 2
17 60 51
76 27 80
75 88 3
6 80 38
90 57 3
2 19 41
64 10 74
91 87 13
44 80 64
25 75 60
63 40 77
16 80 64
54 58 25
12 83 38
76 54 22
30 15 60
6 22 8
74 39 72
50 26 3
18 5 64
24 89 36
100 45 56
60 10 9
78 47 3
11 94 85
38 32 81
21 57 24
16 84 19
44 81 48
61 65 96
55 68 10
65 87 83
57 3 41
76 13 46
86 54 6
62 85 67
100 98 61
82 77 52
86 61 5
2 65 5
44 71 11
63 13 34
28 1 31
63 8 80
78 27 34
33 95 7
93 2 72
49 32 55
89 9 62
60 42 68
77 86 8
11 49 28
40 39 87
47 61 25
19 46 64
49 39 58
99 89 76
55 35 70
74 18 67
56 62 100
88 84 35
36 44 2
80 36 1
35 85 94
61 88 81
26 95 35
45 69 91
28 75 51
10 83 91
79 14 57
27 92 4
12 9 87
65 67 77
24 54 59
23 27 25
69 47 15
95 54 86
57 88 75
92 35 26
95 11 74
24 37 74
86 96 89
35 43 56
31 4 78
23 89 38
43 69 49
92 3 48
54 8 73
75 77 51
85 65 29
51 92 48
99 42 38
83 9 6
88 66 16
51 51 93
37 73 58
13 15 40
73 11 68
19 62 27
57 42 98
23 17 93
84 31 100
38 2 96
64 25 44
14 5 42
77 61 54
37 52 4
39 19 60
93 97 68
93 74 33
26 100 46
86 56 72
69 32 84
89 41 81
80 39 72
79 54 37
6 68 89
14 25 97
23 8 96
68 80 46
40 89 34
91 72 21
31 2 12
64 13 5
13 79 95
13 58 97
57 60 53
10 64 89
62 13 59
65 31 56
69 8 96
6 61 91
37 88 67
89 54 21
51 75 17
31 95 14
29 83 91
54 89 2
2 21 13
72 60 99
76 69 45
82 71 68
70 43 91
10 87 100
40 55 88
19 38 68
45 78 26
42 1 61
98 45 13
6 71 36
5 77 63
36 12 49
16 33 86
54 43 13
85 20 14
1 10 54
23 10 16
19 52 55
59 43 68
69 73 91
29 22 80
29 73 34
57 72 21
36 66 89
31 94 67
73 67 41
94 9 96
26 52 41
68 78 84
17 48 85
39 42 73
60 18 48
39 33 56
14 77 47
70 71 100
96 74 59
94 22 62
53 17 63
15 42 61
68 92 19
97 22 33
17 32 82
67 50 32
70 61 73
42 89 69
10 37 16
43 46 89
62 19 57
45 27 37
95 5 62
98 77 84
91 9 1
25 99 95
19 99 84
24 75 24
56 71 49
4 96 59
36 76 100
50 8 22
28 70 30
92 41 15
77 33 38
96 59 38
55 85 92
34 9 56
90 99 41
83 22 71
43 43 27
16 32 84
47 46 11
94 88 26
73 96 100
51 37 10
49 4 90
62 46 74
1 25 34
6 69 62
97 74 54
45 97 98
7 81 99
17 25 21
22 96 25
15 54 44
54 33 16
1 58 100
19 67 19
62 69 96
25 45 33
61 11 28
43 70 41
73 98 5
76 37 44
30 86 83
6 87 9
57 73 97
52 36 16
15 100 58
53 57 92
7 38 86
56 86 11
96 46 36
1 34 37
11 16 39
37 3 19
17 53 99
88 94 90
62 27 68
33 18 30
66 84 20
71 31 29
68 65 11
70 69 59
75 49 29
75 91 59
16 32 50
33 60 55
57 69 42
45 15 41
32 77 41
62 76 46
48 6 87
23 42 34
97 67 26
81 56 27
1 72 58
37 86 87
49 95 82
60 49 5
1 59 64
6 61 2
83 3 75
71 68 22
81 95 48
2 94 70
1 57 24
76 87 74
87 28 73
41 10 43
67 32 84
97 54 6
48 54 86
35 22 28
5 69 25
51 4 20
99 100 89
99 9 42
56 3 53
91 3 70
39 5 64
31 43 59
12 54 36
71 35 63
94 73 76
22 28 76
79 62 98
54 74 5
42 53 92
78 73 64
99 71 74
14 86 39
90 63 53
69 30 88
60 97 46
17 68 97
59 44 64
38 83 9
18 61 11
56 52 30
48 92 99
18 87 100
99 31 56
29 38 87
41 2 1
74 69 37
98 76 58
57 92 77
14 20 52
20 41 20
38 76 65
46 38 65
53 95 55
56 96 72
71 8 76
90 90 93
12 22 39
88 72 56
8 13 8
23 10 72
58 51 88
31 93 77
53 68 38
34 21 64
63 22 8
56 44 27
36 12 98
15 53 17
16 8 71
20 44 8
20 10 69
3 32 18
71 9 1
27 18 60
20 94 40
46 7 57
76 45 89
2 9 71
57 68 72
83 68 54
28 27 58
25 86 91
48 86 21
38 3 79
16 72 2
30 71 8
87 60 57
3 13 44
32 55 23
26 66 34
84 15 60
56 31 43
93 65 89
98 49 65
95 51 94
85 30 75
58 100 62
72 32 20
12 3 30
15 64 28
80 62 100
83 25 43
45 18 81
98 32 93
69 37 25
21 52 15
90 58 22
99 57 53
57 19 84
65 47 57
32 16 39
52 83 89
94 2 65
26 91 28
65 95 92
20 50 67
21 44 16
100 94 17
25 26 94
65 51 94
93 79 63
25 1 11
4 36 89
27 90 78
12 40 92
80 21 96
22 78 93
84 26 51
28 68 43
4 2 46
66 34 36
25 80 49
69 38 98
28 21 59
33 66 42
61 5 36
46 79 53
18 80 22
22 6 80
76 46 58
98 100 83
9 21 59
30 11 72
92 80 39
16 87 37
52 92 95
12 44 49
87 1 33
36 54 42
79 37 6
92 3 81
70 40 24
20 8 49
57 8 74
43 55 52
94 36 86
5 55 3
68 21 83
33 29 66
4 79 51
43 52 48
26 96 100
100 57 92
18 54 1
55 57 24
93 16 34
5 40 93
96 1 61
3 66 43
66 11 21
84 11 89
80 44 39
75 60 81
100 34 36
53 64 72
86 78 99
33 19 40
11 70 48
52 29 8
99 6 97
35 93 53
50 22 39
18 8 9
1 67 18
63 91 9
63 100 68
32 15 19
70 88 52
42 26 82
85 95 99
52 49 25
50 74 36
60 73 86
12 2 5
20 95 94
22 63 17
84 37 25
21 76 42
84 69 28
19 39 97
85 89 34
68 55 20
61 79 24
83 49 71
43 55 88
12 67 26
19 85 18
33 100 73
73 28 96
48 67 90
81 85 93
86 15 57
4 71 58
63 96 64
20 91 9
85 26 15
3 16 27
75 64 25
74 87 76
95 27 58
44 19 26
90 8 22
30 54 13
38 29 10
39 27 62
2 13 83
59 9 6
65 3 94
85 33 49
97 68 49
64 97 21
38 9 1
97 56 73
84 64 22
57 60 41
12 33 62
33 19 53
65 64 9
34 74 9
45 90 7
2 82 4
98 49 64
7 92 52
99 81 48
82 54 91
43 10 59
90 19 51
82 27 87
13 43 38
11 98 80
44 97 71
100 30 24
30 69 97
3 50 67
94 16 87
67 22 5
50 2 69
59 45 31
100 58 22
24 52 84
8 66 62
67 61 46
7 19 78
9 7 53
12 19 75
19 81 14
88 89 97
77 80 43
81 4 48
23 1 29
67 34 25
77 100 59
79 71 43
4 20 19
44 84 81
10 82 4
65 30 51
98 44 73
50 67 51
10 77 57
27 16 87
100 34 37
86 33 80
28 74 37
61 7 88
39 49 42
90 29 89
22 72 34
89 4 15
98 24 82
49 76 16
56 71 36
96 22 39
83 24 26
99 90 81
65 11 10
4 51 3
32 73 29
28 7 63
39 85 32
94 74 29
64 47 84
94 48 35
40 88 57
68 79 60
75 91 16
84 83 64
64 34 46
87 8 100
77 89 43
43 61 22
7 12 68
60 10 73
30 97 5
10 76 65
68 25 91
41 59 29
82 25 13
15 3 47
4 49 45
53 76 16
80 86 12
34 7 84
74 32 94
82 34 27
74 14 53
16 25 8
11 84 70
7 80 27
92 64 74
79 98 56
41 43 73
34 18 53
13 38 33
94 69 16
46 81 95
44 41 94
48 37 5
41 81 23
100 76 27
92 76 98
57 22 5
79 14 3
2 62 5
35 64 73
72 20 70
15 75 60
3 73 49
100 43 31
91 66 72
44 19 67
69 90 7
40 40 77
67 70 32
51 65 8
20 62 64
56 87 65
53 90 47
60 72 25
74 62 10
4 63 7
84 31 64
92 79 48
40 14 95
50 71 45
100 22 87
73 77 51
65 57 47
18 61 96
1 94 48
40 75 20
97 86 12
73 64 27
14 55 90
55 92 17
50 56 58
33 95 18
5 91 96
23 74 36
10 17 60
21 2 76
70 18 84
74 13 34
95 23 48
36 29 10
41 42 56
22 15 88
33 27 72
85 34 76
97 69 96
100 22 58
51 15 20
48 29 68
21 38 34
3 97 65
84 80 10
71 83 66
13 28 42
25 87 11
81 28 49
82 93 24
52 93 95
20 71 61
35 16 74
86 34 83
50 3 92
6 11 5
14 20 90
19 64 54
100 26 92
28 57 77
77 35 57
17 34 59
62 47 81
55 31 59
100 72 29
80 82 88
18 61 96
49 95 79
19 45 83
19 12 83
75 72 44
13 2 22
29 27 72
23 20 81
62 67 99
18 30 67
90 61 34
18 46 34
92 55 70
78 89 56
92 2 46
88 4 85
100 41 17
47 84 20
76 85 30
39 69 91
41 37 91
55 58 25
3 8 11
83 75 35
76 83 97
6 35 48
85 12 6
33 41 15
44 82 63
9 99 4
46 31 64
76 18 7
30 13 91
64 29 37
34 18 17
19 98 16
72 63 79
19 42 73
5 45 22
21 86 16
13 77 57
47 78 70
26 8 98
22 5 8
54 8 22
14 60 19
2 27 73
17 36 89
36 60 77
34 31 96
41 2 34
60 69 68
45 14 20
13 36 9
25 32 51
8 21 49
5 10 12
5 4 99
21 96 44
81 19 3
43 66 43
59 6 49
93 21 5
61 50 52
98 39 98
45 18 77
89 44 73
14 32 77
51 77 57
21 44 97
83 40 7
84 98 72
11 4 48
66 40 93
65 27 33
63 6 22
78 89 61
3 41 53
29 63 99
68 14 7
66 6 46
71 37 31
45 12 2
42 70 51
83 46 38
4 71 22
80 68 87
50 24 88
89 37 2
65 45 66
5 18 88
10 45 56
5 18 32
84 33 69
46 75 30
11 60 3
86 61 73
12 28 36
22 51 48
74 92 75
43 62 28
46 56 6
95 27 8
17 77 94
21 93 88
22 26 19
13 20 40
30 2 83
20 15 82
48 6 72
46 89 54
96 75 32
68 86 62
89 9 89
35 39 56
72 73 76
5 76 29
91 53 78
94 44 34
27 48 81
49 80 87
63 30 79
50 61 65
85 89 49
22 3 78
18 1 44
32 71 9
26 69 29
13 48 35
25 11 83
36 45 29
64 24 94
96 36 91
64 26 99
55 76 43
99 19 20
70 69 61
35 98 65
96 65 58
6 76 22
12 49 39
97 57 4
49 61 76
37 100 28
19 79 85
47 12 66
37 13 2
21 95 67
33 33 46
91 73 49
51 7 92
35 2 36
13 85 53
90 97 5
88 37 83
16 8 9
94 83 74
98 83 28
50 59 29
75 3 81
85 5 73
33 29 8
64 80 9
34 23 32
56 66 71
55 55 26
75 75 88
61 5 80
21 16 2
90 27 21
46 21 83
9 41 94
18 23 20
93 24 51
85 65 10
87 28 49
25 98 62
46 58 1
21 38 56
18 11 87
51 42 54
54 65 96
12 91 28
99 25 38
76 7 95
92 30 32
77 14 60
14 56 54
40 89 71
55 6 54
80 87 64
18 86 38
54 65 13
21 32 7
69 55 3
50 12 16
64 22 64
78 19 30
88 86 98
76 51 93
79 34 62
50 37 43
43 77 50
15 100 86
45 64 98
17 10 58
2 56 37
15 10 36
29 82 57
71 36 44
5 6 9
68 52 3
40 2 45
70 7 93
35 11 43
93 27 49
54 32 57
5 50 90
56 49 6
2 61 49
44 26 99
20 26 79
58 22 96
15 5 9
20 26 93
10 49 64
16 55 84
39 52 85
19 92 99
75 12 22
49 54 86
44 23 35
74 78 50
81 79 94
92 8 22
67 31 10
100 71 96
87 12 9
37 86 10
14 32 50
29 96 98
61 41 14
2 66 96
74 56 33
97 29 5
20 78 48
6 76 62
38 77 95
48 60 84
42 93 40
97 22 45
32 81 19
8 54 13
31 32 30
8 33 73
9 32 50
58 47 57
93 33 59
28 92 26
49 64 44
6 44 13
42 69 16
73 83 39
20 76 96
35 69 58
32 24 93
88 39 37
87 62 27
28 58 65
42 59 36
11 54 76
38 80 96
12 8 10
49 26 57
22 71 22
58 77 35
45 72 68
55 95 14
85 27 43
59 43 96
64 75 24
55 71 1
62 90 15
61 67 84
52 37 21
70 16 91
33 9 64
45 40 41
24 69 10
9 2 27
43 37 6
81 9 37
86 96 9
2 73 39
30 43 11
37 33 1
52 24 92
7 56 74
4 37 2
35 46 64
38 72 59
91 21 2
12 84 14
68 78 3
11 32 81
51 75 18
58 49 6
27 29 12
76 99 26
80 62 5
92 39 73
100 33 65
9 40 48
55 30 81
33 93 24
98 91 46
97 96 22
78 76 31
16 48 85
89 37 28
51 31 34
78 73 76
8 65 58
1 27 74
20 7 95
79 83 31
23 71 34
10 89 59
26 35 57
54 86 49
92 96 89
78 27 66
62 45 73
93 68 65
11 100 31
43 38 27
42 90 88
92 87 68
20 53 40
49 6 29
32 50 79
59 31 86
72 40 47
27 63 55
39 52 3
63 52 82
32 22 38
65 92 26
67 99 63
34 2 74
25 61 58
87 60 55
78 5 100
35 87 5
25 27 44
81 90 52
29 89 71
28 2 6
54 93 35
29 29 96
96 70 99
82 27 31
61 16 100
98 41 82
98 8 38
13 96 91
30 6 39
36 44 80
48 73 72
23 59 21
65 73 56
41 64 34
34 81 94
58 72 42
48 43 66
86 87 34
96 83 59
6 9 34
95 41 50
24 73 12
27 26 18
51 96 16
5 72 36
59 24 32
42 43 44
57 10 62
78 49 62
60 18 30
82 83 5
54 59 58
7 61 6
57 34 61
65 41 78
15 31 36
17 1 56
12 67 92
59 19 35
24 3 7
48 73 58
10 100 10
54 85 51
39 84 55
18 8 73
16 13 16
68 55 94
57 70 4
2 74 66
22 86 100
5 58 43
1 78 50
68 43 98
19 90 20
49 44 16
88 61 38
3 89 39
56 20 92
40 93 35
54 89 68
35 9 89
48 10 83
64 83 89
54 74 9
14 6 86
68 19 30
4 8 44
83 100 97
44 14 41
9 1 83
57 17 15
13 93 3
33 33 66
89 80 38
61 32 77
28 42 46
63 17 81
23 31 21
15 31 76
78 44 25
51 22 69
19 78 32
38 27 43
2 26 93
95 36 42
64 87 45
20 80 5
28 82 75
22 62 54
78 7 53
50 13 42
82 23 82
96 40 99
98 59 64
15 9 69
14 67 94
53 65 21
45 17 95
16 82 81
42 36 11
78 68 44
96 21 5
46 50 99
45 18 41
38 87 97
94 100 39
33 43 45
5 98 72
55 86 100
62 41 79
76 67 63
22 53 14
38 96 46
82 61 44
67 22 37
30 61 59
53 52 50
22 10 97
16 66 80
73 7 18
7 8 76
74 75 51
100 72 12
90 43 61
56 25 6
39 11 71
79 32 79
54 37 33
55 6 21
50 67 93
28 93 48
20 87 36
43 6 1
49 54 65
88 21 83
90 57 47
78 34 89
84 40 70
28 39 97
85 37 9
73 48 35
67 15 95
10 26 35
33 25 65
55 23 47
68 14 63
15 94 19
26 49 58
48 90 47
83 76 22
95 7 30
90 94 85
54 66 25
44 51 32
72 22 21
9 27 46
82 57 77
49 2 27
74 91 29
77 73 72
99 59 36
26 86 38
7 72 10
6 64 29
28 10 25
1 3 7
57 46 98
77 36 33
20 46 38
86 98 8
43 49 56
66 99 88
18 61 8
45 1 96
24 63 14
7 54 44
30 56 10
87 89 98
54 8 31
20 71 31
44 63 23
59 29 72
45 22 56
30 60 84
64 53 77
15 18 50
54 68 11
36 89 100
76 9 80
27 9 34
98 55 92
95 15 90
84 95 92
91 5 76
79 72 74
49 1 34
69 18 75
84 99 35
54 30 63
63 8 28
84 65 89
36 18 24
89 2 39
81 76 54
59 32 47
24 48 30
28 95 4
77 71 58
62 5 96
40 49 13
43 21 5
95 34 44
74 31 9
47 76 12
16 82 50
36 48 63
32 40 99
53 85 48
97 54 34
12 6 54
29 76 28
63 59 42
27 64 10
62 94 47
64 93 94
82 2 29
56 68 6
45 58 39
20 75 63
81 89 74
5 65 76
45 32 99
91 69 87
82 31 89
45 75 57
58 41 19
30 79 19
12 25 10
29 4 20
34 13 8
52 19 18
55 92 41
99 22 83
59 63 7
5 7 63
86 37 98
71 5 37
17 18 75
42 90 19
54 20 93
31 9 22
88 13 69
64 46 29
22 49 43
2 54 62
95 88 81
25 68 2
39 36 1
18 11 74
56 37 74
48 57 35
50 90 19
35 7 52
30 87 39
37 91 58
90 70 90
32 27 16
17 94 4
20 59 80
58 85 53
93 11 76
55 64 33
26 4 23
99 68 76
16 83 42
70 54 87
89 64 1
24 71 74
7 85 99
29 56 49
2 1 46
68 62 31
89 3 67
18 38 42
47 42 11
39 99 95
13 72 61
77 39 5
8 99 47
78 72 9
66 66 58
31 28 97
37 78 32
81 47 55
16 45 36
95 85 95
27 44 5
50 23 3
48 28 34
80 61 33
78 1 54
78 47 55
64 43 37
62 71 45
72 24 78
99 69 2
98 78 20
16 41 67
28 77 41
43 78 19
74 36 64
22 5 44
67 75 82
83 34 62
13 11 86
73 91 44
28 16 72
74 11 64
6 44 33
29 70 48
7 24 19
46 19 94
30 36 66
70 41 94
4 56 73
91 96 28
100 44 10
39 16 31
86 34 73
74 34 38
46 97 71
34 94 85
99 10 96
37 37 61
74 12 25
82 43 89
69 95 30
8 25 62
74 64 9
97 79 90
67 40 99
29 23 35
77 68 87
85 46 31
44 37 10
85 24 55
81 44 59
80 84 51
68 58 38
10 69 74
78 94 57
33 99 95
9 51 67
63 60 99
83 18 47
12 33 13
23 93 78
10 66 31
92 71 91
55 37 64
91 83 91
91 93 40
99 42 16
21 44 66
50 83 45
43 59 44
33 16 54
70 100 61
68 69 8
33 78 35
64 6 11
16 92 79
93 56 25
55 77 15
55 89 5
23 58 73
95 38 31
87 23 4
85 79 57
68 95 35
81 100 89
80 98 1
12 49 86
8 99 35
38 43 12
67 98 45
100 4 3
37 43 5
71 59 44
92 34 100
9 42 2
17 94 24
14 88 4
89 18 67
23 5 46
17 13 80
93 24 88
71 45 66
78 25 91
9 93 82
97 11 64
80 10 46
49 82 75
40 95 40
11 43 5
31 64 54
48 97 44
48 79 63
54 31 8
72 75 94
60 52 93
79 99 70
56 7 88
85 73 65
83 14 50
64 54 27
61 23 19
54 98 2
84 94 4
32 82 92
19 70 53
9 36 2
13 56 69
3 17 84
64 18 53
81 4 81
1 46 80
29 35 47
79 89 76
89 57 95
22 2 37
84 29 100
85 98 49
55 38 44
94 54 37
69 71 38
41 53 50
13 8 100
11 64 27
44 94 81
55 76 65
57 54 21
21 12 8
100 94 52
100 37 64
45 35 88
48 89 33
87 90 84
24 15 32
20 78 4
35 10 1
27 91 44
72 73 72
74 1 33
88 35 24
61 94 92
55 7 35
97 55 82
22 45 65
12 44 11
14 91 46
83 73 98
25 33 22
96 21 11
73 12 100
91 24 51
36 89 56
83 51 20
28 46 86
91 3 18
20 7 79
73 64 61
47 7 79
12 39 11
33 23 63
76 65 33
70 68 98
82 48 24
46 25 68
23 70 35
94 83 59
24 100 80
23 65 37
98 40 78
56 69 46
61 33 86
8 83 2
84 31 42
30 21 59
89 95 40
45 2 71
57 21 72
78 86 21
56 82 99
37 39 65
12 35 18
50 48 41
30 68 1
23 86 38
7 76 25
23 87 45
8 24 19
31 18 78
90 13 2
76 2 33
67 63 85
22 16 11
36 93 84
32 18 17
62 59 1
12 97 69
5 41 15
46 31 28
76 25 72
7 42 8
70 40 94
25 63 14
49 69 59
77 100 56
66 28 89
78 71 97
31 37 69
62 99 14
62 88 85
29 68 87
19 5 65
54 2 71
26 45 83
75 17 26
11 43 34
20 54 10
73 45 49
19 31 28
17 26 3
78 64 56
42 84 94
83 30 94
53 54 29
48 64 38
10 11 62
59 25 46
57 100 71
40 42 10
88 42 31
52 58 42
83 99 32
13 78 24
89 64 97
25 16 49
75 64 72
43 42 44
10 36 76
95 1 58
11 82 52
92 5 71
80 36 2
42 31 45
8 64 62
97 24 95
8 47 85
92 18 41
75 37 83
38 35 85
68 95 94
40 67 70
60 1 72
99 71 27
71 16 62
86 96 25
91 50 7
100 48 77
48 67 85
87 38 42
34 49 1
11 22 87
67 64 58
16 91 6
98 19 81
25 10 80
36 86 2
75 84 50
52 67 77
92 10 66
10 10 11
36 98 1
61 17 77
68 54 71
54 54 33
72 25 80
74 80 43
9 1 61
6 73 33
20 95 51
11 92 88
36 39 61
72 93 23
92 73 29
12 96 29
54 32 3
79 72 87
70 6 73
49 33 31
1 97 56
30 66 65
91 71 66
65 9 87
85 39 38
81 42 61
30 73 39
35 96 58
13 81 4
35 11 10
12 65 80
97 78 52
23 83 46
87 25 45
53 66 43
39 9 45
29 47 3
92 27 49
10 85 18
94 60 20
25 42 64
2 19 67
47 100 74
79 48 3
82 86 73
34 10 27
22 44 34
3 64 46
75 89 6
60 50 81
93 25 76
53 69 27
1 71 8
62 43 34
71 64 65
33 43 72
91 70 93
92 8 9
62 94 55
74 29 80
37 55 93
33 54 98
61 21 80
22 24 93
44 73 39
22 66 28
51 74 65
96 43 13
76 81 32
41 28 91
74 37 66
46 29 38
83 10 54
9 81 77
12 39 73
16 35 92
73 2 36
38 82 57
16 8 59
61 4 90
63 54 59
82 10 49
96 36 58
14 5 59
13 77 23
33 4 48
55 99 81
19 87 80
18 57 18
44 78 52
92 56 62
52 16 44
77 59 65
35 99 23
86 92 32
85 28 13
14 50 4
31 42 10
31 20 70
62 52 94
29 66 21
7 2 59
55 12 62
45 97 27
46 5 72
45 14 55
84 53 19
43 10 80
16 49 86
34 91 62
63 33 68
95 97 80
93 56 87
72 9 29
42 62 25
82 67 26
68 64 68
92 89 97
77 72 33
31 64 87
56 42 98
18 87 12
18 56 38
54 71 59
35 35 95
26 55 18
11 55 63
57 65 38
90 63 32
40 8 100
67 98 86
96 39 28
71 37 16
31 65 42
63 10 68
10 42 59
78 33 56
94 34 69
4 43 83
28 51 70
5 89 86
35 72 1
30 38 39
14 81 70
3 36 86
69 43 80
4 98 68
82 4 48
78 69 27
93 8 45
43 31 37
80 39 89
8 45 71
24 74 56
12 12 34
48 21 10
64 37 10
12 95 63
61 88 30
21 40 93
78 100 8
43 51 50
88 74 100
24 75 99
11 19 70
63 12 100
74 89 38
31 93 88
48 12 73
84 98 9
29 2 39
21 85 84
77 49 36
38 46 2
17 23 35
74 38 29
71 99 81
95 73 45
42 51 14
100 22 36
93 18 14
45 41 63
44 37 13
50 71 43
85 60 79
1 23 41
73 29 76
35 42 58
95 79 88
68 89 66
12 44 87
61 53 90
50 45 83
50 60 63
3 43 39
74 15 52
44 61 59
79 43 36
55 6 16
2 69 65
73 12 46
70 44 61
98 83 13
41 97 33
89 6 71
19 44 74
31 1 27
30 68 73
57 71 56
32 41 18
12 71 73
77 17 50
20 50 92
92 62 71
91 37 36
82 36 69
92 77 81
46 76 54
51 97 89
5 17 55
18 65 73
64 6 36
48 92 18
27 46 39
26 53 3
93 70 18
5 19 14
37 95 67
24 23 77
50 32 7
49 56 27
86 15 18
64 61 42
74 89 10
14 25 8
71 44 36
54 41 35
53 71 27
39 47 79
27 13 27
73 84 14
83 38 64
21 35 85
54 94 67
55 40 3
10 88 84
14 70 23
94 86 100
57 59 91
63 31 97
46 40 41
6 3 84
65 19 92
83 97 87
83 59 69
51 35 94
97 29 9
50 71 45
96 65 59
52 68 44
40 53 30
1 48 88
36 86 72
7 11 22
63 75 20
98 8 96
7 93 19
76 69 100
93 89 45
82 98 29
14 85 19
52 43 74
30 27 39
72 84 78
10 51 7
77 37 86
98 43 69
24 65 49
10 53 75
16 4 18
55 35 23
48 96 39
42 21 43
23 22 66
88 94 81
52 61 86
56 19 32
17 85 7
41 16 71
59 12 21
53 79 20
93 59 65
38 11 69
60 58 74
87 88 14
40 36 22
11 39 87
8 35 19
65 48 57
53 45 28
9 22 71
26 58 83
77 3 35
23 45 65
95 66 29
50 14 84
90 69 96
57 24 93
38 9 64
84 13 96
34 23 30
72 76 22
95 91 16
11 86 46
75 45 76
83 53 55
51 20 15
42 39 37
36 34 69
30 35 77
66 52 26
5 24 7
67 80 31
42 29 44
38 72 61
22 78 95
24 16 1
15 64 91
57 32 57
10 45 31
48 72 96
72 92 78
63 37 74
28 49 38
74 19 7
22 61 76
16 5 11
11 66 10
56 43 49
81 68 73
51 67 77
7 83 64
25 68 11
57 40 26
100 57 18
86 37 74
8 49 16
70 59 62
50 46 42
61 67 24
25 17 70
10 31 38
78 86 56
96 2 38
54 15 51
91 61 38
51 12 72
88 62 21
3 16 13
33 45 16
12 29 36
48 9 72
38 64 44
35 87 74
67 74 98
51 45 6
11 74 42
69 5 44
14 37 2
22 74 37
89 88 77
97 7 50
33 80 10
38 43 12
30 91 59
100 6 36
96 74 5
18 80 49
52 15 99
94 100 76
32 81 19
48 60 4
36 77 53
57 58 37
41 20 40
36 85 50
55 8 46
13 45 33
52 36 71
33 81 75
34 71 62
17 65 25
2 40 95
13 2 83
65 95 81
90 68 89
32 38 61
93 91 22
60 44 49
89 90 14
83 69 61
74 58 74
86 72 5
95 22 27
13 48 82
89 47 88
59 69 13
69 72 21
13 77 81
94 35 41
47 68 91
30 24 40
42 9 49
44 45 72
69 54 80
27 44 100
81 35 94
33 98 34
49 59 16
6 45 43
58 10 83
23 27 66
1 77 79
66 94 84
30 45 100
1 31 22
69 95 90
66 72 22
37 48 14
28 71 56
85 60 18
40 29 58
12 15 78
36 19 53
17 10 71
9 35 15
60 49 71
59 9 22
69 85 79
12 37 86
34 10 97
49 23 32
5 32 77
28 22 45
89 88 60
98 38 87
37 83 69
45 68 89
33 81 24
11 36 80
90 32 4
17 52 15
80 20 88
27 39 100
73 65 97
53 79 7
71 79 77
55 58 36
77 3 77
40 80 71
45 91 28
15 51 48
48 97 69
97 66 44
94 49 61
7 51 7
68 91 76
98 4 15
62 67 15
45 62 36
37 22 10
97 58 33
80 22 34
81 80 98
2 1 73
40 86 16
21 60 14
78 96 28
45 80 86
34 39 25
5 17 78
75 79 15
60 35 52
65 24 81
11 41 53
32 90 95
35 81 32
57 31 58
42 44 74
40 62 1
82 38 31
97 63 79
11 21 13
16 48 88
61 96 11
13 59 66
100 50 82
23 43 12
67 10 69
88 57 53
87 13 45
59 31 100
58 84 95
47 76 8
69 85 15
15 6 36
9 54 11
78 58 80
56 65 29
98 24 48
98 65 80
11 45 73
62 68 6
22 80 62
1 87 6
11 7 82
5 56 49
3 57 26
68 80 96
90 64 33
28 29 56
16 76 45
25 81 95
71 33 43
25 14 79
34 87 66
82 48 75
8 75 24
87 73 27
66 26 53
58 13 56
22 70 60
70 96 31
57 100 29
90 86 12
69 91 83
66 66 38
10 100 96
64 54 16
89 39 36
3 17 18
58 41 51
86 56 21
7 31 44
85 46 6
99 47 57
1 74 28
96 51 15
58 18 52
38 29 68
97 62 2
99 45 89
27 60 85
82 37 54
19 59 43
8 48 92
71 1 9
69 13 38
16 67 19
12 94 4
8 78 20
59 71 13
70 60 14
16 6 74
89 21 97
64 38 29
84 21 29
63 60 18
89 98 66
78 40 70
57 92 20
55 55 48
97 50 3
62 99 48
42 44 43
78 79 17
6 100 45
98 20 82
99 69 76
57 11 16
76 49 64
15 20 93
79 56 2
31 83 36
57 36 89
18 46 64
24 39 31
29 34 8
95 40 55
45 69 72
46 53 90
57 86 58
84 16 87
92 6 76
33 4 90
58 99 19
12 4 30
69 62 37
10 98 73
36 74 49
7 15 18
92 75 78
5 35 82
58 80 29
70 34 45
85 61 64
36 28 44
38 8 56
12 30 14
92 58 54
20 20 93
54 21 28
38 53 20
23 79 20
64 37 1
8 95 92
53 68 27
47 39 62
91 67 35
4 75 30
74 42 59
49 83 1
34 61 87
100 49 97
15 94 92
7 19 3
66 73 22
100 99 4
90 69 65
53 27 73
23 32 30
91 45 98
14 96 5
68 43 10
84 51 70
12 48 32
25 16 42
72 47 85
29 66 6
91 59 13
6 34 89
46 55 94
66 71 10
22 23 40
33 35 32
83 70 4
65 16 39
22 74 39
26 22 46
41 12 80
4 56 87
25 89 87
52 51 50
47 35 57
84 29 69
99 62 96
79 44 97
42 22 72
30 68 12
72 25 22
86 22 72
12 32 51
4 94 26
3 6 34
42 58 13
12 95 79
66 72 43
55 49 33
5 62 54
100 6 27
52 52 50
23 95 88
55 81 55
30 59 56
97 53 24
47 5 45
57 44 49
17 74 73
80 19 70
86 44 28
37 11 74
6 1 11
87 42 87
3 6 44
47 43 76
4 10 97
19 69 29
52 69 25
22 11 29
22 77 51
43 69 64
14 63 67
46 39 22
45 65 2
39 27 59
40 27 76
60 43 31
29 46 73
12 35 18
40 61 62
68 98 16
25 60 23
43 13 31
76 44 10
67 52 95
92 40 67
24 95 53
86 30 32
3 8 33
7 88 18
77 95 26
36 40 18
72 22 45
37 28 36
97 5 16
11 91 33
31 76 11
12 16 100
100 53 93
64 20 47
31 19 51
66 49 21
63 84 81
11 84 30
27 89 29
12 24 67
40 6 16
46 87 76
48 87 29
40 36 80
11 88 79
29 23 55
39 12 2
38 65 100
32 42 12
95 64 1
78 92 57
61 91 49
40 75 78
89 19 20
11 28 80
92 100 22
85 86 29
99 100 61
47 9 29
58 74 46
26 73 6
93 92 19
26 49 66
61 37 74
90 7 4
88 48 70
76 12 9
68 76 89
92 91 8
56 71 54
11 97 61
16 93 67
8 65 91
45 83 33
6 8 69
68 51 75
14 34 9
26 35 67
58 11 9
57 87 2
21 62 64
58 41 15
73 90 84
35 33 16
1 35 17
76 24 48
18 21 45
93 56 6
2 38 96
8 55 35
75 66 27
16 88 32
72 90 35
16 79 53
15 100 80
82 10 42
46 31 91
25 69 76
23 26 92
16 98 69
83 59 80
47 39 49
19 43 71
40 36 56
92 58 16
4 85 30
32 13 42
22 83 54
36 82 51
58 66 69
34 33 31
61 47 60
15 24 47
92 79 26
51 100 54
7 68 27
4 5 59
65 90 51
39 10 1
88 25 87
55 96 10
64 30 15
24 5 100
56 16 65
51 78 30
73 89 43
72 95 17
100 44 1
35 63 7
100 36 1
46 50 19
31 83 86
55 28 91
88 7 81
42 68 43
35 35 63
46 30 35
87 12 13
2 6 54
16 48 32
57 52 30
62 85 15
95 39 16
34 8 46
57 48 24
33 97 59
62 38 45
97 36 45
91 33 10
46 73 74
37 44 33
81 4 35
46 89 27
76 28 25
72 52 23
22 28 2
25 95 30
41 53 23
70 43 34
21 22 6
52 76 62
66 47 81
30 84 67
94 24 63
58 29 12
58 6 56
91 66 21
9 82 26
79 14 30
13 65 66
76 25 68
98 58 2
24 34 65
83 90 78
60 50 84
32 26 48
2 68 66
3 30 19
31 53 55
74 41 52
45 13 8
24 99 79
77 27 43
45 85 51
26 91 22
78 5 100
98 38 13
94 77 47
16 49 5
25 96 97
75 24 3
94 61 49
49 45 66
60 12 9
65 37 13
54 33 46
59 29 34
45 93 57
32 67 7
96 12 25
24 62 29
88 24 63
21 96 43
14 59 38
79 64 74
5 25 86
63 48 63
30 48 3
65 46 33
17 97 2
1 86 5
96 42 21
40 73 2
95 67 3
19 10 58
67 35 78
43 13 43
68 26 79
98 2 38
98 36 76
2 95 14
26 51 3
26 97 10
75 10 73
56 91 54
34 99 88
78 39 73
56 90 41
11 83 65
21 44 34
86 76 10
14 28 68
83 92 95
20 90 20
33 4 52
23 76 86
98 18 88
21 86 1
58 44 59
9 60 24
21 18 95
51 51 41
66 86 100
92 97 59
11 98 42
15 12 6
2 74 54
41 55 15
33 61 73
2 25 31
53 61 36
52 46 38
92 36 80
51 3 60
75 56 10
9 61 39
94 57 17
69 52 19
35 33 16
19 62 36
19 58 25
20 77 35
66 13 31
6 44 89
80 2 76
84 100 22
43 59 44
24 46 31
47 41 23
68 69 2
33 90 35
10 35 67
85 89 2
27 81 53
93 22 100
90 62 38
58 81 55
7 28 36
7 26 70
85 28 42
25 89 37
54 100 11
83 86 9
17 44 71
45 45 54
36 10 87
43 81 84
75 99 84
75 45 21
73 49 87
30 68 46
73 52 51
88 77 88
98 46 68
59 17 60
71 16 34
79 65 28
64 3 79
80 69 10
18 71 97
64 37 87
25 59 1
5 95 84
38 14 95
48 49 42
97 98 10
73 50 75
61 91 87
41 19 90
35 61 8
22 27 16
22 23 18
20 22 64
56 84 90
69 91 100
79 33 38
60 84 95
47 73 6
88 93 94
70 1 36
37 12 71
48 72 22
98 72 27
10 57 20
95 29 58
51 98 69
61 73 86
6 44 36
15 74 91
96 17 47
11 23 14
97 45 38
26 23 85
57 46 12
39 39 10
82 74 98
97 51 77
6 77 14
68 83 89
10 81 93
76 76 100
89 46 39
18 87 62
14 46 25
50 85 92
28 49 16
50 42 72
61 25 9
91 5 62
75 1 83
4 18 67
66 52 92
92 9 98
52 80 37
58 31 44
75 74 33
90 100 66
53 9 46
71 81 63
90 10 42
34 84 60
14 52 63
90 2 71
26 62 43
85 36 87
12 45 46
16 7 90
84 88 32
39 23 17
29 59 80
20 13 8
64 72 11
40 27 9
73 55 41
54 84 53
71 86 37
72 60 88
80 47 30
96 86 33
27 32 90
79 6 89
36 31 69
88 20 3
43 56 42
97 5 72
38 65 64
45 62 25
27 11 65
86 83 29
95 86 96
17 96 54
88 4 26
41 9 29
5 26 99
32 95 19
69 39 9
41 3 60
5 28 54
17 46 37
40 9 62
42 92 57
20 43 27
91 11 87
53 37 28
63 71 91
38 84 85
54 61 8
30 96 42
61 14 40
48 11 16
66 41 77
41 34 49
2 64 46
15 9 54
18 38 13
95 1 76
8 51 52
44 60 24
85 58 5
99 93 57
21 65 86
56 29 37
7 48 23
84 81 79
77 97 96
84 27 64
87 31 9
50 19 32
77 90 19
64 51 70
32 80 38
90 71 1
95 47 3
14 70 67
16 91 59
67 82 52
6 9 25
2 12 89
25 87 74
72 14 93
86 27 45
75 62 83
95 12 80
61 84 4
85 87 49
38 38 74
88 16 38
93 43 36
90 56 49
2 91 44
63 98 9
22 8 68
63 16 83
17 47 52
88 26 4
24 11 59
25 13 37
26 71 89
93 10 65
96 86 74
25 6 83
83 88 60
66 26 23
57 48 92
97 83 33
90 81 99
41 36 10
39 86 58
36 37 80
92 48 81
13 98 25
70 72 5
30 30 18
56 53 93
54 74 22
8 100 9
63 6 5
90 71 9
22 46 31
96 58 64
67 85 14
97 64 49
47 30 60
65 17 3
53 37 12
37 4 19
91 61 5
38 46 59
21 58 37
25 5 58
66 43 11
62 22 27
5 51 18
78 31 25
55 36 38
35 100 25
72 87 59
4 1 21
39 14 99
81 70 85
42 71 100
61 100 97
97 28 68
87 63 90
61 51 94
73 92 18
1 47 30
78 69 28
84 12 8
46 71 49
38 36 87
26 82 75
53 10 96
61 59 58
72 95 24
72 58 80
88 15 85
15 4 18
94 77 93
13 58 87
41 72 76
31 83 5
81 92 81
100 37 11
12 23 84
72 91 65
4 80 9
44 37 61
35 64 25
65 33 59
74 83 97
59 11 66
99 25 87
19 39 86
56 54 65
69 65 36
63 88 95
45 50 51
55 54 56
7 94 48
87 85 88
70 98 56
19 32 18
63 98 72
70 22 97
49 35 32
50 34 5
41 98 22
65 12 89
95 10 49
65 11 16
38 53 17
95 40 23
70 25 16
33 81 99
32 54 71
16 33 34
56 51 75
52 69 5
20 38 73
100 76 27
50 12 43
79 31 42
61 49 38
61 43 54
33 59 13
90 47 17
99 28 10
16 90 24
60 86 87
49 26 79
80 3 55
18 56 22
57 56 76
69 95 55
78 3 94
19 75 60
60 62 2
41 94 47
80 24 40
14 15 85
63 17 99
23 79 81
94 12 27
17 31 28
86 15 17
12 87 56
32 78 26
23 37 13
5 96 33
65 97 34
74 94 18
35 87 97
40 32 3
26 71 44
67 50 18
8 85 92
37 18 4
56 86 56
31 20 92
56 42 34
61 73 74
8 50 24
76 27 11
28 66 16
22 91 13
97 84 78
71 91 31
20 66 73
48 28 97
87 15 67
3 30 41
76 12 6
70 69 56
41 16 97
42 69 38
81 81 92
5 3 14
13 78 53
61 64 59
28 66 91
86 16 31
89 39 8
78 5 46
35 74 89
39 39 100
73 72 71
5 21 69
94 84 30
95 84 77
14 98 64
82 58 80
4 39 86
85 29 16
58 70 55
63 45 89
23 8 1
99 59 2
23 71 65
16 34 10
61 11 49
95 70 48
41 12 44
21 68 61
85 64 1
28 7 30
73 64 87
92 16 42
49 83 1
42 5 74
39 42 76
74 78 88
91 96 86
81 12 91
18 64 66
100 4 92
15 66 28
96 21 71
32 48 52
9 22 83
89 28 68
60 3 30
14 88 4
72 14 81
93 39 29
50 46 16
48 92 75
23 72 42
64 12 6
99 63 4
80 41 35
80 74 9
99 95 77
69 90 60
43 94 7
23 100 6
100 34 45
35 81 15
95 93 52
19 15 30
69 52 55
43 64 5
89 37 49
58 61 80
16 71 9
80 58 45
49 46 37
43 42 13
87 74 44
57 10 100
81 81 90
44 38 68
55 18 84
54 42 80
64 2 72
34 74 97
6 5 39
25 25 43
60 60 24
27 46 8
36 42 11
43 21 28
54 9 21
25 100 76
6 72 38
83 25 16
93 63 67
76 65 44
37 19 88
23 93 17
9 75 79
84 65 38
10 67 48
60 7 67
93 30 19
49 27 21
14 25 80
69 69 64
2 28 64
48 46 43
49 76 69
29 19 67
74 35 41
2 98 66
37 17 57
77 1 36
93 91 11
60 81 35
33 4 67
72 25 59
43 93 14
94 27 16
21 4 55
12 77 52
73 98 58
41 50 18
9 56 98
92 13 33
49 21 10
69 62 21
62 26 94
76 87 68
16 66 54
86 8 100
94 20 18
41 64 2
70 88 75
87 6 29
22 21 59
58 1 29
9 45 38
95 29 43
36 6 39
79 66 10
85 56 1
50 16 68
55 79 75
56 74 56
62 26 55
48 14 94
83 31 33
91 42 44
18 85 63
47 19 53
61 80 6
15 60 24
20 38 34
24 35 84
76 26 30
9 16 62
62 32 4
68 27 49
98 96 65
55 10 6
87 68 12
47 27 21
34 5 91
74 57 41
46 97 89
35 8 27
39 26 77
6 63 15
12 38 11
10 25 44
53 78 7
3 83 1
89 44 64
25 35 32
64 9 29
97 31 96
53 61 5
3 69 58
29 60 67
9 46 8
89 21 91
79 16 39
78 36 98
4 34 31
93 49 54
29 89 9
82 19 88
85 56 36
92 92 40
4 90 23
67 1 22
62 80 13
18 77 67
26 74 1
41 25 83
80 65 22
50 67 14
38 5 45
84 21 39
40 68 27
50 4 77
67 31 86
19 73 80
60 69 64
54 55 7
13 82 77
82 88 75
76 17 79
27 12 45
78 78 3
21 67 93
12 8 2
33 62 69
54 43 83
8 11 10
24 48 95
22 16 2
97 75 23
36 35 88
3 57 7
95 44 66
37 83 58
19 11 87
54 55 14
47 12 97
74 62 65
95 100 76
26 21 59
24 35 3
99 44 29
54 66 96
17 56 13
63 55 24
55 90 53
9 31 34
16 83 21
45 12 69
11 55 7
93 94 48
26 86 98
35 14 82
2 36 45
42 41 15
32 95 50
93 33 87
57 3 67
12 79 85
4 92 90
55 60 41
82 23 77
49 66 72
27 99 20
94 78 55
23 12 6
79 49 71
19 47 75
55 25 12
45 64 11
12 78 35
66 75 84
49 79 7
90 33 38
100 88 57
99 16 44
72 96 65
70 43 86
40 94 26
50 31 58
85 3 84
83 86 37
100 31 1
8 26 50
93 6 64
13 9 66
89 89 10
39 24 26
40 25 33
43 70 77
32 85 75
47 10 46
4 58 76
59 7 19
68 56 66
24 8 27
70 13 6
69 7 78
75 12 91
43 98 100
41 21 58
15 27 61
65 100 42
96 8 33
44 40 94
42 61 36
13 71 68
24 65 56
22 9 58
77 60 63
27 83 71
91 83 76
72 60 94
47 9 21
70 79 32
65 7 20
86 3 60
19 13 27
46 29 42
98 6 98
13 14 41
61 76 65
15 56 86
12 37 46
65 11 87
46 17 14
64 62 9
59 9 86
18 62 10
58 45 34
60 60 81
21 70 53
81 87 34
33 89 98
54 87 13
51 62 37
44 94 85
75 4 95
64 61 22
86 68 59
48 63 4
59 32 79
15 65 28
88 59 74
55 57 55
44 61 87
74 43 100
78 16 13
95 31 64
82 92 53
78 6 9
30 9 58
95 24 50
25 65 36
72 57 19
11 44 49
73 50 92
57 85 81
93 11 89
26 74 46
51 48 70
38 54 62
34 18 53
32 37 43
65 3 75
73 35 20
64 45 86
31 26 15
17 4 26
79 57 99
10 48 88
78 58 100
36 39 8
87 83 25
17 6 39
82 62 80
15 43 44
31 36 25
52 52 48
5 39 6
63 59 43
48 98 45
70 69 98
4 65 46
30 53 92
60 5 98
67 4 75
44 86 44
16 6 71
13 82 79
62 29 12
8 49 54
96 25 58
46 98 9
98 9 97
51 5 1
90 10 86
1 32 88
28 5 61
83 76 6
46 96 31
4 74 56
56 82 26
86 27 56
68 45 69
81 31 38
50 15 32
62 82 40
96 38 100
53 68 21
36 13 61
77 23 24
18 11 9
80 48 77
65 8 34
59 53 79
82 13 22
96 39 43
36 18 84
100 66 45
25 42 65
58 98 12
57 68 59
6 68 59
25 2 8
59 62 2
7 18 92
25 92 52
86 51 30
16 4 60
52 4 30
1 97 6
72 48 23
78 98 38
61 96 37
29 53 57
65 1 87
1 19 47
11 57 70
52 16 56
67 47 88
30 62 8
1 19 75
27 47 60
92 80 91
40 28 34
98 8 22
38 38 54
85 15 53
65 35 82
24 48 99
23 2 100
12 45 69
98 36 33
66 42 54
59 78 18
28 18 35
68 81 19
89 100 37
90 55 99
6 14 18
81 68 65
25 18 93
9 27 2
45 36 97
70 18 93
90 47 26
40 37 39
90 11 72
19 28 86
13 41 18
25 46 44
71 11 65
23 33 49
30 56 87
42 44 36
39 55 99
38 38 29
72 68 44
81 43 56
65 21 54
42 68 44
47 76 27
31 78 19
1 71 29
19 8 31
50 22 9
20 66 39
45 55 4
33 51 78
79 84 17
14 67 26
97 10 96
25 59 44
80 66 31
43 72 6
3 72 28
65 93 55
84 80 38
8 51 15
60 61 100
52 44 10
4 95 19
25 51 18
41 39 76
73 57 85
63 9 29
33 3 67
74 78 30
90 51 7
42 80 27
65 63 94
5 97 11
57 48 94
42 9 38
10 35 82
60 49 100
5 61 10
6 68 66
39 9 27
69 18 50
51 54 21
22 37 74
3 74 49
34 74 58
62 4 47
77 64 2
44 88 53
20 19 7
26 75 48
37 30 4
19 78 55
50 41 32
72 16 5
43 46 49
71 86 29
42 49 10
50 17 26
79 50 82
73 27 71
86 68 71
70 34 59
42 44 71
21 96 91
89 78 7
46 96 28
79 61 39
2 43 58
82 62 34
95 66 5
27 99 53
53 43 8
81 12 62
28 68 86
34 85 90
53 49 46
27 39 68
65 85 19
2 51 40
31 99 94
6 91 31
16 21 10
66 32 85
58 31 5
60 98 64
79 70 20
66 53 30
80 45 71
43 80 43
8 13 5
3 92 24
68 36 66
57 35 48
34 40 92
89 30 15
8 21 54
45 79 40
20 19 88
81 44 65
76 25 61
8 4 51
75 31 39
74 27 71
72 2 74
37 95 63
23 10 58
21 7 19
70 35 78
61 24 18
99 53 30
30 20 79
68 43 86
54 11 74
42 78 23
98 35 94
76 5 98
98 84 47
12 39 25
76 8 100
79 3 90
4 58 64
63 15 81
29 96 22
10 25 6
52 3 30
36 27 59
45 32 51
10 91 39
99 73 9
29 6 100
6 96 44
57 93 53
26 78 26
94 85 26
14 44 12
53 22 64
59 87 2
6 92 77
13 28 16
71 94 52
14 63 79
72 6 10
96 51 14
33 33 1
64 40 24
62 72 97
2 13 31
96 3 82
34 31 22
23 73 49
40 30 70
38 5 8
68 64 27
22 42 21
15 56 44
60 29 43
17 79 40
8 58 76
31 28 76
95 33 1
10 43 73
76 58 42
57 34 62
73 17 90
7 38 43
99 23 20
57 59 89
9 23 40
52 41 78
67 29 43
44 57 24
30 84 18
2 80 71
62 29 44
55 95 19
7 75 24
95 10 38
44 24 75
80 67 30
93 74 65
42 4 63
79 71 29
35 61 44
64 55 70
47 90 19
3 44 34
42 97 5
43 53 77
90 67 24
21 30 19
29 24 67
40 89 11
94 19 23
53 37 28
55 87 25
92 49 72
51 33 62
29 90 17
25 54 68
90 22 87
51 54 34
41 75 81
53 39 68
95 22 96
9 39 49
89 53 60
3 16 66
72 99 35
69 52 23
32 8 54
44 31 22
56 42 80
47 64 36
37 76 13
87 45 44
100 29 86
25 22 28
83 73 42
41 45 44
30 68 2
39 22 97
64 9 6
51 20 15
53 34 64
100 14 35
17 41 57
21 11 13
48 15 18
31 85 18
60 27 86
12 9 10
8 98 38
65 83 54
50 79 18
57 65 43
13 98 68
67 56 68
66 87 25
27 43 27
5 29 100
95 37 2
85 36 76
9 20 23
65 63 75
73 42 91
69 29 28
57 89 44
3 27 37
9 82 78
23 96 98
83 21 86
43 17 52
20 53 85
2 54 72
43 40 50
89 92 78
21 97 12
68 98 73
12 16 39
47 52 99
39 61 39
37 43 69
86 10 96
60 21 25
34 54 74
25 87 11
67 19 3
79 54 22
25 15 4
52 1 12
38 82 99
77 44 43
16 48 47
45 89 21
59 22 39
35 47 30
83 100 16
89 61 29
49 4 26
46 56 59
82 26 95
81 69 49
99 93 41
59 72 12
80 52 4
41 88 26
24 89 34
58 5 43
75 10 11
64 25 37
94 44 80
51 30 81
44 85 82
58 44 58
22 80 91
54 1 44
75 74 100
60 11 62
99 32 24
37 49 64
51 2 16
34 27 56
29 39 58
84 12 16
3 2 61
77 26 77
51 53 18
1 93 18
4 72 6
11 95 81
23 23 60
69 66 87
69 2 73
12 15 7
12 92 88
20 97 65
62 36 11
15 69 27
46 8 16
79 82 92
39 67 26
72 50 92
35 11 16
97 72 98
21 4 78
71 14 63
12 94 19
31 88 15
25 76 36
35 45 22
17 98 44
21 26 15
72 65 58
2 35 40
86 87 96
8 8 71
29 72 76
64 26 48
97 29 25
61 26 53
4 67 84
58 83 59
14 6 80
79 39 65
49 49 83
92 3 4
44 11 46
23 97 62
4 11 61
45 91 25
34 57 47
12 20 4
33 82 77
18 40 41
64 10 74
65 65 87
73 26 50
74 37 73
35 72 29
60 66 16
67 43 38
4 15 32
33 74 56
47 36 89
35 47 53
76 6 49
18 94 3
76 26 90
96 14 15
80 92 20
37 40 55
18 49 86
73 67 24
52 71 6
29 21 56
96 100 98
6 56 8
27 66 87
74 73 64
27 64 45
76 54 42
11 59 36
29 15 84
42 54 44
98 4 99
76 92 82
35 64 2
90 50 17
54 63 70
69 18 79
98 70 85
42 49 62
28 45 34
22 34 38
21 86 72
9 57 52
74 85 24
16 68 29
89 89 65
87 12 42
60 69 74
62 98 1
29 73 96
62 1 13
60 44 86
88 29 33
36 29 31
82 15 30
30 2 29
30 68 86
10 72 65
95 27 31
49 80 100
80 19 23
12 55 30
28 53 41
83 86 6
12 6 8
67 41 26
28 89 8
14 6 49
73 2 73
100 7 81
56 64 49
91 44 76
46 68 59
22 37 68
61 4 84
69 78 79
24 13 69
100 23 60
90 31 34
51 16 54
50 44 2
90 94 60
79 46 42
69 64 69
52 18 95
26 78 70
10 65 80
33 87 69
81 68 56
79 92 78
65 93 47
90 13 59
8 21 45
85 32 26
23 99 67
50 55 90
56 100 11
84 26 93
20 57 23
78 31 80
14 68 36
62 81 52
7 49 21
31 7 82
73 44 61
82 77 78
52 7 32
84 92 53
8 42 65
8 52 85
33 28 100
17 64 71
66 59 28
13 66 73
15 72 49
96 58 72
65 54 87
64 66 87
15 6 33
48 54 100
86 83 80
42 42 96
72 10 72
87 46 71
91 91 96
36 27 73
34 94 48
75 70 48
58 34 59
5 39 33
29 62 22
34 31 66
76 39 42
55 53 90
54 45 16
32 65 96
17 33 11
46 43 9
35 27 36
62 97 89
64 44 71
45 69 65
85 48 35
79 73 45
8 46 59
96 73 2
88 80 83
30 56 31
88 60 52
5 69 43
66 100 76
18 23 20
10 100 66
36 80 100
96 73 10
99 63 15
41 87 59
66 11 91
35 13 21
40 36 8
17 46 38
55 86 28
90 67 78
86 8 74
84 59 31
52 56 42
46 29 87
9 13 36
77 1 46
72 18 77
23 95 24
94 61 56
63 45 12
14 13 98
66 34 68
71 30 24
57 10 76
99 11 68
59 45 49
46 48 94
28 42 11
55 22 80
7 36 10
29 8 6
8 65 43
96 62 29
73 98 83
28 79 18
56 77 84
26 1 10
10 32 4
39 98 33
32 73 29
98 23 93
9 43 9
51 22 25
1 91 29
19 17 75
11 68 1
78 79 51
19 27 65
98 79 20
2 23 15
97 48 93
34 14 47
22 56 74
76 93 15
55 96 16
65 35 48
38 64 83
5 23 95
83 48 40
76 28 98
50 44 76
47 40 18
15 71 46
47 94 26
70 88 78
58 66 76
66 90 20
50 20 57
82 71 28
92 100 71
38 66 31
55 46 89
6 39 33
69 83 16
91 94 53
11 29 33
17 8 28
75 91 25
38 80 21
21 7 90
7 4 35
96 80 71
44 18 32
21 24 32
59 38 58
99 25 71
81 8 91
38 72 5
40 44 22
92 91 61
62 80 13
41 97 87
43 15 30
40 26 77
4 28 25
94 94 92
77 3 55
45 55 26
89 96 31
55 27 34
58 8 98
53 42 91
66 59 25
72 1 6
30 25 8
14 34 65
59 60 30
94 78 63
22 45 13
77 18 41
50 5 46
93 1 38
10 80 61
50 12 86
4 29 62
30 73 100
46 99 4
100 93 17
60 87 80
4 34 64
62 98 22
33 91 58
6 52 63
44 54 38
14 6 59
88 6 16
42 70 41
55 100 42
35 72 98
74 16 6
93 14 82
39 93 67
11 39 11
18 22 59
60 42 64
37 13 83
29 77 7
32 92 20
70 17 32
12 46 25
75 83 91
54 80 9
51 15 35
52 18 24
56 32 55
79 31 9
1 34 62
90 62 27
20 50 14
16 33 10
5 61 28
44 2 100
34 42 37
88 99 47
57 85 82
93 42 71
32 60 94
58 40 60
52 1 59
81 57 95
73 80 1
66 22 64
13 6 69
55 82 88
21 54 10
16 16 10
86 57 93
51 31 33
9 10 46
94 4 41
89 36 89
93 42 28
93 25 69
51 74 33
34 72 9
58 29 9
16 44 58
62 79 99
47 45 21
29 92 23
13 9 71
50 61 44
21 62 43
9 24 47
31 35 70
8 17 60
28 19 90
19 100 64
2 40 3
91 42 89
93 31 37
4 68 65
19 6 13
92 61 86
55 16 6
44 33 42
80 61 12
68 57 51
7 11 37
87 88 94
81 35 32
30 82 99
5 12 2
84 88 20
73 18 3
95 46 62
86 61 64
19 10 16
37 7 30
27 87 1
87 45 28
51 74 56
12 88 14
65 29 61
9 10 91
96 21 39
7 59 39
11 8 2
4 6 98
32 37 64
70 31 73
48 8 46
62 98 68
94 45 12
5 94 26
63 94 90
27 25 56
16 10 62
36 98 21
42 87 66
60 15 23
51 66 43
16 67 88
34 49 80
56 74 6
16 93 40
17 76 29
72 43 97
90 3 7
52 59 80
9 52 35
34 5 76
7 19 92
51 20 70
8 69 59
90 39 71
54 69 80
49 45 16
49 37 28
95 94 41
43 82 85
51 81 70
71 57 70
91 33 12
80 22 13
48 66 33
2 35 95
58 7 77
62 71 42
93 54 39
65 40 24
13 64 6
85 80 46
67 52 60
100 65 27
42 23 94
48 6 71
48 20 94
90 54 65
98 10 39
37 53 32
87 98 56
31 63 77
24 85 17
77 50 47
28 76 34
81 34 42
86 31 80
76 9 38
55 28 59
99 53 78
75 20 51
21 2 69
76 39 65
15 6 8
92 62 8
33 73 33
40 50 24
59 62 37
100 66 22
97 26 94
97 76 37
76 49 2
4 47 88
7 89 33
51 2 12
14 27 58
1 93 20
93 55 82
46 76 37
61 22 61
38 80 49
90 16 61
42 10 27
86 42 74
7 25 89
35 37 25
56 46 21
9 20 52
1 70 88
28 1 36
47 5 86
82 91 33
44 66 46
58 100 28
47 80 45
9 58 89
54 63 53
75 86 62
33 10 11
6 75 14
40 82 23
82 4 93
5 29 9
73 12 11
46 25 10
6 30 17
84 40 32
91 71 31
38 40 14
74 2 25
57 92 90
13 46 68
33 15 63
64 78 30
86 94 17
63 12 43
2 1 5
38 72 25
18 8 37
97 26 67
50 97 64
50 73 72
48 61 83
49 76 38
7 63 57
34 19 3
35 19 51
35 88 78
61 63 19
23 86 49
84 79 40
46 42 69
47 6 42
81 75 7
81 69 61
51 93 17
69 39 54
40 8 5
60 89 29
39 58 9
25 56 83
11 6 1
58 59 71
3 56 28
67 82 94
31 69 42
32 19 63
14 66 10
75 29 74
54 92 99
38 87 59
78 59 80
71 60 40
53 99 47
54 58 45
85 58 100
4 24 52
42 40 17
30 76 83
92 31 6
80 62 2
81 82 3
35 53 20
89 59 69
3 92 63
31 93 19
75 16 72
41 38 9
27 36 46
49 50 88
10 21 72
4 59 27
59 1 76
35 26 15
9 86 83
17 60 94
5 92 15
28 29 66
72 16 10
16 73 54
28 44 73
39 38 37
89 25 22
49 94 88
14 32 3
54 84 92
75 97 22
66 62 64
16 85 19
16 42 22
25 14 53
10 95 67
56 36 8
75 47 24
28 43 58
18 4 79
42 98 72
73 16 97
95 39 5
97 55 47
77 29 96
27 91 8
42 66 64
52 23 90
76 97 58
87 62 73
12 58 42
2 58 87
68 47 84
100 92 51
95 58 29
49 100 11
5 62 27
2 10 2
22 23 50
85 36 80
15 45 74
79 33 21
9 74 33
69 26 7
97 96 65
55 37 2
66 63 19
67 62 74
77 50 88
63 79 47
95 95 35
88 84 26
9 5 100
82 94 15
97 19 77
20 70 4
36 8 91
70 26 63
22 67 93
6 62 69
29 11 62
90 1 39
82 84 48
45 90 17
10 82 50
49 8 13
25 43 100
81 90 78
73 48 92
45 73 34
14 94 47
4 50 14
80 96 21
51 59 80
90 8 27
67 99 52
30 70 67
98 40 18
64 83 68
36 94 23
65 78 53
75 68 10
37 19 15
63 10 6
43 52 93
34 44 37
36 3 15
66 73 91
10 4 40
80 9 98
7 22 68
49 51 14
2 18 47
25 49 8
92 1 89
59 58 68
27 34 69
84 83 76
16 72 37
84 27 37
55 7 47
56 60 57
85 91 29
86 77 30
33 24 35
71 31 6
43 80 44
5 84 88
32 51 90
2 91 58
68 47 70
83 69 87
64 81 92
70 41 19
94 62 61
76 7 53
77 93 51
1 7 94
96 43 72
88 86 87
99 8 100
20 58 36
34 38 29
39 52 82
13 7 26
71 28 12
53 16 9
89 74 10
38 8 44
85 89 44
70 9 33
50 18 52
7 80 64
9 23 40
63 21 8
98 45 96
57 30 81
18 61 87
43 84 60
22 36 44
87 36 66
90 87 86
19 58 61
59 24 35
91 64 31
80 54 43
69 55 94
80 59 6
75 13 91
20 74 31
90 51 81
8 86 73
80 86 38
23 25 42
35 46 56
56 97 65
63 58 46
22 11 12
18 52 47
18 1 54
29 14 15
66 98 38
80 63 99
41 71 100
17 78 15
79 12 64
54 43 49
75 59 2
74 73 6
32 39 58
57 9 83
6 89 72
36 58 34
8 30 3
66 48 95
68 36 42
19 71 89
85 53 41
68 45 37
54 57 63
88 18 35
43 5 2
4 56 97
87 23 82
89 58 6
56 38 69
36 41 3
93 21 97
71 8 33
7 62 64
81 37 61
81 59 45
34 34 56
16 16 5
40 76 8
86 57 70
2 58 38
20 68 49
67 4 88
20 95 75
62 5 72
26 84 47
9 57 88
17 24 51
83 68 74
88 84 88
97 46 66
75 58 69
44 8 45
58 69 96
49 13 71
90 100 68
75 31 5
44 45 37
31 44 12
61 88 92
57 38 22
15 17 48
44 91 27
18 57 40
11 87 11
5 98 34
99 94 20
40 11 21
80 38 49
32 49 9
64 4 94
14 49 43
17 6 31
57 91 69
22 73 91
98 72 27
93 51 15
86 2 5
80 49 8
82 69 61
3 11 71
96 97 31
3 31 43
63 87 69
36 5 71
72 38 34
31 63 26
69 67 79
17 69 86
6 22 54
61 87 16
89 81 4
10 96 38
81 75 35
16 58 76
72 95 19
94 8 98
58 77 15
72 2 12
79 53 30
2 23 47
62 60 55
8 63 57
92 1 80
67 21 1
67 76 27
76 28 44
13 80 64
4 69 87
15 34 66
13 81 19
15 16 59
27 61 1
96 86 1
17 65 89
38 28 86
49 15 50
39 70 77
62 32 67
21 39 27
3 93 84
43 51 82
96 89 5
85 53 84
76 52 47
45 46 69
95 74 45
9 70 14
56 64 72
15 70 92
76 41 14
53 40 55
98 85 3
78 91 83
64 12 62
51 35 17
35 71 89
22 97 91
31 51 84
36 50 47
71 68 1
81 4 60
12 31 44
11 93 78
31 98 71
99 66 72
68 37 76
5 85 26
55 97 44
94 28 22
17 93 52
97 48 51
26 8 28
36 41 32
51 96 37
84 39 80
62 22 69
62 31 74
94 6 91
9 11 73
52 58 54
21 36 46
78 19 23
79 67 55
9 17 15
86 83 42
39 71 22
24 71 58
22 37 89
85 57 18
3 32 70
50 20 70
55 6 49
31 98 64
44 80 64
70 36 8
97 5 31
77 78 35
38 92 88
62 92 95
49 73 44
45 48 81
27 21 65
49 46 34
2 98 97
93 13 96
23 70 84
54 100 44
95 3 67
88 61 91
50 60 20
4 60 3
79 58 76
62 79 23
11 11 37
83 20 55
50 12 13
77 99 78
96 53 63
83 97 13
85 6 68
22 42 36
13 59 29
51 90 88
61 12 8
78 4 14
68 83 65
53 15 20
6 36 74
75 34 71
81 97 36
52 91 31
37 11 31
82 4 99
42 35 52
86 24 79
56 25 72
9 81 51
30 26 94
93 8 100
6 64 12
76 26 79
1 1 29
80 9 68
66 27 38
100 58 83
33 66 21
79 20 52
88 73 61
5 9 22
22 76 44
92 73 36
51 64 98
93 94 51
1 83 33
66 98 38
35 17 77
18 99 88
16 91 49
11 26 67
80 35 67
83 26 78
76 19 23
64 4 84
99 21 62
67 64 98
8 12 5
57 56 45
3 43 39
83 96 66
71 65 56
75 42 97
32 78 32
43 65 43
65 44 89
39 91 6
97 92 17
89 79 52
42 17 48
84 3 52
6 10 8
82 48 77
33 13 74
80 65 72
68 91 42
97 85 75
72 78 3
58 38 37
26 59 66
22 43 6
86 59 38
46 63 85
60 66 16
46 70 14
8 63 77
91 41 70
57 99 41
15 43 45
88 27 89
91 49 87
47 83 72
97 9 5
25 1 100
77 87 73
90 21 69
96 12 71
33 27 33
41 76 2
17 2 33
44 45 71
13 26 14
71 13 2
59 6 76
38 78 24
50 69 29
70 46 28
70 90 60
71 32 24
42 91 39
58 86 10
82 86 87
84 64 71
64 21 27
73 70 19
100 49 76
73 28 83
32 25 1
3 65 89
79 7 88
73 59 42
12 47 53
100 22 64
83 71 87
56 47 78
83 82 20
40 8 72
18 94 41
2 45 58
85 11 42
89 12 31
67 79 67
12 28 10
57 13 2
31 43 66
55 32 77
49 95 85
15 94 26
58 2 71
9 2 74
18 98 13
11 39 96
80 58 66
29 22 59
28 71 16
9 49 76
23 79 55
80 98 16
33 12 6
41 80 16
76 6 71
99 40 20
81 18 3
92 62 100
39 7 67
61 9 27
2 87 8
38 98 64
23 30 75
93 16 65
45 22 62
43 51 40
61 73 42
94 46 12
63 23 53
98 73 21
75 19 57
46 10 34
74 74 76
62 33 34
86 75 41
78 87 29
18 91 9
70 25 16
72 5 59
15 26 67
84 10 98
24 73 98
87 96 62
48 83 38
9 13 31
30 69 10
31 71 72
29 70 40
47 84 41
19 98 97
56 35 52
61 20 93
35 38 49
59 36 43
43 16 74
50 98 68
21 8 65
7 62 80
52 28 31
25 44 1
53 10 38
69 26 51
37 41 7
25 28 37
36 38 87
39 43 56
76 73 65
38 83 96
24 61 100
65 47 19
77 72 62
76 83 16
76 58 43
17 54 37
57 89 76
99 14 63
15 98 80
85 87 22
24 86 38
77 98 28
18 44 73
53 48 92
31 6 12
71 30 85
87 94 51
74 87 83
39 47 4
91 16 39
100 94 40
4 90 24
47 14 70
30 79 19
32 37 91
10 16 45
75 1 73
49 96 58
71 43 91
68 77 30
80 66 42
9 88 48
60 90 23
91 46 86
94 98 64
38 88 7
73 21 22
79 11 27
36 33 97
19 19 52
57 20 95
67 6 65
92 74 21
23 73 9
25 84 52
56 98 21
33 15 18
70 52 70
22 84 47
3 80 34
85 50 99
54 52 48
24 78 41
2 97 66
53 28 80
99 61 54
72 78 24
10 41 70
37 28 34
85 9 31
48 16 37
67 75 60
100 69 33
87 42 45
58 44 42
36 36 89
50 36 2
43 50 88
73 24 26
31 1 10
12 54 45
80 70 94
6 64 33
92 73 58
5 76 6
76 42 29
7 12 2
10 88 26
12 10 27
20 26 77
22 66 45
29 96 64
47 83 16
9 5 89
26 21 80
49 67 75
81 44 9
78 32 94
11 58 31
95 3 32
97 74 12
60 11 46
53 62 73
35 69 9
46 80 100
78 75 90
6 66 61
43 12 97
24 93 24
33 70 48
69 76 27
77 44 100
22 28 2
45 60 47
35 53 95
71 36 28
46 13 16
9 2 10
73 13 25
5 79 41
69 50 20
83 2 98
13 89 86
79 54 13
30 4 14
74 36 65
92 16 69
13 68 25
11 96 73
51 22 89
83 93 82
17 84 47
47 57 14
11 76 96
21 55 35
54 31 49
91 6 42
86 46 66
40 36 43
98 96 10
37 24 17
94 1 91
22 3 47
92 98 69
31 7 26
22 33 54
17 46 54
30 54 44
85 67 4
12 89 61
88 28 98
28 76 22
67 8 9
62 20 70
63 4 55
54 13 72
29 9 29
5 85 77
62 23 82
55 56 58
33 61 76
76 38 16
61 76 28
31 66 86
52 100 49
51 25 8
10 69 66
50 35 32
8 13 49
3 42 11
45 4 93
84 80 22
14 5 71
2 2 22
88 27 44
55 25 39
19 75 18
72 21 58
5 15 55
8 96 10
89 32 48
34 16 66
65 2 59
77 65 96
39 79 52
100 59 89
20 53 41
72 25 100
93 15 63
47 68 22
91 97 64
32 19 57
74 13 37
21 32 75
85 15 20
22 54 33
80 21 100
40 73 1
15 82 32
38 18 4
66 79 35
46 93 35
79 50 84
89 35 84
98 99 24
68 58 22
22 100 72
63 14 26
89 2 13
40 68 45
57 70 17
35 74 5
98 70 32
86 29 71
63 30 51
52 16 43
38 44 72
88 50 35
69 76 43
25 30 70
18 70 47
67 44 43
39 36 71
86 83 61
76 11 49
63 96 21
31 83 37
37 46 45
35 62 49
89 65 28
21 73 46
37 68 98
65 6 91
65 76 80
83 99 7
91 80 72
24 1 56
88 28 46
42 80 83
57 78 94
46 92 55
31 93 51
28 34 38
64 11 65
62 46 36
11 53 52
52 73 61
71 67 26
80 90 35
94 74 42
61 97 69
40 49 10
49 58 80
67 5 62
56 85 77
73 63 14
77 4 18
97 25 76
87 44 91
65 49 36
43 36 71
19 96 89
44 47 3
47 49 27
55 1 72
39 26 88
28 82 32
76 95 50
93 47 48
13 52 32
84 48 70
61 16 8
72 37 5
91 38 72
50 64 87
73 22 98
20 79 90
34 22 31
43 51 26
8 23 55
91 62 16
75 6 8
17 40 3
93 92 93
99 80 5
51 3 48
41 63 17
44 89 97
29 19 23
19 57 70
70 57 52
89 43 16
88 91 29
70 9 28
50 99 88
20 72 65
92 100 74
36 81 40
58 83 42
45 26 4
42 2 71
19 88 14
100 70 75
52 28 33
69 40 41
62 5 31
85 21 65
8 27 56
27 73 36
40 67 26
4 2 28
79 31 87
72 39 8
20 86 37
96 57 26
19 46 37
91 48 82
71 5 29
86 87 58
28 12 10
58 59 76
45 71 44
92 53 48
18 53 48
15 4 95
76 92 90
33 93 57
56 100 31
53 26 82
95 2 62
35 63 67
11 7 40
42 30 18
78 25 64
58 19 51
100 10 49
37 59 65
98 43 11
24 72 21
100 52 7
48 29 76
54 19 7
12 42 28
45 11 46
49 38 37
93 11 66
94 89 87
48 9 61
30 35 51
73 54 34
66 68 86
90 9 65
33 54 98
59 36 39
65 25 69
51 9 22
68 52 88
65 19 84
9 87 13
47 88 35
52 26 47
80 30 26
89 9 96
47 58 1
48 79 19
52 95 55
65 37 33
49 19 48
33 72 74
97 36 71
76 9 31
26 6 54
64 49 68
3 83 31
64 8 56
59 27 61
10 68 76
56 11 87
7 91 59
38 34 46
48 68 34
68 38 83
19 83 68
56 3 60
50 29 5
87 52 30
34 26 55
28 29 69
80 58 54
21 50 18
53 33 39
92 71 45
79 86 45
91 33 34
43 80 44
65 32 18
97 98 96
64 10 25
69 3 32
99 67 41
94 45 5
71 3 24
14 21 27
80 72 34
19 23 85
96 41 17
14 1 2
55 11 72
30 98 66
34 38 43
1 62 49
25 49 89
19 6 56
12 58 97
25 31 100
41 1 86
40 23 26
99 87 58
39 40 82
55 35 57
61 7 84
96 97 22
29 10 31
91 12 65
93 23 53
15 24 70
55 71 2
17 28 38
21 51 55
32 96 61
28 39 76
98 91 29
73 13 49
58 65 28
66 87 54
2 67 63
12 42 69
95 73 66
34 38 89
61 27 46
9 48 24
47 20 23
98 66 27
54 57 26
75 11 69
27 72 1
7 93 95
93 48 60
54 59 61
43 27 39
52 74 10
14 72 62
75 13 64
80 77 52
29 37 83
81 37 86
69 47 90
48 84 75
73 53 50
9 59 96
43 4 75
44 79 51
65 39 36
40 90 70
2 30 92
53 38 45
28 31 69
70 12 80
24 29 100
33 13 68
93 99 63
34 62 73
29 16 76
16 29 97
81 70 50
94 39 44
42 75 90
56 65 8
71 100 12
97 8 56
33 17 14
88 36 68
64 21 58
99 42 1
98 57 17
50 94 19
62 50 3
98 76 31
73 39 27
27 83 45
26 26 35
63 11 61
9 57 53
50 70 17
93 39 62
20 86 9
74 15 99
92 62 44
84 45 43
83 44 58
16 30 81
95 60 57
6 22 28
100 81 20
1 47 20
81 10 58
54 56 49
29 97 76
41 48 3
63 32 35
32 83 100
97 21 8
5 94 78
21 86 80
80 10 27
63 6 13
50 25 6
63 69 68
77 77 4
10 8 42
99 13 1
96 40 70
92 79 48
8 16 74
74 3 90
38 61 76
45 57 84
54 99 92
85 70 52
10 82 99
43 6 28
28 28 45
50 13 66
78 45 28
71 15 82
3 45 12
100 74 69
13 20 3
88 41 92
13 8 49
17 25 37
46 91 59
62 100 12
23 4 52
33 97 66
76 1 66
19 54 56
34 20 93
16 42 69
82 48 50
74 53 75
37 31 62
21 77 63
55 78 77
63 44 36
27 25 33
32 56 10
7 42 46
2 82 4
73 68 33
10 4 7
21 86 28
56 8 59
9 22 54
47 31 66
93 83 73
43 7 40
14 29 100
88 48 55
44 46 43
3 59 89
18 65 33
74 16 13
71 23 3
65 13 97
85 43 29
41 38 74
94 5 39
54 72 9
24 33 37
12 80 56
48 39 42
59 22 54
22 37 9
38 79 20
19 67 53
90 49 9
86 38 39
42 73 34
77 18 88
55 23 30
82 6 98
37 50 57
76 65 71
25 40 85
95 28 91
54 67 24
66 87 8
11 83 72
36 8 83
4 38 73
43 43 11
56 37 69
21 33 69
95 77 3
28 59 96
33 3 18
77 25 59
76 26 3
96 26 24
46 37 2
64 53 90
87 47 17
78 50 3
95 58 34
57 18 23
43 42 5
39 36 45
14 33 100
77 73 64
48 52 19
65 22 73
42 31 89
96 75 20
56 40 84
61 92 51
78 76 6
80 91 61
1 62 21
57 4 67
68 86 6
17 1 36
90 82 41
56 11 46
72 41 90
17 3 90
18 1 80
29 12 31
21 38 46
100 42 58
52 97 8
53 61 34
10 31 37
8 51 84
31 74 13
64 32 35
8 23 95
22 19 24
58 21 100
36 4 60
75 94 60
63 29 74
9 21 68
54 84 93
96 90 51
28 27 21
73 23 4
7 60 48
54 97 39
72 87 36
62 77 70
53 66 27
57 6 22
13 55 48
73 28 36
10 96 8
82 89 2
64 5 36
98 48 75
1 86 42
71 89 39
75 70 19
3 81 26
91 6 66
71 82 70
13 82 60
51 72 76
16 78 88
75 5 39
31 98 97
90 46 69
11 86 10
90 86 98
34 10 49
12 40 60
41 35 7
63 57 26
5 39 34
82 80 97
28 56 62
62 68 43
80 76 29
100 36 43
32 72 66
12 58 38
25 61 68
65 67 15
27 89 44
59 92 77
28 9 29
11 4 50
89 100 64
28 69 66
66 14 15
24 100 31
81 54 11
48 21 100
3 60 40
38 26 32
70 35 93
53 79 99
9 61 38
50 17 48
79 40 41
2 82 47
93 98 66
69 31 2
57 89 42
8 55 63
7 49 5
65 94 47
12 39 87
71 44 43
18 72 61
63 80 1
76 80 73
77 45 56
74 34 66
89 86 25
56 64 58
72 3 90
76 54 38
92 65 49
34 69 91
80 26 32
28 9 10
64 10 71
50 54 29
25 36 49
60 59 11
41 95 88
29 51 95
8 7 35
22 15 32
17 91 49
73 71 21
30 100 12
96 82 23
97 14 17
41 90 52
38 36 97
79 72 87
54 45 100
67 83 80
29 95 14
94 18 60
25 5 49
81 37 28
50 3 41
76 85 24
40 82 90
29 12 38
20 60 95
35 35 3
52 83 21
61 39 1
89 21 96
76 86 43
33 46 56
62 5 91
9 12 9
44 99 94
44 69 89
44 33 71
4 68 49
63 40 14
84 63 50
25 99 57
52 28 9
5 48 77
4 6 42
81 80 43
1 11 16
25 88 41
8 62 59
77 61 6
51 38 64
33 24 92
71 12 56
57 34 5
23 48 53
10 96 13
68 37 25
27 49 28
72 34 36
70 2 96
77 15 99
70 58 28
69 22 37
23 3 17
83 22 42
96 98 25
97 21 71
19 10 6
64 16 96
55 93 95
45 58 76
47 25 39
74 46 2
69 8 43
14 42 43
46 76 8
34 77 53
88 1 46
69 36 22
33 68 44
48 97 42
8 73 45
37 56 98
38 85 41
61 20 32
68 66 83
70 77 53
23 95 53
20 86 13
10 56 43
14 25 21
86 21 11
19 72 97
4 11 21
40 20 7
37 58 6
45 96 72
70 59 80
74 19 60
97 7 78
80 79 85
20 72 76
65 93 67
23 63 90
34 96 91
1 68 5
46 40 70
32 76 38
29 50 19
54 52 40
6 90 14
10 96 2
93 73 16
52 26 19
81 22 64
36 69 74
98 32 63
81 31 39
83 57 70
72 44 49
98 23 3
60 49 13
58 25 89
6 35 47
75 63 55
52 9 86
36 7 24
56 84 81
41 95 99
2 97 39
68 96 22
26 44 56
2 74 11
70 91 10
90 40 67
42 45 22
100 46 34
60 80 1
70 23 40
55 88 78
55 29 42
97 85 60
85 71 22
93 14 24
20 85 47
9 64 2
92 73 91
73 70 40
43 68 65
31 63 82
18 3 4
64 36 68
57 46 71
20 54 6
20 74 29
40 7 70
10 82 51
27 18 40
4 16 31
46 85 3
14 87 73
69 23 4
28 78 85
60 82 50
44 10 58
83 73 59
34 85 15
6 73 5
37 95 30
47 54 36
34 23 77
10 80 44
63 56 91
92 91 96
14 16 96
55 82 57
8 42 38
95 53 81
53 60 75
78 44 29
5 44 6
13 49 44
28 99 35
78 17 7
43 42 9
40 74 25
94 2 65
98 100 83
51 4 95
44 99 90
41 45 89
47 74 21
8 61 87
8 83 37
67 76 28
10 74 10
33 69 87
7 12 33
57 63 57
27 84 24
5 38 5
58 91 61
33 44 69
27 8 59
65 83 33
65 83 45
7 17 50
54 84 35
66 69 76
36 17 50
22 52 90
2 17 82
54 81 47
70 83 2
84 18 99
54 84 3
99 72 25
83 10 45
76 12 65
78 60 26
68 15 67
46 39 37
71 54 1
97 93 60
98 79 15
7 32 15
41 44 80
44 60 99
99 89 54
31 70 23
7 96 46
79 47 15
54 43 39
40 65 73
34 78 3
32 69 27
22 45 65
61 87 46
92 9 16
93 81 26
79 76 37
20 76 59
57 90 53
94 22 13
78 37 80
32 1 16
53 13 28
35 91 6
72 56 43
85 55 7
96 77 92
95 8 5
2 62 54
10 79 99
96 14 47
14 62 61
27 11 42
90 87 34
44 50 30
7 34 97
52 5 27
27 77 88
92 62 100
59 88 52
20 48 67
69 25 89
7 72 46
97 99 81
54 65 66
43 56 12
72 47 23
52 44 34
4 67 47
35 91 66
49 54 97
1 57 14
32 44 31
18 65 16
21 99 92
47 36 91
40 41 90
56 29 6
28 92 55
76 49 10
86 18 67
10 24 93
34 42 74
17 71 38
51 59 37
21 3 52
87 66 22
49 98 71
62 6 29
6 33 66
45 38 45
47 34 9
32 42 2
28 78 35
15 100 61
81 76 16
7 76 96
99 37 1
60 40 50
47 81 93
8 11 73
85 20 53
50 86 72
38 25 87
9 53 57
38 16 74
76 58 1
89 91 65
74 73 29
82 24 93
53 96 56
38 92 93
34 53 95
79 85 50
71 51 15
97 33 96
61 96 62
100 96 98
29 56 61
19 100 83
24 2 56
80 17 70
58 35 24
100 18 99
60 74 62
1 39 36
31 62 91
94 66 36
22 72 68
40 12 59
89 3 50
41 10 91
19 34 59
66 40 95
100 26 51
24 38 59
40 32 67
97 6 59
78 33 74
3 22 21
70 48 20
95 71 54
79 50 7
92 64 100
77 74 37
40 14 57
36 64 46
34 6 66
45 90 41
54 34 71
15 41 55
3 27 22
8 94 7
15 18 41
35 82 70
57 87 83
48 99 85
40 95 99
51 11 74
61 94 55
74 4 90
43 32 7
74 68 2
66 5 44
48 11 25
36 33 73
83 28 37
37 91 44
33 52 75
50 73 86
89 24 79
29 23 18
81 35 84
60 6 25
4 70 95
85 46 61
74 64 22
96 84 17
7 88 70
9 76 45
81 56 11
35 72 62
74 15 99
24 55 20
96 55 50
89 36 37
59 65 61
11 28 9
3 29 25
76 81 67
27 31 43
64 97 43
31 10 43
90 16 28
44 33 43
8 48 35
93 17 85
49 26 99
92 65 98
34 61 91
5 81 60
42 16 69
41 90 24
49 50 7
33 13 6
73 63 90
71 62 16
54 100 13
6 62 25
68 3 95
71 54 25
21 66 96
95 47 32
65 8 49
8 50 40
19 76 80
76 21 5
88 98 39
55 64 29
59 32 84
25 81 4
80 13 36
37 19 77
86 11 61
64 72 5
64 88 20
12 55 53
94 5 11
68 15 90
22 24 53
71 2 33
35 87 45
94 43 2
32 61 45
7 31 64
34 40 14
13 15 50
72 23 32
59 91 96
19 73 87
99 39 76
11 1 45
95 4 63
86 44 29
53 70 60
45 70 20
18 70 51
8 80 34
5 65 89
71 75 88
88 79 3
72 73 58
83 11 68
27 34 9
87 59 36
8 37 36
85 26 77
40 67 57
70 48 60
23 52 55
57 69 11
43 78 52
3 60 94
71 9 36
78 31 1
94 25 8
26 76 54
56 62 74
15 89 42
99 62 66
42 77 60
62 94 77
24 93 14
6 50 77
70 69 72
26 2 83
87 44 100
27 75 47
75 71 22
21 18 30
84 90 52
74 33 1
18 11 33
80 100 46
13 76 86
57 35 75
45 51 24
55 54 36
67 87 97
89 20 90
79 10 49
57 23 51
24 43 25
95 15 14
8 75 30
61 38 71
96 74 36
5 19 88
45 52 48
2 34 64
4 81 85
84 93 79
76 59 10
77 40 75
81 34 27
74 13 16
64 54 83
73 74 64
87 3 85
17 15 94
31 57 78
44 26 50
38 59 46
42 2 97
33 26 78
45 26 24
29 57 20
8 81 17
76 1 2
28 69 10
44 12 98
77 14 4
62 81 4
71 7 77
19 79 99
37 22 13
85 24 40
30 25 87
2 73 83
30 79 47
17 43 1
23 27 64
35 64 56
17 100 61
12 90 82
5 6 29
91 61 11
7 50 88
48 45 6
83 12 21
84 36 59
82 98 46
7 9 42
80 66 37
61 35 67
47 51 99
74 16 27
2 62 98
91 25 16
22 9 83
52 38 68
52 97 13
22 33 74
84 17 18
87 92 51
82 98 8
38 7 88
96 39 13
59 64 54
59 42 29
95 69 45
90 42 58
4 15 81
10 15 77
73 3 32
4 92 47
52 81 70
13 43 10
38 90 32
11 64 71
11 70 99
31 32 92
42 32 67
99 7 48
59 57 63
8 61 28
7 1 29
79 97 59
65 56 16
56 81 95
49 42 44
90 65 61
89 78 52
67 73 44
66 71 61
35 49 54
71 88 47
10 20 24
29 55 17
8 85 84
69 29 54
24 29 31
45 66 87
13 54 87
79 65 33
52 27 68
65 80 16
74 75 52
63 43 39
66 87 62
100 52 41
66 41 75
12 23 94
2 71 61
83 29 12
13 4 47
37 42 1
87 34 59
99 3 35
86 57 35
57 90 7
62 2 87
67 94 67
63 64 58
39 83 72
4 51 18
91 29 5
7 79 18
30 86 12
56 98 58
79 13 69
91 49 65
20 48 50
3 19 15
55 73 96
22 45 2
21 100 38
7 41 63
79 56 98
8 64 59
29 22 10
21 73 16
25 79 82
62 9 2
16 83 33
50 74 37
75 92 47
58 7 63
2 45 31
5 85 35
16 56 68
77 85 20
37 56 5
39 53 14
90 76 56
57 87 2
51 93 4
32 9 1
38 65 62
23 12 61
52 63 88
11 97 80
87 1 61
34 4 48
30 52 85
90 26 84
9 27 44
27 2 11
4 91 21
73 51 94
6 50 48
40 40 95
77 44 100
93 10 100
72 96 62
1 37 76
3 34 89
59 100 6
65 68 8
30 59 100
71 70 94
37 31 46
55 22 2
85 35 26
66 7 60
38 91 69
78 36 56
73 56 12
43 47 14
48 2 36
17 36 31
38 94 50
17 95 85
8 50 52
50 40 50
3 68 56
88 15 81
53 81 55
24 96 61
54 18 85
35 88 63
19 21 61
23 41 4
72 84 35
71 78 85
57 55 3
46 69 98
64 55 51
81 97 9
81 70 14
31 2 98
98 9 10
69 13 9
36 15 52
54 22 65
40 73 13
20 36 73
79 31 73
2 29 13
100 64 49
7 62 87
13 50 94
86 84 90
100 59 97
94 38 34
10 74 64
51 50 57
10 17 41
7 76 13
57 47 30
93 51 70
74 13 46
46 35 55
66 35 23
86 51 82
14 32 51
1 30 82
77 96 68
28 11 65
7 58 29
59 12 98
54 61 45
37 69 37
86 13 12
84 72 97
43 54 10
31 12 21
43 83 91
73 94 18
13 86 13
27 59 22
59 97 49
84 12 21
27 71 62
71 81 57
42 35 93
77 56 38
27 50 53
19 19 78
6 31 68
66 80 39
81 56 2
71 43 2
30 53 82
99 14 63
59 96 31
87 8 2
11 76 59
40 5 91
19 68 80
24 91 31
63 41 50
20 41 53
86 9 59
76 61 37
65 64 98
97 58 13
37 11 100
42 67 17
42 27 13
35 61 27
52 27 64
3 64 31
85 79 57
66 48 85
57 4 20
8 92 63
85 67 88
57 98 8
34 84 19
52 61 73
37 36 56
100 64 74
84 44 25
62 44 42
74 75 30
13 46 34
42 92 32
30 50 7
96 53 19
36 57 70
4 46 34
70 10 43
52 61 72
23 15 52
10 44 49
38 12 68
53 30 18
58 5 43
72 99 85
71 36 54
76 43 44
49 17 20
20 38 68
27 19 53
52 90 82
75 32 41
1 86 6
6 39 54
9 42 39
30 4 94
82 100 58
52 21 43
57 7 48
25 8 49
48 21 76
88 99 3
44 11 91
23 31 72
34 81 50
18 7 17
7 79 88
93 25 46
79 50 94
85 59 6
62 17 48
45 4 95
48 48 51
84 59 42
80 57 70
97 88 90
36 35 78
94 76 100
48 73 11
47 95 30
13 32 95
100 90 92
60 53 55
42 34 21
29 30 81
40 100 31
49 91 1
7 39 89
22 8 34
16 48 95
79 72 71
62 27 83
19 19 47
3 77 67
9 20 4
8 50 24
28 33 42
14 77 48
4 53 57
72 71 91
98 55 48
50 34 21
68 90 35
16 38 21
60 13 12
58 15 23
11 16 86
49 35 88
41 66 31
52 7 14
1 36 10
89 86 5
79 53 78
91 37 21
46 31 44
75 44 46
44 22 2
37 49 65
38 76 37
78 77 40
84 18 94
67 19 60
91 38 71
87 81 30
97 74 73
26 85 17
44 1 69
45 67 53
71 3 63
9 36 31
73 43 42
12 37 22
24 2 46
29 87 8
71 76 36
8 7 90
74 11 98
78 23 77
55 66 38
56 89 87
13 83 16
34 34 6
51 49 74
12 93 90
47 61 27
41 23 18
47 30 75
70 40 77
30 65 91
51 38 46
93 85 93
100 17 18
58 10 98
97 59 33
48 39 98
79 82 18
90 4 41
99 80 42
94 62 83
81 18 7
46 26 35
7 51 93
19 92 26
67 51 41
24 54 80
45 28 56
92 51 57
88 41 47
98 42 6
59 9 38
44 39 12
80 78 92
53 23 52
44 71 80
10 37 62
88 100 97
6 74 49
31 29 13
11 88 32
62 79 57
85 41 70
70 10 61
2 61 62
82 11 66
11 22 38
52 88 57
96 61 16
1 96 83
98 9 73
55 75 14
20 2 25
95 83 16
38 76 100
56 24 30
77 42 68
53 48 57
18 49 31
3 38 73
28 59 83
66 4 14
45 25 31
71 78 95
17 76 98
71 28 27
40 23 18
47 80 68
88 77 48
25 55 14
77 81 82
20 68 8
48 23 50
15 33 74
30 2 33
60 73 28
9 6 45
62 51 3
1 84 94
3 78 53
8 77 19
2 61 71
80 56 54
74 66 29
94 95 88
43 7 51
10 52 57
3 70 47
42 93 82
13 25 58
62 72 28
36 80 76
53 7 84
72 12 16
5 9 43
48 83 5
46 38 72
80 32 3
13 46 25
68 58 31
3 64 72
44 41 63
81 66 29
95 51 17
91 9 38
67 81 4
27 45 86
25 5 64
28 38 100
43 61 2
80 10 5
8 5 13
33 74 16
82 65 29
97 28 91
94 25 65
70 80 10
39 26 47
20 17 30
42 67 26
94 40 63
98 89 21
38 4 63
36 21 100
78 62 56
72 41 14
98 89 83
92 81 35
31 21 76
37 66 31
52 27 1
96 37 46
97 96 37
53 75 4
96 23 17
66 87 59
45 50 52
84 36 10
56 8 54
22 49 89
20 84 67
96 73 36
85 71 29
53 77 26
24 90 52
14 35 75
47 46 62
66 75 93
1 76 91
15 52 92
72 94 15
48 91 2
11 61 71
43 28 8
42 46 34
17 90 23
34 86 11
71 40 94
63 23 32
98 56 1
71 75 53
17 34 89
95 33 1
72 96 5
46 94 47
22 55 77
43 41 17
82 58 62
57 72 73
20 27 73
46 9 74
30 91 76
27 66 6
12 89 56
85 38 72
24 13 38
76 59 89
73 52 4
88 90 53
55 75 18
90 23 55
53 38 43
33 58 59
85 76 62
60 9 33
27 30 60
26 66 87
58 82 7
20 55 18
68 5 43
17 93 70
43 15 82
94 56 49
32 42 6
86 86 43
17 96 64
78 56 22
57 56 87
64 13 45
32 95 17
58 64 80
83 15 51
70 28 49
78 65 66
79 78 30
41 91 62
91 91 100
59 18 7
29 48 88
15 29 98
8 84 26
16 9 46
94 5 74
21 26 90
79 49 64
67 52 90
40 30 79
27 71 62
41 98 33
26 31 11
6 97 71
41 76 22
81 87 89
96 42 76
98 68 43
52 2 12
25 24 47
31 11 66
2 84 32
15 30 93
89 42 22
62 2 65
2 36 2
63 30 23
99 27 29
84 62 69
56 56 34
28 7 67
15 42 1
24 78 60
32 40 60
97 76 1
65 76 25
85 16 45
47 43 37
85 39 9
23 89 73
9 16 43
15 7 67
11 45 46
47 56 13
14 71 62
40 52 19
4 76 65
46 34 58
6 35 14
4 35 52
56 91 28
19 62 16
77 47 60
64 43 69
61 8 21
71 48 24
39 100 25
9 6 73
61 95 77
89 55 79
26 56 11
86 63 99
38 95 47
27 84 18
86 92 35
93 23 26
69 2 62
18 95 81
47 11 42
12 90 67
98 47 78
77 40 57
80 4 60
56 72 1
60 28 44
87 33 34
17 48 35
50 66 100
74 37 25
48 10 9
87 75 81
55 34 42
81 15 92
93 77 78
94 66 98
3 34 25
78 42 10
52 69 66
10 1 49
31 42 27
66 56 16
89 54 29
20 19 20
13 57 77
68 33 86
80 11 2
8 76 71
34 62 98
48 56 68
33 80 38
66 6 91
73 7 81
71 100 64
19 72 31
50 20 77
61 100 38
38 31 2
23 88 90
46 58 36
69 1 86
67 94 67
92 52 17
75 61 71
5 53 3
91 79 94
64 85 7
61 30 70
60 10 54
71 46 74
58 100 59
49 5 66
46 74 49
61 96 43
97 20 90
55 39 58
69 17 70
72 85 4
82 43 76
56 45 64
47 100 28
84 25 59
69 74 5
87 84 7
63 35 47
10 89 59
10 53 52
28 35 7
55 44 10
62 27 73
41 54 43
86 1 58
36 97 69
99 96 34
87 62 33
100 57 63
82 70 60
73 52 32
5 57 20
99 56 6
16 68 61
50 91 59
22 56 38
51 54 91
58 19 23
80 47 85
15 74 29
30 88 19
69 36 6
61 27 69
22 27 87
74 2 36
22 65 25
25 91 58
13 11 100
5 61 74
18 29 39
52 86 46
78 73 62
76 34 62
94 19 94
29 68 87
17 5 46
32 82 88
13 43 13
33 15 60
66 38 97
73 93 7
38 77 85
63 29 69
4 26 82
23 90 18
84 21 13
12 33 39
73 43 97
4 51 92
25 5 37
1 74 27
86 91 6
33 100 68
33 7 26
69 64 72
33 88 84
13 92 67
58 18 63
52 11 36
97 81 40
64 86 2
30 2 29
96 63 4
3 33 65
68 45 43
5 81 53
43 61 76
94 34 9
58 86 87
18 78 26
2 87 27
31 10 54
18 88 52
37 10 65
58 3 7
42 37 100
37 69 28
64 2 39
46 26 7
63 47 24
29 18 32
45 35 63
24 21 61
39 38 2
79 14 40
20 56 89
65 46 76
80 26 23
43 41 94
39 1 97
17 49 76
30 17 35
49 49 39
98 17 55
52 44 45
47 99 35
47 81 94
14 1 45
14 35 79
95 97 9
53 1 10
68 55 41
11 59 71
41 19 7
83 64 54
51 12 71
98 9 73
80 80 37
12 26 85
31 54 83
51 65 100
33 60 93
29 2 22
61 79 23
52 53 78
64 7 50
70 33 76
34 99 60
90 89 49
5 5 46
46 17 7
1 39 96
71 5 31
4 2 33
51 90 60
96 89 74
48 66 80
27 18 95
22 59 33
52 32 20
57 45 91
60 67 77
65 40 92
15 59 49
97 52 57
40 30 84
27 1 74
69 100 2
80 2 96
27 43 76
95 76 54
81 72 76
65 50 93
75 93 50
17 42 43
3 96 87
53 5 80
25 58 49
9 52 18
26 51 47
4 27 11
97 25 2
42 33 76
6 39 61
65 5 64
56 35 81
89 23 79
95 94 82
25 80 34
50 79 24
60 21 66
50 31 10
84 69 66
91 73 69
76 26 14
59 49 5
96 37 44
75 10 44
98 1 54
50 37 97
78 69 91
25 66 45
4 8 13
14 56 31
90 65 66
57 56 45
100 54 64
60 86 97
28 96 59
100 12 98
34 99 26
41 9 12
31 46 25
61 15 78
84 18 70
82 41 35
15 41 17
82 22 8
54 45 56
11 76 21
73 25 66
23 80 45
52 100 87
37 48 79
55 13 27
15 47 78
3 19 99
98 48 20
5 6 5
51 30 77
26 70 90
18 41 70
24 2 9
69 5 54
13 94 51
74 12 2
42 13 2
59 56 21
99 13 12
58 96 56
75 2 13
7 69 45
44 39 76
47 12 96
55 40 20
2 89 97
4 91 1
93 30 40
21 27 21
83 100 64
18 66 68
83 96 27
63 68 10
48 53 20
32 19 78
83 27 98
72 24 94
21 92 93
77 89 31
15 43 96
88 72 42
1 68 66
79 62 54
57 20 50
80 98 8
43 46 87
49 62 83
93 56 58
94 97 36
89 57 90
17 68 5
25 24 57
93 94 7
71 89 46
63 46 27
28 65 86
78 93 90
31 11 10
66 76 9
100 37 69
19 99 82
4 94 67
94 61 46
31 60 70
87 59 54
98 99 93
71 42 61
20 47 17
15 77 17
25 9 72
81 97 71
28 3 40
51 6 62
24 71 25
5 18 14
73 20 90
53 42 29
72 13 9
23 70 77
56 38 73
21 65 59
16 64 25
44 13 100
45 29 43
87 97 34
90 84 52
34 58 10
7 16 80
64 66 59
53 53 26
70 63 79
39 80 65
61 78 93
78 32 50
88 16 44
30 50 40
84 89 6
79 1 6
66 30 77
33 88 19
73 79 32
34 72 9
11 85 67
15 11 8
27 68 89
79 50 17
12 86 100
99 27 64
61 76 5
98 87 44
55 50 78
36 74 33
91 10 91
81 34 12
84 1 54
32 31 58
50 37 61
43 10 43
18 29 66
87 66 28
61 9 98
59 45 11
46 91 71
39 74 36
7 88 93
66 37 96
76 22 28
13 48 55
22 42 46
65 72 43
53 69 97
92 86 73
32 60 53
66 5 44
62 21 33
24 60 7
9 81 99
29 76 58
38 34 71
39 58 97
36 44 64
24 13 33
100 41 57
67 84 94
85 66 12
63 13 87
61 85 48
69 81 60
51 4 15
40 25 54
83 97 80
5 3 30
76 99 47
4 74 100
70 78 63
2 27 29
7 90 57
58 95 23
68 21 65
52 55 17
99 95 19
40 10 5
55 44 66
47 16 74
76 65 22
32 81 18
91 93 94
8 36 54
41 49 96
72 19 40
5 46 98
86 17 57
39 77 7
86 12 21
20 64 62
13 54 87
86 30 92
93 28 6
76 41 55
35 69 6
22 20 19
90 99 92
47 97 71
92 17 15
77 96 1
27 90 92
30 38 5
56 27 68
10 40 84
24 13 21
94 17 7
22 84 50
77 18 4
56 92 26
44 92 26
86 23 47
41 28 56
89 21 2
51 69 27
19 26 92
93 44 37
94 92 15
6 88 75
11 94 60
14 7 15
40 11 22
51 15 50
74 1 86
16 69 11
83 88 20
21 97 61
51 29 58
41 90 30
88 25 33
73 26 47
40 54 2
8 52 99
38 40 53
52 64 96
28 54 36
89 41 15
86 34 76
17 43 62
57 92 93
7 29 56
33 57 30
50 16 71
20 22 8
94 33 42
26 28 29
30 82 79
44 69 31
85 43 86
12 31 1
14 38 22
96 27 71
47 79 67
13 75 92
78 37 25
14 93 53
37 91 74
53 9 68
79 35 17
14 61 33
6 47 4
85 2 31
32 79 51
77 22 27
37 30 26
5 45 2
23 96 42
5 56 98
37 44 46
8 6 38
11 55 75
1 47 50
43 88 3
53 94 40
49 70 92
72 98 2
55 59 1
56 73 74
58 5 89
27 90 51
16 38 86
12 63 18
11 64 68
53 82 40
38 65 27
63 63 40
68 19 99
57 93 81
80 35 41
73 87 54
10 43 2
90 27 39
73 69 2
60 86 71
81 45 11
43 43 28
91 48 18
42 90 85
87 99 57
75 11 100
77 87 49
20 92 85
12 1 97
83 5 71
98 80 5
86 95 53
98 59 54
9 29 10
61 20 30
6 2 13
27 44 45
27 34 8
67 34 87
1 34 89
69 38 12
22 16 58
29 9 58
88 97 9
30 43 83
69 11 44
89 76 86
62 34 10
79 73 13
99 54 74
92 6 74
76 51 53
58 56 69
32 82 81
85 68 29
96 32 52
1 59 49
61 68 100
31 57 88
20 100 29
63 42 97
30 19 79
2 11 65
22 91 43
46 49 91
71 29 6
41 26 77
73 86 76
5 86 25
70 29 28
90 32 52
97 17 79
64 64 42
34 35 52
67 38 64
88 22 71
66 95 7
34 58 22
65 36 43
51 100 65
11 4 24
30 74 29
74 22 54
70 2 9
81 61 42
11 84 18
80 71 64
44 54 5
19 15 17
28 92 82
91 34 80
26 12 64
42 31 87
76 81 90
58 8 2
26 2 6
100 30 75
19 47 75
15 99 51
33 73 27
75 34 44
48 65 72
84 75 35
23 37 97
77 100 25
44 100 83
32 92 60
5 8 72
30 86 6
33 74 56
60 93 55
77 51 20
33 34 72
67 53 15
76 7 57
41 36 46
95 8 31
67 65 72
97 92 53
31 59 98
22 75 51
29 97 5
61 69 73
29 18 3
29 15 95
81 69 58
68 81 85
23 92 78
48 18 79
30 54 80
65 2 83
52 7 35
19 21 62
64 71 37
2 56 39
6 73 69
62 35 90
65 56 91
26 32 18
95 56 42
28 66 76
34 40 70
99 37 74
70 53 15
3 70 35
75 85 24
47 31 16
29 5 76
35 6 10
35 73 66
94 83 42
15 79 48
78 78 90
11 29 49
51 44 76
31 20 3
26 44 27
13 78 32
16 25 37
51 14 77
34 93 15
82 9 16
83 37 58
51 15 47
13 63 55
90 49 62
96 9 61
10 74 9
49 78 94
37 15 77
27 97 39
35 69 38
38 39 42
69 84 88
98 82 41
7 38 91
25 95 84
90 45 91
92 2 97
30 2 38
28 89 49
67 62 10
55 59 43
13 15 90
13 43 22
49 54 49
82 84 60
61 37 89
60 14 99
33 97 80
14 44 1
28 2 39
88 89 44
67 97 61
49 22 21
19 100 49
27 26 15
45 90 60
26 38 46
94 15 67
98 81 63
73 37 68
54 65 21
96 98 86
97 40 32
41 23 30
20 74 97
11 6 69
53 63 84
42 96 73
13 88 30
42 21 38
76 38 65
3 2 74
28 10 43
98 31 8
4 94 51
58 10 27
80 91 46
24 31 76
44 54 66
38 97 61
73 27 1
86 11 80
43 25 31
97 36 8
70 4 15
60 11 13
34 71 91
74 34 25
29 50 23
24 23 81
87 62 73
80 31 37
77 98 10
76 5 43
52 21 69
85 16 43
46 61 71
15 45 5
10 46 42
69 74 9
13 60 35
50 57 30
18 16 8
69 7 40
41 86 46
88 4 95
39 22 5
61 6 27
64 19 23
70 14 78
97 46 12
5 16 12
16 73 39
12 19 7
77 49 38
15 16 45
85 61 9
20 93 90
69 58 91
10 80 64
42 27 91
37 92 88
26 30 48
11 56 91
93 64 36
12 58 31
40 91 69
35 73 16
52 63 95
67 26 52
75 70 23
64 57 4
19 90 57
68 44 22
6 26 35
53 21 97
99 5 1
87 16 27
52 89 25
11 30 55
47 73 59
86 48 41
51 70 41
4 31 71
100 89 61
57 5 98
21 62 73
59 11 98
35 35 24
56 35 15
47 14 32
31 65 68
80 55 48
100 36 22
43 89 42
37 73 65
26 36 31
97 15 47
35 1 65
8 23 92
81 26 15
77 28 27
48 13 10
98 68 5
36 32 48
72 73 37
19 13 65
8 34 97
83 1 65
75 67 70
84 12 39
51 69 8
45 81 90
29 42 13
33 64 43
94 35 75
75 15 20
17 43 89
78 83 36
2 38 34
85 10 11
12 79 15
93 60 52
72 67 4
1 76 69
54 50 57
49 1 2
19 5 72
95 86 64
91 98 33
36 95 23
35 27 25
54 46 38
81 51 18
31 33 16
79 31 13
80 25 96
65 85 24
85 70 81
51 30 94
80 24 18
88 91 10
76 37 6
57 26 14
87 31 16
23 12 22
18 77 20
74 39 28
81 51 60
95 5 59
48 28 71
45 71 96
31 55 60
48 48 14
13 89 83
73 14 85
50 85 77
84 11 96
91 23 51
23 50 93
5 73 44
19 77 53
68 29 28
66 62 97
92 66 58
50 79 75
33 40 17
31 97 8
27 27 46
60 46 42
67 2 71
1 29 74
69 84 3
6 11 100
54 56 76
63 61 28
10 72 34
82 48 57
3 46 27
89 25 91
46 9 65
38 38 1
85 87 74
48 83 39
12 11 59
60 37 12
50 43 11
90 5 27
21 98 36
83 17 35
36 24 85
19 21 31
73 66 39
66 27 69
52 90 17
95 20 3
8 68 72
4 81 55
95 57 67
85 91 1
88 3 84
51 97 12
69 89 66
98 1 74
9 73 68
15 10 86
35 49 54
18 29 38
40 76 29
72 46 56
39 77 41
81 53 23
9 87 29
69 70 88
98 10 49
14 84 48
16 11 72
82 3 85
49 76 98
82 51 48
40 88 41
64 11 10
55 8 45
36 42 10
41 12 91
68 7 23
43 31 42
1 80 1
85 18 82
71 3 35
29 82 3
99 8 71
12 87 27
58 56 44
78 100 37
23 95 99
88 66 100
81 43 72
95 31 54
70 67 81
74 42 37
2 1 71
59 79 95
41 36 68
38 7 19
70 16 2
68 54 66
33 81 50
96 49 42
93 65 16
16 73 43
33 7 4
7 1 42
82 59 34
26 65 16
93 96 56
61 55 81
38 34 76
89 23 19
57 3 15
44 81 82
29 93 26
1 96 73
16 98 91
+2
-3
+6
+9
+10
+11
+12
+13
-15
+16
-17
-18
-19
-20
+21
+22
-23
+25
+31
-32
+36
+37
-40
-41
+43
+44
-47
-48
-50
-51
-52
-53
-55
-57
+58
+61
+62
-63
+64
+65
+66
+69
+72
-75
-77
-78
-79
-81
-82
+83
+86
+87
-88
+89
-94
+96
+98
+100
