100 10000 51
42 67 79
42 31 78
80 6 88
16 5 44
33 41 37
30 73 26
48 39 13
39 93 25
89 62 30
43 49 91
62 80 11
56 79 91
29 22 94
59 85 72
71 54 71
45 1 76
12 36 46
89 68 100
91 79 50
88 85 37
2 40 93
86 74 13
77 35 96
55 31 73
24 36 79
36 76 30
84 47 28
5 97 1
10 37 21
45 61 88
12 80 28
25 12 39
35 63 93
12 43 75
74 70 88
12 52 4
1 67 15
55 92 73
39 36 65
97 83 60
57 55 27
34 54 55
90 89 98
65 91 65
66 56 3
54 85 100
92 62 93
36 16 54
5 71 1
83 39 55
12 27 28
72 91 36
98 17 100
28 62 76
34 71 51
20 83 15
3 72 43
1 8 43
35 86 52
91 25 18
23 80 20
52 11 42
11 82 39
80 20 74
27 10 99
18 17 9
13 13 33
50 34 11
54 19 81
56 4 99
18 66 99
26 100 68
7 18 52
36 18 11
98 22 100
12 57 75
27 10 73
67 67 65
34 85 59
82 53 62
7 52 76
1 22 14
1 30 78
77 56 65
79 56 32
90 68 90
41 94 79
65 83 22
6 42 31
67 18 97
41 96 3
50 28 20
26 98 34
36 85 56
81 14 5
77 52 31
61 1 84
69 14 90
2 9 17
21 40 34
64 75 60
26 34 40
78 30 1
28 60 43
3 60 65
67 89 16
46 98 25
91 55 39
43 49 70
2 41 5
1 32 68
87 35 29
100 17 85
91 66 62
6 12 54
96 32 3
95 63 93
11 2 75
52 89 7
79 36 37
15 36 3
20 99 13
7 100 91
82 3 15
92 6 21
70 77 97
88 2 61
11 59 50
18 57 8
92 87 83
90 58 59
33 99 98
9 32 72
76 27 76
79 28 12
19 40 97
93 98 13
44 4 25
78 71 81
4 61 60
95 17 56
23 8 3
6 27 4
98 83 75
54 32 67
37 25 54
39 48 50
4 23 81
26 52 64
59 47 13
89 6 83
62 55 34
11 31 80
38 38 69
30 58 100
30 78 54
56 79 83
40 66 19
16 18 93
65 59 90
51 1 73
61 37 83
8 97 80
6 3 59
59 42 1
53 33 20
60 77 23
99 34 80
77 11 26
41 78 54
70 18 80
52 16 34
87 81 92
74 59 21
50 42 76
4 61 58
82 64 77
42 92 51
2 78 7
10 7 98
29 93 80
71 89 7
86 3 57
32 55 86
99 45 95
55 14 72
69 4 82
63 24 56
36 36 21
98 15 70
7 16 23
84 1 92
22 14 57
44 59 44
25 77 13
15 51 33
100 19 95
21 48 15
12 59 48
31 22 59
30 85 96
56 72 90
44 12 62
84 76 28
42 86 82
5 37 17
21 64 19
50 92 28
32 89 53
25 83 36
85 44 60
43 48 70
84 11 53
74 51 74
52 60 35
94 70 50
36 100 2
8 68 65
78 56 57
97 26 11
3 6 29
76 87 15
36 7 84
88 43 85
22 28 62
69 94 69
20 41 94
34 75 29
40 85 88
89 12 51
11 87 2
73 17 32
11 40 1
45 75 35
98 52 13
32 97 47
38 45 13
55 97 99
9 51 12
10 73 40
53 82 47
25 65 96
48 85 37
83 99 54
11 21 29
58 53 40
50 64 20
43 67 37
55 86 25
52 65 22
67 30 23
80 30 13
91 98 26
19 11 54
25 23 93
26 34 47
56 87 91
78 33 39
39 46 69
5 12 42
68 77 81
95 25 7
90 70 50
28 47 7
30 24 3
32 93 92
29 44 37
68 53 27
19 15 17
6 54 42
3 86 78
74 12 54
55 2 96
86 29 46
50 90 69
65 40 78
85 1 73
9 93 34
16 33 71
85 64 80
20 3 8
62 44 91
85 11 53
5 28 26
17 5 65
37 99 84
49 27 95
15 80 13
86 56 90
25 42 47
79 54 53
28 72 24
6 80 7
66 91 83
58 41 15
6 94 22
69 21 32
71 12 54
56 70 60
34 75 37
17 49 100
81 96 49
80 48 3
100 33 93
38 80 97
69 76 4
31 18 66
4 99 20
100 87 15
100 62 86
85 24 70
92 69 59
14 93 25
24 85 46
88 57 87
96 92 78
99 55 20
67 84 74
82 72 58
60 84 82
94 39 62
81 99 92
84 43 94
5 56 67
32 38 85
42 4 78
72 90 29
60 93 30
69 78 77
47 2 49
41 67 22
11 66 28
8 82 73
41 52 25
36 37 59
74 54 81
60 91 58
92 66 62
9 13 63
71 75 70
50 56 90
83 69 3
86 10 63
82 79 59
75 38 6
35 100 36
46 47 98
39 81 66
9 85 2
91 63 20
65 64 78
17 37 61
13 77 30
43 20 77
3 67 37
22 34 77
1 54 62
44 84 93
53 28 77
40 34 26
93 31 27
14 30 20
9 96 8
96 73 18
86 18 31
82 50 36
48 78 25
35 1 20
62 45 7
32 89 54
33 13 98
17 52 98
8 15 61
91 11 4
92 99 66
74 35 85
43 14 75
62 40 54
69 12 93
34 13 19
5 4 98
54 49 43
87 48 57
33 11 74
10 47 71
10 2 24
36 12 45
3 42 19
29 84 77
55 40 92
42 54 11
66 5 15
44 2 61
48 13 71
95 78 23
93 12 1
6 90 8
27 41 96
2 66 18
90 16 40
76 79 56
49 80 16
77 93 51
74 72 14
43 37 70
25 58 96
43 95 47
22 52 98
48 29 57
10 60 69
20 8 22
8 70 60
88 42 97
51 3 65
65 26 12
20 44 14
19 20 76
33 38 35
13 100 46
77 89 26
7 76 81
75 2 58
83 97 98
59 17 100
84 6 44
33 38 49
59 8 5
21 92 52
37 95 18
13 27 20
49 52 28
69 70 50
21 17 72
39 74 11
76 63 12
90 78 10
19 53 26
96 73 30
23 69 94
79 16 12
59 64 93
81 66 53
58 40 84
45 67 56
36 71 23
31 68 88
78 95 45
20 12 20
9 58 83
17 76 19
11 55 34
10 74 95
70 60 9
37 3 96
57 39 73
65 62 12
54 75 43
50 75 67
51 87 88
80 89 93
73 78 1
66 31 81
32 2 35
39 22 91
10 46 21
51 45 13
13 77 25
98 45 54
95 25 12
15 20 27
39 37 94
28 82 18
14 89 31
94 83 43
81 73 71
32 49 100
74 10 42
62 95 13
11 88 59
43 75 21
17 78 34
7 12 40
63 22 9
96 30 73
88 30 54
54 45 25
33 46 59
70 66 13
10 64 81
70 83 46
76 68 9
52 12 26
18 89 86
71 66 52
39 64 74
72 69 2
47 54 77
36 46 100
87 65 61
75 64 77
10 16 11
52 54 84
96 36 48
98 79 3
29 78 80
80 62 77
99 88 22
50 61 22
46 15 46
65 96 41
87 91 100
84 71 27
53 25 93
29 49 38
75 87 22
32 39 55
93 7 45
41 71 66
82 77 97
52 25 19
8 94 50
45 72 75
91 19 33
41 87 6
49 78 80
43 80 71
99 52 95
26 58 15
40 27 34
22 96 59
27 64 74
41 72 87
6 80 71
95 11 28
97 71 84
72 26 62
27 6 85
52 79 14
5 56 85
28 17 100
40 25 45
10 28 74
53 5 48
30 52 47
98 34 11
8 75 96
15 96 70
33 74 80
100 74 55
81 30 7
19 69 6
8 33 20
21 19 71
62 1 28
91 61 6
99 70 88
4 59 67
27 59 67
73 31 80
88 95 12
27 84 99
82 25 47
60 29 3
59 40 20
5 92 78
27 69 96
70 80 98
28 5 61
79 63 34
25 95 19
23 66 18
78 18 77
30 34 40
53 99 62
53 45 93
71 49 50
58 45 7
21 7 78
75 53 99
33 23 16
12 29 17
77 1 71
33 80 98
100 99 71
10 1 34
40 10 45
4 84 64
68 33 31
13 14 5
60 11 47
39 79 21
71 14 88
25 9 6
85 71 84
69 73 55
93 49 61
17 29 48
99 7 34
5 73 47
97 47 76
40 48 58
51 65 22
53 16 81
61 78 28
81 62 1
38 27 26
77 67 5
52 36 24
44 58 72
24 49 14
47 23 92
71 10 30
9 39 27
67 64 74
23 27 93
30 51 55
28 50 69
34 83 68
48 80 77
84 3 43
2 62 47
79 16 28
63 75 22
48 49 46
32 45 31
8 68 94
2 17 49
21 39 78
91 5 8
35 49 46
28 81 89
53 34 81
53 8 70
66 53 33
45 37 6
69 71 97
28 10 63
60 51 11
64 82 39
2 90 29
53 63 53
75 79 57
9 83 46
55 16 99
38 72 70
90 87 65
76 7 39
14 53 13
15 89 19
98 60 44
55 41 59
85 79 32
1 27 84
74 13 71
72 92 10
32 39 76
76 53 16
94 7 51
26 98 13
77 90 36
59 20 4
99 62 81
8 32 36
19 66 18
19 33 25
66 38 43
76 34 89
6 4 23
41 70 83
93 77 98
99 70 88
48 60 21
7 46 75
35 60 94
68 71 12
12 100 72
68 27 54
99 52 89
99 40 62
58 60 32
100 90 59
97 100 57
19 46 43
19 83 15
24 68 14
74 63 40
80 3 79
3 73 93
19 71 95
7 3 69
4 1 28
72 67 59
11 32 79
31 40 20
1 47 10
5 63 76
12 56 61
12 26 55
96 32 5
42 67 94
37 67 83
37 88 2
53 98 4
44 70 6
64 49 79
55 79 2
37 46 17
16 95 84
25 60 61
50 35 2
97 15 50
55 9 56
10 96 100
82 83 56
96 88 38
79 10 86
64 21 24
49 89 66
28 11 64
48 17 9
5 3 35
9 66 10
55 70 100
74 84 30
36 14 87
70 63 92
72 11 84
21 76 63
85 10 16
85 33 1
3 27 81
57 51 33
76 54 34
16 4 39
72 11 97
75 83 8
4 82 27
80 32 44
68 64 63
19 58 15
68 46 37
45 100 38
1 70 69
87 32 94
85 46 38
85 74 28
53 37 58
53 63 27
34 50 6
22 47 16
9 76 26
18 27 64
57 26 30
49 41 6
25 53 39
66 72 79
79 49 43
12 11 42
57 60 59
38 7 28
45 29 22
1 52 89
13 83 8
81 10 33
7 77 95
64 50 59
62 5 70
66 36 85
70 40 74
33 67 91
69 13 10
41 13 73
21 17 70
93 22 3
52 46 37
87 30 34
23 39 55
66 69 88
73 54 18
99 95 84
58 4 98
77 18 13
66 55 93
99 18 39
24 62 28
39 27 26
81 88 5
63 6 83
89 61 8
69 16 34
49 2 22
92 48 65
56 96 94
68 57 6
56 17 22
46 9 85
55 15 70
2 57 72
6 80 81
46 79 38
6 65 21
12 69 68
45 60 49
22 81 33
67 50 8
85 55 47
40 39 97
98 33 7
16 81 80
89 7 52
10 83 94
21 84 93
59 64 45
69 90 15
14 64 33
95 86 53
55 78 27
76 63 98
24 41 57
39 12 82
49 65 96
100 48 15
22 22 17
9 31 34
18 43 90
45 99 34
79 18 13
31 34 66
31 52 93
53 67 85
3 9 72
71 43 48
5 41 100
61 20 55
64 84 95
43 63 13
26 60 56
6 2 32
84 97 95
85 63 12
77 15 6
72 43 35
12 63 51
20 77 62
14 31 84
64 71 47
28 61 58
78 19 92
97 92 97
95 8 41
68 46 43
15 30 76
40 25 93
3 68 58
100 30 64
49 39 28
21 84 31
20 39 30
19 47 95
47 41 49
30 92 98
97 98 31
7 33 99
59 33 74
96 95 93
12 53 81
70 26 95
9 71 64
45 76 4
11 4 76
36 43 5
46 55 80
65 70 96
64 15 65
30 24 91
94 68 21
2 94 9
100 28 66
98 83 46
70 88 96
16 51 98
94 10 92
29 15 91
42 14 15
46 15 59
90 35 38
48 78 19
2 68 48
18 35 44
19 8 41
95 83 43
37 45 95
14 5 83
70 57 67
8 29 38
100 98 92
10 30 97
27 15 46
77 65 38
7 44 91
89 46 22
62 82 54
41 14 72
15 21 100
67 38 91
44 39 71
67 70 3
97 98 18
3 11 81
94 41 5
58 6 46
80 53 4
86 79 96
59 83 29
58 69 6
57 47 74
37 86 39
30 54 86
81 24 58
30 9 37
44 50 88
51 71 99
16 8 60
53 91 59
16 86 80
50 50 9
12 96 15
45 45 66
48 8 83
27 77 89
97 98 47
99 22 17
27 68 44
25 73 95
14 16 64
42 38 91
9 73 28
9 74 25
97 55 64
83 44 41
61 79 22
62 82 45
53 48 67
14 43 36
45 99 53
100 70 6
48 20 92
30 44 72
31 99 78
11 26 1
11 16 51
36 85 32
100 95 66
9 86 10
43 26 95
72 67 14
86 74 73
29 59 50
71 86 74
2 5 69
46 23 10
32 58 50
61 81 86
97 46 36
74 85 32
60 3 85
30 60 46
41 93 53
100 14 58
35 49 65
61 86 31
34 49 36
10 66 51
96 89 11
11 48 3
83 30 63
52 31 84
99 13 26
29 67 32
99 1 11
63 1 42
39 77 53
55 46 5
80 68 88
60 54 12
11 90 72
70 83 88
31 10 25
25 8 72
70 31 92
88 87 96
38 97 52
29 62 84
81 98 25
63 75 43
12 66 39
32 88 85
55 42 47
46 39 92
32 47 81
58 54 4
54 89 19
77 27 4
31 41 61
81 16 42
22 63 4
45 71 66
23 87 9
18 19 13
55 46 61
94 71 81
77 58 22
64 60 3
82 17 94
57 93 82
43 79 43
56 60 56
32 9 17
44 84 51
56 100 48
17 17 44
42 55 11
86 2 37
73 28 97
91 2 85
55 63 31
39 67 70
46 40 80
66 82 1
27 69 2
95 2 35
48 67 29
14 76 31
14 12 64
57 53 99
68 83 37
35 60 100
31 57 37
59 63 64
36 20 80
13 27 95
94 81 40
58 73 77
57 19 27
31 38 61
27 9 60
61 80 31
37 94 46
15 81 12
73 78 92
66 84 77
41 61 36
77 40 16
57 99 78
46 85 94
26 40 10
99 76 20
34 36 43
91 28 34
8 44 37
12 34 52
50 88 85
38 72 15
30 43 3
18 93 99
60 80 30
68 50 94
71 78 13
15 18 73
44 67 17
23 54 97
41 7 31
59 23 74
44 98 51
65 80 19
31 80 23
80 98 77
70 68 83
38 30 23
28 27 7
60 9 48
45 76 18
53 18 23
55 23 45
31 70 83
15 14 2
90 90 65
87 40 89
94 8 14
48 87 3
35 24 15
79 88 83
2 73 62
56 67 65
45 91 29
57 52 74
96 66 80
57 60 67
73 87 22
86 49 72
51 47 20
90 86 4
51 63 7
11 32 61
81 20 34
80 88 100
18 95 71
52 27 81
3 50 36
49 50 15
77 37 36
3 49 35
80 52 23
42 90 59
74 32 59
55 18 93
18 32 22
48 19 95
43 43 67
97 58 32
53 77 30
4 77 54
95 9 85
63 60 59
96 22 56
3 13 30
79 71 80
14 94 24
87 47 18
44 87 46
36 42 77
85 97 86
36 10 62
27 52 11
96 59 6
9 64 95
30 17 87
10 92 45
56 65 41
25 49 36
25 98 10
45 75 17
89 66 45
25 53 63
98 20 25
75 68 67
44 99 64
32 15 36
52 28 18
68 18 30
48 20 62
3 81 99
42 50 21
60 80 74
87 88 37
22 39 97
26 27 25
93 31 77
100 11 73
40 85 88
26 79 67
58 70 9
60 66 26
16 12 64
52 98 18
83 54 31
96 87 44
24 75 41
59 42 64
81 7 11
22 75 6
72 73 34
8 32 44
50 57 21
52 13 55
58 85 3
60 53 51
54 97 64
81 17 48
12 100 70
73 54 40
29 99 1
93 59 46
75 32 96
93 93 98
8 61 87
20 52 95
72 99 16
53 97 74
85 72 56
81 5 61
64 39 84
55 18 31
98 92 78
57 79 3
93 41 94
46 37 15
84 14 43
88 30 54
15 46 50
52 79 32
44 17 9
90 88 3
9 91 65
35 78 45
43 49 17
45 8 3
70 16 30
69 9 96
89 9 58
90 52 10
91 33 11
56 58 68
10 90 67
22 39 89
88 64 33
5 29 15
3 29 22
9 11 31
2 31 25
56 95 74
36 67 100
28 60 90
89 91 14
67 88 46
33 94 8
66 72 87
7 71 45
45 2 65
40 92 11
28 34 16
36 98 63
56 24 2
43 21 15
83 11 25
89 41 87
93 31 73
80 100 72
90 83 100
50 74 86
95 83 79
8 28 54
72 14 3
74 11 39
7 42 64
91 69 6
36 53 28
77 5 75
100 86 84
84 95 76
78 55 27
10 43 96
68 24 58
96 7 52
41 91 46
34 27 52
41 40 74
84 19 45
82 2 6
37 42 80
15 13 62
72 76 64
90 90 48
100 93 71
55 10 12
93 51 23
45 89 63
14 42 95
11 41 61
70 93 80
40 70 49
21 11 52
18 99 98
31 52 30
85 52 39
97 1 55
7 74 13
81 71 20
40 7 66
88 3 21
58 18 1
70 45 62
22 23 76
78 21 43
53 48 83
61 71 45
37 29 87
28 26 39
53 44 6
40 89 42
97 89 26
81 94 69
22 43 14
67 52 4
48 17 57
65 42 97
10 45 7
16 93 98
5 29 2
71 58 69
7 59 6
44 15 41
6 30 54
26 19 45
87 22 48
64 33 4
52 86 62
81 16 7
10 84 76
51 80 19
27 53 74
22 90 37
61 23 82
5 94 3
95 45 95
87 42 31
79 80 42
15 90 6
86 66 33
25 12 47
70 35 65
88 18 54
50 59 83
46 76 80
57 23 63
83 85 57
98 45 78
33 62 19
42 83 67
99 62 4
50 19 20
79 97 81
13 11 53
76 75 56
10 63 53
11 28 26
34 50 56
27 91 50
59 5 37
32 62 27
23 60 3
57 62 80
27 78 62
9 33 64
88 83 67
57 3 69
26 23 11
100 61 14
59 35 72
61 15 83
35 84 81
17 43 35
73 87 36
18 3 65
78 25 89
73 52 73
39 10 52
12 83 90
29 26 97
58 18 7
84 43 38
38 84 54
27 15 100
85 39 42
66 83 91
31 59 72
36 6 70
28 10 11
14 4 52
34 15 35
100 71 19
51 27 51
94 73 19
59 65 60
10 87 67
2 40 11
53 45 1
14 41 83
79 41 96
81 40 33
38 17 60
29 5 8
17 62 53
55 63 84
39 22 75
89 56 88
29 71 81
23 75 21
89 65 43
71 20 4
10 43 32
9 27 77
2 65 59
43 94 85
79 15 8
88 90 65
20 76 89
70 51 53
96 89 77
88 70 48
99 80 95
72 5 50
100 91 3
30 4 74
48 58 68
26 83 35
50 33 27
20 19 64
82 66 76
55 27 62
47 95 66
39 61 87
31 48 56
49 67 69
40 72 35
81 80 99
14 90 58
40 99 40
70 95 71
86 93 1
43 80 86
41 71 26
6 12 27
1 59 90
88 95 31
65 9 83
86 59 67
90 98 28
63 18 34
15 25 10
54 2 32
25 85 91
89 69 9
69 57 65
20 11 53
14 80 97
9 1 34
5 55 10
75 14 36
82 44 67
20 52 4
18 39 99
32 68 32
10 31 73
9 71 23
15 45 54
2 92 34
54 72 90
85 76 52
27 10 27
77 91 61
83 18 99
53 78 34
66 5 61
68 9 37
96 50 3
30 63 86
8 24 67
1 8 85
14 99 78
63 22 14
99 98 30
45 47 10
15 63 53
62 82 33
5 93 16
74 91 41
39 35 32
16 1 86
79 99 80
57 31 89
50 27 25
67 95 54
96 64 66
93 89 30
77 17 22
21 46 22
50 82 16
51 57 43
58 3 32
36 87 79
65 6 100
85 96 8
95 61 65
76 20 62
54 45 99
1 8 60
8 69 2
18 45 26
21 19 86
15 10 4
19 99 54
81 40 78
51 84 51
43 25 47
35 79 22
17 76 55
51 48 15
2 70 41
63 36 3
55 39 27
73 14 17
34 52 62
3 17 100
11 82 18
76 70 79
26 92 78
50 4 47
36 16 51
94 42 98
90 19 81
39 56 94
69 43 35
75 53 78
11 32 17
13 24 37
99 6 49
22 29 91
51 12 16
15 47 64
70 7 66
94 12 86
85 16 40
99 76 74
70 88 8
19 6 3
61 45 40
10 57 6
94 74 12
68 79 70
23 79 9
63 20 86
21 55 20
71 64 77
100 97 77
84 23 10
65 41 35
11 17 91
57 97 7
52 34 11
21 95 51
63 53 98
19 41 22
19 71 51
82 15 87
8 40 23
84 33 27
26 99 80
19 61 21
44 79 48
7 43 83
80 24 21
98 31 63
41 77 28
90 55 95
11 83 9
56 51 11
44 97 53
73 57 46
43 68 79
66 99 27
32 84 7
61 28 95
11 62 10
65 68 43
27 88 50
24 16 26
75 35 69
82 1 31
64 3 2
59 89 33
88 59 46
50 46 65
23 41 61
76 76 13
65 14 68
69 28 4
34 39 20
24 33 11
10 71 66
8 31 78
84 11 19
7 14 49
100 66 84
86 24 32
23 45 53
50 81 18
100 9 22
49 18 12
61 32 36
39 27 10
84 57 32
1 86 45
14 47 73
41 64 18
39 94 91
29 74 47
23 66 19
15 39 7
81 63 77
43 31 77
86 42 98
86 78 55
45 60 15
72 86 34
32 40 64
48 4 34
7 73 18
5 54 19
43 56 24
55 2 57
95 27 16
67 61 90
41 82 71
83 75 21
71 76 97
80 18 33
36 68 70
68 27 53
37 94 8
22 30 40
15 65 22
98 41 43
71 23 11
61 21 57
77 89 53
36 61 59
5 48 17
56 45 95
17 44 43
56 24 79
35 55 27
26 15 56
91 79 29
54 90 15
50 4 86
84 36 79
75 6 17
27 55 99
17 17 88
56 32 8
96 38 94
53 88 6
29 40 26
94 45 64
9 36 44
44 92 27
34 14 38
5 9 87
34 69 14
39 8 6
8 40 74
25 48 65
93 52 63
41 74 28
14 84 53
98 44 69
15 18 25
42 83 91
37 77 73
14 57 58
100 5 75
33 81 47
88 89 31
15 61 21
49 75 8
30 36 90
83 85 91
7 56 9
52 30 92
44 34 7
6 62 13
36 89 20
54 23 55
86 61 68
95 3 88
51 71 97
65 33 42
45 38 2
54 51 12
10 29 61
78 11 73
47 99 4
25 9 35
80 23 12
42 19 4
40 84 39
74 15 24
31 57 75
62 77 4
64 70 68
9 23 93
19 21 70
22 63 52
10 25 27
59 83 57
59 47 39
99 66 19
66 65 88
78 8 57
25 48 49
4 32 41
79 68 32
95 6 83
58 67 43
94 60 5
19 76 78
91 10 12
34 62 42
79 98 89
18 78 16
32 55 31
34 81 47
82 95 98
6 57 17
92 4 63
17 98 31
27 92 23
92 15 14
17 66 34
63 47 18
16 54 45
72 16 55
70 98 7
3 59 75
4 59 90
73 71 62
58 19 74
37 75 36
61 23 95
53 25 93
27 38 43
65 69 22
17 48 88
36 48 68
41 78 19
69 20 78
26 24 43
68 32 38
86 36 41
33 96 68
89 65 38
69 29 65
85 48 24
98 96 69
60 58 96
63 82 66
62 2 46
51 61 70
95 53 51
37 79 59
4 19 80
15 71 16
60 56 60
40 38 59
46 35 22
50 77 62
25 75 94
43 64 20
64 8 6
82 6 59
53 48 57
51 38 5
51 18 74
49 34 98
43 19 26
14 74 52
12 98 31
33 84 27
62 8 44
92 9 49
92 67 60
55 8 21
54 63 73
22 44 83
92 8 94
38 77 30
94 10 45
73 42 78
58 88 60
98 98 1
27 75 72
15 63 23
66 32 79
55 7 34
99 22 5
92 28 95
83 23 89
45 98 81
60 79 8
65 51 23
71 53 39
47 50 68
18 86 92
36 35 50
41 10 54
32 30 25
37 83 48
84 38 6
33 97 98
64 35 49
88 10 92
78 7 45
34 97 25
15 14 38
1 34 98
60 99 97
32 70 56
64 30 76
32 81 31
71 17 60
67 47 25
69 72 9
27 11 99
11 7 54
70 3 72
72 42 81
41 67 8
63 15 70
17 65 56
48 42 26
47 44 85
33 85 60
21 78 45
78 3 22
29 6 46
11 86 77
86 93 84
68 14 70
31 50 35
79 96 14
55 8 91
83 66 40
13 87 68
82 32 85
1 35 50
61 25 40
68 8 24
22 36 100
74 34 66
40 13 11
36 2 38
2 6 35
15 89 82
96 90 58
68 54 63
71 25 95
76 100 94
47 25 52
86 88 37
39 44 75
47 76 52
8 19 23
37 63 73
62 47 77
95 24 65
18 6 61
80 84 18
81 12 62
23 51 18
71 72 32
36 74 19
25 46 41
6 69 79
45 6 67
2 75 96
85 67 57
72 60 57
10 98 20
90 40 28
70 14 49
57 88 60
69 23 80
76 60 29
87 27 40
54 59 87
95 89 71
67 35 91
67 41 22
62 39 86
81 5 69
9 24 72
60 85 2
52 22 15
72 29 38
3 86 92
31 19 18
91 78 12
68 22 14
37 69 56
98 79 9
44 28 55
33 92 81
64 13 40
50 93 30
21 81 39
72 10 40
60 11 95
44 55 19
34 4 84
53 62 78
67 57 5
83 93 16
13 73 97
44 20 10
73 52 55
46 6 37
99 17 15
99 7 62
43 63 10
6 21 8
11 23 55
5 59 48
7 69 46
11 75 79
6 21 2
8 89 77
54 87 65
21 88 60
31 37 68
80 66 12
64 46 37
58 16 42
86 11 25
76 34 20
39 25 1
67 52 78
88 60 94
69 43 61
32 62 99
4 41 38
71 97 89
89 47 74
13 49 44
52 56 65
98 100 49
60 8 96
50 79 49
65 92 81
43 3 15
58 18 76
51 3 14
83 22 90
53 81 45
68 28 92
1 30 19
85 29 3
53 7 97
83 52 54
1 65 96
96 19 30
65 38 57
57 67 15
11 30 40
27 26 66
69 38 32
11 84 27
28 22 56
98 69 59
89 11 47
1 71 73
79 76 62
68 66 98
98 85 90
90 13 99
90 52 1
10 16 33
74 3 48
51 62 97
47 74 4
9 67 72
54 38 58
93 64 73
56 83 46
32 50 48
60 71 93
62 62 34
68 68 3
78 96 43
6 63 64
77 70 32
48 33 25
26 52 80
76 46 91
57 73 47
13 64 84
29 99 13
74 60 43
97 29 75
56 24 94
95 92 13
96 12 47
32 1 89
76 41 9
60 78 45
44 6 9
92 76 4
45 29 50
44 42 80
46 40 26
29 65 70
72 26 80
31 48 32
18 44 67
58 71 47
49 56 83
47 31 47
30 90 70
84 79 41
71 62 82
79 42 16
93 75 36
89 73 92
58 44 5
80 16 84
62 13 63
2 65 88
35 99 18
8 42 93
98 47 53
28 91 60
68 9 22
31 12 18
89 20 80
4 41 15
22 58 60
37 79 94
11 22 48
39 52 86
86 30 53
36 76 40
9 85 8
84 75 32
68 49 6
21 91 67
53 14 17
78 64 51
100 39 53
92 3 85
68 32 38
41 100 67
29 29 68
50 72 61
59 9 37
96 60 59
35 42 86
39 54 77
44 56 70
73 11 93
80 65 83
73 9 65
79 23 47
13 34 53
1 16 98
54 39 55
88 33 63
61 24 48
85 9 49
99 91 3
75 35 94
41 71 99
50 99 7
28 78 84
87 87 57
43 92 7
43 6 70
84 51 92
91 14 70
69 37 85
37 45 63
26 87 22
35 33 63
14 74 30
63 65 32
28 69 67
74 19 47
19 34 45
62 25 76
97 98 74
6 60 38
45 62 45
99 45 30
35 40 73
41 99 39
89 8 59
44 56 100
77 90 57
73 35 61
71 50 17
100 11 77
74 98 84
87 29 83
73 57 96
30 91 43
22 25 27
85 1 98
90 12 78
48 14 83
61 69 14
92 96 91
91 62 12
92 38 8
45 12 73
81 44 15
42 45 97
25 85 21
98 12 7
69 86 98
2 11 74
28 94 44
82 34 71
28 3 44
47 37 36
13 28 30
88 70 14
99 92 76
60 3 48
86 37 60
69 8 49
64 57 14
20 92 4
59 50 41
63 2 88
4 91 60
37 94 29
45 36 24
46 87 2
70 64 93
97 64 45
77 34 12
10 56 61
70 38 75
46 53 26
33 94 85
22 12 97
65 12 97
37 26 95
49 93 16
64 44 17
91 89 54
87 80 78
76 29 44
22 56 96
54 57 32
82 66 1
1 36 41
85 75 69
84 78 62
34 54 34
32 36 59
64 56 6
91 30 62
84 66 99
66 3 41
35 34 33
69 38 32
8 90 88
81 44 49
50 84 77
23 64 20
9 51 78
51 66 63
7 47 81
44 82 10
19 73 47
39 46 57
87 88 35
1 95 64
73 98 1
42 74 53
37 25 98
60 77 18
44 7 73
18 79 83
94 91 37
90 24 9
36 44 43
16 17 83
78 34 4
45 68 65
29 19 78
3 52 95
76 77 99
84 55 51
69 87 79
88 18 34
89 77 93
41 81 26
67 98 31
52 58 85
48 14 35
64 3 61
47 68 61
84 23 31
81 43 96
80 24 5
85 54 52
99 24 67
16 56 5
72 36 79
100 74 23
67 8 14
32 87 88
96 98 77
47 21 56
95 78 25
38 76 66
93 46 2
22 99 98
100 70 8
60 18 82
12 82 45
98 36 68
97 39 92
47 66 74
13 94 5
82 59 17
37 39 42
35 39 73
21 41 94
21 98 64
97 31 4
99 96 17
37 84 81
13 14 61
22 65 22
82 64 73
78 10 7
25 32 24
88 18 71
26 71 40
94 30 98
17 48 90
55 12 26
94 73 51
97 3 15
58 46 5
67 36 87
13 57 21
24 13 45
61 13 63
90 53 80
62 68 21
55 73 26
33 41 14
13 27 77
14 57 43
9 53 23
22 52 12
33 18 20
96 12 78
45 28 20
69 77 13
31 9 6
82 97 11
83 74 26
48 3 88
25 48 43
91 16 54
36 59 58
44 47 26
61 99 73
28 19 82
12 12 98
17 91 24
74 93 33
72 53 20
72 78 39
12 11 52
29 13 1
75 76 84
93 47 20
39 83 72
23 34 10
73 28 12
56 25 99
80 100 15
76 76 99
63 92 78
57 63 13
95 22 79
47 50 96
11 61 90
72 11 40
9 95 26
55 17 24
88 21 60
13 6 96
52 48 24
19 62 76
91 97 4
60 73 92
80 82 78
29 39 40
69 94 72
86 15 8
31 87 68
75 59 41
88 91 22
91 76 80
98 97 45
11 81 13
48 75 88
93 16 93
84 55 30
21 47 4
32 24 36
9 80 89
67 32 67
60 93 27
1 99 62
50 83 96
66 59 61
2 44 61
59 61 69
62 91 9
62 98 28
33 49 38
64 1 12
12 31 47
7 15 60
16 30 76
77 78 80
76 84 86
36 32 5
5 6 61
100 48 90
31 4 78
15 30 77
21 3 49
41 96 14
31 1 99
93 23 45
48 39 19
56 73 4
33 6 43
42 54 93
8 82 11
75 44 59
33 69 96
36 27 11
1 77 25
100 64 13
27 83 61
51 85 100
41 89 30
83 65 83
10 40 66
75 36 5
57 59 48
69 3 58
34 40 13
76 40 39
33 85 24
64 1 81
67 31 97
26 4 82
52 51 98
95 12 74
49 66 97
82 60 91
17 72 68
21 47 30
53 22 17
24 45 28
79 85 60
48 17 85
85 100 3
96 67 15
37 66 77
66 45 64
71 29 96
97 21 79
55 68 22
93 4 71
50 87 91
93 4 23
92 87 41
77 30 53
75 87 91
46 94 79
10 68 83
11 79 44
15 54 10
47 44 37
40 95 86
56 84 4
25 15 87
28 67 36
22 97 25
11 52 45
45 15 96
34 83 75
46 59 2
95 60 87
7 62 1
79 28 82
88 1 18
12 64 28
22 51 95
44 6 49
81 41 57
39 83 57
91 31 55
78 8 38
65 31 62
26 69 56
14 73 95
22 3 96
16 96 6
11 47 40
27 53 52
6 90 100
36 66 86
94 98 84
15 47 27
24 49 14
91 51 25
24 31 7
50 29 8
19 98 55
98 57 72
29 14 87
50 54 52
68 89 10
22 95 27
54 13 92
43 15 85
16 12 1
41 23 42
89 17 67
33 96 24
56 86 73
36 40 34
36 51 80
16 29 35
99 2 8
85 44 59
30 40 76
77 61 96
90 50 17
30 40 1
33 95 93
44 96 100
97 90 60
23 90 96
34 68 44
80 90 48
79 51 7
24 75 67
73 21 41
48 52 16
85 38 87
71 76 51
97 97 23
92 32 90
3 14 44
63 47 98
62 58 2
28 30 73
20 65 43
55 81 25
49 46 68
39 37 9
89 86 47
56 34 80
59 11 4
54 34 20
35 83 44
68 15 46
94 9 3
31 54 82
56 81 93
21 82 12
5 48 83
14 27 53
72 80 55
6 36 83
10 10 39
76 88 3
38 74 18
33 55 81
38 47 71
31 95 31
40 27 47
41 88 60
61 67 90
54 64 76
52 46 44
79 98 27
73 65 21
70 92 27
3 67 14
11 1 19
42 8 68
58 92 18
50 76 51
2 60 75
25 93 62
11 32 88
3 23 10
91 3 85
15 33 51
5 46 22
1 14 41
14 82 33
97 56 65
85 80 7
22 91 21
13 61 48
7 58 49
12 4 20
14 13 99
25 74 71
27 74 11
86 49 88
36 23 86
89 87 83
8 86 20
78 58 29
88 86 33
81 41 59
61 89 12
2 84 92
82 48 5
87 13 73
23 65 21
22 81 63
6 33 13
19 55 82
12 76 73
45 100 70
89 99 30
94 51 30
18 2 60
23 45 30
64 45 99
28 3 38
87 3 48
15 59 65
56 78 10
40 11 54
14 42 25
22 85 69
62 87 72
58 57 75
47 88 100
58 4 28
67 41 83
93 89 95
21 78 53
65 58 60
92 74 23
22 88 14
54 15 29
4 26 63
42 31 27
31 15 69
29 71 34
50 14 91
3 7 31
27 74 84
95 92 98
62 11 7
96 38 41
6 61 35
76 76 64
1 49 72
52 77 99
60 60 83
32 89 92
9 70 36
13 75 61
23 24 9
27 92 77
61 57 36
67 87 22
93 51 55
71 86 73
23 41 43
14 18 84
78 80 86
55 71 31
92 16 84
7 74 73
38 49 79
15 97 62
48 30 45
86 92 51
76 5 60
29 87 68
67 83 29
15 11 40
20 9 87
48 26 4
6 88 48
51 93 30
1 1 54
84 61 75
95 49 8
1 76 84
77 10 4
58 19 4
94 41 96
80 30 12
78 93 30
56 35 48
50 79 91
91 14 96
13 75 5
13 3 61
87 33 66
21 89 51
30 68 85
48 57 65
86 37 59
22 7 62
53 91 17
52 27 13
40 33 4
77 43 100
90 45 30
98 95 47
68 97 62
89 22 17
20 81 55
57 57 5
40 88 94
98 91 46
53 41 79
66 81 95
76 82 25
88 14 56
15 67 35
16 43 96
38 78 99
61 94 14
56 62 4
79 64 40
65 24 61
64 64 63
72 49 36
52 86 98
16 100 37
59 3 35
64 33 76
51 25 92
78 42 62
41 62 77
57 49 5
60 21 3
84 56 29
4 35 87
74 52 20
29 75 38
97 14 49
75 45 54
66 94 75
26 31 99
95 20 92
68 33 12
1 99 54
62 15 83
17 14 75
63 17 61
1 95 86
58 32 60
52 78 1
42 27 33
4 30 16
89 12 73
86 55 33
83 8 56
58 76 93
35 18 53
54 27 11
22 20 12
18 65 32
94 24 91
6 1 80
9 26 77
81 65 69
35 64 16
15 39 99
30 11 64
44 23 12
10 84 30
5 73 95
38 53 13
10 23 77
64 43 21
92 65 43
95 18 93
23 66 30
18 55 25
1 99 51
89 42 26
45 5 68
30 80 26
50 38 29
41 64 82
99 23 84
100 32 96
9 8 41
32 72 2
95 76 93
65 40 11
32 100 96
84 1 80
5 14 3
69 88 70
71 18 62
87 90 57
7 27 26
52 53 16
94 15 58
98 3 2
66 54 84
24 76 7
65 1 78
37 41 43
1 12 28
84 80 27
59 70 68
91 29 94
43 6 70
79 45 51
76 28 81
85 26 82
31 73 71
12 94 90
98 42 86
45 24 75
100 7 51
45 42 62
68 4 18
62 60 37
39 27 16
20 3 14
42 25 47
62 72 67
60 74 54
99 69 79
95 45 99
32 25 23
90 37 43
61 60 50
39 15 32
58 23 33
30 19 11
98 35 91
77 84 27
12 48 24
93 44 3
27 68 41
27 11 82
78 4 10
16 53 64
49 21 90
88 46 44
15 91 37
45 71 26
16 98 7
49 31 27
22 32 91
90 59 68
64 59 67
65 14 43
45 25 39
15 93 84
37 65 29
41 2 46
35 47 42
10 13 30
88 29 100
64 82 34
97 38 70
89 19 31
32 40 47
48 23 55
47 16 92
15 6 24
47 50 5
84 55 27
75 100 91
34 36 3
36 20 31
15 24 36
67 79 46
75 79 56
87 74 55
43 52 86
27 40 18
40 94 90
93 95 54
99 92 33
12 95 74
71 42 30
92 84 18
17 59 29
19 44 21
23 16 78
65 47 63
9 80 86
75 39 31
69 78 18
25 14 69
72 23 19
68 60 17
96 28 25
99 95 81
77 94 75
11 39 30
90 72 65
71 19 81
96 60 6
18 48 85
45 55 98
7 94 70
14 1 20
60 91 87
63 47 27
12 6 35
16 58 65
13 84 71
31 11 99
55 25 23
36 13 42
59 60 83
50 14 83
48 10 51
30 92 42
91 75 100
95 6 88
35 66 80
57 14 6
25 80 95
30 16 26
77 6 67
29 31 97
33 18 95
57 32 3
40 83 50
93 41 85
11 94 37
19 28 73
26 27 82
81 94 100
17 83 22
63 44 100
34 68 41
56 10 11
32 7 98
2 54 74
22 28 89
35 34 23
79 97 54
82 74 97
73 50 14
18 71 62
14 91 2
47 47 26
88 82 97
19 20 97
7 45 92
72 89 63
60 53 93
8 10 16
24 69 61
64 43 87
87 40 81
69 6 36
12 85 5
4 50 35
41 71 66
35 55 45
58 80 4
29 81 33
35 34 63
12 57 90
93 78 89
5 91 59
76 93 7
31 95 23
93 76 51
1 38 59
31 54 92
12 80 64
36 79 68
28 8 69
87 20 31
7 98 64
93 64 42
96 79 15
63 20 62
83 34 27
57 42 84
27 3 100
18 42 23
79 23 26
24 91 67
73 92 84
15 97 73
21 65 88
55 55 86
93 52 95
80 41 2
41 42 82
86 67 49
34 10 53
82 97 47
23 73 97
19 35 87
45 95 74
27 45 12
76 43 14
86 12 51
55 6 9
68 43 14
6 98 93
40 95 84
26 43 8
21 29 3
78 78 31
68 14 46
97 72 36
29 94 50
30 95 1
23 15 21
75 7 93
18 83 24
100 40 25
22 34 10
23 20 78
51 26 13
8 60 69
6 78 12
42 49 96
22 52 10
52 27 78
56 60 6
14 92 98
5 99 97
55 94 9
44 84 93
94 70 22
30 10 18
19 16 10
22 86 30
31 39 53
100 40 98
6 97 53
78 29 60
92 6 58
38 62 33
53 89 18
94 84 66
22 41 91
35 19 31
76 75 8
97 77 74
41 54 97
47 55 25
87 65 59
100 86 54
84 73 42
20 8 87
39 61 15
5 8 94
15 22 29
56 51 10
97 44 58
13 11 71
81 60 87
11 61 29
9 57 50
77 67 38
56 84 4
77 31 52
68 67 17
75 89 31
21 60 85
58 1 74
21 14 100
16 22 60
68 89 27
19 37 60
4 86 12
15 78 25
81 58 49
100 29 65
13 46 3
5 16 10
94 24 83
2 38 22
77 62 33
57 40 55
16 66 51
14 22 48
12 64 30
50 84 19
15 74 66
23 12 66
95 25 13
45 90 8
27 26 78
91 38 85
78 38 8
93 15 56
63 13 19
87 20 40
41 51 95
6 73 92
98 42 1
42 36 15
53 68 75
73 5 49
84 18 28
87 24 44
32 65 75
50 63 53
16 76 10
7 55 97
95 60 88
30 67 38
82 79 35
64 51 26
51 76 20
3 17 6
43 34 26
26 47 84
45 48 69
99 37 49
52 4 12
39 25 12
17 98 18
20 14 94
64 63 45
65 37 32
41 12 92
75 1 18
93 10 92
25 88 96
81 89 63
95 78 40
68 43 38
55 89 74
88 26 42
20 14 24
37 97 33
82 62 18
30 53 7
87 70 38
96 51 11
4 9 43
32 75 90
56 84 63
55 57 3
26 49 57
39 92 82
86 63 92
60 70 94
46 93 53
60 99 16
35 54 74
74 65 50
58 20 52
77 70 48
15 69 29
88 16 54
66 50 5
46 66 10
23 75 83
12 86 97
97 69 79
96 52 64
25 1 98
76 14 48
45 73 18
29 86 25
5 8 83
25 67 94
76 75 15
50 18 52
17 34 84
2 84 71
53 11 55
22 98 62
99 37 83
51 8 70
14 28 52
19 6 29
43 63 95
19 33 52
92 32 2
97 61 44
69 24 36
39 44 75
39 40 19
58 65 2
14 46 56
82 98 45
33 71 86
32 89 10
62 80 19
53 13 7
68 29 56
55 22 35
25 77 89
59 53 86
30 4 71
86 93 95
9 7 18
8 89 76
21 46 67
63 37 100
86 6 50
43 60 49
32 62 30
99 42 20
28 80 63
27 33 30
86 64 7
12 62 97
19 39 84
39 52 12
12 5 14
63 13 39
84 59 85
51 37 5
94 39 55
43 66 45
47 29 48
84 30 26
61 50 32
56 28 95
80 55 62
95 76 40
4 26 33
53 8 67
1 93 82
87 21 3
84 94 90
87 64 76
34 90 29
56 15 17
27 13 33
52 51 84
70 25 23
89 59 36
83 81 39
31 51 92
37 8 9
32 51 93
35 52 66
14 12 13
94 19 97
93 90 44
20 96 36
32 35 50
44 72 38
45 9 35
86 84 23
19 1 92
38 33 40
68 46 17
16 70 59
46 28 92
86 62 47
8 4 66
82 82 89
92 1 63
61 58 56
45 6 85
83 28 89
72 83 3
68 15 61
72 31 77
12 47 66
58 16 52
88 58 56
77 3 44
47 68 83
60 67 44
23 27 53
54 27 42
14 85 65
46 11 53
33 44 96
16 46 8
60 50 61
8 7 92
77 70 38
96 60 8
59 39 23
17 95 71
86 88 79
41 97 18
88 79 50
97 49 32
94 98 81
92 2 44
23 89 13
70 97 74
93 32 70
88 24 79
13 73 27
18 16 11
61 20 11
25 78 33
75 6 35
21 60 44
47 82 18
64 9 87
68 45 30
72 83 44
7 61 9
41 51 66
95 42 54
2 6 90
88 79 17
10 94 8
66 30 4
81 94 50
69 39 92
60 80 66
7 42 45
45 39 33
71 83 79
76 62 39
55 88 5
5 7 89
91 14 75
91 80 97
97 56 9
93 29 2
63 33 52
94 52 7
88 39 63
81 5 72
5 71 42
75 52 55
47 85 29
57 64 13
24 68 36
49 56 5
1 70 17
29 82 86
79 71 54
44 73 39
55 41 3
100 47 13
3 56 96
48 52 64
1 88 58
80 60 57
46 5 59
9 64 4
67 7 42
24 10 26
63 100 32
93 5 100
32 8 43
78 1 28
48 81 99
65 35 75
31 71 47
59 9 43
58 100 72
32 89 54
10 55 42
41 78 76
76 7 1
26 76 53
2 70 32
59 27 11
42 23 7
82 83 35
80 34 71
79 21 59
72 12 28
50 47 81
34 80 30
74 35 14
94 7 82
27 42 28
93 90 88
94 60 61
1 67 5
99 72 61
53 70 46
39 85 38
48 13 23
45 55 80
16 23 53
44 8 15
44 46 90
49 60 58
39 15 58
90 57 50
72 34 80
76 24 41
24 86 71
25 81 66
49 45 95
24 46 44
69 94 5
25 13 78
69 61 6
47 56 60
23 99 7
73 78 18
90 94 37
98 58 90
64 86 19
87 39 18
34 38 50
57 66 98
14 36 72
9 46 87
100 90 29
65 11 47
99 51 78
7 97 74
79 17 90
81 76 51
64 36 43
56 88 8
48 85 67
63 18 1
75 25 98
23 2 57
27 61 94
86 22 59
68 21 56
100 58 79
81 59 44
55 44 37
66 88 70
69 64 80
86 2 6
56 54 7
99 97 78
87 59 24
90 40 97
9 33 92
21 30 20
26 68 65
24 98 47
6 43 44
91 71 66
72 73 81
42 53 78
23 61 57
43 13 12
90 46 29
88 10 99
28 61 70
61 5 29
98 77 39
27 57 50
32 16 26
11 40 78
19 58 68
91 93 39
4 96 60
73 20 62
12 22 85
41 61 49
39 51 45
82 7 28
68 59 79
1 92 27
10 66 4
42 95 93
12 60 50
84 44 88
92 87 61
100 79 58
89 84 7
60 46 5
74 60 50
38 1 10
88 25 89
65 93 73
31 42 89
73 35 79
78 4 52
60 66 97
11 80 18
11 30 16
39 13 20
96 6 96
63 23 13
33 89 45
69 62 82
72 93 78
45 19 20
33 83 21
15 61 88
82 8 72
40 10 1
9 93 84
19 10 78
42 48 79
61 3 21
31 56 91
71 69 38
13 91 22
93 75 65
75 7 78
71 62 71
48 47 84
59 57 41
47 15 41
60 20 13
32 87 90
100 75 58
55 92 23
8 75 90
7 66 47
7 82 42
51 89 34
65 36 43
80 44 17
62 12 1
40 34 82
31 13 62
92 63 33
75 22 48
32 24 14
39 29 9
43 84 18
76 38 29
49 69 91
74 5 75
97 97 84
3 39 25
60 17 75
72 3 49
36 79 91
20 10 71
81 28 74
75 15 56
60 42 19
77 20 39
89 80 28
19 31 28
77 98 78
100 53 98
56 49 29
88 16 53
72 74 86
80 2 50
44 12 97
27 6 3
50 29 41
44 74 53
18 57 79
88 74 13
96 32 75
4 45 34
84 54 99
79 30 52
13 48 35
80 94 70
69 18 16
82 19 62
23 89 63
93 98 16
73 22 9
27 78 30
15 15 79
55 64 63
88 81 71
71 57 5
69 8 14
3 32 49
17 41 91
25 98 55
12 14 49
65 89 63
59 45 76
82 35 22
54 95 52
6 47 1
51 39 33
83 26 95
32 14 35
43 90 57
81 3 65
80 7 27
49 25 77
92 63 74
30 73 51
100 86 93
35 22 32
85 66 27
46 64 30
3 17 8
45 81 63
42 30 55
68 37 9
54 31 39
56 77 86
48 90 43
14 57 67
74 93 4
29 70 5
43 76 64
78 25 93
43 76 92
6 63 74
87 50 32
82 53 77
20 8 61
35 3 100
31 57 44
88 65 60
11 28 27
28 15 79
66 66 7
72 26 42
8 8 83
26 32 38
23 16 10
82 42 66
60 94 67
83 98 66
23 71 89
51 2 60
30 11 42
15 73 77
99 58 72
20 14 57
80 53 28
37 36 75
48 18 45
39 5 21
66 98 18
24 10 19
5 48 15
74 90 79
80 48 50
69 88 100
93 38 96
13 9 35
50 65 15
44 36 21
40 99 52
90 65 87
56 6 8
91 32 3
38 82 95
3 33 40
80 12 31
2 46 49
1 27 95
24 7 19
5 13 54
24 56 6
85 49 37
43 79 61
67 9 69
2 12 84
46 27 80
100 28 76
47 7 28
94 24 38
39 15 70
28 25 31
100 24 69
75 10 76
11 51 97
37 26 77
97 46 43
50 26 12
79 51 12
33 78 76
82 95 30
9 49 91
63 80 23
40 57 17
8 35 67
1 58 24
78 16 82
1 13 97
62 75 79
94 95 54
18 58 36
13 97 89
69 26 1
31 68 29
95 66 23
2 72 75
92 7 63
33 90 24
7 55 4
13 59 65
95 46 58
63 38 75
1 20 53
47 38 100
10 3 41
85 22 6
87 71 55
80 68 58
92 62 74
54 75 46
7 62 73
5 89 86
49 42 1
17 45 93
54 73 1
76 52 18
43 76 47
66 47 4
86 49 65
65 84 55
41 23 53
6 3 96
63 41 24
91 15 22
81 76 97
15 55 78
17 20 33
5 91 72
18 19 20
27 5 2
99 41 69
32 79 58
11 79 96
45 93 77
4 10 26
57 13 99
81 13 28
61 74 19
42 99 27
48 65 35
53 40 86
46 68 8
95 68 24
78 67 50
9 95 12
19 78 80
86 8 94
47 12 23
49 85 91
25 65 83
26 9 43
83 55 95
51 53 33
79 39 4
70 15 43
66 33 40
99 1 93
39 85 14
74 34 20
39 44 61
32 59 96
48 73 34
71 88 65
28 22 61
33 76 18
11 56 48
45 73 52
85 84 92
34 6 75
27 95 77
75 10 34
100 44 100
25 33 4
16 51 39
37 36 21
64 86 7
71 37 21
56 96 17
77 2 58
36 46 57
20 89 98
80 10 93
25 99 80
79 33 16
23 48 88
94 62 39
66 97 28
89 18 33
69 18 86
57 32 21
10 25 63
58 22 43
70 68 29
9 54 20
63 12 31
35 33 86
42 52 45
90 46 79
30 38 83
48 79 37
68 26 20
93 68 48
57 48 67
100 64 63
56 14 91
74 90 43
34 74 53
34 46 72
80 97 25
96 54 30
27 26 99
90 46 9
63 78 55
17 60 3
70 82 28
31 64 73
30 43 60
13 51 77
43 59 44
74 20 19
32 81 99
72 82 28
22 96 32
57 31 45
16 95 23
46 51 54
59 32 83
70 63 26
7 17 91
1 43 44
95 40 19
10 94 79
48 18 25
100 65 44
92 13 47
84 74 82
30 92 20
26 11 18
39 15 56
61 92 99
19 1 98
82 25 18
70 21 32
4 97 23
86 42 26
39 60 90
3 67 85
69 13 80
98 3 100
49 96 85
85 1 20
29 10 64
86 68 8
25 96 32
18 13 4
1 13 52
26 30 89
26 34 77
29 79 87
67 20 40
72 8 87
6 14 60
61 72 67
96 95 11
29 95 28
98 75 3
55 51 77
84 9 6
22 80 16
17 68 22
12 16 64
37 86 30
13 11 1
8 99 33
65 29 87
33 63 62
70 92 55
62 89 45
1 33 31
97 71 40
90 21 100
68 62 16
94 17 32
28 53 25
14 37 79
41 35 5
65 75 65
57 51 99
25 57 35
34 11 98
94 27 7
83 2 48
48 38 65
37 100 79
1 28 55
25 63 80
93 22 24
2 36 75
8 61 41
49 90 46
32 52 23
83 82 78
1 66 81
9 43 24
59 34 73
52 60 8
23 40 45
26 24 85
22 74 53
20 72 9
83 20 4
1 49 17
92 43 36
15 74 11
53 34 66
94 24 56
13 95 63
86 10 16
12 14 22
13 3 17
74 89 99
50 28 63
62 14 15
98 74 42
31 98 10
90 5 38
53 64 62
49 50 22
88 3 65
56 83 96
55 14 96
99 92 95
4 96 9
49 81 12
59 62 25
19 59 48
64 45 54
75 24 94
39 56 58
60 95 10
90 9 46
45 84 93
18 2 57
49 28 93
25 94 32
89 31 55
23 43 6
17 85 35
59 13 95
9 65 32
19 94 58
68 63 62
86 81 97
67 53 78
99 89 98
53 29 72
87 39 89
82 92 20
55 47 86
99 15 50
50 20 34
53 82 12
49 12 66
4 29 17
88 45 77
97 51 80
41 36 8
72 30 7
69 32 68
74 44 49
68 75 87
74 56 43
62 81 63
55 32 96
36 85 68
40 94 83
59 36 9
89 69 60
21 81 13
92 92 45
47 26 98
25 62 31
45 41 88
45 63 13
78 6 50
13 99 53
60 56 17
15 66 89
41 38 29
13 18 99
62 92 10
84 20 76
100 93 20
89 26 34
4 99 52
81 85 68
36 23 74
19 87 68
92 82 53
5 44 85
25 39 51
36 65 56
16 15 46
56 33 63
4 46 68
87 55 34
6 75 90
70 32 46
29 30 42
83 65 50
28 63 12
30 67 44
22 76 66
99 10 26
22 77 42
100 46 43
86 20 71
74 27 86
77 72 49
74 94 43
38 23 71
80 17 75
29 7 40
12 91 29
62 95 39
10 38 21
90 95 53
30 82 11
91 49 50
94 20 71
72 74 13
94 19 26
89 42 40
55 24 79
48 25 64
20 54 20
9 9 91
34 64 55
7 66 63
28 15 67
20 64 27
77 38 83
98 91 21
41 63 62
65 83 44
10 86 84
69 19 42
84 65 85
77 40 20
93 2 24
46 26 19
97 42 45
79 81 39
55 23 33
54 40 89
70 86 93
43 18 1
34 75 90
24 63 93
43 52 11
44 12 39
57 90 79
90 36 94
91 42 10
14 20 52
87 86 25
32 27 47
2 8 44
28 76 86
22 8 43
9 65 60
89 42 4
66 96 94
31 77 26
86 4 31
43 37 8
40 8 94
88 80 54
40 100 90
7 37 9
83 14 9
51 68 29
57 61 6
79 59 37
10 3 22
68 96 57
98 3 87
10 70 9
21 14 96
91 10 1
37 54 31
50 34 97
41 70 61
39 99 84
86 86 51
10 22 56
100 4 51
84 51 99
100 60 6
89 59 83
56 22 50
93 4 25
84 87 5
86 60 36
53 95 92
21 6 68
10 27 11
57 23 62
56 48 75
72 37 90
73 14 3
20 7 12
4 89 81
38 91 58
97 57 22
74 19 34
55 42 51
18 94 32
62 44 91
7 71 84
34 31 86
9 43 38
60 92 80
14 10 18
31 91 9
53 79 46
75 46 9
61 94 5
69 56 9
43 77 40
19 87 29
63 3 79
68 20 76
91 1 10
29 60 32
40 80 73
10 11 64
57 66 19
39 69 15
23 30 47
15 56 88
21 9 88
100 96 58
13 59 43
6 9 8
6 47 39
48 10 12
39 10 33
57 54 98
47 7 53
80 87 88
84 24 91
67 38 79
36 31 98
88 17 65
5 96 46
21 60 48
54 81 39
60 73 54
69 71 42
76 10 53
57 11 66
30 63 19
4 6 94
34 24 44
9 61 75
88 19 54
92 49 2
20 80 45
18 36 61
81 18 23
28 7 20
55 9 96
84 14 41
62 34 95
72 24 46
9 10 84
92 33 12
20 79 48
75 96 48
74 98 1
27 39 34
34 66 55
75 84 18
21 15 46
57 98 74
100 68 22
28 80 23
88 76 28
63 63 64
43 40 42
44 57 87
3 73 97
34 9 6
55 44 37
62 51 93
30 18 12
17 43 75
79 57 91
4 39 53
85 29 100
90 77 7
43 70 94
67 23 93
89 14 37
79 45 30
63 73 52
55 34 47
17 77 52
61 44 85
95 24 69
27 65 5
62 89 16
43 89 66
37 95 39
39 92 26
1 18 31
71 15 29
79 100 75
67 16 1
30 61 50
88 53 66
50 63 64
73 34 74
15 72 15
7 21 22
33 48 3
67 63 64
47 13 98
68 84 64
90 96 38
18 99 93
1 67 35
19 40 98
31 46 67
96 34 11
26 78 92
69 22 85
82 54 92
47 68 46
69 15 96
99 99 53
43 86 54
20 72 57
18 98 77
18 65 36
76 62 39
92 67 91
95 43 65
21 95 23
10 17 94
12 68 70
79 22 83
30 73 20
15 37 85
85 99 10
60 69 83
88 74 26
62 87 43
70 74 71
17 95 33
74 3 36
27 21 5
46 44 9
37 27 1
7 28 13
9 71 78
39 69 90
80 28 13
1 4 63
35 42 20
7 69 36
36 64 47
8 50 29
1 66 27
22 45 18
74 37 96
5 65 87
60 98 82
29 3 57
45 2 44
74 33 34
32 8 6
21 15 2
100 39 64
2 43 75
9 50 90
61 7 64
59 96 60
63 98 34
84 28 11
13 49 75
21 51 64
26 78 55
38 49 21
28 92 80
83 42 54
12 73 42
85 79 15
77 11 47
28 1 86
86 4 81
90 21 68
90 21 38
45 48 5
43 19 52
72 40 28
29 71 33
32 89 18
39 89 95
89 72 60
9 19 53
21 96 41
22 61 9
44 63 42
77 96 58
94 73 99
50 32 36
74 95 16
68 78 92
16 67 24
58 74 30
13 94 96
99 21 69
32 96 38
14 71 47
19 96 9
58 39 10
90 91 48
96 95 55
60 14 37
5 1 47
66 82 77
37 25 40
50 17 48
35 3 61
66 32 9
91 94 44
88 67 3
44 4 33
75 42 19
96 83 36
35 15 72
8 39 98
40 95 51
99 26 78
58 44 68
48 21 65
78 21 2
90 5 43
17 87 14
96 12 93
12 21 88
86 35 50
62 68 83
2 9 100
97 56 9
81 85 3
43 33 40
62 25 20
20 18 40
8 16 76
71 32 3
84 97 4
72 5 91
17 84 1
91 37 3
15 7 33
100 95 28
98 25 52
92 5 50
62 93 82
20 83 43
11 96 100
55 48 24
25 47 52
14 2 3
54 67 29
45 77 42
74 30 1
60 99 18
4 75 50
84 19 23
69 72 8
92 71 74
95 15 87
40 42 73
56 34 27
67 28 64
64 64 63
39 91 43
74 95 92
17 23 18
12 55 28
38 2 14
8 5 61
34 63 53
52 56 37
28 98 78
36 32 90
67 64 55
30 56 79
97 79 41
99 73 93
30 17 24
41 97 80
83 28 20
3 78 54
29 88 49
8 87 58
83 88 91
74 57 69
98 51 31
40 97 81
24 71 81
68 85 32
49 73 25
92 31 52
74 64 82
95 65 43
96 98 84
69 53 81
85 41 14
65 87 94
86 48 61
84 83 5
68 64 10
14 16 93
22 18 55
80 37 57
57 49 44
73 26 16
77 9 8
73 89 55
16 19 64
66 14 96
71 40 99
10 32 5
21 9 100
61 77 84
99 18 19
23 56 49
16 43 15
83 91 49
88 27 92
26 37 43
89 78 7
74 41 58
2 8 59
12 34 7
100 87 60
96 98 54
68 89 13
49 16 97
47 50 83
27 10 64
71 88 44
96 78 18
79 33 39
64 56 67
31 97 93
26 13 39
66 7 33
19 50 72
17 59 75
30 9 79
43 24 29
65 34 82
38 70 96
50 26 39
9 32 100
12 55 80
77 37 60
81 43 44
69 7 28
18 74 23
85 15 37
92 46 48
41 45 86
15 26 52
93 97 1
65 1 4
41 85 49
83 82 97
78 75 24
52 20 27
83 65 83
62 86 64
46 54 47
30 67 22
21 83 50
75 49 32
13 97 42
36 17 46
29 5 79
15 73 34
14 76 28
13 79 61
32 21 50
59 92 4
31 11 95
29 31 42
45 82 76
59 89 47
48 28 18
87 83 5
10 40 81
49 25 47
76 84 64
71 45 18
64 53 82
42 43 79
65 94 32
17 89 95
79 16 13
13 18 51
26 99 12
93 91 67
16 40 19
68 49 61
21 21 90
60 6 96
42 30 20
99 87 56
23 55 18
12 78 1
64 93 45
63 96 87
85 34 92
24 34 25
99 75 69
82 96 38
68 49 32
39 84 78
44 52 86
13 23 73
13 32 65
95 100 60
82 71 18
23 67 79
47 17 96
55 90 91
76 41 17
47 51 39
10 55 16
6 42 34
93 13 53
18 28 66
71 65 43
33 51 28
71 89 71
11 70 100
58 57 83
47 82 76
12 24 67
7 80 23
46 45 76
37 99 80
90 73 54
30 75 69
48 35 75
89 93 51
8 81 64
97 20 39
29 64 89
53 85 49
75 82 39
22 92 97
67 71 4
85 53 92
31 76 89
67 74 33
50 50 88
93 29 70
76 31 99
5 40 74
25 64 76
63 34 10
72 58 56
47 99 74
3 44 2
12 38 100
30 66 93
7 89 76
55 76 93
16 4 26
68 52 42
48 47 64
1 31 39
66 6 56
44 16 53
10 11 45
82 41 56
96 15 14
37 16 82
18 75 14
17 35 58
75 99 82
35 60 43
10 98 20
43 13 18
74 80 23
39 74 66
50 100 15
47 71 81
95 62 26
37 78 23
85 94 69
68 14 2
20 47 20
58 16 66
24 73 39
24 92 18
72 2 50
22 21 61
19 60 38
37 60 5
86 34 54
82 78 20
62 44 46
54 40 45
91 86 84
47 22 9
34 52 54
3 70 87
80 4 93
38 11 97
74 70 44
98 64 45
92 97 74
60 45 74
15 3 46
75 37 88
29 58 22
91 84 54
38 26 82
43 42 39
55 80 33
18 28 20
86 32 21
13 49 79
31 79 29
26 37 14
4 17 70
61 74 64
100 45 73
3 58 61
79 6 87
55 21 87
61 10 97
18 92 95
51 68 29
68 81 11
8 34 1
54 91 48
24 35 41
75 75 3
86 100 48
5 69 72
40 76 40
72 85 15
73 39 42
28 2 96
53 73 55
95 22 21
35 98 82
77 93 84
47 30 89
75 3 50
19 19 27
63 29 8
33 28 76
39 60 2
28 58 65
55 82 18
2 37 44
69 94 8
46 69 70
66 28 42
13 82 89
26 59 15
37 55 27
56 32 41
49 88 96
32 47 93
36 83 17
89 79 29
66 60 56
24 94 9
75 57 38
90 36 69
95 84 25
26 35 44
65 79 6
5 13 80
54 4 34
26 44 15
73 37 87
38 39 82
75 50 79
22 78 30
85 22 57
54 56 41
63 63 19
81 17 9
2 22 24
13 84 42
89 94 44
39 38 17
85 94 58
11 89 47
25 46 58
58 56 49
46 93 26
89 43 75
79 10 73
17 73 19
54 95 23
80 95 20
89 45 30
83 60 68
87 33 25
50 87 17
40 57 58
93 31 26
97 68 59
81 35 3
5 20 93
27 83 3
3 15 43
22 61 50
2 34 81
17 94 14
100 53 73
47 85 21
46 88 5
94 47 19
60 78 86
70 100 9
31 83 67
89 14 44
91 31 42
17 39 73
50 10 71
43 32 41
13 76 30
87 8 72
14 48 22
32 67 36
47 62 86
35 22 61
43 26 51
20 50 22
99 31 74
29 66 39
76 74 11
40 86 19
60 72 2
1 68 96
62 93 31
50 23 28
94 99 7
17 6 46
97 92 99
19 27 99
87 96 57
63 57 8
76 19 73
19 27 98
31 13 11
37 9 57
33 34 25
28 19 71
1 51 92
86 45 13
20 31 18
6 27 62
44 27 45
25 76 45
42 84 42
87 1 7
18 81 1
63 66 40
78 58 61
11 95 33
20 53 20
85 85 38
74 93 81
10 6 79
71 17 72
63 49 35
75 55 39
77 63 4
10 43 14
12 35 68
11 21 59
99 47 25
50 41 58
90 75 24
34 56 48
4 46 9
17 1 45
59 98 51
53 60 6
88 99 98
99 69 46
4 13 54
8 93 28
17 2 17
51 73 99
8 25 39
25 79 17
60 56 69
74 49 48
35 57 85
67 35 96
64 52 10
16 28 4
79 57 6
24 13 86
11 73 16
80 89 11
51 93 97
16 75 91
82 57 29
81 40 62
65 50 90
23 25 1
39 58 65
64 53 82
1 37 90
66 82 34
100 71 16
56 15 83
25 15 38
5 84 7
3 36 88
1 17 49
22 86 19
85 97 11
87 80 34
76 17 72
93 75 3
18 19 93
52 14 56
83 37 15
51 66 63
49 46 61
30 27 73
88 53 76
27 17 24
48 89 66
80 64 33
70 54 64
37 1 78
34 11 62
61 82 71
61 86 66
85 12 97
14 41 37
19 69 58
65 26 1
33 16 30
93 82 64
9 52 30
85 61 36
85 53 82
45 46 22
89 86 92
28 5 21
27 34 71
33 53 30
23 99 53
7 63 80
66 12 7
74 34 31
74 5 59
83 5 8
27 54 55
62 44 79
28 87 3
43 98 73
57 6 75
93 5 75
97 23 39
27 72 87
91 66 89
62 23 34
44 62 47
18 14 44
52 41 83
52 10 92
93 14 57
83 67 6
93 38 17
79 4 18
80 42 80
9 80 20
95 43 59
18 2 69
62 24 49
37 60 96
73 78 1
50 35 21
7 96 61
26 53 33
6 38 68
82 88 15
5 43 96
71 24 69
62 41 94
70 67 83
22 72 96
83 6 36
43 15 41
68 13 42
77 61 75
12 90 37
15 18 39
37 15 44
52 89 23
95 81 93
98 58 32
65 10 23
21 27 63
63 10 7
17 78 64
65 35 6
24 98 80
74 73 4
46 58 88
47 82 12
18 53 19
79 2 58
64 71 16
84 43 72
86 72 32
24 93 71
86 2 96
82 33 97
6 59 70
84 72 35
20 58 50
100 58 48
50 62 47
19 94 75
27 30 89
83 82 47
83 45 74
85 21 29
35 41 88
78 50 44
16 54 80
83 50 6
50 55 93
60 84 66
62 10 66
41 17 59
81 19 25
96 96 6
45 30 54
59 38 2
32 98 33
2 38 96
46 62 23
46 57 3
49 12 86
89 5 91
10 79 96
59 9 3
50 30 77
24 70 59
31 44 100
72 27 13
40 34 28
19 76 7
76 17 56
78 1 82
96 36 15
13 6 37
34 77 42
64 22 24
78 1 84
89 81 62
66 23 93
6 39 30
97 79 58
15 46 96
14 98 19
65 11 53
12 59 32
27 10 63
9 33 20
44 16 89
74 30 40
8 76 73
75 79 57
71 60 88
74 37 70
10 64 74
73 23 62
76 97 20
51 16 34
88 3 96
98 63 1
51 47 99
5 13 19
16 79 38
68 79 100
94 39 10
95 17 24
29 60 75
22 47 55
5 29 50
88 57 100
51 85 60
52 26 40
97 78 1
71 81 11
29 73 52
57 63 45
91 62 12
32 7 95
37 51 82
94 30 63
78 39 10
28 66 19
17 91 90
28 25 92
28 3 75
45 6 68
72 44 35
24 70 43
77 42 53
24 88 48
77 73 34
70 92 54
94 68 75
89 80 42
61 50 65
64 90 65
57 98 80
5 40 55
27 35 68
73 3 36
46 99 92
55 11 86
2 35 48
76 18 64
69 26 25
38 89 62
33 80 55
59 93 82
71 3 21
86 68 46
64 76 89
60 51 26
53 5 68
26 58 72
41 96 69
24 67 14
84 74 93
49 77 40
14 90 43
65 80 63
78 99 71
38 65 85
78 41 61
18 52 78
41 61 59
43 41 61
41 5 44
97 40 20
7 96 43
54 79 37
47 15 59
40 21 41
96 80 31
1 61 50
6 26 12
64 63 45
4 66 30
71 21 17
88 94 56
24 18 93
67 90 8
52 14 22
53 49 59
47 10 31
99 97 23
89 72 44
61 30 27
87 19 45
33 66 26
83 94 29
100 64 16
48 44 100
40 5 65
5 79 41
80 21 37
51 89 82
92 8 49
75 83 61
18 26 62
90 48 29
82 42 1
100 79 96
42 48 5
48 2 83
37 80 19
26 40 92
96 72 14
64 48 65
75 95 89
93 51 63
2 10 55
5 4 55
62 44 21
29 82 31
70 47 12
93 30 16
89 48 87
57 89 99
39 10 95
75 27 30
33 67 75
3 57 36
52 76 18
47 5 29
71 62 25
82 29 85
6 94 50
6 53 98
94 95 4
85 36 58
22 97 10
99 58 85
100 6 43
57 1 40
15 59 90
54 51 40
24 93 47
20 10 45
52 42 71
85 79 8
5 9 44
71 59 79
91 3 8
1 3 41
25 64 25
85 33 10
7 81 40
8 9 29
75 13 34
84 23 62
16 16 66
2 80 10
76 90 61
42 85 2
78 25 1
17 50 59
27 81 20
20 14 68
22 87 41
73 25 28
66 2 48
23 90 5
99 65 32
25 1 99
96 68 75
13 2 36
46 6 46
6 89 27
53 12 78
12 20 62
26 9 37
84 47 55
20 61 48
51 23 66
65 49 90
43 69 9
8 74 55
35 22 43
82 3 17
65 80 31
36 14 5
88 31 54
54 10 76
59 58 96
85 37 70
48 25 54
73 92 34
32 80 73
24 65 6
53 42 95
11 36 61
14 42 28
90 33 81
76 2 56
98 47 86
63 83 50
38 40 1
58 10 28
60 38 96
58 34 4
48 95 52
31 67 44
20 1 97
44 12 66
34 5 8
35 28 33
83 13 98
80 27 86
64 85 75
41 37 68
62 89 13
61 64 25
32 74 34
60 11 27
69 31 80
64 99 20
95 39 31
92 3 35
9 66 19
43 42 30
35 12 71
92 18 89
53 28 31
23 61 17
71 76 86
87 38 90
2 44 69
71 25 13
23 72 100
94 96 94
53 61 38
90 1 99
70 50 72
84 17 83
42 87 88
49 63 26
96 10 80
47 72 22
64 63 97
66 79 91
20 96 35
91 13 45
75 29 5
66 69 24
3 50 96
21 77 78
76 72 69
59 24 46
53 8 61
24 47 64
46 59 5
43 40 64
24 13 23
38 17 2
36 4 30
57 10 26
60 91 87
57 31 30
92 37 83
48 46 50
79 82 53
97 1 97
30 60 94
87 84 99
90 62 53
18 22 3
47 13 74
66 52 71
48 52 39
88 76 4
15 83 79
67 37 75
50 70 35
88 41 22
90 43 67
23 35 100
53 14 3
5 82 7
30 78 18
35 84 78
33 90 38
94 17 37
2 57 49
21 32 83
95 12 26
21 8 15
42 29 60
88 85 15
50 87 5
4 31 86
76 36 83
63 43 2
92 51 34
5 79 29
90 31 25
64 1 64
78 98 12
95 69 79
93 50 96
94 100 87
13 29 61
90 35 58
23 21 49
68 5 14
12 55 16
24 64 52
30 67 22
74 50 2
29 20 40
2 66 92
93 50 83
82 29 14
95 98 80
17 43 87
75 7 73
21 18 95
13 40 26
36 56 94
91 5 100
91 98 11
52 85 21
6 27 81
50 50 14
79 56 38
30 63 53
78 48 43
94 39 86
23 94 48
87 75 58
91 96 15
13 45 39
5 69 24
26 58 32
82 77 66
45 12 53
50 15 46
35 27 84
89 12 55
93 23 54
54 96 69
50 29 2
44 47 16
11 80 20
67 56 58
6 76 95
54 68 70
65 5 56
23 94 6
3 20 84
50 94 17
12 89 13
77 23 80
4 26 77
17 37 24
38 56 83
31 99 55
33 30 18
31 88 83
83 5 79
16 78 16
83 72 57
60 30 81
47 87 85
4 26 52
100 81 27
86 56 41
11 64 62
38 2 67
93 15 22
84 33 34
80 86 73
75 59 87
29 33 54
87 45 77
36 8 68
38 95 98
39 78 51
52 51 13
62 7 11
87 8 94
24 96 94
19 83 70
8 100 60
48 3 90
13 93 23
58 10 99
20 14 3
36 89 73
73 92 23
4 20 63
15 97 11
94 42 78
38 1 4
22 35 32
51 85 68
14 58 37
56 39 20
26 55 99
58 84 33
2 5 90
33 39 51
49 44 61
68 87 5
8 45 39
89 50 69
49 63 18
10 97 45
91 86 30
31 14 17
28 17 37
71 39 97
93 92 51
79 96 36
72 17 9
66 38 96
40 55 23
12 94 32
13 52 13
89 49 100
41 28 10
3 28 13
78 87 100
69 72 79
57 33 84
79 95 40
57 43 44
42 50 59
72 7 10
56 73 52
20 87 38
9 81 76
81 62 12
77 52 66
37 81 92
8 19 89
99 45 99
94 27 93
39 39 81
54 82 89
25 43 2
100 99 12
33 19 99
83 5 8
9 96 79
8 79 41
26 49 41
1 7 13
90 3 21
79 6 87
90 21 37
50 53 93
70 47 62
27 83 15
28 2 50
9 27 92
68 2 91
61 31 7
73 19 26
6 98 64
67 33 40
71 84 92
86 97 33
44 75 21
42 50 58
52 60 88
86 5 8
78 12 53
92 41 70
48 8 43
69 14 3
35 62 34
10 12 86
51 89 54
74 29 22
56 98 20
89 77 34
46 79 36
61 71 19
43 88 67
14 64 76
96 1 71
26 69 6
27 60 44
20 98 47
16 17 32
4 69 48
28 69 83
16 26 25
25 71 42
20 46 3
79 69 2
60 34 51
3 60 8
60 60 58
5 34 18
45 4 47
22 52 89
58 11 4
7 60 58
71 13 54
92 76 27
68 46 14
53 63 71
12 19 97
36 57 24
82 60 88
23 72 35
19 79 29
21 22 91
24 69 58
87 95 86
31 81 92
1 78 16
87 85 15
59 24 56
3 7 51
4 16 89
77 86 31
100 76 45
92 49 68
95 17 49
83 14 43
53 23 73
34 59 44
51 12 19
36 54 74
14 49 35
23 40 34
2 82 66
24 6 38
16 95 98
94 75 91
11 36 32
45 93 18
68 56 72
26 39 28
9 55 19
64 66 47
41 95 76
47 24 35
92 42 54
77 69 6
7 80 55
68 37 59
46 55 11
56 52 66
63 16 12
85 71 92
9 93 7
58 63 55
22 52 28
22 85 21
91 53 51
99 67 94
39 97 39
17 78 30
65 97 92
33 23 40
31 17 3
14 27 54
88 77 81
94 99 30
32 36 96
33 32 100
84 3 29
92 89 62
75 43 65
59 11 71
75 65 60
25 3 32
41 65 46
77 72 38
3 59 70
61 2 48
35 17 24
20 81 71
14 7 97
92 96 75
14 76 99
70 75 61
82 64 27
29 98 95
23 66 86
46 30 16
27 80 66
51 94 72
57 65 61
54 13 55
30 78 25
80 40 80
47 3 57
79 13 98
1 31 42
11 17 2
78 65 17
83 1 62
5 59 68
42 16 13
10 10 20
70 37 59
26 12 54
24 96 60
33 18 55
70 42 53
11 16 73
27 84 62
57 32 5
67 40 80
14 80 4
67 36 65
30 29 69
14 53 4
17 29 58
17 34 73
24 57 96
55 85 9
42 28 39
33 3 50
3 79 58
64 76 64
95 99 63
81 58 88
74 86 99
71 94 67
96 75 2
83 42 98
5 70 44
25 54 51
11 99 93
35 57 9
95 23 12
86 44 49
46 29 8
97 25 16
19 65 44
26 53 31
68 68 2
48 33 31
3 51 18
33 55 13
7 10 97
24 49 38
55 88 90
18 46 29
2 5 85
62 76 20
92 52 23
3 21 43
15 91 88
13 25 45
23 67 48
29 5 90
72 25 11
70 71 42
100 27 10
66 64 97
16 10 42
59 22 29
81 6 9
11 86 51
83 76 66
67 32 91
27 4 30
3 8 96
2 44 3
16 62 1
13 55 40
8 28 66
70 74 11
20 63 74
89 4 10
61 98 82
37 43 88
95 18 20
36 40 73
99 75 49
21 83 8
58 73 20
38 87 41
91 97 30
58 59 24
21 40 76
43 70 90
11 72 68
10 93 89
78 16 28
74 42 99
17 90 60
80 12 55
46 80 81
23 66 55
63 39 30
35 99 74
77 62 74
28 36 50
32 84 71
39 86 97
9 59 56
55 30 10
39 18 80
23 23 45
100 67 5
49 58 5
19 50 57
17 98 13
96 53 31
8 51 62
53 94 61
7 11 40
76 87 5
49 97 18
92 66 7
2 11 93
46 17 68
54 22 36
71 82 51
89 82 31
13 74 12
54 86 10
90 32 88
47 20 4
9 37 35
15 12 77
21 86 45
100 38 68
71 66 33
53 60 48
54 100 96
55 62 27
96 90 94
82 45 31
34 43 75
39 79 72
89 22 58
81 22 88
31 83 100
80 29 46
77 43 37
22 43 38
72 83 100
29 52 92
19 26 54
44 77 53
1 8 38
30 21 72
95 50 9
81 50 96
44 46 37
36 17 79
11 8 61
7 41 88
58 14 85
11 90 3
50 21 85
60 22 57
39 77 42
33 45 11
19 90 50
88 2 87
60 71 4
51 47 40
5 20 86
75 60 59
74 5 68
28 71 40
91 29 32
3 59 83
55 62 42
95 15 57
86 65 100
74 38 24
54 61 17
10 34 76
39 24 3
2 25 30
44 47 76
59 56 3
50 39 80
51 36 91
29 46 70
55 19 63
74 60 67
45 37 36
46 66 20
96 78 42
17 18 31
47 66 7
83 22 8
52 13 80
63 52 1
9 36 32
74 65 96
46 7 73
89 40 25
49 18 26
82 89 12
32 28 13
40 46 67
90 57 15
3 85 57
12 61 22
66 1 26
96 6 5
41 3 48
40 62 54
37 74 95
73 89 95
12 19 1
14 63 55
47 85 70
90 19 82
23 20 89
2 28 62
68 37 3
97 68 96
92 64 4
93 28 95
48 62 13
97 50 8
83 13 52
53 52 55
51 77 28
92 98 78
53 100 90
33 96 15
54 61 67
62 96 65
44 59 87
3 95 4
35 6 37
74 21 9
42 83 41
32 72 44
25 5 87
87 77 55
12 1 31
19 99 16
34 66 82
99 93 92
74 49 36
52 12 66
32 56 29
38 11 27
39 85 79
72 64 39
11 15 79
60 8 37
33 46 94
95 84 89
5 19 78
8 56 57
63 73 52
83 1 20
89 59 32
25 94 38
17 76 82
10 17 24
42 98 52
74 47 81
89 58 60
45 2 15
60 91 43
80 38 36
63 84 42
29 27 80
66 46 14
42 37 88
46 2 59
16 30 76
81 49 2
94 73 77
42 61 49
63 15 56
32 22 61
41 10 97
43 37 70
51 21 75
32 52 80
7 10 66
11 84 71
62 31 18
46 15 58
63 69 41
44 92 47
32 86 40
38 60 50
95 92 45
27 87 90
90 80 40
81 69 90
97 89 52
57 4 62
81 83 85
2 35 38
54 69 9
78 88 90
68 79 14
60 95 63
6 70 32
41 60 49
39 57 100
34 33 74
76 41 3
16 88 24
53 9 43
23 71 77
26 63 45
10 50 2
90 59 100
5 80 89
39 48 2
40 53 92
1 29 87
28 33 26
68 1 10
41 26 11
44 9 5
58 61 57
35 47 12
36 56 15
55 67 29
75 27 26
94 25 55
63 76 25
13 77 23
76 25 52
23 39 95
31 66 80
95 32 38
98 96 85
34 69 38
99 99 45
63 30 76
99 67 65
79 23 20
32 17 21
91 68 22
35 54 95
50 53 28
54 5 46
49 97 77
30 24 48
89 54 47
80 72 41
69 93 84
33 95 54
16 8 96
6 99 97
16 7 40
91 48 56
68 36 2
80 63 4
43 62 4
70 78 82
53 43 38
44 91 65
9 22 49
26 40 98
77 16 7
3 45 28
41 60 37
35 48 43
6 99 42
75 73 30
90 51 99
78 35 2
55 32 65
71 52 80
68 60 58
21 10 18
67 23 27
88 76 92
47 82 97
36 93 40
89 18 78
48 29 69
81 25 12
58 37 32
50 55 42
89 53 99
23 75 88
78 34 20
21 86 98
89 15 43
43 36 85
45 51 25
97 81 42
15 59 49
23 92 12
86 71 23
27 12 13
81 96 37
98 67 2
14 98 99
100 91 68
89 96 6
97 75 3
87 79 14
31 78 74
97 5 50
87 90 87
1 16 31
94 16 97
92 95 25
66 56 88
91 10 80
83 98 92
70 39 30
13 78 55
78 92 62
6 4 52
10 48 70
8 4 71
83 30 86
98 97 73
57 33 74
36 83 24
2 83 38
69 9 56
89 89 4
5 65 83
69 41 43
82 84 71
51 69 35
79 66 26
23 89 19
94 76 11
43 51 40
75 57 69
27 11 4
23 100 87
52 73 97
84 41 68
37 45 78
19 96 36
34 26 40
58 29 44
85 46 88
10 28 84
70 50 57
29 12 40
66 98 97
66 56 65
82 34 7
53 4 40
24 47 84
14 63 86
69 57 6
30 51 77
82 72 6
48 12 97
28 42 20
13 2 3
31 95 20
58 40 77
84 81 25
80 73 95
13 25 51
85 75 94
19 28 62
14 50 14
31 16 30
69 93 30
49 6 46
46 58 2
29 19 62
40 4 27
34 89 27
73 79 46
46 56 2
43 65 67
15 97 52
12 38 91
59 70 67
12 92 74
1 52 13
3 31 34
14 59 6
20 11 95
17 4 82
8 86 55
96 32 59
82 15 46
81 39 30
92 53 97
14 8 79
83 50 90
7 21 69
55 23 40
100 53 71
59 59 36
99 52 74
80 63 33
44 36 41
79 95 20
64 11 18
71 17 36
80 10 52
81 76 97
54 71 25
1 66 42
77 33 47
14 47 74
74 21 60
52 47 13
86 54 10
18 11 27
96 37 38
66 26 71
97 2 91
37 92 10
50 48 29
9 49 58
13 64 1
64 5 41
2 11 7
62 21 79
99 84 95
56 67 5
27 77 51
81 52 82
95 54 33
14 3 2
3 2 36
56 46 22
35 76 74
59 81 55
68 90 58
17 47 62
98 17 68
84 26 78
17 32 68
48 95 53
1 10 26
44 73 11
16 20 76
62 87 41
2 8 57
18 6 36
64 46 36
69 93 89
67 24 83
94 25 86
9 96 48
27 7 42
96 100 79
36 28 20
54 54 26
67 92 10
70 17 68
79 69 6
33 82 93
1 34 11
48 15 75
50 5 57
64 90 37
25 30 78
49 13 4
26 47 52
67 53 25
100 97 39
50 2 24
3 84 4
56 91 44
35 48 21
64 94 48
31 77 23
97 74 11
46 78 73
20 60 35
9 40 80
93 47 40
64 1 53
80 72 37
12 78 11
99 99 55
17 21 5
32 20 77
84 52 84
66 99 98
8 30 74
70 47 89
59 74 34
72 5 24
23 71 97
43 64 97
49 69 72
82 67 36
12 34 25
26 95 25
69 23 51
81 2 21
41 72 83
55 13 18
35 84 23
55 65 2
40 31 23
16 75 2
66 48 56
23 70 79
80 48 91
28 33 78
95 75 59
70 55 99
73 63 52
4 55 40
98 24 50
15 1 77
54 27 66
86 39 52
98 22 50
75 31 64
73 6 36
50 70 44
60 77 74
64 43 79
72 60 75
15 65 38
95 33 95
66 18 89
81 3 44
90 5 67
81 54 42
94 57 35
77 85 3
94 58 67
91 100 75
66 73 30
17 41 69
77 80 47
5 75 85
26 74 18
13 24 65
8 48 83
30 82 25
52 83 67
100 30 93
74 98 53
54 52 84
32 44 8
5 11 53
70 38 67
100 83 70
24 45 34
59 84 95
59 32 38
30 1 28
35 9 38
65 72 65
15 57 24
84 39 76
27 78 11
9 44 68
12 54 93
71 79 32
95 90 46
23 60 21
17 80 86
51 13 97
63 60 96
89 47 11
5 50 6
74 42 98
26 10 31
78 92 81
5 92 53
54 44 48
34 99 93
79 41 68
97 44 50
62 51 26
4 76 93
26 77 63
41 28 16
82 36 65
28 15 2
11 35 48
45 4 99
61 100 15
93 59 41
84 95 13
43 4 26
23 24 37
78 42 78
16 95 28
76 66 77
62 33 95
19 68 56
4 3 72
25 97 31
89 90 72
54 90 65
49 70 5
99 40 51
82 64 40
4 14 37
92 42 92
29 83 94
41 38 17
15 15 59
33 5 100
46 31 62
87 22 49
19 25 27
61 67 2
22 51 7
91 88 79
16 22 43
7 100 6
83 97 23
24 20 66
38 17 70
73 79 9
4 41 48
66 48 85
10 91 8
30 8 2
71 40 7
81 59 65
13 93 71
81 18 52
60 71 76
46 30 11
61 8 96
78 20 98
61 83 17
26 80 86
39 61 36
44 65 5
46 15 41
66 62 33
71 46 36
92 54 45
25 38 59
66 39 64
71 97 99
89 72 56
19 20 26
69 47 39
99 44 60
90 34 81
38 18 11
67 26 89
42 65 91
22 72 36
87 93 11
56 62 55
44 47 31
89 44 48
33 3 21
82 39 80
9 33 76
58 33 16
57 97 25
42 89 71
64 17 61
14 96 100
73 97 93
53 70 58
72 6 5
38 52 95
2 53 78
86 23 30
62 33 80
95 54 89
24 55 80
61 19 86
39 45 47
16 37 91
37 41 88
42 34 25
20 62 86
61 97 98
28 86 80
43 20 12
6 97 78
70 71 42
62 28 26
98 23 80
65 69 37
53 97 82
56 55 78
78 30 45
70 73 4
36 79 87
99 21 68
94 9 49
31 2 8
33 82 80
20 93 54
36 27 84
22 13 18
55 44 32
5 72 60
57 97 81
82 69 49
54 23 81
20 55 42
89 12 81
43 75 15
47 28 25
15 9 91
87 50 60
75 15 17
39 99 42
68 5 14
33 57 38
11 63 86
26 76 92
18 75 44
91 69 14
31 86 74
40 86 34
77 6 69
83 2 91
88 97 86
49 10 89
99 26 45
23 21 85
78 44 2
75 78 84
48 65 96
92 44 36
18 69 85
6 55 26
91 62 77
8 79 83
31 29 72
30 39 51
23 7 98
69 90 6
74 96 14
38 45 42
76 84 10
41 90 32
72 81 82
22 23 27
76 4 74
41 79 68
1 59 24
88 23 51
22 84 26
47 37 48
11 92 78
75 96 75
48 48 22
11 34 25
88 48 85
44 26 20
40 72 2
5 42 13
38 35 9
83 90 58
80 47 78
7 82 16
22 41 8
60 79 2
68 91 36
34 27 31
62 14 36
62 25 13
21 99 80
17 16 64
96 96 67
95 78 55
14 96 9
55 2 85
70 81 28
39 43 85
70 87 44
64 67 17
34 53 63
46 62 12
98 43 15
21 77 80
96 96 90
38 22 15
15 68 32
75 43 3
51 10 12
75 2 8
7 17 90
35 42 76
79 14 9
29 38 61
68 58 32
60 4 27
99 28 98
83 38 43
65 23 52
98 94 67
10 70 36
27 51 93
86 97 84
76 71 11
84 94 90
81 97 27
28 74 54
66 59 90
13 81 97
13 65 87
92 15 69
1 20 27
11 78 74
45 51 74
90 52 97
5 7 23
71 41 59
24 61 58
72 37 58
61 24 44
31 95 54
65 85 87
78 93 23
9 28 84
81 40 76
75 2 96
43 5 37
33 15 32
7 33 86
93 88 2
75 72 59
8 10 98
30 63 99
65 35 5
54 53 28
6 25 20
36 4 98
90 93 73
24 87 61
76 44 57
58 59 24
81 81 98
51 50 58
43 56 6
36 62 33
94 45 89
91 33 98
78 47 64
79 9 8
5 92 77
77 80 39
4 60 38
27 87 21
96 48 56
28 31 42
86 21 41
95 4 80
54 25 54
21 91 43
24 31 33
60 11 40
31 55 51
91 2 100
60 39 20
35 44 21
69 11 39
49 44 14
29 73 74
7 37 67
34 79 58
9 8 79
3 82 47
62 75 29
97 1 55
16 29 50
77 18 78
20 97 55
6 90 46
16 49 38
13 50 3
73 43 46
56 52 20
18 6 58
23 25 92
88 43 85
85 31 11
12 47 73
71 100 96
81 93 13
62 37 49
69 48 2
62 45 77
45 85 70
2 3 79
100 92 95
80 43 32
87 25 84
36 7 16
67 17 91
41 73 18
82 34 31
41 9 96
65 26 55
29 80 18
54 43 44
81 62 54
64 20 45
78 32 100
64 86 7
34 99 23
72 57 58
84 38 14
9 74 73
36 66 10
53 67 2
93 57 44
80 39 89
10 69 91
64 91 96
98 65 38
35 3 50
26 76 73
92 81 28
34 93 64
5 45 63
29 60 41
54 87 17
4 67 3
9 56 41
86 14 35
47 57 8
99 8 96
32 27 80
33 6 5
21 13 52
80 37 24
4 11 99
41 40 47
28 8 88
74 73 66
70 39 89
34 33 12
23 68 37
14 39 19
32 35 6
55 86 51
74 26 13
88 95 39
73 47 66
74 91 22
9 10 99
17 6 29
52 33 31
90 40 52
96 9 100
85 65 56
41 98 34
33 65 43
61 15 41
82 45 23
92 80 89
80 44 100
93 46 67
92 61 65
69 32 59
99 85 37
79 12 77
21 63 16
31 64 19
92 57 3
32 27 34
46 24 83
80 74 71
49 73 89
22 77 45
80 1 55
28 83 91
69 92 98
96 22 88
73 87 91
96 88 50
71 59 72
1 52 19
68 2 88
25 91 56
2 63 86
79 45 26
80 63 86
75 53 28
66 18 77
46 19 31
36 98 1
11 84 92
58 58 70
52 41 17
92 91 65
41 35 58
5 19 45
74 43 9
74 45 34
15 22 38
78 52 78
86 83 67
47 26 18
26 77 84
40 44 70
65 35 68
49 12 4
84 84 74
39 81 86
50 54 99
15 6 14
48 34 53
38 57 83
14 15 79
83 33 19
93 76 40
15 32 5
28 27 42
8 100 15
72 16 74
84 57 68
19 39 95
9 3 94
2 73 20
98 52 84
31 93 62
13 68 43
16 1 25
56 34 74
3 6 41
37 58 94
39 75 9
93 100 85
62 89 39
90 96 22
37 99 52
66 86 53
8 85 24
31 97 40
4 89 19
55 34 86
18 83 79
38 41 87
9 68 14
31 80 20
22 25 64
32 43 48
31 46 15
40 93 74
80 11 82
19 22 61
3 75 15
57 47 51
11 29 32
72 89 74
58 35 44
85 39 74
78 10 31
76 31 76
22 94 14
90 68 61
51 42 10
59 6 14
86 69 79
43 72 100
100 60 75
98 98 66
37 78 84
31 6 2
47 43 83
71 91 17
65 34 10
57 43 72
50 20 98
64 59 57
81 34 23
13 56 59
71 96 38
21 8 46
44 7 11
18 42 95
93 19 92
62 17 65
20 35 65
78 46 8
46 85 17
94 79 5
76 76 80
16 79 96
65 72 29
32 5 87
2 48 35
60 18 28
89 24 6
83 92 74
87 83 35
20 74 45
24 24 38
91 96 17
4 74 92
61 32 61
42 19 84
27 47 33
33 46 48
26 35 90
42 57 87
17 41 83
45 16 71
91 30 47
50 65 15
49 66 30
50 4 93
30 5 94
13 97 40
33 55 73
64 58 83
21 25 80
23 11 89
85 14 35
76 80 78
53 67 6
77 39 93
23 86 19
22 29 69
91 38 3
27 92 54
50 95 16
58 23 54
7 5 14
10 7 31
78 20 16
52 55 89
90 81 39
29 21 50
42 31 18
76 18 1
42 39 16
2 10 97
81 42 78
60 52 62
66 90 2
59 58 61
63 96 88
14 28 19
66 55 76
67 44 87
84 99 63
94 28 84
61 87 35
48 74 7
40 96 70
79 37 35
28 72 36
87 53 63
73 90 38
81 10 27
91 82 84
99 65 21
32 40 95
4 86 1
30 45 98
48 22 79
51 93 55
46 97 99
68 44 75
30 27 7
42 10 73
67 34 23
49 67 37
44 72 38
65 44 46
46 56 49
44 24 68
49 62 30
71 82 98
42 88 56
52 14 87
73 99 74
99 64 52
43 58 61
44 44 67
16 86 98
56 3 94
82 49 9
69 12 76
79 91 15
47 43 41
67 18 66
40 2 9
82 89 42
57 45 40
97 15 69
54 48 29
25 36 91
71 61 32
13 13 16
25 8 68
61 45 76
87 43 75
16 100 9
79 53 66
60 69 58
90 19 77
62 88 44
65 72 83
48 77 20
37 14 41
3 59 35
27 54 64
57 15 8
69 92 71
90 68 37
77 32 15
10 57 68
33 9 59
55 66 53
92 72 94
3 38 58
40 60 67
72 24 14
70 18 86
92 43 37
89 99 74
98 27 28
29 34 1
4 55 78
28 38 57
44 65 44
63 69 67
7 54 95
28 22 100
56 20 99
83 48 29
97 39 64
6 56 36
27 57 2
83 80 92
21 67 36
62 61 91
100 67 24
91 47 18
63 82 89
68 60 68
97 71 78
13 60 35
43 63 27
88 36 17
50 10 66
19 17 90
94 61 90
25 2 88
22 33 78
38 45 78
85 6 24
76 83 21
32 14 49
53 34 52
13 86 11
75 19 78
40 37 60
92 46 43
56 27 11
64 6 44
95 67 88
24 45 78
97 52 73
86 69 79
27 82 12
70 74 62
79 3 43
65 67 91
96 68 43
25 13 51
53 54 18
71 80 33
29 35 43
72 11 66
32 11 47
14 97 26
48 92 99
64 78 52
78 25 10
43 53 99
82 19 62
47 3 58
89 78 47
41 95 55
91 85 17
73 72 96
4 81 1
54 59 21
83 91 6
39 63 27
29 36 83
81 95 53
82 66 55
9 18 25
45 83 41
97 92 64
93 86 31
45 67 72
37 33 18
44 24 67
92 55 30
5 7 82
83 90 44
39 67 43
63 72 75
99 78 4
18 37 61
97 19 81
98 68 5
90 21 58
1 7 33
19 7 86
58 1 40
63 28 53
23 70 8
91 74 27
33 56 100
73 39 86
75 32 17
10 94 43
2 1 27
44 61 75
26 12 64
73 9 67
55 59 72
16 76 4
68 10 13
18 65 14
39 56 90
25 76 63
31 98 18
32 40 30
98 44 41
20 26 92
72 20 84
32 90 69
68 25 92
49 47 98
10 63 26
92 19 92
100 46 90
47 11 95
29 75 36
59 91 70
20 78 86
82 41 69
98 83 21
93 64 28
52 3 50
15 45 62
7 22 88
100 29 15
7 76 12
76 46 6
27 39 64
82 95 71
89 98 55
42 77 99
42 9 36
26 60 69
3 27 95
74 1 74
95 3 2
15 85 96
69 87 69
88 31 34
99 24 43
78 89 47
65 64 18
34 89 45
34 100 85
47 91 49
44 7 73
9 11 97
66 46 68
78 41 24
84 89 52
3 86 89
37 61 6
72 57 41
28 16 52
74 49 88
60 98 78
35 88 36
67 23 30
38 52 71
11 8 56
50 54 99
47 62 23
1 96 32
77 99 51
63 11 89
8 79 48
55 22 17
20 36 9
80 32 44
53 30 34
72 55 27
39 16 71
94 8 88
55 89 30
94 48 65
99 53 7
98 2 50
7 33 12
95 100 61
9 21 79
28 75 32
33 17 35
4 30 4
51 67 49
30 36 44
12 28 71
30 60 35
93 1 12
86 77 1
12 16 84
60 40 66
9 69 61
36 1 64
3 99 25
74 80 45
66 99 82
90 98 18
61 64 4
81 93 78
25 50 24
6 2 35
93 76 4
47 46 36
1 100 87
19 87 38
68 65 37
52 71 33
54 48 15
94 7 51
46 16 66
47 15 88
59 28 23
86 82 84
98 11 18
14 24 2
64 89 97
45 80 23
52 10 71
43 76 27
47 35 61
47 48 94
51 11 40
76 53 73
69 59 14
84 80 92
92 26 28
91 99 64
96 38 6
26 71 30
15 85 17
14 14 100
34 50 75
22 49 32
13 93 53
83 49 46
26 83 65
70 61 6
55 38 35
49 7 76
11 26 7
8 43 50
5 2 69
13 79 69
41 26 71
8 18 7
1 83 60
73 92 95
71 96 24
20 83 17
31 42 55
97 61 69
100 97 39
54 14 32
60 100 24
25 40 71
11 25 27
11 91 22
79 68 9
1 25 26
37 30 81
44 57 14
31 13 26
62 80 82
30 15 5
81 98 34
54 80 51
56 96 41
51 30 45
46 54 78
87 41 69
73 20 66
96 78 33
94 28 11
38 3 87
31 22 50
93 11 98
84 35 96
65 94 68
64 92 42
52 64 4
40 96 67
80 33 52
11 37 46
53 92 10
45 72 56
19 6 22
4 93 86
5 1 26
8 63 25
65 52 74
38 89 28
93 50 96
29 10 42
56 3 49
70 59 72
33 25 63
100 50 46
35 82 10
65 70 56
100 94 68
90 64 26
73 25 34
80 26 23
25 45 12
27 79 68
51 22 35
3 83 2
11 49 96
2 1 71
35 75 68
98 11 93
21 24 44
71 64 62
64 45 51
69 13 10
60 25 45
61 40 19
48 89 51
22 30 25
76 83 49
33 37 2
66 63 51
81 65 57
52 6 87
84 65 22
87 68 15
56 80 76
72 36 15
37 80 92
58 21 41
98 84 71
2 56 29
46 29 3
5 66 27
64 26 53
95 10 71
97 39 93
49 71 63
49 66 12
88 100 15
54 57 24
29 82 7
68 19 62
92 65 79
87 28 66
61 17 79
88 81 39
99 51 64
48 94 3
99 76 47
76 93 30
95 29 75
49 28 31
88 11 86
41 24 6
76 87 37
80 50 17
93 24 15
15 65 61
68 34 64
41 87 96
5 64 81
65 16 7
16 8 29
29 69 29
88 66 10
37 15 38
3 63 54
68 52 27
92 67 79
41 57 29
38 56 29
30 93 53
13 14 35
46 23 82
66 12 7
6 53 66
40 64 34
45 20 28
6 4 1
10 99 28
87 10 25
20 67 59
72 84 89
6 86 78
75 8 2
4 38 37
24 9 70
88 62 27
91 63 1
15 90 44
36 41 58
87 37 88
8 55 73
57 42 55
42 24 15
94 14 6
12 73 89
63 63 30
60 2 70
11 100 41
14 94 60
55 12 76
23 20 31
88 68 46
85 80 89
83 96 48
50 30 1
43 86 26
29 59 96
2 26 74
59 19 74
40 7 40
85 38 83
21 97 98
100 35 44
66 92 11
22 13 23
34 77 64
8 89 10
65 5 58
75 49 90
39 14 46
22 32 88
59 87 24
82 1 80
35 52 93
2 29 5
3 14 58
70 35 49
58 4 97
86 69 72
26 3 22
80 68 14
37 46 88
41 15 21
50 28 73
42 72 29
46 22 69
41 92 31
50 14 91
38 32 3
93 53 52
47 41 91
12 41 69
60 23 86
56 82 11
9 62 86
70 64 11
74 12 63
4 79 100
16 100 36
89 65 37
91 10 45
24 53 98
54 85 50
100 57 60
91 25 80
73 42 23
55 45 1
24 54 63
13 41 36
95 17 15
93 69 90
19 18 52
94 60 49
62 64 55
29 81 64
16 49 46
83 15 72
85 72 9
6 100 9
82 8 24
92 77 45
80 1 30
44 4 99
4 84 27
57 94 72
61 66 7
29 84 93
58 5 60
17 32 100
89 14 15
75 96 57
91 34 66
2 69 9
86 20 95
68 36 61
67 82 45
17 67 100
20 59 85
10 58 24
34 34 97
80 67 83
28 49 14
55 83 6
70 52 1
49 54 92
22 93 86
25 89 1
36 47 66
58 43 75
69 94 87
87 62 97
17 81 78
36 21 75
75 68 59
55 91 21
85 50 58
8 51 1
74 16 84
19 90 50
72 94 56
54 24 67
63 76 39
44 72 60
12 43 32
56 28 71
37 47 97
7 43 56
61 6 68
39 52 84
28 30 18
92 71 78
72 67 21
54 14 96
5 72 32
23 51 13
89 1 11
85 64 63
22 66 55
52 38 44
21 20 54
95 38 22
60 52 11
99 23 47
26 29 88
76 26 53
39 75 69
36 84 98
61 73 89
5 68 60
60 5 60
56 59 91
88 63 25
97 78 18
47 47 95
17 100 87
6 12 27
63 4 45
82 89 23
64 29 96
41 7 84
2 87 46
71 86 16
59 11 47
66 87 46
10 17 5
66 64 97
88 53 42
70 93 25
74 15 68
34 19 45
98 35 43
50 34 33
54 72 24
50 70 6
50 94 91
36 78 25
11 51 66
29 6 2
16 25 98
91 84 27
78 25 73
30 40 33
16 84 86
15 9 100
43 64 25
46 29 94
33 77 1
32 63 7
95 87 48
91 48 50
70 100 57
28 65 8
26 50 9
82 31 82
61 59 90
23 47 64
55 88 24
2 70 56
63 59 96
83 62 20
51 56 8
59 79 59
99 74 66
83 36 15
49 58 6
51 89 95
32 75 50
78 34 95
9 2 5
99 30 97
96 44 48
89 11 73
19 27 28
14 78 86
47 16 63
28 87 46
65 35 67
11 13 42
4 60 70
62 100 43
96 87 2
18 57 46
39 58 96
50 16 77
52 22 60
80 61 29
94 79 36
18 24 59
69 100 79
62 47 18
85 93 81
89 93 11
81 83 46
34 25 47
21 94 41
26 26 4
83 2 46
47 32 100
53 79 8
45 28 89
25 64 74
100 4 86
57 22 75
60 63 25
56 64 93
62 37 24
54 60 50
48 18 45
24 93 39
29 28 12
76 35 70
63 16 18
70 63 95
77 9 96
47 82 99
54 10 27
84 4 52
57 57 37
33 28 1
48 94 69
43 63 23
34 12 51
36 48 72
27 4 27
19 59 29
99 77 39
1 21 91
62 94 61
62 79 68
7 15 32
38 29 61
79 64 86
43 50 100
54 47 92
46 79 83
36 22 67
81 68 91
42 94 36
84 53 73
42 92 47
12 84 81
61 80 73
17 68 100
29 20 74
64 36 79
86 85 35
50 32 48
16 1 26
65 42 93
18 95 20
95 27 53
95 61 50
78 23 55
54 89 77
2 12 71
91 43 22
38 33 20
64 96 32
17 61 29
30 68 9
66 49 83
1 7 20
91 13 62
95 65 36
59 83 87
43 5 59
70 75 32
62 31 98
61 28 93
92 22 60
66 52 12
64 80 12
69 27 40
2 92 99
61 79 96
38 45 80
44 77 20
49 23 18
15 97 76
39 41 68
60 77 30
65 67 50
23 83 46
11 84 77
75 43 75
43 31 19
5 28 40
48 74 77
65 46 60
70 95 62
9 39 99
87 100 70
59 93 10
1 16 74
35 71 23
31 88 79
79 6 69
56 72 68
32 79 57
56 18 86
51 63 7
77 28 92
25 100 59
45 88 21
19 25 89
76 63 99
76 15 44
71 4 76
14 21 44
8 46 48
53 76 42
39 82 39
85 61 94
4 81 40
27 6 3
76 27 25
12 84 20
29 40 81
51 15 41
44 31 25
98 88 61
10 11 18
70 64 7
7 48 75
42 19 78
56 3 15
100 66 18
57 38 37
6 42 66
50 28 47
72 76 98
35 71 98
29 24 50
10 86 18
24 96 29
23 100 9
16 29 65
76 36 24
69 73 76
46 79 87
97 53 92
13 97 81
1 47 81
43 95 13
33 23 80
46 87 14
73 22 46
45 97 62
67 64 81
100 42 23
54 99 92
98 86 31
18 51 4
28 48 44
86 31 84
90 26 98
9 80 31
59 14 21
43 65 29
5 32 14
62 20 80
83 60 29
38 21 94
100 16 53
45 43 88
39 97 71
60 29 75
78 81 45
59 85 83
16 23 78
40 5 90
60 69 72
70 33 25
37 79 90
74 89 74
56 34 26
100 64 18
95 66 47
44 85 37
10 38 49
73 4 33
96 45 26
68 25 89
82 54 51
94 81 1
70 51 62
20 32 37
67 72 91
96 36 88
41 78 20
37 80 7
67 99 81
11 50 60
72 64 19
44 82 23
59 50 90
10 12 73
28 30 63
73 21 59
99 27 51
15 42 80
97 37 72
74 11 1
28 60 6
50 48 85
28 66 40
35 92 52
61 86 7
63 50 94
86 99 25
67 100 37
2 14 32
29 15 60
20 41 83
16 85 3
83 20 98
9 77 86
14 6 24
68 25 77
19 8 24
95 63 16
97 38 41
36 63 81
86 45 16
92 18 16
90 16 23
37 10 84
98 48 100
15 33 77
50 97 63
21 56 68
48 5 37
32 65 32
86 56 5
93 89 13
31 50 22
28 86 30
66 25 63
82 21 67
92 83 68
68 20 93
25 16 52
2 17 72
83 36 60
70 52 86
61 38 36
22 89 7
97 9 79
11 28 7
53 12 4
85 81 71
12 45 74
42 50 5
91 71 53
13 57 65
11 93 84
39 1 54
72 53 98
88 92 51
37 7 4
88 12 45
6 23 4
86 12 7
75 8 24
8 96 6
54 71 82
21 79 2
38 7 82
66 4 53
15 59 50
57 38 44
56 22 24
89 63 45
40 68 21
12 74 39
10 75 3
49 18 80
37 57 8
52 74 13
60 46 96
62 100 17
47 29 87
13 90 3
66 53 66
70 7 86
11 6 87
24 12 64
39 24 14
48 76 26
78 66 99
38 31 98
54 2 8
53 68 90
62 21 22
51 48 24
5 18 95
31 10 30
37 74 40
67 91 83
84 85 96
58 61 21
6 77 25
11 5 72
71 9 49
72 73 80
92 26 34
96 56 6
32 99 89
66 49 72
83 57 3
76 81 98
94 47 63
63 90 29
96 72 46
93 43 75
67 92 20
95 97 53
98 24 96
60 10 82
75 27 86
7 42 27
84 98 11
74 12 40
47 24 67
2 21 35
48 84 26
100 66 97
99 25 63
85 70 44
1 76 78
97 81 45
85 59 37
32 50 56
16 54 86
25 20 73
72 13 64
43 3 58
66 98 27
32 16 73
58 76 45
34 16 23
55 4 18
46 49 67
52 42 34
62 97 42
16 9 65
52 1 63
97 77 19
30 96 58
64 15 22
19 53 76
67 87 85
59 4 16
69 57 24
56 64 51
81 46 65
10 3 96
12 72 68
17 65 15
27 1 39
59 31 53
65 19 76
12 34 52
28 100 88
16 90 41
39 28 76
33 94 85
53 5 59
90 33 80
70 70 38
11 43 59
41 51 4
53 78 76
84 26 73
6 32 50
37 29 38
39 76 1
72 87 41
97 2 5
13 69 15
40 9 96
98 88 65
35 60 37
26 43 69
21 10 54
16 73 7
12 17 46
78 84 93
61 32 60
52 24 29
73 86 63
40 14 65
57 88 46
86 33 77
22 18 19
91 55 45
93 28 11
38 79 72
83 89 27
82 22 96
100 91 22
74 97 11
43 4 1
43 80 23
28 84 13
73 54 53
72 81 76
87 73 52
96 80 1
27 16 4
63 79 14
36 14 60
51 95 42
56 74 13
45 27 73
20 24 83
3 25 93
92 92 40
35 55 81
92 80 82
11 43 72
94 94 58
36 18 63
57 46 3
16 23 34
74 42 30
80 83 49
30 99 33
46 82 63
39 23 52
55 5 59
72 36 65
25 92 16
50 73 39
1 65 83
26 13 73
20 96 91
59 48 50
87 74 28
16 57 21
96 47 4
82 72 36
40 15 56
17 94 87
82 51 54
50 59 68
16 19 93
32 76 54
9 38 57
74 71 76
79 83 60
7 6 8
32 68 38
95 27 23
64 28 25
51 55 62
23 62 33
27 8 79
30 21 5
67 30 51
84 88 3
88 61 14
40 66 63
35 14 100
28 47 62
51 36 24
72 79 5
85 11 34
70 78 33
4 47 54
69 98 55
15 43 59
79 56 46
80 77 73
85 41 49
78 20 40
14 95 33
30 35 44
78 77 53
47 65 72
20 74 95
3 65 32
79 1 40
74 99 52
27 95 40
89 96 49
33 33 52
68 30 76
48 76 4
73 7 54
72 25 84
68 32 65
88 91 37
92 69 59
40 65 79
78 27 11
17 19 13
27 63 66
91 49 36
29 87 79
28 80 25
68 100 9
91 94 100
56 16 54
23 24 49
26 78 81
22 52 89
45 12 26
78 44 65
95 80 45
51 10 78
94 65 21
52 25 95
39 78 4
62 27 63
41 49 22
84 84 7
40 28 18
69 80 23
89 45 53
42 62 34
96 70 56
17 35 56
26 51 10
28 34 71
64 27 23
73 80 12
91 48 50
96 24 41
60 47 93
43 25 40
33 27 80
69 52 99
19 90 2
77 12 27
60 28 52
58 22 60
4 56 61
53 27 74
46 73 11
6 3 85
6 40 13
91 59 68
100 67 85
44 60 29
22 32 35
56 57 68
4 57 65
56 46 75
36 37 83
41 36 44
99 15 94
39 28 47
77 77 73
55 73 66
99 22 83
27 65 38
89 96 24
33 80 55
72 26 86
29 15 67
30 72 14
98 17 61
70 26 39
65 74 7
13 63 52
77 17 38
48 39 1
88 59 85
53 77 63
88 55 97
33 4 64
99 14 50
99 10 7
49 18 10
26 97 77
43 76 64
31 61 38
49 70 15
82 6 90
31 23 77
86 61 32
70 90 57
83 28 86
11 94 21
47 84 20
44 72 38
16 66 53
88 85 36
86 55 42
79 98 52
6 43 56
92 53 73
28 64 52
10 94 24
3 98 97
6 13 76
41 97 53
63 61 91
43 100 46
72 13 12
86 29 50
2 24 68
38 6 2
18 19 54
34 18 4
38 5 38
9 79 70
11 13 23
60 51 13
60 89 54
54 8 38
78 87 29
25 5 48
100 71 64
45 92 40
94 99 11
80 31 42
46 63 54
36 70 17
48 16 34
86 12 95
81 61 17
19 33 13
86 79 3
79 26 77
31 79 46
77 94 22
94 55 89
5 44 50
5 51 63
43 3 61
78 72 6
47 64 42
39 47 77
31 21 50
98 86 51
89 41 61
78 3 72
76 29 58
100 11 34
52 56 17
92 16 98
80 99 66
54 67 96
46 81 12
35 86 20
58 1 30
88 56 14
12 70 60
87 4 66
41 14 61
51 4 81
39 41 37
30 43 6
71 37 3
32 19 51
18 2 8
19 74 73
31 43 8
59 65 91
56 54 81
60 100 32
78 86 18
7 74 27
21 39 18
83 36 61
71 42 18
35 65 70
48 58 68
16 37 94
2 20 77
88 65 83
96 57 21
16 17 5
16 73 53
29 94 69
77 42 82
74 62 95
97 62 99
30 82 77
68 54 16
54 51 71
11 1 63
12 41 100
75 42 76
10 24 68
51 24 59
43 4 82
36 80 52
36 95 45
31 72 75
74 45 23
53 58 22
90 11 99
65 17 21
90 61 50
96 75 49
90 94 5
57 80 11
88 94 69
83 78 84
25 31 71
43 34 71
95 49 37
16 7 84
19 93 23
18 60 100
11 84 16
37 12 53
100 15 50
100 65 61
80 15 87
52 9 15
83 89 76
95 22 5
67 30 39
65 4 52
61 40 99
62 36 15
3 18 74
41 28 62
84 37 57
45 3 70
52 78 47
89 23 16
16 34 18
46 48 67
52 42 39
41 35 58
54 41 94
79 69 15
35 97 89
79 19 13
62 38 24
50 71 20
12 97 31
46 4 42
95 15 46
62 98 33
65 62 33
72 34 86
87 74 66
25 71 11
43 8 43
48 68 14
76 58 6
56 96 57
85 8 96
51 31 16
75 56 83
91 33 1
27 80 18
25 16 23
59 34 39
71 36 17
14 40 71
75 72 46
52 96 72
97 13 73
70 31 95
48 13 34
59 28 53
6 79 65
87 30 93
38 26 39
59 81 93
27 7 25
5 50 36
88 71 86
56 48 100
99 16 19
98 72 32
12 63 66
9 26 99
84 13 42
88 44 68
2 81 55
51 27 45
41 25 10
15 9 88
43 60 79
99 21 87
26 38 24
49 77 27
91 78 86
87 31 13
71 80 74
99 59 14
26 61 83
75 87 3
75 28 40
26 42 26
49 90 24
62 26 13
74 16 28
24 52 80
5 68 91
19 65 75
30 66 25
23 48 57
60 68 15
62 48 65
26 48 41
80 83 69
54 83 9
51 95 76
69 49 24
78 45 82
65 77 63
74 100 83
1 15 58
23 26 1
1 91 83
52 79 88
48 29 21
60 24 15
25 31 99
87 100 37
44 26 45
85 73 93
91 82 93
41 81 62
76 74 82
8 70 3
69 29 15
64 28 74
32 84 25
91 4 74
85 31 13
18 21 48
88 96 83
40 96 35
78 85 43
26 97 11
94 61 83
40 36 79
100 54 23
17 33 73
92 52 98
18 50 83
82 67 68
51 78 40
2 12 20
15 68 67
72 61 44
85 2 17
81 38 67
39 97 99
14 84 77
53 91 9
62 75 70
95 26 42
57 89 10
19 49 36
13 88 17
59 14 94
8 44 100
35 26 34
8 100 22
9 93 82
75 60 24
63 30 78
61 1 77
54 43 87
15 72 29
46 55 20
43 99 31
93 40 16
57 92 51
28 63 33
97 78 54
90 79 70
28 12 98
89 15 68
22 13 55
5 54 86
4 65 90
77 51 45
25 30 23
62 45 71
31 68 44
23 24 72
31 22 2
51 57 38
54 76 12
83 86 31
79 40 62
98 2 49
91 86 93
62 61 49
75 26 13
64 90 32
52 47 63
30 27 89
100 98 78
48 25 80
86 20 42
11 33 4
44 48 29
18 6 83
36 77 81
24 98 1
1 26 53
75 27 34
35 25 39
59 22 6
68 94 15
17 99 25
45 16 89
86 48 90
90 26 66
18 79 60
79 18 86
45 10 7
56 9 37
51 60 2
42 17 72
64 62 40
44 8 15
15 44 79
96 7 89
84 8 43
47 18 73
79 78 18
13 23 26
49 85 46
95 20 86
38 32 90
19 37 69
16 27 66
23 35 49
62 38 8
100 20 11
53 36 100
19 65 15
25 16 53
43 14 68
6 49 83
44 19 39
75 14 70
50 81 84
68 30 31
39 10 40
91 75 5
82 52 81
92 9 69
48 44 69
71 67 43
18 81 4
10 32 59
95 45 97
40 16 53
54 71 53
77 7 81
41 11 52
22 54 62
40 42 74
13 61 69
18 54 92
73 71 84
35 88 9
26 58 70
62 5 58
38 42 89
7 6 61
53 21 94
6 95 25
91 90 94
55 51 92
91 57 83
68 44 68
77 33 23
86 52 39
28 100 70
97 36 68
43 90 44
42 74 27
24 55 95
92 98 74
60 93 63
61 14 17
43 90 72
73 63 7
27 89 97
70 32 90
22 48 87
81 12 13
21 47 62
29 1 13
98 76 23
19 5 36
42 69 50
20 4 73
25 3 50
1 29 9
58 98 95
86 56 48
86 1 80
27 28 63
18 95 53
24 13 39
40 40 66
37 26 34
40 2 65
49 95 18
27 96 58
62 69 67
56 46 41
16 52 30
82 83 35
74 87 38
13 57 67
26 84 26
61 20 81
37 35 50
92 86 93
66 8 48
64 16 47
84 43 2
22 19 77
4 46 100
62 31 84
100 89 78
80 18 80
95 46 88
15 42 71
39 73 92
52 50 36
20 8 69
33 37 88
20 10 4
88 48 57
76 100 35
82 61 24
67 37 2
25 89 39
15 99 25
3 38 6
62 82 10
12 86 16
63 91 59
100 26 77
5 34 4
15 12 4
32 15 58
11 37 43
92 23 42
9 57 46
69 12 98
39 64 97
62 25 18
100 82 42
32 46 48
84 74 97
80 50 43
11 46 44
14 64 55
82 84 78
30 53 99
17 12 74
24 22 67
57 63 81
13 100 60
14 97 84
55 83 85
49 83 69
50 96 59
99 10 80
59 84 31
16 75 65
2 23 16
45 44 49
16 18 55
96 25 47
97 39 11
28 13 47
44 28 19
33 18 89
74 98 18
62 38 69
97 35 5
33 37 8
31 30 64
27 30 99
12 5 100
69 70 91
67 88 35
97 85 65
73 44 72
83 20 93
98 6 59
41 57 60
26 67 41
98 39 30
75 30 47
17 85 68
33 46 50
77 66 97
50 60 50
91 36 49
79 35 14
70 35 68
63 75 46
65 71 95
90 42 93
94 2 56
4 86 47
87 77 40
33 64 13
70 83 94
63 47 1
49 56 35
71 71 55
70 18 39
24 30 92
51 34 62
36 25 89
63 53 66
1 73 82
4 29 85
6 79 83
39 87 68
63 60 17
92 19 7
64 14 32
36 59 94
88 77 80
74 82 40
48 77 19
73 63 93
23 82 86
66 75 61
9 89 40
41 94 75
85 76 86
23 98 45
40 10 80
4 12 53
74 59 9
70 3 43
17 38 2
39 50 60
43 62 12
33 12 64
10 4 62
13 57 3
44 48 72
17 58 94
62 99 52
28 34 95
52 70 85
51 88 22
12 20 98
30 26 63
32 63 97
88 78 77
17 15 48
76 81 20
77 14 72
50 30 98
50 47 71
66 86 26
80 92 95
65 40 19
23 10 93
9 7 66
55 10 63
67 63 86
3 39 19
82 16 40
34 26 34
79 38 87
49 98 13
14 54 93
22 80 31
23 86 99
22 1 77
29 24 14
83 67 6
92 95 20
21 89 25
81 58 3
67 61 3
28 85 67
63 87 24
46 64 66
4 31 13
87 42 80
37 52 78
91 18 34
50 62 74
35 4 74
32 65 91
49 15 67
75 23 4
61 92 78
27 4 39
100 20 74
35 26 92
2 26 92
19 97 98
69 89 54
19 78 28
81 33 97
14 31 74
51 63 42
89 84 31
21 17 88
37 28 80
21 1 73
16 47 63
40 48 2
17 96 3
73 30 28
57 59 94
63 87 91
86 22 69
81 41 46
78 4 45
76 2 58
7 19 42
57 6 56
1 81 80
57 4 13
77 90 96
5 26 27
72 51 7
17 28 66
83 17 88
45 26 16
31 32 2
13 49 56
56 94 9
42 19 45
97 29 49
40 42 51
3 50 3
12 35 57
76 63 27
77 58 90
93 2 83
30 72 37
30 3 41
15 76 95
36 61 68
72 13 4
16 14 49
56 15 96
14 21 9
5 1 10
45 19 73
35 94 29
2 57 68
2 42 12
26 43 17
14 33 71
31 16 23
36 45 98
9 29 83
5 91 87
45 38 60
73 11 95
26 82 30
13 48 37
10 32 22
56 91 79
60 12 30
67 38 67
26 42 71
7 45 25
12 68 58
87 33 97
72 70 87
58 46 3
89 66 20
30 8 85
7 48 49
99 20 99
6 62 84
14 51 93
67 52 98
44 17 48
68 46 65
34 86 73
89 4 19
92 76 98
17 53 25
78 5 24
40 26 89
69 60 22
68 85 38
5 77 82
29 27 28
9 19 40
12 9 38
62 89 76
70 83 41
4 57 60
84 21 68
42 61 50
2 78 16
30 36 8
17 97 39
77 92 7
36 73 55
86 55 66
83 5 100
42 47 78
68 18 71
18 1 86
61 90 46
34 45 80
36 61 46
25 76 74
22 46 38
85 68 60
7 92 47
68 37 5
62 74 52
42 16 76
74 5 38
62 74 77
66 69 60
31 94 60
11 28 31
90 28 52
13 99 34
87 96 67
13 74 99
99 79 8
64 40 1
20 81 27
24 2 44
91 56 41
22 53 76
1 34 30
52 85 75
98 48 5
7 89 42
17 11 18
12 49 90
3 97 71
12 48 37
100 26 52
74 19 10
22 5 67
18 76 39
38 52 76
34 24 67
77 43 2
92 7 47
47 21 59
62 52 63
42 54 80
74 11 77
76 53 93
29 4 1
12 22 46
42 71 45
97 43 35
81 56 36
20 43 48
26 62 97
87 94 100
56 77 4
35 16 71
23 12 40
81 62 76
72 67 60
11 27 34
47 96 67
81 23 30
13 20 54
11 34 23
27 92 1
48 57 94
64 79 22
57 100 29
64 7 13
38 97 12
63 63 82
71 90 35
85 4 82
37 47 45
87 45 26
39 63 81
40 26 54
24 54 39
17 78 42
25 73 93
22 100 60
55 12 84
65 49 5
87 12 62
50 5 91
71 23 55
60 37 59
10 31 80
63 54 74
63 6 67
54 90 41
97 55 33
100 47 55
80 25 19
59 73 64
35 32 46
89 88 57
9 80 27
55 79 37
99 94 88
44 17 60
67 76 86
81 87 59
33 84 19
77 48 17
64 32 57
73 32 79
91 27 82
20 19 73
1 100 88
29 20 80
10 14 96
39 79 75
18 21 17
57 47 93
4 27 12
30 35 57
100 49 37
6 55 81
99 44 59
29 8 46
98 3 2
2 70 15
8 73 20
55 92 4
50 36 14
60 39 34
50 96 17
58 46 8
78 66 74
41 84 19
71 22 41
82 74 25
20 31 97
72 94 88
98 27 97
96 78 97
12 36 58
23 36 48
19 1 81
19 92 7
70 84 81
12 51 63
94 83 50
17 39 86
74 75 6
78 4 82
70 54 20
99 81 76
71 45 47
36 94 21
93 16 26
46 47 16
74 30 12
47 10 86
52 36 87
13 45 26
26 51 86
20 51 18
44 32 35
47 4 86
63 57 14
32 61 88
3 68 2
85 16 13
44 16 98
5 23 7
53 79 75
98 39 63
63 2 38
99 39 74
8 81 39
58 90 88
42 72 100
58 89 42
76 38 22
20 68 38
39 15 65
93 75 72
63 50 61
86 17 100
57 47 77
35 56 44
26 94 61
92 69 75
96 44 24
75 95 89
41 44 58
11 55 66
59 79 2
98 20 45
97 33 62
8 100 44
78 13 30
50 69 43
29 61 58
52 35 17
88 39 62
20 50 32
80 11 98
31 41 68
53 28 19
77 3 83
36 45 71
80 13 74
28 43 14
13 82 62
89 35 91
98 7 30
56 67 88
86 36 56
92 69 2
39 13 89
91 36 14
46 1 55
14 1 78
45 92 62
89 58 48
5 98 76
76 65 17
19 51 77
21 98 52
17 23 33
81 11 26
57 55 42
27 6 43
97 89 10
40 42 93
86 50 72
60 6 17
33 25 86
19 57 69
84 17 61
49 20 71
29 35 94
54 46 32
23 15 50
7 42 63
71 33 31
95 41 2
74 94 57
39 81 12
2 87 68
52 5 2
24 4 26
88 11 78
24 19 1
46 1 98
97 74 42
87 50 72
59 76 99
14 32 2
81 83 15
96 62 1
90 21 46
71 15 32
73 31 11
88 88 61
26 64 84
87 2 22
14 53 42
76 2 15
55 58 46
53 89 40
66 51 7
51 49 91
7 12 27
86 74 31
85 71 4
9 14 100
95 14 88
61 15 46
89 48 15
33 72 56
77 92 45
19 59 22
34 5 87
34 69 67
95 69 72
65 93 54
94 63 13
82 97 80
50 93 40
61 78 97
60 79 59
33 49 6
12 52 12
17 2 14
10 93 4
62 57 87
91 83 70
46 93 64
24 26 40
49 21 88
73 99 64
52 53 97
30 95 23
82 40 81
59 94 14
81 22 57
75 77 92
42 3 24
11 38 41
38 84 99
39 12 78
100 80 98
44 70 29
36 6 90
19 3 96
59 15 67
9 89 76
85 23 4
2 33 55
37 52 34
8 84 66
77 97 63
87 93 77
78 42 71
64 66 63
79 14 36
16 76 25
9 92 31
2 37 50
53 38 87
18 38 36
69 8 96
35 92 81
41 80 33
59 13 55
62 14 96
71 79 37
6 30 31
64 7 31
28 51 34
100 98 86
29 67 37
51 99 80
61 92 10
69 41 3
24 73 10
14 19 81
55 12 97
41 9 85
59 93 78
25 15 43
24 66 81
51 47 78
52 67 8
73 7 19
48 60 3
67 100 59
35 85 69
12 37 56
46 60 94
69 51 33
45 100 32
23 92 62
18 59 37
67 16 52
50 8 69
74 99 25
30 85 49
95 91 87
77 3 41
69 20 13
89 22 60
44 73 12
51 29 67
48 60 50
80 35 59
58 16 7
93 40 1
63 79 60
92 71 34
28 2 36
51 6 100
78 83 79
53 56 6
55 99 30
33 5 8
32 4 73
9 95 18
97 56 48
60 52 93
46 1 95
13 83 49
42 49 75
49 12 80
10 13 23
49 12 63
85 48 50
60 88 58
62 36 87
57 48 43
38 53 25
51 12 25
45 46 65
84 68 6
11 36 94
94 48 100
78 73 66
98 11 26
10 62 82
65 35 24
40 37 91
74 46 38
73 65 61
98 6 22
18 90 48
71 63 34
56 44 85
17 68 85
64 81 53
64 55 45
100 68 24
94 82 62
36 11 77
41 81 25
18 28 92
73 12 28
71 49 60
61 86 73
45 23 20
19 13 25
39 13 27
61 14 56
83 56 69
82 27 99
37 8 14
87 34 42
22 22 56
6 95 45
64 94 96
37 18 4
74 47 1
9 69 50
79 2 17
59 10 78
14 32 24
86 22 21
54 52 39
38 23 95
42 27 42
17 97 47
67 49 44
25 13 53
26 9 21
22 72 8
78 90 79
27 81 73
67 65 91
60 39 55
62 50 60
70 56 100
70 15 36
35 25 62
19 80 76
12 100 68
37 95 16
77 54 62
90 43 6
9 100 24
74 86 16
8 54 27
56 19 39
72 93 25
48 27 11
24 77 55
20 78 45
47 92 82
92 96 61
36 20 99
79 35 50
29 56 59
37 23 77
78 38 17
96 71 84
74 71 98
77 41 72
66 74 19
4 18 93
88 49 21
59 100 83
22 36 15
18 84 81
74 83 65
68 58 43
5 50 56
19 72 85
9 63 89
90 1 63
44 45 40
79 87 79
30 7 64
79 89 10
52 51 20
92 81 86
87 97 73
33 11 54
22 99 66
2 40 55
24 96 50
84 99 66
4 79 17
37 5 90
7 32 48
13 73 82
92 9 36
38 98 26
53 38 5
72 20 52
52 11 13
98 98 26
92 13 52
69 27 63
17 9 60
8 70 90
93 26 77
76 16 19
44 49 5
90 6 44
51 74 99
34 40 23
23 20 18
13 55 16
54 98 78
83 14 96
16 97 55
48 100 57
75 76 93
5 100 58
9 47 77
96 62 71
8 48 83
13 97 84
77 25 51
49 45 53
38 91 59
87 41 100
64 55 93
74 97 95
24 40 81
71 92 78
48 60 65
34 32 56
1 27 95
87 96 44
99 21 72
76 54 30
68 71 18
62 53 28
27 54 18
29 32 43
38 2 37
28 32 83
86 21 36
89 67 35
20 15 38
83 30 28
28 21 6
70 66 16
26 7 84
17 20 92
98 70 6
52 17 35
68 84 7
31 26 71
30 85 100
3 93 51
54 1 45
19 28 45
62 84 82
55 7 73
60 9 43
55 97 18
33 66 74
48 71 95
30 85 5
70 23 39
95 58 6
4 26 84
5 65 96
86 84 4
17 93 97
78 82 25
41 21 68
73 7 31
8 20 95
26 73 33
58 27 78
17 80 30
59 5 91
55 35 58
17 92 51
53 53 55
59 9 87
18 11 27
7 84 86
35 40 82
80 39 78
33 44 14
99 23 25
20 69 6
71 31 45
73 59 43
4 55 76
41 23 55
23 31 76
36 38 5
2 95 54
93 85 29
79 53 7
48 83 87
100 2 83
46 67 68
45 60 96
34 18 95
38 45 80
38 84 86
56 64 81
98 55 97
41 80 20
70 25 95
36 40 82
10 9 3
14 50 48
77 81 53
96 79 6
57 23 54
79 80 81
87 8 32
58 79 14
89 82 30
86 22 100
7 12 77
1 100 22
72 26 1
86 91 50
43 89 77
5 53 81
30 98 73
29 90 2
86 57 35
94 11 30
97 4 98
92 100 38
76 49 43
55 75 79
63 25 80
23 3 60
35 79 49
49 21 91
15 77 52
96 60 49
95 60 94
50 86 23
76 59 96
54 8 79
74 95 71
87 62 76
61 84 27
41 92 52
64 73 77
50 87 61
60 20 52
69 79 72
99 6 5
39 69 61
62 10 7
53 32 2
81 16 78
42 99 25
56 2 15
37 20 89
34 50 15
2 69 96
54 29 43
100 50 75
56 8 21
89 41 21
91 7 66
72 89 39
45 88 79
96 52 82
11 96 3
39 15 72
73 40 13
94 96 70
14 25 64
1 12 78
57 40 80
14 1 66
3 83 65
19 23 73
40 62 16
16 68 6
71 14 43
59 82 4
82 55 47
27 96 56
29 86 66
52 61 5
32 18 73
4 43 8
70 7 31
83 52 86
54 61 48
8 69 50
64 1 28
91 63 77
64 4 34
72 43 49
30 43 48
23 23 30
42 84 53
63 2 24
33 53 55
41 95 71
2 67 56
53 44 3
83 89 26
41 74 77
95 23 63
75 18 99
20 43 91
83 88 69
90 11 7
4 35 79
89 62 45
76 74 42
80 69 2
40 59 37
99 85 46
58 71 74
85 12 47
34 9 29
61 32 68
71 71 93
74 19 13
91 89 73
59 72 46
89 17 72
50 47 28
16 3 72
93 25 52
58 64 20
41 91 15
20 93 20
75 66 28
66 11 20
66 64 51
74 33 1
31 29 21
96 4 63
38 47 98
3 34 92
39 13 74
67 71 89
12 28 71
24 14 56
78 91 79
9 94 68
67 94 22
96 57 29
21 3 85
90 52 71
53 30 81
53 78 99
11 97 33
5 80 52
50 85 59
81 88 69
3 98 64
100 50 67
9 45 89
58 39 28
65 16 93
32 40 76
83 33 4
6 61 17
59 30 54
91 89 28
45 72 59
88 5 3
8 96 72
85 53 47
75 20 52
39 64 10
80 14 96
66 44 65
92 91 75
90 81 26
47 13 42
49 12 86
36 53 52
93 39 55
35 55 62
42 35 70
79 57 29
25 81 86
31 36 14
98 94 21
58 78 23
5 1 97
8 79 61
20 31 73
34 29 65
17 24 56
74 43 96
75 75 44
6 56 65
89 58 29
66 8 2
11 28 97
64 58 72
37 48 69
35 73 31
92 55 77
41 69 21
71 29 6
24 21 44
16 12 89
84 99 12
68 94 91
48 42 54
59 51 27
36 30 18
1 95 26
62 97 25
5 49 5
31 29 17
24 42 13
93 8 94
11 82 99
11 17 49
5 56 6
44 12 84
16 100 70
36 41 8
98 15 48
83 86 16
76 94 21
87 45 28
37 10 95
97 47 51
91 35 9
73 96 14
54 9 67
5 98 12
21 7 47
52 34 93
23 47 97
30 32 65
68 17 94
35 41 96
90 32 72
100 91 67
77 32 83
84 63 23
67 83 3
61 67 96
9 43 38
23 92 71
43 89 93
100 86 77
81 99 7
8 44 60
4 76 89
63 4 28
69 66 30
64 6 32
38 24 36
9 18 54
49 2 46
74 76 53
71 70 3
10 15 85
72 93 42
40 18 99
89 89 18
26 13 30
96 12 66
42 62 1
26 1 51
46 25 1
48 65 94
93 3 46
2 71 1
99 82 16
33 90 6
16 12 80
42 63 89
29 37 85
13 54 16
51 33 55
41 1 74
43 8 85
2 92 66
88 23 54
95 72 44
79 97 10
22 12 93
37 13 25
45 40 99
26 38 36
34 60 44
36 32 91
69 37 29
26 23 55
49 12 1
77 84 95
38 91 69
21 39 52
57 17 68
86 11 77
46 51 84
48 100 37
31 4 40
94 16 97
17 79 72
24 27 53
1 93 74
96 92 93
57 81 23
43 42 31
90 67 59
31 42 80
73 100 83
43 20 7
76 33 71
68 52 20
46 66 63
19 35 41
87 40 93
77 50 61
46 98 74
60 24 29
30 62 23
31 12 97
8 10 64
98 60 65
27 92 12
70 99 54
67 1 33
81 2 87
66 81 74
13 63 84
18 2 44
48 70 69
93 26 27
10 7 63
98 86 74
15 81 92
85 61 41
31 88 43
59 33 71
20 67 79
75 100 59
79 65 61
42 69 14
1 40 11
28 48 29
74 96 91
62 44 6
99 38 75
6 53 55
93 25 4
49 87 65
49 43 3
46 9 36
56 63 18
53 76 40
3 66 52
74 51 62
39 63 4
88 33 98
17 80 54
80 49 60
92 43 38
91 98 80
67 49 48
42 51 18
83 68 49
65 79 65
25 49 3
36 19 45
10 54 78
65 46 15
80 95 33
91 53 86
94 66 92
43 100 91
26 42 63
64 74 26
76 87 43
58 19 54
61 99 52
45 78 39
34 69 90
69 90 60
80 34 23
85 42 34
19 7 71
64 4 28
10 42 54
4 71 53
43 80 99
20 4 33
50 91 29
81 22 70
46 8 85
81 78 33
56 98 19
32 25 55
33 45 28
2 11 93
33 28 13
68 85 68
89 13 66
33 93 80
4 67 14
39 8 2
60 67 79
78 8 3
14 24 32
97 69 38
58 66 54
28 24 87
45 100 75
37 53 76
34 19 25
88 54 42
61 34 30
46 30 82
87 71 20
53 6 72
86 84 54
11 31 20
91 63 66
25 77 53
17 46 69
76 75 67
43 74 76
17 4 34
48 6 35
77 54 25
24 83 90
75 54 98
63 52 63
98 90 68
87 41 90
28 13 92
42 18 84
56 50 49
1 50 61
52 69 85
9 31 28
52 62 53
59 69 48
52 22 79
53 87 41
43 40 99
35 77 31
82 87 38
26 94 72
83 70 88
86 10 33
96 21 58
52 8 56
76 54 66
44 14 17
48 19 16
50 21 83
40 76 25
13 18 25
64 86 27
58 92 80
45 22 41
73 75 100
22 30 97
45 46 65
69 83 35
31 98 76
24 32 70
6 99 25
85 98 80
84 94 59
4 91 83
54 45 51
78 31 62
25 85 96
49 14 35
5 15 60
40 46 15
88 51 12
81 72 57
9 96 44
1 81 11
91 74 55
91 67 49
70 55 64
12 64 20
77 68 57
10 64 28
78 98 82
13 41 50
74 65 22
42 40 78
71 63 78
26 87 37
63 57 14
32 71 95
23 22 15
36 100 22
56 54 86
3 72 14
96 74 23
52 34 92
18 65 15
65 33 76
56 16 74
22 98 25
4 23 51
58 77 52
43 79 48
12 32 35
79 31 53
46 95 52
71 53 95
16 70 65
18 35 94
67 58 75
56 10 63
69 91 21
89 15 90
10 75 88
6 91 94
92 86 80
49 73 19
24 39 84
19 25 27
98 51 30
46 73 1
6 10 73
61 94 83
74 77 92
25 68 72
23 7 16
93 49 65
34 29 83
51 76 45
44 83 88
49 57 65
7 59 57
67 44 56
31 65 35
96 63 16
47 7 62
98 81 62
93 11 97
60 97 74
93 95 82
48 46 90
99 59 79
49 87 60
18 51 23
20 95 62
61 65 14
18 46 68
73 94 83
51 29 22
98 53 63
15 67 14
84 60 17
18 5 3
97 24 56
77 41 3
1 21 61
23 13 25
44 10 54
34 100 21
51 4 42
2 40 34
33 39 93
53 99 81
97 37 29
61 24 88
78 60 17
23 96 100
37 72 83
86 83 36
95 5 22
56 73 7
14 97 98
76 92 80
14 4 26
30 95 86
82 83 67
65 4 20
29 30 23
9 66 39
90 28 84
9 92 53
85 12 16
22 35 61
95 54 10
62 15 46
15 83 2
18 61 24
79 84 33
84 7 84
28 99 51
73 25 18
98 35 70
72 8 24
61 87 24
55 97 52
81 88 8
22 7 33
72 14 15
84 78 80
43 66 89
97 4 51
48 80 73
10 23 13
35 2 35
51 4 76
84 43 100
23 63 71
34 15 90
-2
-3
+4
-5
-6
-8
-9
+10
-14
-15
-24
+25
+28
+30
+31
+33
+34
-35
-36
+39
+45
-46
+51
+54
+55
-56
-58
-59
-61
+62
+66
-67
-68
-69
-70
+74
-75
+76
+77
-79
+81
+82
-83
+84
-87
+89
-90
+92
+95
-96
-100
