4
0 0 10 10 20 20 30 30
0 0 10 10 21 21 30 30
5
0 0 10 10 20 20 30 30 123 456
0 0 10 10 21 21 30 30 123 456
4
0 0 0 100 200 100 200 0
0 0 0 100 201 100 201 0
4
0 0 0 100 200 100 200 0
0 100 200 100 200 0 0 0
4
0 0 10 0 1000 1000 0 10
0 0 10 0 999 999 0 10
4
10 0 1000 1000 0 10 0 0
10 0 999 999 0 10 0 0
4
1000 1000 0 10 0 0 10 0
999 999 0 10 0 0 10 0
4
0 10 0 0 10 0 1000 1000
0 10 0 0 10 0 999 999
7
0 0 0 100 1 100 50 99 99 100 100 100 100 0
0 0 0 100 1 100 50 101 99 100 100 100 100 0
5
0 0 10 10 20 20 30 30 10 10
0 0 100 100 200 200 300 300 100 100
10
-147 -390 -208 -223 -252 -200 1 -151 -102 5 -281 3 -353 -78 -161 -152 -276 -227 -146 28
292 -712 183 -603 140 -601 321 -470 183 -385 43 -452 16 -542 194 -530 131 -631 140 -383
10
-147 -390 -208 -223 -252 -200 1 -151 -102 5 -281 3 -353 -78 -161 -152 -276 -227 -146 28
292 -216 183 -325 140 -327 321 -458 183 -543 43 -476 16 -386 194 -398 131 -297 140 -545
10
-338 132 -296 -204 -275 118 -107 -141 -261 -204 -632 -71 -282 -141 -212 104 -464 230 -499 -260
-339 -90 -213 -318 -290 -82 -96 -219 -188 -308 -491 -319 -221 -269 -241 -74 -457 -56 -342 -416
10
-338 132 -296 -204 -275 118 -107 -141 -261 -204 -632 -71 -282 -141 -212 104 -464 230 -499 -260
-339 -482 -213 -254 -290 -490 -96 -353 -188 -264 -491 -253 -221 -303 -241 -498 -457 -516 -342 -156
7
234 -692 615 -557 378 -617 486 -191 621 -137 570 -314 567 -89
-509 -410 -126 -225 -367 -315 -303 143 -168 215 -201 24 -230 259
7
234 -692 615 -557 378 -617 486 -191 621 -137 570 -314 567 -89
-509 194 -126 9 -367 99 -303 -359 -168 -431 -201 -240 -230 -475
3
397 -513 137 -333 252 -403
449 347 289 307 356 328
3
397 -513 137 -333 252 -403
449 223 289 263 356 242
5
-444 -87 -228 60 -603 -21 -282 -282 -621 -579
-464 530 -373 777 -633 491 -217 465 -321 23
5
-444 -87 -228 60 -603 -21 -282 -282 -621 -579
-464 400 -373 153 -633 439 -217 465 -321 907
4
-609 -511 -471 -889 -135 -73 -111 -817
-172 235 -318 -27 306 181 -102 -195
4
-609 -511 -471 -889 -135 -73 -111 -817
-172 -81 -318 181 306 -27 -102 349
4
-557 -49 -334 205 -550 439 -375 432
115 -509 171 -311 -9 -239 89 -197
4
-557 -49 -334 205 -550 439 -375 432
115 -177 171 -375 -9 -447 89 -489
6
449 -107 411 -293 618 -284 499 -303 397 29 423 -145
-48 356 -152 178 64 115 -65 137 -54 514 -88 326
6
449 -107 411 -293 618 -284 499 -303 397 29 423 -145
-48 230 -152 408 64 471 -65 449 -54 72 -88 260
7
126 -363 375 -288 243 -185 446 -385 333 -426 42 -61 97 -128
-189 378 102 351 8 514 135 220 0 225 -149 728 -120 635
7
126 -363 375 -288 243 -185 446 -385 333 -426 42 -61 97 -128
-189 486 102 513 8 350 135 644 0 639 -149 136 -120 229
4
448 -328 296 -416 356 -364 340 -468
747 22 65 -246 345 -69 214 -488
4
448 -328 296 -416 356 -364 340 -468
747 256 65 524 345 347 214 766
3
43 -94 -5 -373 197 -38
45 588 -3 309 199 644
3
44 -94 -5 -373 197 -38
45 588 -3 309 199 644
4
-65 -2 431 86 191 326 255 -162
7 -126 290 -63 146 69 195 -210
4
-65 -2 431 86 191 326 256 -162
7 -126 290 -63 146 69 195 -210
5
204 257 224 340 298 451 374 389 437 360
-414 -208 -327 25 -74 320 124 114 296 8
5
204 257 225 340 298 451 374 389 437 360
-414 -208 -327 25 -74 320 124 114 296 8
5
-485 -253 -651 -411 -692 -506 -157 -301 -143 -441
-257 610 -505 446 -579 334 151 474 137 292
5
-485 -253 -651 -411 -692 -506 -157 -301 -142 -441
-257 610 -505 446 -579 334 151 474 137 292
7
-53 -450 -50 -117 -93 -376 256 -67 55 -52 -1 -412 -125 -146
346 -572 247 -47 260 -468 713 127 392 88 416 -496 138 -116
7
-53 -450 -50 -117 -93 -376 256 -67 55 -52 0 -412 -125 -146
346 -572 247 -47 260 -468 713 127 392 88 416 -496 138 -116
6
-220 -11 -420 -211 -430 -41 -616 -439 -88 -335 -424 -183
-339 613 -215 381 -369 418 -65 145 -15 643 -241 385
6
-220 -11 -420 -211 -429 -41 -616 -439 -88 -335 -424 -183
-339 613 -215 381 -369 418 -65 145 -15 643 -241 385
6
333 -118 -19 -142 536 -113 -293 246 -307 192 -39 281
-208 81 -400 137 -99 44 -470 397 -488 371 -328 366
6
333 -118 -19 -142 537 -113 -293 246 -307 192 -39 281
-208 81 -400 137 -99 44 -470 397 -488 371 -328 366
4
-349 -276 -157 -496 -525 -342 -143 -436
-269 567 -127 237 -500 556 -88 302
4
-349 -276 -157 -496 -525 -342 -142 -436
-269 567 -127 237 -500 556 -88 302
5
567 19 77 65 92 23 444 -167 265 -373
-374 -41 -518 -193 -500 -199 -344 -131 -322 -245
5
567 19 77 65 92 23 444 -167 266 -373
-374 -41 -518 -193 -500 -199 -344 -131 -322 -245
9
189 233 312 243 102 304 54 196 33 367 -42 174 167 -59 231 279 -37 64
273 -146 511 -216 161 50 -7 -118 77 218 -203 -90 21 -678 385 -90 -273 -300
9
189 233 312 243 102 304 55 196 33 367 -42 174 167 -59 231 279 -37 64
273 -146 511 -216 161 50 -7 -118 77 218 -203 -90 21 -678 385 -90 -273 -300
3
0 668 -95 578 307 519
-335 614 -445 494 59 456
3
1 668 -95 578 307 519
-335 614 -445 494 59 456
3
-576 171 -320 -279 -344 81
-81 395 -4 394 -52 418
7
-46 764 -518 204 422 728 438 528 510 512 334 536 494 304
299 327 -246 -94 722 201 697 14 760 -15 603 42 704 -203
3
260 241 198 -233 604 -1
-371 165 -643 -97 -278 -154
7
599 629 811 388 484 424 685 381 407 510 233 717 650 361
355 485 433 501 385 435 419 473 357 429 291 417 419 463
7
-173 373 -390 408 -173 275 -327 359 -264 86 -271 541 -159 317
729 37 238 148 715 -187 375 27 480 -606 529 435 753 -93
5
-401 276 -621 190 -890 28 -482 170 -452 -343
355 -153 193 -239 0 -388 302 -242 371 -635
8
-427 -46 -271 242 -565 140 -583 266 -457 224 -541 -268 -535 350 -403 -94
-300 419 66 705 -374 739 -326 913 -186 787 -574 195 -216 995 -296 343
5
54 -444 38 -124 783 -588 384 -227 344 -229
203 -390 -101 -86 1058 123 336 123 298 85
8
61 -879 -443 -279 463 -273 601 -363 169 -183 193 -531 613 -537 457 -69
-105 -120 -689 -112 -251 402 -133 436 -445 280 -237 124 -29 358 -369 498
10
-252 -400 -209 -329 -568 -432 -428 -352 -328 -332 -191 -263 -485 -41 -161 -153 -352 -290 -250 -306
-143 12 23 63 -681 402 -351 332 -167 224 143 141 -7 897 343 271 -146 323 -9 156
3
445 52 465 4 125 352
222 -144 221 -217 -23 421
4
-163 -77 -359 -154 -111 -341 -16 26
238 203 -126 140 234 -269 527 328
8
51 -649 -277 -677 252 48 -235 -127 -18 -585 217 -584 119 -478 173 -664
94 -354 -182 -278 468 154 18 158 57 -281 249 -351 201 -235 189 -403
6
-617 -107 -929 169 -536 16 -547 517 -1079 209 -903 -95
322 -124 94 -100 319 -43 154 178 14 -130 190 -210
8
-56 -543 183 287 -500 -328 -423 42 61 266 362 -461 -628 -139 -303 133
-438 -486 -284 -328 -512 -384 -450 -310 -314 -318 -334 -518 -518 -326 -412 -304
9
-610 199 -247 100 -104 177 -236 419 -599 210 -632 133 -324 221 -434 67 -60 309
-551 -65 -77 -212 115 -117 -48 208 -536 -51 -583 -151 -173 -49 -325 -247 179 55
5
344 -260 389 -335 452 -302 302 -302 443 -281
-471 1 -401 -59 -349 -5 -499 -55 -365 13
5
-247 -87 -225 -101 -259 -93 -299 -163 -335 -171
89 558 201 530 47 516 -23 166 -163 82
8
269 -593 89 -583 109 -373 -181 -543 -1 -228 54 -388 -141 -473 -121 -463
369 608 195 336 -115 552 -105 -50 -438 508 -140 453 -179 74 -177 114
5
-520 -411 -478 -227 -548 -447 -336 -193 -794 -39
540 -674 499 -410 522 -736 668 -291 -15 -328
8
-476 -240 -518 642 -782 102 -344 -282 -230 288 -764 270 -320 228 -644 -222
167 -162 27 636 -151 114 292 -185 330 347 -154 269 255 282 12 -165
7
347 -58 340 -86 286 -64 267 -38 324 20 387 -51 375 -116
-282 -157 -366 -178 -384 -4 -342 83 -108 14 -207 -253 -396 -313
9
47 -48 -1 -284 -246 -249 48 9 -2 -341 -237 -236 -380 -12 -104 -155 -161 -154
-342 134 -94 -174 -395 -447 -413 195 -23 -235 -402 -422 -835 -368 -365 -169 -426 -240
8
487 437 671 257 374 418 717 313 571 469 231 301 767 207 444 -94
-398 -76 -110 -372 -580 -102 -34 -284 -262 -28 -814 -284 42 -456 -488 -926
6
531 97 536 262 444 496 -276 171 554 311 -147 68
467 162 472 227 440 321 150 206 480 246 199 163
4
-69 313 51 173 159 149 -109 813
133 -90 189 -232 267 -280 237 312
10
-247 -403 120 -591 -93 -474 312 -479 -48 -689 368 -382 -48 -496 165 -420 224 -659 -161 -578
-263 -101 38 -296 -136 -176 214 -216 -116 -366 271 -137 -99 -199 92 -152 122 -364 -204 -260
4
114 -98 71 111 499 -263 212 -372
-121 -346 -115 -178 143 -544 -97 -574
10
-257 -96 -19 -254 -118 -72 -366 -16 -334 -33 -292 -49 -235 -215 13 -170 -341 -165 -317 -304
-208 -125 194 97 -139 91 -403 -221 -355 -188 -301 -140 -22 -182 98 205 -172 -296 44 -365
4
0 0 0 1 1 1 1 0
0 0 1 0 1 1 0 1
4
-1000 -1000 1000 -1000 1000 1000 -1000 1000
0 0 1 0 1 1 0 1
4
0 0 1 0 1 1 0 1
-1000 -1000 999 -1000 999 1000 -1000 1000
4
-1000 -1000 999 -1000 999 1000 -1000 1000
0 0 1 0 1 1 0 1
3
-1000 -1000 -999 -999 999 1000
-1000 -1000 -999 -999 1000 999
3
-1000 -1000 -999 -999 1000 999
-1000 -1000 -999 -999 999 1000
3
0 0 408 408 0 577
0 0 577 0 408 408
3
0 0 577 0 408 408
0 0 408 408 0 577
0
