112
50 6
50 5
50 4
50 3
50 2
50 1
50 0
49 0
48 0
47 0
46 0
45 0
44 0
43 0
42 0
41 0
40 0
39 0
38 0
37 0
36 0
35 0
34 0
33 0
32 0
31 0
30 0
29 0
28 0
27 0
26 0
25 0
24 0
23 0
22 0
21 0
20 0
19 0
18 0
17 0
16 0
15 0
14 0
13 0
12 0
11 0
10 0
9 0
8 0
7 0
6 0
5 0
4 0
3 0
2 0
1 0
0 0
0 1
0 2
0 3
0 4
0 5
0 6
1 6
2 6
3 6
4 6
5 6
6 6
7 6
8 6
9 6
10 6
11 6
12 6
13 6
14 6
15 6
16 6
17 6
18 6
19 6
20 6
21 6
22 6
23 6
24 6
25 6
26 6
27 6
28 6
29 6
30 6
31 6
32 6
33 6
34 6
35 6
36 6
37 6
38 6
39 6
40 6
41 6
42 6
43 6
44 6
45 6
46 6
47 6
48 6
49 6
112
950 0
950 1
950 2
950 3
950 4
950 5
950 6
951 6
952 6
953 6
954 6
955 6
956 6
957 6
958 6
959 6
960 6
961 6
962 6
963 6
964 6
965 6
966 6
967 6
968 6
969 6
970 6
971 6
972 6
973 6
974 6
975 6
976 6
977 6
978 6
979 6
980 6
981 6
982 6
983 6
984 6
985 6
986 6
987 6
988 6
989 6
990 6
991 6
992 6
993 6
994 6
995 6
996 6
997 6
998 6
999 6
1000 6
1000 5
1000 4
1000 3
1000 2
1000 1
1000 0
999 0
998 0
997 0
996 0
995 0
994 0
993 0
992 0
991 0
990 0
989 0
988 0
987 0
986 0
985 0
984 0
983 0
982 0
981 0
980 0
979 0
978 0
977 0
976 0
975 0
974 0
973 0
972 0
971 0
970 0
969 0
968 0
967 0
966 0
965 0
964 0
963 0
962 0
961 0
960 0
959 0
958 0
957 0
956 0
955 0
954 0
953 0
952 0
951 0
0
