1 10 20 10 5 30
2 10 20 10 5 30
3 10 20 10 5 30
4 10 20 10 5 30
5 10 20 10 5 30
6 10 20 10 5 30
7 10 20 10 5 30
8 10 20 10 5 30
9 10 20 10 5 30
10 10 20 10 5 30
11 10 20 10 5 30
12 10 20 10 5 30
13 10 20 10 5 30
14 10 20 10 5 30
15 10 20 10 5 30
16 10 20 10 5 30
17 10 20 10 5 30
18 10 20 10 5 30
19 10 20 10 5 30
20 10 20 10 5 30
21 10 20 10 5 30
22 10 20 10 5 30
23 10 20 10 5 30
24 10 20 10 5 30
25 10 20 10 5 30
26 10 20 10 5 30
27 10 20 10 5 30
28 10 20 10 5 30
29 10 20 10 5 30
30 10 20 10 5 30
1 0 10 0 0 5
1.0345 0 10 0 0 5
1.06 0 10 0 0 5
5 0 10 0 0 5
2.5 0 10 0 0 5
0.5 0 10 0 0 5
0.0 0 10 0 0 5
5 5 10 0 0 5
10 10 10 10 10 20
10 5 10 10 10 20
5.625 10.0 10.0 5.0 5.0 15.0
5.0 10.0 10.0 5.0 5.0 15.0
5.625 10.0 10.0 5.0 5.0 15.0
15 10.0 10.0 5.0 5.0 15.0
0 0 0 0 0 0
