1000
9383 46940886
2777 14646915
7793 24248335
5386 49770492
6649 89651421
2362 50500027
8690 2530059
7763 67523926
540 40393426
9172 3465736
5211 21605368
2567 26966429
5782 61031530
2862 33675123
4067 68713135
3929 1989802
4022 35733058
3069 25908167
1393 89028456
5011 56488042
6229 53387373
4421 14554919
3784 56908537
5198 73604324
8315 38674370
6413 84813526
6091 24278980
9956 49251873
6862 43009170
6996 35507281
2305 84430925
7084 27346327
336 59136505
846 32631729
1313 33935857
6124 84363895
9582 1110545
8814 48243367
5434 86000364
4043 60323750
1087 56436808
7276 89957178
5788 9403584
5403 18512651
2754 74622399
9932 64105060
9676 44003368
7739 84220012
6226 49708586
8094 56307539
795 63490570
1434 75970378
7467 92076601
97 27622902
3317 3580492
6652 60270756
7301 85570280
4286 93219441
3865 94439689
8444 47356619
8440 70754729
8031 33118117
8097 7915771
4481 22900675
709 91708927
4567 98787856
9497 24882353
4586 72286965
5306 3974683
6219 38624
1528 40342871
5732 20058829
9503 15540019
8270 73373368
9708 77496715
6340 31528149
7796 89710723
2618 68012245
2846 39503451
2921 60253555
2379 22607488
7764 38898228
9841 38802350
5193 69451500
7034 16097764
124 55334914
6987 82285856
3743 87356491
2227 41158365
9859 60291936
1432 86462551
6437 71909228
3275 13985407
1474 26286121
8858 30804395
6029 84671237
8235 50583793
5818 5904428
6143 87241011
5928 84649529
8776 97332404
4443 12265763
4613 67864538
8606 82446840
2904 65354818
5128 32680688
7369 92077917
9917 80476996
3324 96997743
9470 59522183
8490 98305499
9772 86216725
5644 72765590
7505 43278139
2954 72479786
7669 68348082
8542 20398464
197 6949507
9355 85238804
6348 2288611
3622 37137828
9299 54897343
5746 92045568
4340 87765422
3311 94623810
7605 69331801
5661 96483730
4878 46821305
9320 5188736
9444 34258626
8522 70513465
6708 52483416
8282 88223258
2924 84177637
2062 1315624
2600 76542036
3452 73921899
9379 20155550
7468 19300071
973 7497131
3881 7694930
8933 11855894
8660 37380163
7199 73397981
8899 1262996
2959 72723773
2813 62749668
7190 67691095
2926 37126466
5084 76921340
2090 43337684
3376 76865542
5936 37389107
7445 88229756
9179 57428418
6887 23099412
3348 25042172
1659 69272009
2336 98635210
6342 57477587
8206 55329301
7713 76677372
5321 60411255
4819 74054599
7721 1239904
5939 35949811
3940 56925667
1705 19356228
1127 14839150
5984 56006658
3920 55799224
2422 89877269
1396 19064081
5630 95750084
9292 6821972
7672 70083850
7625 35915385
1222 37749299
6640 43616042
3898 46350713
2298 15266190
524 46952590
8209 118581
8819 71509336
7732 26381155
5994 92228004
379 11624769
5273 62991776
8850 46257255
1860 48358142
5579 64455884
1993 20233205
7621 17689567
2504 1700613
1961 22272754
1326 11164259
8944 82838202
3202 14733506
6784 76912021
2842 50400868
9528 66245189
8872 37959908
9958 77220498
8036 8528808
7753 64696248
3303 29043333
2133 80331648
2890 82009754
7567 12261746
368 64329529
4500 84248046
3788 24559797
6249 86096990
3303 50013033
5363 78022497
253 71304892
7686 95529125
1152 74623996
5975 15219188
9157 48713729
5436 45042460
3414 61553921
460 32036304
28 28398027
8050 32276748
7556 31318902
4794 20707697
8699 83581043
1039 95142002
428 74816403
4500 39010681
7647 69918538
6159 12905151
2535 12292134
4339 80181692
2215 60526127
504 43765629
49 55600964
8285 70646429
5343 72586335
3177 29212900
5238 19417971
6949 12270289
5367 61727988
2292 41595795
743 33063144
2829 87668390
1682 72665340
3541 10569
3826 81184232
2261 50966042
360 10419117
8023 16276761
81 75536309
3190 2505425
8996 89816367
4677 4514234
690 86641626
4524 17236057
9614 76683168
8205 37400358
6312 96957386
5100 65214346
2726 30644994
4916 7066552
5578 97903529
8946 58542290
2647 57766970
9051 26829080
9631 14228593
857 86428627
1312 18571886
9214 70798355
3512 12730090
4412 6069479
9610 51868969
6189 4162274
6355 26057641
6620 70935433
8987 87087888
8338 73534566
7770 41037284
6856 45800417
606 59382260
5849 37110237
7205 59483059
5217 82658518
4945 72000783
6873 83238458
873 93977637
4289 26630483
6607 37780478
2757 47159314
4471 52655729
1100 25543459
3618 1099438
8025 77221388
3074 83641233
8157 45943681
3493 53170358
270 69120699
3417 64111839
5569 90678363
2622 10238794
3173 73329847
6431 68227462
6682 2549390
4292 35755791
5057 27365115
1521 72806157
8574 80641491
1947 4472951
9231 21045021
537 38403740
5054 83624030
4098 55045325
1081 4197516
3516 62043002
2231 7756139
1796 73795404
2338 28984580
9218 86049021
3970 5549862
4812 86245379
4977 62702685
1536 38309904
4176 85443483
9207 6209759
4857 35899744
3499 78479911
127 88673950
5236 29787560
7818 57685105
563 92750049
1244 16598711
1805 51529934
3291 66087375
8955 29603614
3589 59353768
8993 9554918
2805 27386882
4822 17886982
6717 43134030
3093 24321574
126 21196593
1486 3560253
543 88813074
7814 7744713
8179 25148377
4762 64425775
7088 72042919
5710 39816732
294 6021017
346 14770235
1137 37755691
5153 92433943
2573 24676328
925 30459291
6710 86904018
7217 51846836
6963 62585055
7090 22973858
8130 88724904
8571 50382661
9633 83699685
4789 60623073
2604 35766851
9805 46359250
7868 22346503
9485 59649006
2195 85424639
2949 77731120
967 14890226
6763 30397677
596 67973981
865 14897560
9036 90137955
7770 34443518
9211 21076342
2532 50255196
2379 4637321
8270 13004984
4172 63804427
4234 82162040
7283 72980072
7398 51255830
1063 46380347
6950 20992030
573 89663714
6059 68067522
4047 38636924
5082 93199435
1232 25839204
2954 12640443
1898 64955486
5640 56694278
9159 26260262
9262 14999683
1041 81549848
1723 81218324
6272 91459122
4154 17937335
5821 13947457
9365 4112747
1171 95321776
269 13735218
8701 7631703
4653 15219933
907 87063959
6728 32872806
5797 95758720
7084 79131308
5334 11752698
991 17086376
8898 91262715
1052 52835171
8189 35781559
2506 25564010
9016 62188224
3109 5826539
0 54343378
8109 43955053
5081 31499114
1338 95415989
9426 92038067
5147 75585223
6787 70342231
6532 62302122
1281 1333875
4850 80400179
6590 35212254
5350 80321131
3813 3977857
1494 73209181
6081 40564603
5720 76162433
7982 3600181
7487 9369415
9296 31778825
5404 6148722
6892 85560551
297 64100032
9134 41453181
8506 43000415
7057 63309708
595 87869999
1962 9122297
7483 69485776
154 79078977
1309 31752587
9932 26733382
5021 19554266
3563 80518860
3682 17919211
7685 33679086
4285 88600930
5990 10804583
7314 32661476
4116 84105820
1892 47525
5528 51548839
7525 45907490
1136 61111360
9618 26257643
337 63090928
6582 64836621
4310 70927955
888 72644225
6815 13284570
3437 16230853
8 67117722
1783 23722350
8657 10019097
3827 87699126
1269 84532071
6651 46543149
910 28150528
639 49238398
1888 12846610
2393 81938577
3890 38508976
5199 70764552
6931 31136087
8777 13370099
657 86458566
952 96387017
2641 34402735
9368 36501298
8184 76463195
6776 96065805
5266 64433428
8954 49562528
308 35029593
7278 34332197
2555 79299672
774 28816445
5000 15532325
997 32248283
8412 95476127
8382 43575421
4693 75189334
2439 87997334
8421 12558159
4985 11532957
1354 53701761
8762 2502972
1541 50177716
1852 15721850
3662 8385482
399 38086217
5154 18811173
9015 10496506
9851 71486364
4790 33498263
2491 88333172
37 1383537
8859 22038828
871 78117280
6987 66365856
6590 23588341
3970 49735352
7665 43205511
3069 83159517
7361 90123083
1351 13984112
9300 31716506
1638 114667
9364 72141489
1032 37444154
6104 91049875
3679 87716141
3412 94302538
4969 34300636
6170 44321956
2844 67072760
6649 25736814
4465 99004314
2326 21723886
183 80356039
6969 78711535
152 92542621
4393 79621790
7289 10160109
9631 16744673
4264 62405735
4548 78384295
1877 52714313
6833 12363198
4949 50109355
5155 40167793
8468 29598156
960 38992933
8823 87333286
3171 68285358
5677 25050140
3245 67032181
2761 14943990
323 10220050
4100 3419954
1075 72678364
2042 87245624
2659 68433919
6289 76235844
3469 79461238
1551 42484976
5383 48530019
3133 90536343
9304 53171956
5981 53242475
3666 3078011
8967 73456912
192 48371729
902 21766868
8131 13475002
3174 90559207
9718 96015216
1183 89702377
5487 22767472
4573 50248957
5062 97286125
3933 79376797
2496 17303418
3141 90858153
1726 52785474
6980 96935393
3485 27395948
2305 78460030
4029 11279559
6898 39362160
4562 30416424
7719 63394280
1641 12728902
3010 95883480
2726 24037583
8789 95244140
3708 91352723
938 72142557
2493 97020431
710 84134220
5905 59587690
9613 5639391
3638 3948270
9421 15237667
7829 36812671
6180 92468743
9095 89523899
3024 46147088
9154 13962386
569 95268232
9969 93165710
2373 11810030
8433 17619663
2587 98177279
94 99439649
1499 16932351
7339 15867464
1742 98497330
2086 59157515
1349 87529915
186 25853881
5011 15685634
4133 40864387
2722 22633287
6773 56349643
1519 92796742
5354 60900244
3124 86520139
6259 93562063
7418 45646353
1712 19495269
8705 4515404
2733 37636799
2734 7664819
4315 21750435
1087 45250853
669 32712450
6487 67984802
6837 75255562
8089 28373610
5205 61005960
6704 33606911
2557 30779829
3403 5428816
1892 57310821
1522 17313605
2443 18656579
5361 17171528
3378 29844447
2700 5574045
4882 25033787
4899 51685551
2589 11731386
353 83809426
6948 62774794
3036 71078506
7107 38356092
5417 50689664
5921 77298820
8480 45964166
5994 12196354
4123 16418437
2933 90109484
6317 87116312
3931 63429017
6709 24035165
9156 96001608
7069 51211745
2995 47877422
1171 47206295
8569 99690559
4801 39435676
6652 75456571
5340 59668925
1743 98730172
3091 44884089
6527 73913566
8878 94265812
3050 99895196
2124 36463333
4213 79075186
8499 4273370
6794 88705568
5115 35296141
9342 42992639
2437 4754263
3198 53273590
9939 33216202
6513 86801631
5128 86488257
1804 51004571
2346 48944683
8138 45161225
495 41427540
6421 77078972
7226 8350634
4158 90875725
356 31200952
7645 20595472
3446 73683339
8111 1485883
7603 58757661
5825 22597542
216 88492339
9174 37345344
596 47417330
6267 58839294
2013 18270757
519 92058860
4650 1543292
7832 42591876
279 25261990
3953 27520635
9295 18051598
6107 27962741
4937 64190570
4976 70142540
4584 89210801
83 19924800
9492 54625609
6496 57686440
2939 50622763
5735 50891304
9873 73012606
164 33594523
2251 64574349
2751 89452530
6339 14656704
3165 51301986
8302 17575625
1079 76929591
2547 66232407
8484 9717131
9561 44814919
1931 38149053
528 39398427
5494 53969819
7543 64847581
1123 16433768
187 297639
4643 64902438
1988 31217394
1320 7194680
4098 23814486
3018 31068752
6463 42764098
4695 28159010
6505 60073179
6142 16926066
8098 20004425
1472 56814978
2853 3396966
4797 54426748
4547 68132272
516 58591086
9912 73375159
9877 33271900
2553 82851197
2932 2953003
2035 3965951
8107 53058498
49 99539154
3861 8212906
2334 71580003
5325 16986784
4428 85216797
1763 3473633
115 84556560
381 61861014
5185 28730897
2100 73605097
2408 48948329
3349 11701313
5879 4862634
4316 43467914
8585 53678775
2765 8044986
7930 82746626
7892 65316616
6629 46399569
9752 98397409
6366 8591515
7395 25232833
4428 12257776
3847 50839613
5026 60032300
1062 613786
629 88840763
5100 93266508
3397 26939416
775 2501982
4544 38263540
3320 38838826
6518 31807565
1794 80339499
7134 91461546
6908 62309853
3062 33094303
2686 98203842
8432 74606534
9807 43859810
8834 78490869
3596 96105815
7984 56758696
2324 13521382
4465 31109451
9716 21835361
9343 31573037
4187 95385861
602 17315981
5360 94074088
3879 6948620
3941 13833293
2924 43896628
7135 90397708
3162 13566942
3870 53111996
4163 31217466
7811 16908500
2515 91076487
6234 29193332
2290 51455950
8693 96561633
5339 11672880
7494 51412293
5213 67642854
6382 95285444
1475 1840323
8738 67120751
6951 21125873
4811 16726465
9168 96778681
4813 84269683
2499 24058977
4535 20975014
5464 36610769
8346 42324107
3072 53683391
5740 76098411
2623 83319587
7057 99347836
8793 25483439
3281 30556620
114 56238371
7371 78063418
596 60198534
9883 17059764
3567 17114697
5800 89976067
3674 7510335
7433 8795490
7457 66122132
5949 37190529
5523 42491690
5292 37648147
7629 45802349
2335 81776422
2140 36631968
3043 3612255
339 62496766
2025 22720936
1653 81468260
7052 84675220
2957 98629204
1287 92242983
9540 38088721
4826 2746997
7205 9677127
3878 76502728
5169 58229170
7227 82982798
1520 56149563
9221 27803660
7883 29578616
2267 38138223
5382 18094292
5511 67257035
2553 5642563
8608 50631862
1768 79069895
1198 62897660
4968 1432376
1009 26372173
9503 10584887
1254 15764673
4057 22028481
3823 25331929
4396 15993044
1942 75962280
8012 89554209
6855 42649747
4854 79962366
3134 12213759
1281 66841742
1973 94879401
1638 10723171
3413 68072958
1899 28424422
1484 28267755
5661 54839090
8780 12826071
3923 47782603
8000 60048320
2000 43779942
6952 14350012
504 55113807
9759 45985358
2525 19392894
9117 78200158
4636 73531090
9560 84632626
614 83342973
1937 53928865
3748 52153421
6620 55779409
8863 78715400
1832 88862786
8004 59249833
7458 95276356
6127 89924410
6368 41366631
4569 66596128
8341 37633446
5374 98037458
3605 24710010
4901 88883165
8989 13341867
2490 67050926
732 88996238
699 1953705
2000 31199562
5457 18383832
2348 59653461
17 21459807
6169 38182497
569 17042538
9128 61425139
5018 19387470
8585 74630392
1280 67378542
6754 46512533
1707 13685743
4400 33490550
3021 79611485
6788 4943720
5190 72265140
9634 14720647
5325 8691983
461 25801694
8142 34306630
4191 99055063
5520 43503320
6554 39990538
7142 64541492
930 85318422
34 66447685
7308 40668094
9780 44171708
8644 65872802
9545 49131784
6522 10351087
6925 59446157
1735 17048602
4492 4448548
296 55808986
1530 59320840
4049 95107051
512 20346956
7589 70717654
8448 2204872
2428 16778482
2557 45386088
6576 1272337
7797 31575220
5139 18343694
7005 90448014
4782 54590282
523 6252869
5236 23035015
1417 19491884
353 54459299
2724 38710754
6350 34123236
7710 37150292
7242 43916158
5164 18396023
4641 7977721
2111 70627569
6410 5826260
2790 81397902
9955 35396147
5916 5351089
2781 74226439
3958 66628017
7806 22275375
9901 33624511
4674 17418978
5265 78787377
8566 31362976
7669 13902161
9134 55262833
