1
453
721
1237
1729
2201
2549
2913
3349
3825
4229
4765
5261
5673
5985
6513
6957
7349
7765
8161
8621
9181
9537
10065
10497
10877
11341
11745
12149
12645
13021
13405
14025
14509
14937
15353
15865
16245
16677
16945
17461
17805
18261
18641
18985
19445
19781
20145
20529
20949
21401
21737
22189
22581
22985
23289
23657
24153
24621
25021
25569
26013
26501
27033
27493
27937
28305
28705
29173
29605
30073
30573
30933
31517
32029
32369
32677
33205
33733
34105
34549
34861
35349
35705
36157
36549
36921
37233
37693
38113
38645
38953
39269
39733
40237
40529
41069
41477
41869
42421
42801
43245
43725
44141
44621
45021
45297
45749
46081
46369
46725
47209
47569
47969
48545
49045
49461
49805
50121
50729
51201
51625
52061
52501
52825
53289
53777
54273
54833
55225
55705
56233
56689
57153
57597
57957
58205
58509
58905
59305
59753
60133
60593
61053
61533
61969
62465
62757
63217
63681
64145
64469
64845
65197
65561
65969
66377
66837
67413
67777
68209
68605
69105
69493
69869
70209
70697
71141
71521
72017
72433
72849
73293
73685
73973
74345
74833
75253
75721
76241
76601
77133
77513
78041
78505
78893
79325
79685
80153
80693
81225
81549
82057
82429
82809
83301
83749
84169
84609
85113
85597
85973
86313
86769
87237
87585
88021
88489
88969
89361
89729
90169
90577
90921
91361
91869
92321
92741
93289
93741
94169
94637
95129
95441
95945
96217
96565
97005
97469
97941
98369
98757
99113
99577
100005
100393
100769
101185
101601
102073
102589
103069
103377
103769
104201
104565
105013
105429
105909
106245
106605
107049
107405
107869
108313
108669
108929
109257
109697
110065
110457
110817
111241
111665
112085
112669
113157
113641
113977
114221
114557
115025
115477
115841
116333
116741
117301
117653
118221
118533
118977
119465
120033
120485
120857
121345
121777
122233
122601
122873
123285
123641
124041
124485
124849
125249
125753
126093
126553
126817
127109
127549
127821
128241
128657
129113
129353
129553
130029
130289
130641
131133
131705
132213
132549
132973
133409
133865
134385
134729
135289
135669
136137
136569
136929
137373
137825
138221
138669
139045
139605
139897
140469
140905
141341
141613
142033
142493
142865
143153
143529
143997
144389
144777
145133
145645
146005
146321
146901
147361
147833
148245
148725
149173
149597
150045
150509
150837
151329
151749
152281
152629
153081
153425
153941
154309
154725
155157
155545
156153
156597
156921
157341
157793
158193
158617
159117
159549
159813
160045
160509
160901
161385
161749
162049
162457
162821
163265
163741
164281
164741
165221
165589
166137
166573
167025
167365
167705
168117
168469
168813
169241
169741
170289
170737
171121
171713
172197
172565
172945
173277
173741
174073
174533
175013
175349
175733
176133
176549
177061
177449
177777
178185
178561
179033
179317
179757
180185
180685
181133
181473
181981
182393
182757
183245
183777
184041
184549
185069
185573
186097
186485
186905
187365
187777
188057
188481
188793
189189
189565
190049
190501
190905
191269
191837
192265
192777
193257
193677
194137
194525
194977
195485
195901
196325
196873
197401
197937
198433
198633
199177
199669
200053
200509
201025
201441
201797
202253
202657
203125
203473
203853
204389
204757
205161
205621
206069
206485
207029
207417
207845
208313
208825
209257
209689
210149
210557
210865
211349
211693
212221
212593
212977
213381
213845
214257
214729
215297
215673
216133
216493
216905
217277
217733
218113
218501
218821
219149
219553
219933
220345
220749
221253
221601
221953
222373
222773
223141
223601
224045
224569
224941
225329
225833
226321
226801
227213
227533
227957
228461
228937
229337
229749
230145
230449
230809
231233
231473
231849
232245
232597
233201
233653
234153
234577
234941
235421
235921
236337
236753
237165
237541
237965
238401
238861
239301
239657
240061
240469
240737
241245
241709
242093
242401
242881
243305
243753
244197
244541
244981
245321
245801
246301
246653
247141
247629
247981
248325
248673
248993
249321
249869
250309
250749
251121
251581
251909
252257
252781
253213
253621
253961
254425
254717
255213
255789
256173
256473
256841
257161
257573
257953
258389
258797
259213
259617
260101
260409
260717
261145
261569
261969
262397
262773
263173
263641
263981
264473
264841
265201
265605
265965
266465
266829
267325
267801
268249
268725
269241
269573
269917
270365
270801
271345
271813
272153
272717
273029
273461
274001
274453
274861
275217
275533
275845
276345
276789
277193
277473
277853
278349
278845
279201
279733
280189
280609
281041
281357
281813
282361
282713
283105
283505
283765
284225
284629
285045
285525
285857
286273
286745
287197
287677
288125
288473
288957
289357
289729
290169
290549
290889
291361
291813
292317
292733
293097
293525
293933
294493
294969
295409
295989
296533
296889
297341
297757
298093
298445
298865
299173
299605
300129
300665
300997
301529
302033
302429
302881
303181
303681
303993
304349
304849
305201
305501
306093
306477
306985
307285
307785
308229
308625
309101
309541
309825
310229
310813
311329
311825
312045
312485
312973
313365
313913
314221
314757
315117
315517
315985
316369
316897
317313
317773
318161
318593
319077
319505
319805
320285
320681
320913
321305
321537
322069
322509
322885
323213
323609
324053
324581
324889
325381
325737
326141
326545
326953
327441
327877
328229
328813
329193
329569
329913
330317
330725
331013
331517
331933
332297
332841
333173
333561
333909
334353
334729
335201
335641
336101
336481
336957
337337
337825
338233
338701
339105
339481
339949
340357
340813
341141
341613
341977
342521
342929
343429
343773
344093
344505
344981
345425
345837
346369
346645
347005
347393
347901
348469
348869
349261
349717
350113
350525
350925
351345
351693
351977
352449
352905
353305
353645
354017
354457
355041
355457
355881
356257
356557
356781
357189
357565
358037
358525
358909
359241
359753
360149
360477
360981
361397
361789
362321
362673
363013
363501
363785
364197
364689
365037
365405
365929
366281
366649
367025
367349
367789
368209
368753
369069
369485
369897
370345
370853
371321
371749
372201
372585
372925
373397
373869
374061
374537
374989
375465
375841
376173
376625
377165
377689
378213
378753
379281
379753
380293
380821
381297
381665
382049
382469
382853
383237
383781
384241
384781
385293
385705
386109
386657
387061
387497
387941
388297
388853
389313
389797
390249
390777
391289
391757
392169
392725
393109
393569
393949
394357
394813
395253
395713
396037
396437
396817
397277
397625
398041
398541
399069
399461
399777
400133
400561
400973
401453
401841
402205
402593
403045
403417
403841
404169
404501
404913
405185
405653
406089
406561
406961
407389
407825
408197
408641
409173
409625
410041
410569
411005
411425
411765
412169
412625
413185
413681
414113
414589
415001
415417
415705
416205
416665
417153
417593
418125
418601
419017
419429
419725
420065
420529
420953
421405
421825
422109
422577
423045
423505
424017
424461
424757
425233
425505
425973
426405
426733
426973
427537
427945
428361
428857
429269
429669
430061
430565
430957
431437
431865
432241
432709
433257
433645
433885
434257
434717
435185
435681
435973
436401
436841
437209
437713
438157
438589
439097
439573
439825
440177
440633
441037
441433
441757
442285
442621
443065
443437
443941
444253
444697
445161
445537
445985
446481
447033
447417
447801
448205
448645
448957
449321
449753
450169
450453
450809
451281
451693
452061
452509
452757
453129
453633
454121
454489
454949
455313
455645
456025
456469
456805
457189
457669
458033
458485
458925
459353
459877
460305
460605
460861
461261
461637
462189
462673
463053
463377
463765
464137
464501
464965
465425
465981
466429
466865
467261
467721
468173
468669
469169
469597
469889
470325
470669
471089
471517
471837
472169
472745
473197
473645
474137
474457
474945
475405
475757
476085
476525
476965
477509
477905
478237
478661
479185
479605
480141
480453
480833
481281
481789
482161
482469
482833
483333
483705
483973
484377
484821
485257
485617
486065
486541
486869
487189
487533
487857
488265
488741
489181
489641
489989
490413
490833
491233
491677
492053
492481
492829
493181
493573
493981
494465
494993
495469
495901
496353
496597
496989
497449
497813
498241
498629
498953
499397
499913
500321
500773
501309
501725
502129
502593
502941
503441
503777
504133
504513
504877
505289
505653
506013
506353
506881
507341
507849
508309
508765
509181
509529
509953
510381
510849
511285
511665
511993
512513
512913
513377
513805
514201
514629
514981
515177
515593
516077
516533
516889
517293
517677
518121
518569
518913
519229
519721
520105
520473
520901
521245
521561
521981
522445
522937
523421
523801
524149
524517
524981
525345
525773
526181
526585
527085
527497
527909
528341
528709
529141
529685
530161
530581
530921
531441
531793
532365
532793
533189
533701
534005
534449
535001
535453
535725
536165
536581
536921
537393
537873
538293
538797
539213
539673
540005
540465
540757
541233
541621
542069
542561
543045
543345
543753
544197
544709
545125
545541
545873
546417
546837
547285
547849
548277
548681
549193
549613
550109
550589
550925
551253
551681
552141
552637
553113
553513
553981
554493
554833
555321
555717
556093
556445
556853
557269
557625
557933
558389
558829
559193
559637
559893
560209
560533
560817
561345
561869
562369
562761
563149
563477
563913
564233
564593
564985
565497
565901
566421
566945
567525
567985
568477
568805
569309
569757
570121
570553
571001
571433
571905
572309
572725
573141
573581
574005
574445
574949
575269
575777
576241
576657
577105
577533
577937
578441
578741
579153
579677
580109
580513
580909
581297
581653
582061
582553
583037
583513
583873
584209
584637
585069
585605
586089
586537
587033
587485
587817
588209
588661
589089
589633
590089
590461
590789
591381
591833
592265
592609
592973
593249
593741
594277
594589
594961
595225
595677
596001
596385
596721
597145
597553
597957
598389
598877
599245
599645
600085
600549
600949
601473
601961
602469
603065
603369
603785
604101
604505
604925
605425
605913
606485
606973
607393
607757
608281
608665
609213
609501
609789
610161
610525
611029
611497
611869
612317
612677
613073
613557
613977
614377
614749
614981
615429
615749
616021
616413
616793
617233
617629
617981
618393
618977
619245
619669
620149
620621
621249
621721
622305
622725
623085
623537
624009
624329
624741
625045
625501
625761
626005
626353
626693
627113
627569
627897
628377
628729
629221
629509
629825
630241
630549
631081
631613
631973
632525
632789
633169
633581
634013
634433
634937
635305
635813
636245
636673
637177
637545
637921
638385
638749
639185
639549
639949
640197
640645
641145
641497
641881
642273
642597
643085
643645
644065
644465
644837
645117
645633
645941
646373
646857
647137
647481
647985
648289
648713
649189
649717
650181
650533
650869
651305
651713
652177
652733
653217
653641
654153
654537
655009
655477
655849
656409
656817
657405
657713
658085
658525
658917
659313
659741
660221
660697
661145
661465
661785
662245
662685
663141
663409
663881
664233
664581
664961
665445
665805
666249
666685
667061
667445
667817
668105
668477
668885
669241
669685
670029
670405
670697
671213
671617
672125
672637
673037
673441
673905
674369
674713
675081
675633
676169
676757
677153
677521
678025
678481
678917
679221
679681
680085
680405
680817
681325
681689
682145
682677
683057
683457
683841
684205
684541
685029
685381
685817
686217
686733
687225
687833
688221
688701
689189
689665
690037
690429
690973
691493
691881
692277
692709
693205
693665
694037
694529
694961
695405
695825
696317
696821
697417
697733
698001
698341
698701
699145
699465
699825
700253
700637
700953
701377
701641
702129
702565
703001
703449
703933
704389
704873
705317
705765
706093
706525
706957
707341
707697
708001
708477
708889
709233
709565
709937
710441
710829
711105
711481
711989
712361
712649
713017
713437
713825
714349
714637
715269
715753
716261
716669
717041
717481
717865
718345
718765
719165
719385
719853
720193
720521
721013
721525
721953
722453
722881
723245
723609
724009
724437
724917
725293
725593
725917
726385
726841
727305
727833
728209
728625
729021
729333
729893
730189
730545
730997
731429
731961
732325
732717
733209
733765
734301
734669
735125
735681
736005
736517
736789
737249
737645
738141
738413
738793
739217
739581
739925
740253
740701
741117
741401
741841
742281
742733
743073
743421
743825
744205
744673
745053
745365
745649
746101
746585
747033
747413
747773
748305
748701
749141
749497
750077
750645
751105
751481
752005
752365
752757
753205
753545
753901
754253
754645
755129
755605
756061
756477
756837
757245
757633
758061
758461
758961
759389
759909
760305
760669
761161
761605
762005
762513
762985
763473
763897
764229
764741
765165
765577
766073
766393
766833
767133
767529
767965
768441
768881
769153
769613
769965
770457
770845
771137
771597
772089
772489
772905
773397
773713
774229
774633
774945
775493
775869
776313
776665
777097
777469
777973
778373
778773
779129
779585
779973
780389
780789
780981
781445
781833
782165
782629
783153
783617
784081
784533
784969
785417
785873
786317
786733
787121
787477
787865
788281
788733
789145
789501
789865
790193
790577
791057
791605
791981
792533
792973
793265
793689
794213
794693
795181
795565
795845
796325
796753
797153
797541
797977
798345
798753
799325
799661
800053
800381
800785
801285
801633
802025
802389
802761
803065
803577
804009
804533
805009
805489
805981
806493
806913
807381
807877
808201
808665
808969
809413
809753
810193
810689
810985
811489
811845
812285
812749
813285
813733
814057
814433
814857
815361
815757
816069
816561
816953
817469
817909
818205
818749
819333
819825
820193
820765
821269
821625
822017
822465
822841
823345
823733
824125
824657
825033
825509
825957
826317
826621
827129
827689
828165
828529
829001
829449
829877
830397
830713
831117
831637
832105
832457
832949
833493
834069
834625
835209
835705
836065
836481
836941
837393
837745
838177
838597
838861
839205
839701
840117
840549
840993
841473
841985
842429
842913
843165
843449
843865
844249
844705
845173
845557
845897
846433
846841
847313
847617
848077
848381
848745
849257
849669
850105
850581
851013
851557
852081
852525
852889
853389
853769
854077
854545
854937
855353
855793
856265
856553
856861
857193
857645
858117
858593
859073
859625
860013
860425
860821
861321
861901
862445
862869
863377
863617
864085
864501
864913
865349
865781
866085
866449
866965
867405
867893
868325
868877
869209
869605
869877
870401
870857
871289
871649
872149
872629
873045
873349
873673
873981
874265
874529
874969
875389
875941
876193
876601
876993
877449
877913
878293
878685
878973
879425
879917
880349
880785
881321
881777
882109
882445
882973
883349
883893
884273
884733
885193
885701
886169
886557
886893
887229
887661
887981
888321
888837
889173
889597
890141
890517
891101
891525
891953
892269
892665
893201
893621
894137
894589
894913
895277
895801
896193
896585
896997
897417
897969
898413
898849
899209
899573
899909
900281
900825
901229
901821
902273
902621
903045
903413
903893
904417
904845
905397
905849
906277
906697
907133
907625
908013
908433
908821
909389
909829
910145
910629
911045
911373
911713
912089
912361
912953
913353
913689
914041
914493
914793
915293
915729
916013
916377
916833
917293
917725
918245
918745
919265
919665
920177
920685
921189
921737
922185
922585
922993
923365
923769
924237
924661
925113
925529
925913
926445
926925
927329
927805
928129
928601
929065
929365
929849
930281
930761
931165
931609
931997
932377
932861
933161
933541
933933
934213
934537
934961
935357
935837
936349
936849
937365
937733
938165
938561
938901
939341
939829
940265
940717
941125
941657
942181
942621
942853
943453
943817
944213
944693
945017
945417
945789
946173
946665
947181
947497
947797
948237
948769
949281
949713
950253
950741
951253
951601
952005
952521
952857
953169
953629
953977
954529
954821
955253
955701
956097
956633
956953
957401
957697
958241
958661
959093
959497
959917
960409
960745
961165
961485
961873
962201
962753
963129
963665
964057
964549
965077
965485
965913
966373
966837
967365
967781
968077
968521
968929
969313
969813
970329
970781
971313
971781
972141
972609
972997
973545
974085
974561
974969
975317
975745
976221
976809
977173
977645
977873
978277
978721
979177
979529
980085
980537
980945
981365
981817
982241
982717
983097
983661
984125
984529
984821
985217
985605
986073
986553
987073
987529
987997
988177
988537
989021
989433
989861
990297
990697
991069
991489
991901
992393
992769
993193
993601
993941
994337
994705
995053
995433
995885
996365
996801
997173
997561
998053
998421
998929
999441
999957
0
