9
1 180 0
1 180
1 90 270
3 0 90 180
2 135 225 270 45
4 225 270 45 90
7 67 112 135 157 180 203 225 248 270 292 315 337 0 45
8 203 225 248 292 337 45 112 157
4 45 90 112 180 248 270 315 22
9 203 225 270 292 315 22 67 112 180
9 33 45 56 67 78 112 123 168 192 214 225 248 270 281 292 315 337 11
15 192 214 248 259 281 292 326 337 11 33 67 101 146 157 180
9 11 90 101 135 168 180 192 203 214 237 248 259 270 281 303 337 348 0
12 203 237 259 270 292 348 0 45 90 146 157 168
8 56 67 78 146 168 192 214 225 237 248 281 292 303 348 0 33
6 203 225 270 292 33 67
2 11 180 192 0
0
5 4
2 4
