10
1 0 180
1 180
2 90 180 270 0
3 270 90 180
2 180 270 315 90
6 225 270 315 45 135 180
4 22 45 67 157 270 292 337 0
10 203 225 248 292 315 0 67 90 157 180
3 248 270 315 337 0 67
11 203 248 270 292 337 0 45 90 112 135 157
6 22 56 78 101 123 135 146 248 281 303 348 0
16 225 259 270 281 315 326 337 348 11 56 67 112 123 135 146 168
5 67 112 203 225 248 270 292 315 326 33
15 192 203 225 237 281 315 33 45 78 112 123 135 157 168 180
5 33 78 90 101 135 157 237 326 337 22
15 192 203 214 237 259 337 22 45 78 90 101 123 135 168 180
7 56 67 101 123 146 180 214 237 259 270 281 337 348 33
6 192 203 248 281 56 90
2 11 180 192 0
0
2 4
0 4
