9
0
2 0 180
1 270 90
3 0 90 180
2 135 270 315 45
5 270 315 90 135 180
6 67 112 135 157 180 203 225 248 292 315 337 22
8 203 225 270 315 0 45 67 180
4 22 45 90 157 248 270 315 0
12 203 225 248 292 337 0 22 45 67 90 135 157
10 11 22 45 56 67 78 90 112 135 146 157 192 214 237 248 292 303 315 326 337
16 203 225 292 315 348 0 11 33 45 56 78 90 123 135 157 180
7 22 33 56 67 112 135 146 157 192 214 225 281 292 348
15 192 214 281 303 326 0 11 22 45 78 101 112 146 168 180
6 33 101 123 157 180 192 214 270 281 292 337 0
7 203 281 315 337 22 112 168
2 11 180 192 0
0
2 4
1 3
