9
1 180 0
1 180
2 180 270 0 90
3 270 0 180
1 315 135
6 225 270 315 90 135 180
5 67 112 157 203 225 248 270 292 337 45
6 225 270 315 337 45 112
4 45 90 112 157 180 225 248 270
12 225 248 292 315 337 0 22 45 90 112 157 180
10 22 45 56 78 90 101 112 123 146 192 203 214 237 259 281 303 315 326 348 11
15 203 225 237 270 281 303 315 337 348 11 56 67 101 135 180
9 11 56 78 168 192 203 214 225 248 259 270 281 303 315 326 337 348 0
14 192 203 225 237 248 270 292 326 337 11 67 78 157 180
9 11 45 90 123 135 157 168 180 203 214 225 237 259 270 281 326 337 0
7 192 248 270 326 56 67 123
2 11 180 192 0
0
5 4
2 4
