9
1 0 180
1 180
1 180 0
3 270 90 180
3 135 180 270 315 0 90
5 225 315 0 135 180
5 45 135 157 180 225 270 292 315 337 22
8 203 225 270 315 337 90 135 157
4 90 112 180 203 248 292 337 67
10 225 248 292 315 45 67 112 135 157 180
10 33 45 56 90 101 123 146 168 180 192 203 225 248 259 270 281 303 348 0 22
16 203 214 237 259 270 281 292 348 22 33 56 90 101 135 168 180
10 45 56 78 90 101 112 135 157 168 180 192 203 225 237 248 259 292 337 0 22
19 203 225 237 248 270 281 315 337 348 0 33 45 67 90 101 123 135 157 180
11 11 33 56 78 112 123 135 146 157 168 180 192 214 225 259 270 281 292 303 315 348 0
8 203 237 292 326 11 78 112 168
2 11 180 192 0
0
5 4
2 4
