10
0
2 0 180
1 0 270
2 0 180
2 45 135 270 315
7 225 270 315 0 45 135 180
5 22 67 112 135 157 203 225 270 315 0
5 203 292 0 45 90
4 45 67 90 180 225 315 0 22
8 203 248 315 337 22 67 112 180
8 22 56 67 123 135 157 168 192 203 259 270 303 315 348 0 11
15 203 259 281 303 315 348 0 33 45 67 123 135 157 168 180
9 56 67 78 112 135 146 192 203 214 248 259 270 281 292 326 337 0 22
18 203 214 248 270 281 303 326 348 11 22 45 67 78 101 123 146 168 180
9 22 33 45 56 78 90 123 146 157 168 180 192 225 259 292 326 337 0
19 192 203 214 225 248 270 281 292 315 337 11 22 45 56 78 101 112 123 157
8 33 45 56 78 112 123 135 157 168 192 259 270 326 337 348 11
8 214 237 281 303 348 90 101 135
2 11 180 192 0
0
5 3
4 4
