11
1 180 0
2 0 180
1 0 90
2 270 180
2 45 180 270 0
6 225 270 315 0 90 180
6 67 90 112 135 157 180 225 270 315 337 0 45
8 203 248 292 337 45 90 135 180
6 45 67 90 112 135 180 203 225 270 315 0 22
10 225 248 270 315 337 0 45 90 112 180
8 22 56 67 101 112 168 180 225 259 270 281 303 326 337 0 11
14 225 237 248 270 292 315 337 348 11 33 56 67 112 180
9 22 33 67 78 90 101 123 180 192 214 237 259 270 281 303 315 348 0
17 192 214 225 281 292 315 326 337 348 11 22 45 67 90 101 112 123
9 33 67 78 90 123 146 157 192 237 281 292 303 315 326 337 348 0 22
17 203 214 225 237 270 292 303 326 348 33 67 78 90 112 123 157 168
10 45 56 101 112 135 157 180 203 225 237 248 259 281 292 303 315 326 337 0 33
19 214 225 248 270 292 303 326 348 0 33 45 56 78 101 112 123 135 168 180
9 56 78 90 101 157 168 192 214 237 248 259 281 315 326 337 348 0 11
9 237 292 337 22 45 112 135 146 180
2 11 180 192 0
0
3 3
5 4
