15
1 180 0
2 0 180
1 270 90
2 270 180
2 45 135 225 315
3 315 0 45
4 22 135 157 248 270 292 315 0
9 203 248 292 337 22 67 112 135 157
4 67 90 180 203 225 292 337 45
3 292 315 337
8 33 45 78 135 146 168 180 192 225 237 248 259 270 281 326 337
23 192 203 214 237 259 281 292 303 315 326 348 0 11 22 33 56 67 78 90 123 157 168 180
9 11 22 45 78 90 112 123 135 146 157 168 180 192 214 225 237 348 0
21 203 214 225 237 248 259 270 281 292 303 315 326 337 348 11 33 45 90 101 123 157
9 11 78 101 112 123 135 146 157 168 203 214 225 237 281 315 326 348 0
17 192 259 281 292 303 326 337 348 0 11 56 67 90 101 123 157 180
8 67 78 101 112 123 135 146 157 168 180 203 259 270 348 0 45
17 192 203 225 237 259 281 315 326 337 11 22 33 67 101 123 146 157
10 33 56 67 90 101 112 123 135 168 192 214 225 248 259 270 281 292 315 337 0
2 326 146
16 28 33 39 45 50 56 61 67 73 78 84 90 106 112 123 140 151 174 248 254 259 265 292 298 303 309 331 337 343 348 354 0
42 186 192 197 203 209 214 220 225 231 237 242 254 265 270 275 281 286 298 309 315 320 326 331 343 354 5 11 16 22 28 39 50 61 73 84 95 101 106 118 123 174 180
16 5 11 16 22 39 45 84 90 118 129 151 157 163 174 192 197 203 209 214 220 248 254 281 286 292 298 315 320 331 337 343 348
46 186 197 209 220 225 231 237 242 254 259 265 270 275 286 298 303 309 320 326 331 343 354 0 5 16 28 33 39 50 56 61 67 73 78 84 95 101 106 112 118 135 140 146 157 174 180
17 16 22 39 45 50 56 61 67 73 78 84 90 106 112 163 168 203 209 214 220 237 242 248 254 259 265 281 286 292 298 320 326 343 348
47 186 192 197 209 220 225 231 242 254 265 270 275 286 298 303 309 315 320 331 337 343 354 0 5 11 16 28 33 39 50 61 73 84 95 101 106 118 123 129 135 140 146 151 157 168 174 180
10 5 11 50 56 73 78 123 129 146 151 157 174 203 209 270 275 292 298 320 326
52 186 192 197 209 214 220 225 231 237 242 248 254 259 265 275 281 286 298 303 309 315 320 331 337 343 348 354 0 5 16 22 28 33 39 45 50 61 67 73 84 90 95 101 106 112 118 123 135 140 151 174 180
2 5 180 186 0
0
4 1
14 12
