11
0
2 0 180
1 0 270
1 0
1 45 315
5 225 270 315 0 45
3 22 45 67 203 315 337
7 203 225 248 292 0 67 180
3 67 90 112 157 248 45
10 203 225 248 270 315 0 45 67 112 157
11 11 33 56 67 78 112 123 135 146 157 168 214 237 259 270 281 292 303 326 337 348 0
15 225 237 270 292 315 326 348 22 45 56 78 112 123 135 168
9 33 45 67 78 90 101 135 168 180 225 248 259 281 292 303 315 337 0
17 192 203 248 270 281 292 303 326 0 11 22 45 56 67 101 135 168
8 22 33 67 135 146 157 168 180 214 248 259 270 315 348 0 11
14 192 214 237 259 281 315 348 22 45 67 112 135 146 157
8 33 67 78 101 157 168 180 214 248 259 270 315 326 337 348 22
16 214 225 237 259 303 315 326 348 22 33 78 101 123 146 168 180
8 11 22 33 45 56 78 101 146 157 168 192 203 237 292 337 348
8 203 225 303 326 0 56 90 180
2 11 180 192 0
0
4 5
10 0
