15
1 180 0
1 180
1 270 180
2 270 0
3 135 180 225 270 315 90
4 0 45 90 135
6 22 67 112 135 157 180 203 225 248 270 337 0
12 203 225 248 270 292 315 337 0 45 90 135 157
5 22 45 67 90 112 135 157 180 270 292
9 225 248 315 0 45 67 112 135 157
9 22 33 45 56 78 90 123 135 157 214 248 259 270 281 315 337 0 11
17 225 237 248 281 292 303 326 348 22 67 78 90 101 135 146 168 180
12 11 33 45 56 90 101 112 123 135 146 157 168 180 192 203 214 237 270 281 292 315 337 348 0
18 192 214 225 237 270 281 303 315 0 11 56 67 78 101 112 146 168 180
8 11 33 45 56 67 90 101 123 146 157 192 248 259 292 315 326
20 203 225 237 259 270 281 303 315 337 348 0 22 33 45 67 112 123 135 157 168
7 45 56 67 90 123 135 146 168 192 203 303 326 337 22
15 214 225 248 281 292 303 337 348 11 22 45 78 101 168 180
8 22 45 67 112 123 146 157 168 180 203 225 248 259 303 348 0
19 203 214 259 303 315 326 337 22 33 45 56 67 78 90 123 135 146 157 180
16 11 16 39 50 73 78 84 95 106 112 129 140 151 163 186 214 225 231 237 248 254 275 281 292 298 315 320 326 348 354 0 5
35 192 209 220 225 242 248 270 275 286 292 309 315 320 331 337 343 348 5 11 16 22 28 33 56 61 90 101 106 112 118 140 146 168 174 180
16 16 28 39 67 73 84 95 106 112 118 129 140 151 157 163 174 186 192 203 209 214 225 231 242 248 270 292 309 326 331 0 5
30 197 209 225 242 248 270 281 315 320 326 343 348 354 0 5 16 33 45 50 61 73 90 101 106 123 129 140 157 168 174
17 22 28 33 45 50 56 61 78 90 95 106 129 140 151 157 168 180 186 192 214 237 242 248 254 259 275 281 298 303 315 320 337 343 354
32 186 192 214 220 225 231 270 281 309 315 320 326 331 337 343 354 0 5 11 28 33 73 78 84 90 101 112 135 140 157 174 180
15 11 28 39 50 56 61 78 90 95 106 118 123 129 135 151 157 163 180 192 209 225 237 254 275 286 292 315 320 337 343
22 192 220 225 242 248 275 281 286 298 303 348 5 28 45 56 67 78 112 123 129 146 174
2 5 180 186 0
0
5 5
14 12
