15
1 180 0
1 180
1 270 180
2 270 90
3 45 90 135 180 225 315
6 270 315 0 45 135 180
5 45 112 135 157 180 225 248 270 337 0
9 270 292 315 337 0 22 45 90 135
4 22 67 90 157 180 248 292 337
7 248 270 292 315 337 112 180
8 22 56 67 90 101 203 214 237 259 270 281 292 326 337 348 11
16 192 203 214 270 292 303 315 326 348 11 56 78 123 157 168 180
7 33 67 78 101 112 146 203 259 281 303 326 337 0 22
12 248 259 281 292 11 67 101 112 123 135 146 168
6 56 67 146 157 192 203 214 225 237 248 292 315
23 192 225 237 248 259 270 315 326 337 348 0 11 22 33 45 67 78 90 101 112 123 135 180
9 22 33 56 90 101 112 146 168 180 203 214 225 259 270 281 315 326 11
15 192 203 214 259 270 281 303 315 11 33 45 90 101 157 168
7 67 78 90 135 146 157 180 192 203 248 281 292 326 56
10 192 214 270 292 303 22 56 78 112 157
17 16 22 28 39 45 50 67 78 90 112 123 140 146 157 163 168 180 192 203 209 231 248 254 259 265 270 281 286 292 298 309 331 337 348
32 186 197 203 220 225 231 254 275 281 298 303 326 331 337 343 348 354 0 5 11 39 50 56 61 78 84 90 118 129 157 163 174
18 11 16 33 39 45 50 56 61 78 106 112 118 123 129 135 146 151 168 174 186 197 203 214 220 225 242 248 254 270 275 309 320 331 337 0 5
35 192 197 209 214 220 225 248 254 259 265 275 281 286 292 298 303 320 326 348 354 0 11 22 28 33 50 61 67 73 95 118 129 140 151 180
14 33 39 56 78 84 106 118 129 146 168 174 192 197 203 220 225 237 248 254 265 270 281 286 292 315 320 331 16
26 186 197 209 214 231 237 275 286 309 320 326 343 348 11 22 28 39 45 50 67 101 112 123 135 140 146
16 11 22 28 33 56 61 67 78 95 112 123 135 140 163 174 186 203 225 231 254 259 286 292 298 303 309 315 326 331 343 354 5
23 186 192 197 220 231 259 292 309 5 11 33 39 45 50 61 73 84 90 101 118 123 140 168
2 5 180 186 0
0
8 8
14 9
