20
1 0 180
1 180
2 90 180 270 0
2 0 180
1 180 45
5 225 45 90 135 180
4 22 112 157 180 225 248 270 0
5 203 270 22 135 180
3 67 157 225 337 0 22
8 203 225 292 337 0 45 157 180
8 33 146 157 168 192 225 237 270 292 303 315 326 337 348 0 22
15 225 237 259 270 281 303 326 348 0 22 45 112 146 168 180
7 22 33 45 78 112 135 146 157 180 214 281 315 326 337
17 192 225 248 270 303 326 348 0 11 33 56 78 90 101 135 157 168
11 11 22 33 45 78 90 101 123 135 146 168 192 203 214 225 259 270 292 315 326 337 348
15 203 214 225 259 292 326 337 0 22 33 67 90 101 157 168
7 33 78 112 157 180 203 225 248 270 315 337 348 0 11
15 203 225 248 259 270 315 326 348 22 45 78 101 135 168 180
9 56 67 78 112 123 135 146 157 180 192 214 225 281 303 326 337 348 33
21 192 225 237 248 259 270 292 303 315 337 0 33 45 56 78 101 112 123 135 157 168
19 11 28 33 39 45 50 61 78 84 95 118 123 135 146 151 163 168 186 197 220 231 237 242 254 259 265 270 281 286 298 303 309 320 331 337 348 354 5
28 186 192 197 214 231 265 270 281 298 315 320 331 348 5 11 28 39 50 56 84 95 106 118 123 129 151 163 174
18 11 16 28 33 39 45 50 73 78 84 95 101 106 118 129 151 157 168 180 186 203 209 214 231 237 254 259 265 270 275 281 292 303 320 331 0
28 192 197 203 209 231 237 254 259 270 281 298 303 320 326 331 5 22 33 45 73 84 90 101 123 135 146 168 180
18 33 39 45 67 73 84 90 95 101 118 123 129 135 140 151 163 168 174 186 192 209 225 231 237 242 248 254 259 265 270 275 281 286 298 337 28
31 192 197 214 225 248 275 286 298 303 309 315 326 331 337 354 22 33 39 56 67 84 90 95 101 112 129 140 151 163 168 180
18 11 22 28 33 45 50 56 61 67 78 101 106 118 129 140 146 151 157 174 186 192 209 225 248 254 270 281 286 292 298 315 326 348 354 0 5
34 186 209 220 237 248 254 270 275 281 303 309 326 337 343 0 11 22 28 39 45 50 67 73 84 90 101 112 118 129 135 146 157 163 174
19 5 11 28 33 50 61 78 84 95 101 106 112 129 140 146 151 163 174 180 203 209 220 225 237 248 254 259 265 270 275 286 309 315 320 326 337 343 0
29 203 225 242 254 265 281 298 309 315 320 337 343 0 16 22 28 39 45 61 67 73 84 90 95 118 123 146 151 163
14 5 16 50 56 73 78 95 106 112 118 123 146 151 157 163 192 203 225 231 248 254 259 265 292 320 331 348 354
28 197 209 231 248 265 292 303 309 315 326 337 343 348 354 0 11 22 33 39 45 56 78 90 106 118 140 157 163
13 16 33 45 101 106 112 118 135 146 157 168 174 180 209 214 231 237 265 275 303 315 320 331 343 0 11
24 214 220 248 259 270 275 303 309 326 354 11 33 39 67 90 101 106 123 140 146 157 168 174 180
13 16 28 39 61 73 78 84 90 106 123 129 140 157 168 186 214 225 242 265 270 281 292 309 320 326 0
35 192 203 220 231 242 254 259 265 275 281 286 298 303 320 343 0 5 11 16 28 33 45 56 61 67 78 95 106 118 129 135 151 157 168 180
15 33 39 67 73 78 106 123 129 140 151 174 186 197 203 214 225 231 237 242 254 270 275 292 315 320 343 348 354 0 5
16 186 192 209 254 265 286 348 11 22 28 50 61 112 123 151 163
2 5 180 186 0
0
0 6
8 8
