1000
39709 -13932
39735 -13916
39717 -13919
39720 -13904
39745 -13942
39750 -13965
39709 -13925
39710 -13936
39704 -13957
39713 -13958
39704 -13910
39733 -13943
39728 -13942
39718 -13937
39709 -13953
39743 -13923
39738 -13950
39758 -13929
39723 -13930
39718 -13915
39700 -13929
39757 -13905
39756 -13957
39722 -13953
39746 -13937
39725 -13930
39721 -13903
39717 -13915
39731 -13906
39751 -13949
39745 -13932
39723 -13909
39752 -13909
39728 -13956
39744 -13918
39722 -13948
39723 -13964
39733 -13963
39716 -13947
39754 -13910
39741 -13943
39761 -13964
39738 -13935
39704 -13914
39718 -13918
39737 -13921
39760 -13960
39722 -13927
39757 -13907
39720 -13955
39739 -13905
39742 -13951
39701 -13936
39727 -13912
39720 -13920
39715 -13949
39751 -13911
39730 -13964
39733 -13956
39761 -13933
39717 -13943
39758 -13912
39745 -13939
39761 -13944
39726 -13946
39711 -13912
39728 -13902
39761 -13918
39700 -13918
39736 -13950
39744 -13961
39729 -13963
39749 -13926
39761 -13934
39751 -13928
39744 -13935
39730 -13908
39708 -13905
39701 -13947
39706 -13952
39731 -13921
39724 -13908
39738 -13954
39741 -13903
39745 -13907
39758 -13928
39733 -13923
39748 -13945
39751 -13941
39720 -13929
39717 -13905
39708 -13913
39745 -13952
39740 -13949
39709 -13903
39730 -13913
39753 -13906
39731 -13903
39730 -13916
39721 -13906
39741 -13954
39715 -13945
39758 -13917
39747 -13951
39755 -13926
39739 -13907
39743 -13922
39728 -13938
39702 -13932
39727 -13919
39760 -13923
39713 -13946
39700 -13962
39747 -13950
39707 -13931
39726 -13964
39717 -13930
39736 -13916
39752 -13947
39702 -13903
39704 -13927
39710 -13916
39750 -13959
39743 -13908
39734 -13902
39704 -13940
39705 -13955
39758 -13930
39743 -13925
39725 -13945
39712 -13950
39705 -13916
39716 -13948
39733 -13954
39757 -13915
39726 -13940
39751 -13946
39707 -13915
39749 -13938
39737 -13922
39729 -13953
39753 -13963
39759 -13925
39736 -13952
39746 -13964
39744 -13908
39732 -13949
39707 -13927
39705 -13924
39730 -13960
39744 -13927
39745 -13902
39726 -13951
39706 -13962
39725 -13950
39704 -13912
39756 -13947
39740 -13954
39761 -13914
39723 -13932
39755 -13938
39702 -13941
39713 -13948
39737 -13906
39747 -13927
39723 -13950
39702 -13939
39725 -13921
39736 -13937
39710 -13941
39723 -13941
39758 -13919
39729 -13927
39745 -13936
39710 -13955
39752 -13915
39734 -13929
39723 -13965
39746 -13914
39760 -13946
39735 -13925
39760 -13965
39705 -13949
39743 -13909
39754 -13961
39710 -13965
39713 -13912
39732 -13917
39700 -13949
39725 -13959
39729 -13964
39731 -13949
39732 -13910
39715 -13958
39755 -13942
39708 -13946
39744 -13936
39740 -13923
39756 -13934
39706 -13948
39741 -13928
39742 -13923
39745 -13915
39709 -13919
39733 -13952
39736 -13904
39724 -13938
39761 -13921
39741 -13907
39716 -13937
39721 -13947
39725 -13964
39729 -13902
39717 -13958
39749 -13941
39723 -13920
39750 -13947
39759 -13946
39736 -13932
39720 -13940
39731 -13959
39731 -13948
39742 -13949
39730 -13927
39702 -13909
39716 -13920
39704 -13938
39752 -13902
39713 -13904
39730 -13903
39716 -13916
39760 -13937
39705 -13944
39737 -13931
39763 -13960
39741 -13905
39730 -13928
39710 -13907
39739 -13958
39743 -13947
39717 -13927
39724 -13962
39713 -13942
39722 -13962
39748 -13933
39722 -13907
39751 -13948
39732 -13960
39704 -13933
39761 -13957
39748 -13962
39716 -13912
39728 -13920
39721 -13940
39739 -13951
39731 -13963
39735 -13915
39733 -13951
39722 -13921
39745 -13961
39710 -13963
39713 -13947
39734 -13914
39726 -13931
39746 -13936
39760 -13948
39747 -13945
39749 -13916
39746 -13939
39707 -13937
39725 -13961
39759 -13955
39724 -13909
39700 -13932
39706 -13928
39747 -13939
39744 -13916
39714 -13912
39749 -13919
39730 -13932
39757 -13914
39725 -13954
39753 -13908
39703 -13936
39757 -13962
39760 -13961
39733 -13932
39721 -13918
39700 -13928
39758 -13935
39715 -13953
39749 -13907
39755 -13928
39714 -13913
39731 -13920
39737 -13925
39740 -13965
39700 -13909
39755 -13931
39702 -13956
39736 -13956
39717 -13949
39709 -13948
39738 -13945
39728 -13917
39700 -13927
39728 -13907
39751 -13913
39752 -13904
39703 -13955
39735 -13929
39760 -13928
39719 -13911
39732 -13906
39751 -13958
39748 -13927
39719 -13954
39738 -13909
39703 -13926
39703 -13950
39722 -13912
39734 -13945
39736 -13917
39701 -13960
39739 -13949
39711 -13959
39745 -13922
39741 -13929
39748 -13951
39750 -13925
39742 -13925
39713 -13926
39724 -13924
39750 -13930
39746 -13941
39726 -13956
39735 -13911
39750 -13954
39736 -13921
39702 -13914
39742 -13964
39705 -13912
39701 -13935
39731 -13911
39752 -13965
39725 -13903
39752 -13906
39715 -13935
39752 -13961
39756 -13929
39755 -13947
39721 -13959
39746 -13922
39752 -13935
39742 -13914
39716 -13931
39739 -13955
39730 -13906
39720 -13927
39734 -13905
39746 -13940
39731 -13922
39730 -13942
39751 -13905
39707 -13956
39754 -13933
39714 -13908
39748 -13919
39738 -13916
39737 -13950
39740 -13963
39710 -13912
39702 -13931
39713 -13906
39717 -13934
39713 -13949
39746 -13913
39730 -13919
39743 -13941
39752 -13964
39743 -13917
39725 -13922
39738 -13928
39746 -13908
39718 -13963
39710 -13932
39760 -13942
39714 -13936
39745 -13911
39709 -13952
39700 -13946
39718 -13931
39721 -13912
39747 -13914
39733 -13913
39716 -13930
39723 -13905
39753 -13937
39709 -13957
39728 -13931
39706 -13963
39707 -13923
39707 -13926
39733 -13937
39705 -13915
39702 -13946
39736 -13931
39736 -13938
39720 -13922
39707 -13930
39725 -13906
39754 -13907
39726 -13904
39710 -13906
39739 -13954
39718 -13913
39753 -13916
39703 -13909
39707 -13925
39712 -13913
39729 -13932
39734 -13965
39706 -13938
39724 -13948
39728 -13910
39750 -13948
39723 -13934
39729 -13965
39722 -13939
39755 -13934
39744 -13902
39721 -13919
39729 -13955
39728 -13939
39739 -13902
39725 -13923
39740 -13920
39736 -13942
39732 -13939
39741 -13957
39760 -13962
39736 -13924
39700 -13911
39748 -13965
39725 -13927
39724 -13933
39738 -13939
39739 -13915
39730 -13948
39731 -13947
39730 -13915
39733 -13946
39737 -13940
39753 -13904
39722 -13924
39740 -13946
39728 -13943
39712 -13941
39751 -13954
39757 -13964
39727 -13921
39751 -13922
39714 -13958
39758 -13914
39748 -13917
39710 -13917
39730 -13965
39736 -13908
39730 -13936
39709 -13918
39720 -13961
39762 -13960
39722 -13937
39735 -13904
39702 -13911
39750 -13921
39756 -13908
39702 -13954
39743 -13932
39747 -13933
39742 -13918
39746 -13928
39742 -13931
39751 -13918
39705 -13935
39750 -13927
39740 -13955
39755 -13957
39716 -13943
39725 -13920
39703 -13958
39743 -13905
39743 -13939
39703 -13905
39702 -13935
39735 -13962
39718 -13965
39728 -13960
39722 -13933
39700 -13912
39762 -13964
39708 -13961
39725 -13955
39717 -13947
39714 -13937
39730 -13934
39751 -13964
39750 -13938
39749 -13902
39754 -13912
39722 -13914
39745 -13955
39721 -13926
39756 -13948
39726 -13947
39760 -13906
39757 -13939
39738 -13927
39754 -13952
39742 -13912
39702 -13910
39706 -13911
39743 -13946
39714 -13933
39751 -13908
39709 -13938
39702 -13922
39719 -13931
39735 -13917
39709 -13950
39710 -13962
39719 -13936
39741 -13904
39755 -13903
39718 -13902
39707 -13961
39729 -13920
39702 -13959
39751 -13931
39746 -13963
39744 -13943
39756 -13960
39750 -13929
39713 -13907
39748 -13960
39740 -13932
39753 -13922
39752 -13908
39724 -13918
39723 -13927
39748 -13948
39728 -13928
39707 -13958
39730 -13929
39758 -13963
39757 -13965
39730 -13902
39743 -13956
39710 -13946
39751 -13916
39759 -13920
39718 -13908
39719 -13962
39730 -13947
39729 -13928
39743 -13930
39756 -13936
39703 -13961
39740 -13959
39713 -13919
39718 -13943
39707 -13941
39754 -13908
39739 -13938
39719 -13955
39711 -13960
39744 -13905
39732 -13934
39718 -13914
39735 -13921
39761 -13906
39704 -13923
39724 -13941
39753 -13949
39713 -13938
39730 -13909
39724 -13929
39749 -13944
39746 -13945
39710 -13913
39736 -13953
39728 -13945
39749 -13947
39733 -13959
39732 -13913
39741 -13915
39745 -13906
39757 -13933
39702 -13908
39717 -13956
39715 -13930
39721 -13953
39760 -13938
39703 -13965
39738 -13943
39743 -13963
39704 -13915
39714 -13922
39733 -13949
39750 -13914
39733 -13920
39703 -13949
39720 -13926
39761 -13958
39707 -13913
39736 -13964
39709 -13926
39711 -13930
39727 -13904
39759 -13910
39752 -13916
39718 -13923
39707 -13964
39763 -13965
39740 -13953
39733 -13911
39704 -13917
39729 -13960
39744 -13938
39711 -13913
39750 -13936
39747 -13928
39721 -13936
39726 -13955
39761 -13960
39745 -13927
39744 -13941
39726 -13906
39754 -13948
39750 -13904
39720 -13921
39705 -13918
39705 -13902
39723 -13916
39732 -13907
39744 -13942
39713 -13953
39737 -13949
39706 -13965
39752 -13929
39720 -13945
39717 -13946
39749 -13930
39722 -13957
39744 -13923
39755 -13943
39703 -13943
39724 -13935
39700 -13915
39705 -13946
39710 -13943
39730 -13957
39706 -13912
39742 -13956
39718 -13962
39755 -13907
39729 -13941
39739 -13916
39719 -13926
39727 -13909
39754 -13902
39755 -13919
39716 -13960
39726 -13925
39730 -13962
39731 -13917
39721 -13950
39761 -13936
39748 -13931
39761 -13931
39717 -13950
39749 -13903
39726 -13914
39759 -13926
39713 -13936
39711 -13946
39732 -13921
39759 -13944
39713 -13921
39747 -13920
39712 -13915
39717 -13964
39741 -13942
39704 -13934
39746 -13920
39705 -13933
39729 -13952
39709 -13931
39706 -13915
39713 -13945
39721 -13913
39727 -13935
39725 -13908
39747 -13944
39722 -13963
39714 -13902
39733 -13903
39718 -13948
39713 -13959
39720 -13908
39758 -13936
39724 -13903
39745 -13935
39700 -13965
39747 -13915
39701 -13905
39735 -13937
39745 -13958
39734 -13935
39755 -13941
39756 -13950
39736 -13960
39745 -13917
39729 -13923
39751 -13944
39741 -13910
39709 -13959
39735 -13961
39702 -13944
39759 -13938
39748 -13938
39754 -13924
39752 -13941
39709 -13945
39740 -13941
39750 -13910
39702 -13930
39716 -13918
39735 -13948
39728 -13921
39758 -13934
39720 -13931
39753 -13957
39717 -13955
39744 -13915
39701 -13956
39733 -13955
39722 -13905
39715 -13909
39752 -13948
39749 -13945
39745 -13925
39700 -13952
39739 -13934
39715 -13963
39760 -13950
39730 -13953
39731 -13927
39732 -13937
39734 -13927
39700 -13925
39716 -13950
39716 -13934
39717 -13962
39736 -13912
39763 -13955
39722 -13959
39745 -13959
39707 -13951
39704 -13904
39755 -13955
39726 -13922
39753 -13925
39735 -13914
39705 -13917
39722 -13951
39744 -13945
39720 -13916
39737 -13960
39762 -13965
39740 -13906
39704 -13950
39718 -13905
39758 -13915
39700 -13933
39740 -13951
39732 -13909
39738 -13946
39762 -13957
39747 -13910
39733 -13962
39702 -13929
39737 -13927
39735 -13935
39730 -13945
39743 -13957
39735 -13938
39755 -13946
39754 -13934
39732 -13943
39733 -13944
39729 -13933
39701 -13959
39727 -13956
39723 -13958
39724 -13905
39714 -13956
39706 -13924
39726 -13959
39706 -13929
39715 -13904
39714 -13940
39717 -13931
39758 -13902
39700 -13942
39731 -13912
39752 -13957
39752 -13958
39718 -13936
39713 -13910
39702 -13924
39711 -13947
39724 -13927
39759 -13905
39731 -13905
39715 -13927
39733 -13948
39751 -13930
39717 -13948
39702 -13938
39734 -13936
39707 -13960
39729 -13954
39717 -13945
39708 -13912
39728 -13952
39712 -13921
39712 -13942
39759 -13935
39742 -13905
39756 -13920
39757 -13957
39715 -13915
39748 -13911
39727 -13937
39719 -13960
39704 -13913
39718 -13932
39706 -13920
39726 -13939
39722 -13926
39734 -13909
39755 -13953
39757 -13924
39748 -13943
39747 -13912
39732 -13916
39718 -13919
39709 -13913
39759 -13934
39735 -13943
39749 -13962
39700 -13941
39727 -13939
39743 -13927
39720 -13943
39703 -13906
39717 -13963
39724 -13925
39703 -13946
39720 -13938
39724 -13937
39734 -13964
39708 -13938
39756 -13927
39756 -13926
39706 -13935
39721 -13951
39705 -13961
39721 -13934
39731 -13950
39742 -13965
39724 -13916
39743 -13913
39733 -13924
39719 -13940
39737 -13930
39725 -13941
39723 -13928
39701 -13942
39735 -13928
39743 -13911
39709 -13963
39743 -13953
39760 -13927
39707 -13954
39712 -13907
39753 -13938
39700 -13954
39736 -13914
39757 -13926
39729 -13916
39705 -13925
39721 -13920
39751 -13962
39726 -13954
39708 -13931
39744 -13932
39736 -13919
39739 -13930
39723 -13931
39750 -13913
39746 -13954
39759 -13942
39746 -13959
39704 -13946
39750 -13911
39729 -13939
39758 -13944
39756 -13940
39740 -13926
39700 -13964
39721 -13937
39741 -13908
39758 -13923
39726 -13911
39748 -13944
39746 -13956
39734 -13943
39708 -13937
39742 -13963
39748 -13903
39715 -13907
39723 -13908
39715 -13931
39747 -13916
39719 -13909
39709 -13928
39746 -13960
39745 -13948
39708 -13907
39701 -13924
39758 -13907
39741 -13944
39744 -13956
39728 -13959
39705 -13921
39718 -13959
39709 -13937
39700 -13945
39719 -13948
39753 -13907
39738 -13961
39705 -13959
39723 -13943
39721 -13907
39707 -13950
39709 -13944
39750 -13945
39742 -13932
39742 -13941
39735 -13905
39758 -13959
39759 -13960
39753 -13940
39755 -13950
39742 -13933
39705 -13953
39711 -13919
39701 -13964
39749 -13929
39703 -13929
39749 -13923
39702 -13917
39717 -13913
39727 -13946
39756 -13902
39750 -13908
39744 -13947
39738 -13904
39754 -13945
39741 -13918
39757 -13949
39747 -13907
39721 -13957
39707 -13949
39738 -13930
39728 -13963
39746 -13953
39704 -13908
39753 -13942
39735 -13950
39709 -13961
39710 -13949
39740 -13957
39737 -13955
39713 -13915
39717 -13941
39701 -13914
39735 -13949
39729 -13915
39717 -13929
39747 -13921
39723 -13913
39719 -13952
39708 -13932
39720 -13962
39723 -13955
39726 -13919
39720 -13915
39709 -13914
39709 -13920
39758 -13961
39728 -13923
39701 -13927
39739 -13953
39755 -13964
39751 -13936
39727 -13949
39718 -13947
39747 -13902
39710 -13902
39755 -13921
39721 -13928
39762 -13952
39739 -13960
39709 -13949
39734 -13923
39715 -13932
39703 -13934
39711 -13921
39724 -13960
39736 -13965
39741 -13906
39753 -13944
39703 -13919
39708 -13965
39734 -13916
39753 -13917
39726 -13908
39710 -13964
39754 -13936
39724 -13953
39743 -13954
39747 -13955
39720 -13907
39723 -13951
39725 -13904
39754 -13929
39743 -13943
39754 -13919
39721 -13946
39760 -13922
39755 -13905
39741 -13902
39749 -13942
39743 -13950
39757 -13944
39715 -13944
39700 -13940
39710 -13925
39744 -13965
39714 -13903
39718 -13941
39712 -13925
39733 -13905
39720 -13903
39760 -13947
39721 -13930
39750 -13963
39701 -13910
39725 -13909
39747 -13952
39746 -13909
39743 -13960
39760 -13958
39725 -13944
39760 -13916
39729 -13924
39702 -13920
39724 -13930
39719 -13953
39732 -13924
39716 -13958
39724 -13919
39731 -13919
39747 -13932
39761 -13951
39705 -13942
39713 -13911
39756 -13954
39712 -13952
39747 -13906
39706 -13955
39749 -13960
39749 -13937
39720 -13957
39744 -13954
39754 -13903
39754 -13918
39719 -13927
39720 -13963
39719 -13963
39758 -13911
39734 -13944
39713 -13922
39736 -13933
39714 -13947
39743 -13924
39706 -13957
39730 -13955
39703 -13923
39762 -13961
39711 -13934
39711 -13925
39711 -13917
39729 -13948
39749 -13943
39746 -13907
39745 -13944
39741 -13950
39734 -13951
39731 -13954
39722 -13918
39728 -13915
39711 -13932
39754 -13906
39760 -13909
39721 -13905
39736 -13906
39723 -13946
39710 -13953
39755 -13909
39753 -13921
39751 -13957
39751 -13945
39719 -13935
39729 -13907
39719 -13939
39737 -13934
39746 -13943
39708 -13914
39737 -13909
39737 -13963
39755 -13917
39761 -13950
39738 -13907
39716 -13940
39725 -13935
39744 -13911
39726 -13915
39720 -13956
39747 -13958
39761 -13929
39743 -13937
39729 -13940
39748 -13964
39737 -13902
39738 -13942
39700 -13916
39748 -13920
39728 -13946
39747 -13962
39723 -13937
39746 -13915
39739 -13962
39759 -13965
39732 -13919
39727 -13929
39736 -13939
39737 -13910
39710 -13956
39721 -13911
39726 -13935
39700 -13934
39706 -13953
39724 -13940
39722 -13954
39733 -13926
39755 -13962
39743 -13919
39706 -13960
39700 -13943
39733 -13942
39753 -13930
39755 -13939
39720 -13919
39733 -13904
39744 -13924
39709 -13933
39724 -13952
39742 -13917
39723 -13942
39725 -13931
39708 -13933
39757 -13919
39709 -13947
39740 -13929
39715 -13941
39718 -13906
39734 -13910
39733 -13915
39735 -13946
39712 -13927
39729 -13951
39700 -13910
39721 -13914
39745 -13933
39727 -13916
39722 -13913
39743 -13902
39715 -13912
39740 -13915
39752 -13922
39740 -13908
39714 -13932
39759 -13919
39730 -13951
39715 -13914
39733 -13909
39726 -13958
39747 -13919
39722 -13949
39710 -13930
39746 -13949
39760 -13954
39706 -13931
39750 -13905
39720 -13942
39707 -13905
39725 -13942
39705 -13911
39756 -13915
39746 -13930
39741 -13938
39703 -13910
39753 -13911
39707 -13908
39743 -13918
39754 -13943
39735 -13954
39700 -13959
39758 -13940
39704 -13941
39712 -13926
39701 -13957
39725 -13946
39726 -13926
39738 -13912
39745 -13954
39748 -13902
39749 -13949
39737 -13947
39760 -13949
39726 -13961
39733 -13935
39748 -13909
39713 -13957
39714 -13950
39715 -13943
39757 -13938
39752 -13921
39700 -13914
39761 -13965
39717 -13932
39713 -13935
39718 -13942
39723 -13960
39741 -13930
39722 -13935
39760 -13902
39705 -13937
39734 -13926
39733 -13902
39751 -13942
39763 -13962
39704 -13965
39753 -13914
39710 -13952
39737 -13918
39709 -13929
39753 -13965
39759 -13958
39703 -13953
39702 -13942
39714 -13943
39711 -13953
39755 -13912
39710 -13951
39715 -13960
39700 -13957
39745 -13904
39711 -13943
39751 -13921
39745 -13947
39717 -13954
39709 -13936
39706 -13927
39703 -13914
39738 -13925
39721 -13955
39750 -13961
39758 -13953
39750 -13942
39728 -13927
39756 -13928
39715 -13961
39704 -13947
39736 -13958
39757 -13963
39704 -13939
39730 -13905
39734 -13959
39710 -13911
39703 -13928
39715 -13922
39748 -13959
39755 -13960
39716 -13928
39729 -13934
39727 -13914
39705 -13906
39714 -13919
39702 -13950
39756 -13958
39732 -13952
39722 -13941
39741 -13921
39706 -13913
39705 -13931
39718 -13927
39745 -13945
39759 -13957
39741 -13961
39747 -13908
39731 -13925
39749 -13952
39716 -13938
39701 -13926
39736 -13920
39739 -13931
39732 -13933
39745 -13943
39729 -13935
39724 -13947
39756 -13935
39711 -13955
39760 -13931
39733 -13958
39742 -13926
39752 -13903
39732 -13950
39716 -13904
39722 -13903
39748 -13958
39708 -13917
39744 -13939
39732 -13926
39719 -13950
39729 -13957
39726 -13943
39716 -13917
39741 -13952
39747 -13913
39708 -13943
39739 -13918
39742 -13935
39756 -13918
39743 -13934
39706 -13910
39719 -13922
39747 -13940
39761 -13956
39739 -13928
39732 -13932
39712 -13937
39724 -13939
39721 -13960
39717 -13902
39707 -13919
39756 -13932
39759 -13949
39713 -13924
39732 -13938
39731 -13961
39759 -13923
39735 -13910
39759 -13936
39748 -13913
39758 -13909
39703 -13931
39734 -13928
39760 -13933
39708 -13942
39747 -13934
39735 -13930
39743 -13952
39718 -13935
39701 -13928
39725 -13926
39700 -13904
39713 -13940
39716 -13906
39708 -13940
39728 -13933
39729 -13938
39758 -13916
39734 -13961
39720 -13917
39716 -13921
39740 -13950
39726 -13950
39754 -13940
39756 -13942
39727 -13933
39725 -13958
39739 -13946
39740 -13921
39747 -13949
39745 -13941
39719 -13907
39737 -13948
39749 -13935
39704 -13937
39729 -13944
39711 -13910
39701 -13911
39714 -13924
39731 -13908
39709 -13916
39728 -13947
39733 -13965
39748 -13918
39715 -13921
39705 -13940
39752 -13960
39750 -13957
39712 -13938
39701 -13919
39721 -13948
39700 -13920
39754 -13962
39736 -13961
39734 -13957
39750 -13922
39716 -13924
39717 -13938
39714 -13942
39722 -13931
39735 -13945
39728 -13906
39735 -13908
39756 -13910
39700 -13931
39749 -13915
39750 -13923
39743 -13931
39760 -13929
39702 -13948
39724 -13955
39761 -13927
39724 -13945
39761 -13939
39720 -13933
39716 -13952
39706 -13922
39750 -13919
39758 -13947
39700 -13944
39742 -13909
39734 -13920
39702 -13936
39741 -13956
39759 -13913
39709 -13965
39731 -13918
39706 -13964
39703 -13935
39754 -13913
39736 -13928
39720 -13914
39704 -13909
39722 -13942
39730 -13956
39753 -13958
39740 -13935
39707 -13935
39704 -13921
39712 -13909
39708 -13944
39757 -13960
39703 -13942
39710 -13927
39746 -13947
39728 -13964
39730 -13914
39736 -13925
39740 -13940
39742 -13908
39713 -13929
39751 -13932
39750 -13937
39712 -13912
39761 -13910
39739 -13957
39710 -13919
39704 -13945
39737 -13929
39724 -13915
39749 -13918
39737 -13938
39732 -13963
39718 -13909
39744 -13925
39705 -13954
39739 -13922
39732 -13941
39742 -13913
39744 -13922
39700 -13917
39703 -13959
39761 -13935
39732 -13911
39741 -13940
39729 -13945
39758 -13931
39763 -13953
39752 -13930
39727 -13936
39743 -13912
39744 -13934
39745 -13910
39703 -13908
39722 -13929
39724 -13923
39705 -13922
39726 -13957
39730 -13935
39712 -13906
39738 -13960
39706 -13936
39752 -13907
39757 -13903
39710 -13923
39735 -13902
39704 -13959
39745 -13949
39709 -13951
39755 -13902
39708 -13921
39738 -13929
39743 -13949
39739 -13911
39751 -13965
39760 -13959
39750 -13958
39721 -13927
39761 -13911
39723 -13923
39728 -13911
39701 -13938
39751 -13938
39730 -13938
39702 -13926
39723 -13917
39723 -13945
39740 -13925
39715 -13917
39714 -13952
39711 -13906
39732 -13903
39701 -13965
39713 -13939
39749 -13921
39759 -13961
39705 -13943
39710 -13909
39753 -13950
39751 -13912
39715 -13964
39732 -13930
39732 -13964
39709 -13958
39749 -13964
39742 -13906
39748 -13912
39760 -13918
39703 -13944
39731 -13932
39702 -13906
39741 -13917
39727 -13924
39754 -13963
39740 -13943
39719 -13920
39759 -13945
39713 -13918
39709 -13911
39712 -13959
39744 -13937
39740 -13930
39737 -13961
39723 -13904
39759 -13953
39723 -13959
39716 -13915
39756 -13941
39723 -13939
39732 -13962
39761 -13930
39702 -13953
39743 -13951
39709 -13924
39712 -13931
39709 -13915
39701 -13962
39728 -13919
39756 -13906
39760 -13908
39727 -13922
39749 -13963
39706 -13956
39754 -13920
39747 -13929
39707 -13907
39724 -13921
39753 -13923
39714 -13963
39711 -13937
39761 -13953
39713 -13943
39710 -13950
39735 -13936
39710 -13947
39753 -13933
39714 -13959
39744 -13919
39707 -13934
39755 -13916
39742 -13952
39705 -13965
39727 -13926
39701 -13904
39715 -13940
39710 -13934
39712 -13948
39747 -13965
39733 -13936
39756 -13943
39706 -13919
39739 -13906
39705 -13958
39752 -13914
39701 -13907
39720 -13965
39753 -13953
39708 -13941
39753 -13909
39716 -13964
39720 -13960
39700 -13906
39734 -13931
39707 -13903
39721 -13929
39712 -13923
39751 -13915
39716 -13954
39703 -13948
39723 -13952
39723 -13938
39734 -13919
39724 -13913
39723 -13935
39761 -13954
39744 -13933
39701 -13922
39712 -13922
39706 -13902
39714 -13917
39721 -13916
39745 -13965
39753 -13927
39713 -13909
39758 -13965
39735 -13907
39753 -13962
39707 -13959
39726 -13916
39732 -13945
39746 -13946
39741 -13927
39758 -13941
39739 -13943
39714 -13904
39736 -13915
39740 -13912
39744 -13940
39709 -13943
39729 -13937
39723 -13912
39749 -13933
39728 -13930
39730 -13961
39737 -13913
39732 -13902
39715 -13910
39719 -13933
39724 -13964
39732 -13947
39723 -13956
39706 -13921
39749 -13924
39758 -13913
39740 -13933
39707 -13902
39742 -13922
39705 -13914
39760 -13912
39732 -13951
39740 -13960
39751 -13956
39722 -13909
39717 -13940
39728 -13957
39705 -13947
39716 -13946
39718 -13933
39728 -13944
39712 -13953
39747 -13936
39746 -13932
39730 -13926
39713 -13928
39741 -13934
39727 -13927
39746 -13925
39733 -13908
39749 -13957
39753 -13910
39708 -13934
39741 -13949
39721 -13904
39712 -13903
39756 -13959
39731 -13953
39750 -13917
39745 -13929
39727 -13951
39705 -13934
39731 -13957
39704 -13928
39761 -13904
39733 -13918
39714 -13926
39736 -13923
39730 -13925
39737 -13920
39755 -13936
39709 -13962
39757 -13947
39722 -13940
39760 -13917
39746 -13938
39745 -13923
39761 -13920
39753 -13924
39751 -13934
39716 -13925
39707 -13946
39743 -13964
39740 -13910
39718 -13940
39712 -13945
39748 -13955
39725 -13919
39722 -13965
39726 -13923
39701 -13948
39742 -13902
39721 -13935
39710 -13960
39713 -13960
39759 -13918
39716 -13955
39758 -13962
39702 -13904
39724 -13946
39735 -13953
39719 -13957
39749 -13940
39723 -13903
39709 -13930
39753 -13915
39727 -13955
39746 -13921
39742 -13910
39743 -13929
39732 -13944
39737 -13937
39760 -13911
39752 -13944
39702 -13955
39742 -13943
39720 -13952
39719 -13916
39711 -13939
39712 -13911
39720 -13958
39701 -13945
39762 -13951
39737 -13911
39754 -13947
39737 -13903
39750 -13956
39741 -13933
39706 -13905
39721 -13915
39704 -13952
39706 -13942
39724 -13922
39711 -13915
39763 -13956
39727 -13903
39719 -13923
39735 -13951
39752 -13937
39736 -13905
39751 -13933
39732 -13931
39726 -13962
39736 -13945
39712 -13955
39738 -13921
39750 -13964
39753 -13926
39706 -13958
39708 -13927
39710 -13921
39708 -13925
39734 -13915
39761 -13943
39751 -13904
39710 -13957
39758 -13943
39714 -13925
39754 -13946
39747 -13924
39759 -13914
39730 -13907
39727 -13917
39708 -13915
39715 -13913
39739 -13935
39749 -13928
39720 -13902
39714 -13938
39760 -13955
39720 -13911
39707 -13943
39704 -13942
39709 -13954
39726 -13927
39706 -13950
39730 -13954
39710 -13903
39739 -13939
39730 -13963
39735 -13934
39739 -13941
39702 -13963
39723 -13922
39755 -13906
39719 -13951
39750 -13950
39711 -13928
39704 -13944
39760 -13939
39748 -13937
39733 -13914
39739 -13961
39763 -13961
39714 -13916
39749 -13931
39714 -13906
39700 -13935
39730 -13941
39700 -13938
39732 -13912
39721 -13933
39754 -13964
39712 -13935
39749 -13946
39750 -13951
39748 -13910
39735 -13932
39711 -13941
39720 -13934
39750 -13920
39701 -13939
39741 -13919
39761 -13952
39701 -13921
39712 -13963
39711 -13949
39742 -13936
39754 -13949
39724 -13904
39714 -13910
39718 -13953
39736 -13946
39739 -13940
39711 -13911
39710 -13939
39738 -13936
39727 -13948
39739 -13909
39702 -13965
39731 -13942
39704 -13956
39727 -13954
39759 -13937
39760 -13930
39703 -13956
39717 -13924
39738 -13951
39719 -13928
39742 -13937
39759 -13916
39709 -13909
39732 -13936
39755 -13956
39739 -13942
39752 -13928
39745 -13905
39756 -13963
39734 -13930
39701 -13925
39726 -13932
39740 -13945
39729 -13961
39716 -13914
39703 -13939
39715 -13939
39730 -13952
39753 -13920
39750 -13909
39750 -13952
39734 -13925
39717 -13912
39758 -13945
39758 -13904
39717 -13965
39748 -13950
39730 -13949
39759 -13932
39721 -13902
39709 -13910
39729 -13909
39727 -13908
39707 -13912
39712 -13933
39734 -13954
39728 -13903
39734 -13946
39724 -13963
39750 -13915
39716 -13933
39701 -13917
39760 -13953
39714 -13962
39704 -13926
39704 -13932
39708 -13945
39727 -13962
39720 -13939
39712 -13916
39736 -13926
39743 -13910
39705 -13913
39756 -13909
39762 -13953
39705 -13945
39726 -13918
39752 -13939
39730 -13910
39737 -13945
39734 -13907
39751 -13940
39728 -13914
39700 -13913
39751 -13924
39713 -13950
39733 -13919
39716 -13909
39705 -13929
39731 -13944
39719 -13942
39759 -13951
39735 -13920
39707 -13945
39725 -13940
39705 -13926
39748 -13957
39714 -13909
39744 -13913
39703 -13945
39701 -13902
39714 -13914
39739 -13924
39737 -13923
39703 -13964
39709 -13946
39715 -13942
39732 -13905
39740 -13938
39761 -13912
39713 -13951
39746 -13944
39710 -13928
39732 -13956
39717 -13908
39757 -13945
39743 -13926
39735 -13927
39744 -13909
39732 -13958
39736 -13957
39740 -13931
39706 -13926
39711 -13924
39711 -13963
39735 -13924
39749 -13950
39744 -13963
39757 -13929
39746 -13951
39759 -13930
39752 -13955
39744 -13912
39755 -13923
39713 -13937
39726 -13949
39709 -13935
39756 -13919
39708 -13936
39751 -13937
39712 -13928
39757 -13908
39708 -13930
39710 -13961
39707 -13920
39760 -13941
39725 -13937
39704 -13951
39724 -13965
39727 -13923
39704 -13911
39757 -13902
39746 -13903
39759 -13928
39713 -13902
39750 -13960
39745 -13916
39758 -13925
39739 -13903
39739 -13908
39745 -13963
39743 -13961
39719 -13906
39745 -13964
39728 -13913
39751 -13943
39704 -13955
39738 -13944
39750 -13940
39758 -13918
39714 -13939
39715 -13954
39722 -13920
39739 -13926
39738 -13905
39741 -13958
39747 -13953
39740 -13947
39700 -13951
39763 -13954
39701 -13931
39732 -13953
39748 -13916
39715 -13911
39758 -13952
39710 -13944
39756 -13912
39722 -13944
39714 -13955
39754 -13959
39746 -13926
39707 -13933
39706 -13918
39746 -13910
39711 -13918
39743 -13944
39728 -13953
39745 -13931
39713 -13908
39733 -13927
39711 -13909
39758 -13942
39745 -13908
39727 -13960
39742 -13959
39719 -13937
39760 -13944
39745 -13921
39737 -13936
39754 -13914
39706 -13934
39736 -13918
39723 -13948
39749 -13959
39715 -13906
39756 -13939
39705 -13910
39738 -13965
39704 -13922
39710 -13959
39726 -13933
39759 -13917
39748 -13923
39738 -13937
39731 -13940
39712 -13905
39752 -13956
39753 -13913
39720 -13924
39727 -13930
39720 -13905
39756 -13944
39755 -13908
39755 -13914
39708 -13908
39737 -13905
39710 -13942
39702 -13919
39711 -13948
39763 -13952
39711 -13942
39726 -13942
39753 -13961
39757 -13917
39719 -13918
39756 -13965
39749 -13912
39724 -13911
39722 -13916
39738 -13949
39716 -13926
39722 -13960
39749 -13913
39722 -13932
39754 -13916
39759 -13931
39713 -13952
39701 -13949
39728 -13916
39731 -13962
39717 -13906
39700 -13939
39728 -13936
39726 -13948
39761 -13961
39713 -13963
39708 -13918
39752 -13959
39742 -13945
39719 -13964
39712 -13943
39750 -13935
39722 -13925
39739 -13944
39761 -13907
39706 -13944
39759 -13952
39716 -13963
39716 -13911
39740 -13907
39706 -13933
39752 -13951
39752 -13943
39756 -13922
39728 -13962
39722 -13956
39735 -13955
39753 -13959
39717 -13922
39753 -13936
39714 -13964
39760 -13925
39717 -13957
39757 -13959
39711 -13944
39761 -13942
39718 -13939
39752 -13926
39712 -13920
39701 -13906
39714 -13934
39709 -13908
39752 -13913
39761 -13937
39712 -13917
39751 -13910
39716 -13939
39732 -13957
39734 -13904
39750 -13939
39757 -13946
39727 -13957
39725 -13911
39746 -13931
39755 -13930
39717 -13917
39745 -13956
39730 -13920
39709 -13941
39738 -13923
39727 -13920
39755 -13945
39731 -13929
39753 -13956
39701 -13929
39728 -13961
39729 -13919
39755 -13929
39705 -13936
39728 -13932
39742 -13940
39709 -13912
39744 -13910
39734 -13956
39727 -13959
39747 -13904
39703 -13954
39755 -13951
39743 -13940
39731 -13965
39742 -13942
39759 -13929
39737 -13965
39759 -13941
39743 -13906
39742 -13929
39731 -13930
39727 -13915
39708 -13916
39706 -13930
39738 -13911
39726 -13937
39744 -13951
39746 -13927
39709 -13934
39741 -13963
39712 -13936
39754 -13911
39760 -13904
39718 -13956
39708 -13929
39727 -13911
39718 -13944
39700 -13936
39736 -13909
39751 -13963
39747 -13917
39726 -13941
39715 -13916
39741 -13946
39710 -13924
39754 -13905
39759 -13927
39759 -13909
39756 -13946
39712 -13919
39754 -13909
39733 -13906
39760 -13943
39729 -13958
39739 -13932
39743 -13920
39723 -13940
39760 -13910
39702 -13951
39736 -13936
39722 -13946
39739 -13925
39716 -13944
39757 -13909
39756 -13923
39760 -13914
39720 -13944
39712 -13934
39709 -13907
39705 -13957
39739 -13956
39744 -13952
39746 -13906
39750 -13933
39720 -13949
39705 -13905
39713 -13927
39705 -13907
39701 -13940
39738 -13957
39757 -13930
39754 -13931
39748 -13914
39723 -13918
39708 -13920
39701 -13937
39734 -13948
39702 -13964
39707 -13911
39723 -13961
39718 -13930
39702 -13961
39726 -13909
39726 -13910
39728 -13922
39760 -13936
39753 -13946
39752 -13927
39738 -13903
39740 -13922
39738 -13926
39738 -13918
39749 -13948
39729 -13922
39735 -13958
39714 -13953
39751 -13939
39715 -13905
39705 -13919
39743 -13955
39715 -13938
39711 -13935
39710 -13938
39735 -13941
39712 -13944
39719 -13934
39730 -13946
39704 -13903
39734 -13938
39714 -13946
39732 -13927
39748 -13956
39704 -13949
39724 -13956
39756 -13903
39750 -13902
39759 -13902
39738 -13920
39714 -13915
39718 -13928
39741 -13925
39717 -13935
39756 -13911
39701 -13963
39715 -13934
39755 -13944
39753 -13941
39704 -13902
39707 -13918
39742 -13958
39729 -13947
39730 -13931
39753 -13943
39736 -13949
39711 -13936
39711 -13927
39755 -13937
39759 -13903
39714 -13961
39702 -13927
39719 -13958
39726 -13917
39732 -13918
39759 -13907
39715 -13936
39710 -13954
39737 -13924
39743 -13938
39748 -13946
39720 -13935
39757 -13916
39758 -13956
39743 -13959
39726 -13952
39739 -13959
39747 -13956
39721 -13941
39724 -13950
39756 -13949
39718 -13924
39758 -13937
39721 -13939
39734 -13906
39716 -13927
39760 -13905
39754 -13923
39710 -13931
39758 -13908
39740 -13924
39710 -13940
39754 -13926
39724 -13954
39741 -13953
39762 -13958
39759 -13908
39763 -13950
39725 -13947
39705 -13960
39734 -13955
39701 -13920
39746 -13961
39722 -13904
39729 -13912
39738 -13919
39706 -13932
39737 -13926
39717 -13911
39701 -13954
39716 -13913
39731 -13907
39711 -13905
39722 -13919
39741 -13923
39728 -13950
39719 -13947
39701 -13951
39714 -13957
39748 -13928
39748 -13922
39750 -13928
39742 -13950
39735 -13944
39711 -13957
39733 -13950
39739 -13914
39723 -13921
39705 -13948
39722 -13947
39740 -13909
39708 -13959
39753 -13945
39755 -13904
39705 -13930
39737 -13919
39710 -13920
39707 -13916
39719 -13941
39750 -13946
39737 -13951
39739 -13965
39707 -13938
39731 -13914
39736 -13959
39731 -13951
39747 -13946
39738 -13959
39741 -13937
39718 -13926
39722 -13952
39736 -13913
39708 -13956
39715 -13947
39738 -13931
39729 -13911
39711 -13954
39753 -13951
39710 -13958
39748 -13936
39744 -13904
39709 -13917
39743 -13935
39709 -13960
39755 -13925
39747 -13943
39725 -13936
39738 -13958
39761 -13955
39707 -13922
39746 -13902
39746 -13916
39711 -13950
39733 -13953
39726 -13944
39729 -13906
39708 -13924
39723 -13910
39707 -13965
39748 -13930
39745 -13924
39735 -13903
39746 -13958
39738 -13941
39709 -13905
39700 -13963
39706 -13906
39739 -13963
39755 -13911
39755 -13948
39724 -13958
39725 -13932
39734 -13933
39758 -13946
39700 -13953
39743 -13928
39748 -13924
39732 -13929
39715 -13902
39729 -13905
39714 -13960
39731 -13926
39746 -13962
39730 -13940
39742 -13915
39736 -13930
39715 -13946
39745 -13951
39713 -13962
39739 -13910
39712 -13939
39713 -13965
39707 -13963
39731 -13931
39725 -13956
39737 -13941
39753 -13960
39747 -13931
39706 -13946
39700 -13908
39758 -13960
39720 -13906
39715 -13928
39720 -13964
39737 -13928
39747 -13905
39748 -13905
39734 -13952
39758 -13949
39753 -13919
39701 -13941
39715 -13965
39724 -13907
39747 -13964
39727 -13938
39763 -13958
39731 -13964
39727 -13953
39756 -13916
39748 -13954
39726 -13920
39750 -13931
39703 -13960
39701 -13913
39726 -13938
39751 -13914
39752 -13923
39748 -13915
39754 -13950
39759 -13904
39721 -13923
39745 -13928
39728 -13925
39742 -13916
39737 -13939
39738 -13932
39752 -13932
39727 -13952
39708 -13953
39725 -13925
39716 -13936
39718 -13911
39714 -13928
39740 -13934
39720 -13950
39739 -13923
39720 -13941
39702 -13962
39755 -13922
39715 -13920
39721 -13921
39758 -13951
39740 -13956
39712 -13902
39742 -13946
39730 -13944
39727 -13934
39716 -13929
39737 -13916
39703 -13925
39715 -13957
39742 -13955
39729 -13930
39755 -13933
39747 -13963
39739 -13920
39743 -13916
39711 -13931
39731 -13958
39742 -13960
39748 -13926
39722 -13911
39704 -13920
39756 -13962
39711 -13961
39761 -13945
39727 -13963
39752 -13945
39720 -13954
39733 -13960
39726 -13912
39728 -13935
39713 -13905
39712 -13930
39748 -13925
39701 -13930
39714 -13948
39708 -13910
39746 -13950
39734 -13941
39742 -13962
39731 -13937
39703 -13957
39721 -13908
39718 -13907
39746 -13952
39723 -13914
39741 -13926
39736 -13935
39701 -13953
39720 -13930
39744 -13949
39751 -13927
39741 -13947
39736 -13911
39743 -13958
39718 -13903
39729 -13918
39757 -13923
39720 -13912
39749 -13961
39725 -13934
39717 -13907
39728 -13940
39704 -13930
39705 -13904
39727 -13940
39700 -13902
39718 -13954
39717 -13910
39730 -13921
39720 -13937
39754 -13925
39701 -13944
39716 -13902
39707 -13952
39747 -13947
39727 -13932
39710 -13918
39761 -13926
39740 -13937
39757 -13911
39703 -13963
39758 -13948
39702 -13912
39751 -13920
39748 -13939
39745 -13960
39748 -13963
39744 -13950
39751 -13923
39745 -13957
39753 -13902
39734 -13932
39736 -13951
39740 -13902
39735 -13933
39757 -13955
39704 -13925
39733 -13925
39738 -13956
39740 -13952
39722 -13950
39715 -13937
39718 -13955
39716 -13962
39756 -13914
39742 -13957
39705 -13923
39741 -13914
39742 -13938
39728 -13912
39726 -13936
39736 -13944
39762 -13962
39745 -13909
39743 -13942
39745 -13962
39721 -13931
39725 -13951
39724 -13949
39756 -13945
39711 -13940
39748 -13907
39754 -13935
39701 -13952
39722 -13930
39739 -13913
39725 -13939
39717 -13944
39725 -13917
39727 -13964
39721 -13952
39738 -13908
39752 -13936
39739 -13921
39735 -13959
39744 -13929
39731 -13952
39745 -13919
39755 -13952
39711 -13929
39736 -13943
39715 -13919
39725 -13962
39727 -13906
39705 -13963
39727 -13907
39740 -13903
39740 -13904
39703 -13930
39710 -13915
39734 -13937
39702 -13923
39723 -13954
39720 -13936
39742 -13927
39731 -13915
39746 -13948
39719 -13919
39703 -13917
39701 -13916
39754 -13960
39757 -13904
39758 -13910
39751 -13926
39708 -13957
39734 -13922
39752 -13910
39761 -13928
39700 -13907
39704 -13948
39761 -13915
39729 -13925
39720 -13959
39718 -13952
39759 -13922
39733 -13947
39749 -13922
39712 -13914
39762 -13956
39761 -13923
39757 -13950
39757 -13956
39702 -13933
39704 -13935
39710 -13914
39733 -13907
39725 -13960
39706 -13939
39710 -13937
39758 -13905
39738 -13964
39725 -13914
39749 -13956
39732 -13920
39721 -13964
39706 -13945
39759 -13959
39706 -13903
39707 -13962
39732 -13914
39757 -13953
39718 -13958
39758 -13903
39730 -13904
39742 -13907
39701 -13943
39708 -13958
39730 -13958
39739 -13927
39757 -13954
39701 -13918
39716 -13919
39752 -13942
39737 -13908
39738 -13922
39717 -13926
39750 -13949
39735 -13956
39725 -13938
39715 -13959
39716 -13959
39703 -13962
39701 -13903
39729 -13962
39709 -13940
39742 -13944
39756 -13953
39725 -13953
39741 -13936
39727 -13943
39712 -13908
39757 -13921
39733 -13912
39719 -13961
39724 -13961
39708 -13962
39719 -13965
39737 -13962
39753 -13934
39752 -13938
39728 -13908
39739 -13948
39722 -13908
39744 -13955
39703 -13907
39719 -13929
39760 -13907
39701 -13915
39715 -13951
39749 -13911
39717 -13914
39741 -13945
39725 -13915
39724 -13912
39749 -13914
39712 -13910
39755 -13935
39750 -13918
39703 -13916
39740 -13916
39724 -13902
39717 -13903
39756 -13930
39760 -13964
39702 -13905
39756 -13917
39752 -13934
39757 -13961
39718 -13946
39707 -13944
39734 -13958
39748 -13932
39712 -13918
39752 -13954
39758 -13964
39712 -13946
39749 -13936
39711 -13945
39733 -13961
39729 -13917
39717 -13923
39722 -13945
39738 -13963
39700 -13923
39751 -13960
39745 -13912
39750 -13955
39741 -13962
39755 -13920
39701 -13933
39738 -13915
39754 -13956
39711 -13958
39760 -13963
39700 -13903
39714 -13921
39750 -13962
39704 -13936
39743 -13948
39729 -13903
39743 -13933
39707 -13906
39711 -13916
39721 -13956
39720 -13928
39712 -13958
39723 -13925
39716 -13953
39703 -13938
39760 -13956
39758 -13938
39758 -13924
39713 -13964
39754 -13904
39744 -13914
39754 -13942
39723 -13919
39735 -13939
39759 -13963
39761 -13916
39721 -13917
39749 -13965
39760 -13932
39729 -13959
39750 -13903
39703 -13924
39741 -13916
39722 -13936
39715 -13903
39732 -13922
39726 -13953
39733 -13910
39754 -13953
39743 -13907
39731 -13955
39716 -13956
39748 -13953
39753 -13935
39709 -13923
39709 -13902
39729 -13946
39714 -13927
39726 -13903
39700 -13937
39705 -13941
39738 -13955
39759 -13964
39757 -13937
39735 -13947
39744 -13958
39700 -13926
39734 -13918
39737 -13904
39748 -13961
39752 -13949
39733 -13941
39723 -13933
39725 -13924
39754 -13954
39703 -13913
39707 -13953
39715 -13956
39704 -13905
39754 -13927
39724 -13942
39718 -13921
39711 -13907
39730 -13918
39725 -13928
39747 -13930
39728 -13955
39754 -13932
39717 -13909
39759 -13954
39708 -13926
39761 -13913
39756 -13931
39706 -13947
39742 -13961
39721 -13961
39754 -13937
39701 -13950
39759 -13943
39745 -13946
39711 -13951
39755 -13961
39740 -13942
39736 -13955
39711 -13922
39721 -13944
39760 -13903
39730 -13943
39729 -13914
39718 -13960
39728 -13924
39738 -13953
39732 -13954
39716 -13903
39736 -13954
39712 -13951
39750 -13912
39749 -13954
39724 -13931
39719 -13924
39713 -13916
39713 -13917
39721 -13958
39754 -13928
39713 -13923
39749 -13939
39753 -13918
39714 -13930
39760 -13940
39756 -13956
39735 -13964
39742 -13919
39748 -13941
39700 -13905
39713 -13903
39740 -13913
39730 -13930
39737 -13958
39744 -13957
39760 -13957
39745 -13930
39737 -13915
39717 -13961
39738 -13906
39749 -13953
39702 -13947
39719 -13902
39716 -13945
39727 -13961
39706 -13916
39727 -13947
39716 -13957
39727 -13905
39741 -13920
39709 -13927
39736 -13934
39729 -13950
39717 -13920
39746 -13923
39749 -13920
39719 -13913
39706 -13925
39739 -13933
39761 -13903
39746 -13905
39739 -13912
39739 -13904
39760 -13951
39763 -13963
39749 -13904
39752 -13933
39754 -13930
39723 -13953
39705 -13903
39715 -13952
39749 -13917
39728 -13909
39729 -13943
39720 -13932
39741 -13955
39723 -13907
39737 -13912
39737 -13959
39758 -13954
39740 -13911
39745 -13926
39704 -13943
39741 -13924
39717 -13959
39703 -13921
39736 -13910
39720 -13913
39738 -13940
39745 -13920
39726 -13913
39705 -13964
39718 -13917
39728 -13929
39706 -13961
39754 -13938
39726 -13924
39705 -13927
39754 -13922
39732 -13955
39714 -13931
39702 -13921
39707 -13936
39742 -13921
39730 -13912
39711 -13938
39736 -13922
39724 -13926
39758 -13958
39737 -13943
39740 -13939
39725 -13902
39748 -13935
39753 -13952
39732 -13925
39735 -13919
39763 -13957
39731 -13956
39745 -13934
39738 -13962
39735 -13922
39752 -13905
39746 -13917
39705 -13908
39757 -13931
39701 -13961
39757 -13932
39721 -13909
39737 -13953
39719 -13921
39733 -13940
39701 -13955
39738 -13938
39755 -13963
39740 -13948
39740 -13958
39732 -13915
39746 -13965
39759 -13940
39730 -13933
39705 -13920
39715 -13924
39731 -13904
39703 -13927
39735 -13957
39727 -13925
39760 -13924
39722 -13923
39744 -13959
39711 -13933
39704 -13960
39727 -13913
39719 -13904
39726 -13929
39702 -13958
39726 -13928
39701 -13946
39740 -13919
39703 -13937
39753 -13939
39700 -13930
39716 -13910
39746 -13929
39726 -13907
39716 -13951
39757 -13940
39738 -13910
39761 -13925
39706 -13949
39760 -13913
39703 -13920
39723 -13906
39735 -13923
39704 -13918
39743 -13904
39706 -13937
39736 -13903
39711 -13956
39755 -13958
39742 -13928
39749 -13908
39759 -13939
39737 -13964
39732 -13948
39722 -13934
39704 -13931
39730 -13917
39758 -13927
39706 -13904
39731 -13936
39761 -13905
39740 -13928
39758 -13955
39703 -13918
39751 -13935
39728 -13965
39715 -13925
39734 -13963
39758 -13921
39724 -13943
39714 -13929
39701 -13912
39735 -13960
39761 -13932
39757 -13922
39763 -13959
39712 -13949
39702 -13952
39725 -13913
39762 -13955
39743 -13936
39747 -13942
39717 -13952
39703 -13904
39757 -13928
39733 -13928
39700 -13955
39761 -13940
39757 -13918
39751 -13907
39731 -13910
39720 -13910
39714 -13944
39708 -13955
39748 -13906
39753 -13928
39703 -13922
39739 -13964
39732 -13928
39745 -13953
39762 -13950
39756 -13952
39735 -13913
39763 -13951
39730 -13923
39743 -13914
39760 -13919
39726 -13965
39729 -13921
39729 -13936
39702 -13934
39735 -13909
39747 -13960
39755 -13915
39756 -13924
39751 -13906
39723 -13962
39703 -13932
39725 -13907
39700 -13950
39706 -13914
39742 -13939
39712 -13965
39710 -13905
39741 -13951
39758 -13920
39707 -13921
39712 -13924
39723 -13924
39729 -13910
39745 -13940
39760 -13952
39711 -13914
39723 -13911
39739 -13945
39737 -13956
39721 -13922
39711 -13926
39709 -13942
39760 -13921
39711 -13904
39710 -13910
39718 -13945
39742 -13948
39734 -13913
39752 -13963
39744 -13926
39747 -13909
39749 -13925
39732 -13923
39747 -13961
39717 -13916
39709 -13956
39733 -13945
39757 -13958
39761 -13938
39759 -13948
39757 -13925
39756 -13933
39750 -13944
39744 -13907
39755 -13940
39756 -13964
39734 -13921
39741 -13965
39701 -13932
39761 -13946
39760 -13934
39724 -13917
39745 -13950
39721 -13965
39725 -13918
39737 -13946
39709 -13921
39739 -13929
39702 -13907
39718 -13922
39744 -13917
39749 -13934
39733 -13922
39738 -13933
39728 -13905
39725 -13929
39718 -13950
39720 -13909
39744 -13931
39724 -13944
39739 -13917
39703 -13933
39700 -13958
39761 -13959
39757 -13936
39723 -13926
39745 -13914
39708 -13949
39717 -13928
39757 -13910
39716 -13908
39746 -13911
39752 -13940
39722 -13943
39743 -13903
39718 -13920
39743 -13962
39751 -13909
39752 -13953
39710 -13908
39737 -13935
39753 -13932
39731 -13902
39758 -13939
39754 -13915
39758 -13922
39716 -13932
39744 -13928
39717 -13960
39740 -13961
39729 -13929
39741 -13939
39747 -13937
39703 -13951
39731 -13943
39700 -13924
39729 -13949
39761 -13908
39734 -13917
39751 -13959
39722 -13955
39759 -13950
39727 -13928
39739 -13936
39761 -13917
39755 -13924
39746 -13912
39729 -13913
39723 -13902
39752 -13950
39707 -13917
39700 -13921
39743 -13945
39751 -13919
39747 -13959
39723 -13915
39743 -13921
39716 -13965
39720 -13947
39720 -13946
39704 -13907
39731 -13960
39748 -13952
39718 -13912
39738 -13902
39729 -13926
39707 -13947
39715 -13908
39728 -13934
39715 -13962
39722 -13964
39756 -13921
39721 -13910
39734 -13912
39754 -13939
39714 -13954
39728 -13941
39756 -13905
39732 -13959
39730 -13939
39700 -13948
39719 -13956
39746 -13934
39760 -13935
39755 -13954
39748 -13929
39747 -13925
39733 -13939
39736 -13962
39720 -13918
39723 -13957
39753 -13948
39703 -13911
39702 -13943
39734 -13947
39725 -13905
39704 -13961
39741 -13932
39714 -13935
39714 -13911
39733 -13921
39745 -13903
39738 -13952
39705 -13938
39725 -13965
39718 -13916
39728 -13948
39720 -13951
39705 -13952
39740 -13964
39725 -13957
39750 -13953
39747 -13911
39761 -13941
39704 -13953
39753 -13954
39750 -13916
39760 -13926
39724 -13920
39751 -13917
39759 -13911
39735 -13931
39761 -13949
39742 -13953
39717 -13936
39737 -13957
39704 -13919
39762 -13954
39701 -13958
39717 -13921
39718 -13961
39733 -13930
39740 -13917
39713 -13932
39714 -13920
39739 -13947
39710 -13945
39751 -13951
39704 -13963
39757 -13920
39746 -13955
39733 -13957
39700 -13960
39731 -13941
39752 -13919
39706 -13917
39757 -13913
39753 -13912
39725 -13910
39748 -13942
39707 -13955
39748 -13934
39741 -13912
39757 -13927
39707 -13932
39751 -13902
39706 -13923
39712 -13904
39711 -13908
39718 -13929
39727 -13910
39716 -13942
39758 -13933
39715 -13918
39753 -13947
39724 -13910
39750 -13907
39750 -13924
39718 -13964
39721 -13963
39726 -13934
39721 -13938
39709 -13964
39736 -13963
39709 -13955
39706 -13951
39757 -13906
39740 -13944
39753 -13905
39755 -13918
39748 -13921
39725 -13948
39736 -13947
39719 -13903
39734 -13949
39701 -13909
39759 -13912
39753 -13903
39735 -13906
39722 -13958
39759 -13924
39708 -13922
39732 -13965
39750 -13941
39723 -13963
39722 -13928
39719 -13932
39702 -13915
39717 -13951
39708 -13964
39749 -13906
39744 -13903
39752 -13920
39719 -13945
39708 -13950
39704 -13916
39727 -13945
39758 -13932
39741 -13909
39733 -13964
39754 -13957
39719 -13925
39725 -13949
39756 -13938
39727 -13944
39717 -13933
39747 -13903
39752 -13952
39762 -13959
39707 -13904
39702 -13902
39732 -13946
39738 -13934
39719 -13908
39736 -13902
39749 -13958
39755 -13932
39730 -13937
39734 -13903
39701 -13908
39737 -13917
39702 -13937
39752 -13912
39739 -13937
39731 -13945
39703 -13952
39726 -13945
39756 -13904
39735 -13912
39752 -13946
39733 -13931
39747 -13918
39719 -13944
39762 -13963
39718 -13934
39717 -13937
39751 -13950
39754 -13951
39720 -13948
39729 -13904
39735 -13965
39715 -13933
39737 -13914
39741 -13948
39763 -13964
39700 -13956
39702 -13913
39706 -13908
39752 -13925
39751 -13929
39754 -13917
39736 -13907
39744 -13953
39731 -13934
39722 -13915
39744 -13960
39724 -13936
39752 -13917
39740 -13962
39752 -13962
39716 -13905
39757 -13912
39721 -13949
39710 -13922
39742 -13911
39733 -13917
39708 -13923
39738 -13913
39757 -13943
39708 -13952
39727 -13902
39724 -13957
39740 -13905
39719 -13943
39734 -13934
39746 -13924
39713 -13954
39757 -13948
39704 -13958
39714 -13918
39710 -13929
39753 -13955
39700 -13922
39748 -13947
39743 -13965
39746 -13904
39746 -13935
39741 -13913
39731 -13928
39705 -13956
39748 -13908
39744 -13948
39753 -13929
39725 -13933
39752 -13918
39747 -13941
39725 -13912
39736 -13940
39707 -13929
39705 -13928
39711 -13964
39731 -13933
39705 -13939
39715 -13948
39747 -13935
39700 -13947
39726 -13921
39761 -13948
39708 -13963
39738 -13914
39728 -13904
39721 -13924
39741 -13941
39724 -13959
39749 -13905
39711 -13923
39711 -13962
39727 -13931
39744 -13930
39757 -13934
39713 -13914
39712 -13957
39728 -13951
39724 -13914
39739 -13919
39720 -13925
39716 -13961
39709 -13906
39719 -13930
39756 -13925
39710 -13926
39756 -13937
39738 -13947
39719 -13946
39747 -13938
39742 -13934
39740 -13936
39705 -13950
39724 -13906
39730 -13959
39722 -13906
39757 -13941
39712 -13940
39737 -13932
39713 -13925
39702 -13916
39704 -13962
39705 -13932
39723 -13947
39745 -13938
39722 -13961
39721 -13943
39756 -13951
39717 -13904
39713 -13956
39732 -13940
39728 -13954
39722 -13938
39759 -13915
39705 -13909
39707 -13928
39719 -13959
39700 -13961
39747 -13923
39749 -13927
39713 -13934
39744 -13962
39707 -13948
39717 -13925
39703 -13915
39729 -13908
39713 -13941
39751 -13955
39702 -13925
39703 -13947
39761 -13922
39759 -13933
39721 -13962
39712 -13947
39751 -13961
39744 -13920
39748 -13949
39718 -13938
39731 -13909
39701 -13934
39759 -13906
39737 -13952
39759 -13947
39751 -13947
39736 -13948
39756 -13961
39718 -13949
39730 -13924
39740 -13918
39727 -13941
39742 -13920
39729 -13942
39731 -13938
39752 -13931
39714 -13945
39728 -13949
39744 -13964
39733 -13938
39727 -13918
39702 -13949
39735 -13926
39707 -13924
39755 -13949
39715 -13929
39706 -13909
39752 -13911
39725 -13943
39703 -13912
39761 -13909
39759 -13921
39753 -13931
39728 -13918
39713 -13955
39746 -13933
39714 -13965
39726 -13930
39714 -13941
39707 -13910
39745 -13937
39717 -13953
39756 -13913
39716 -13941
39717 -13918
39739 -13952
39732 -13904
39708 -13902
39750 -13926
39747 -13926
39707 -13942
39734 -13924
39749 -13932
39734 -13960
39752 -13924
39716 -13922
39728 -13958
39718 -13951
39714 -13905
39711 -13965
39730 -13950
39717 -13942
39761 -13963
39746 -13942
39702 -13928
39713 -13920
39731 -13935
39759 -13956
39734 -13940
39740 -13927
39747 -13948
39708 -13939
39737 -13944
39741 -13935
39712 -13962
39754 -13921
39734 -13962
39704 -13906
39728 -13926
39741 -13960
39712 -13961
39712 -13956
39731 -13924
39740 -13914
39755 -13910
39727 -13965
39706 -13940
39742 -13930
39719 -13917
39719 -13915
39754 -13955
39736 -13929
39731 -13923
39712 -13960
39708 -13935
39751 -13953
39702 -13957
39741 -13959
39721 -13932
39715 -13955
39716 -13935
39733 -13916
39710 -13935
39731 -13946
39700 -13919
39723 -13929
39708 -13954
39709 -13904
39718 -13904
39757 -13942
39734 -13939
39760 -13920
39732 -13942
39751 -13952
39755 -13965
39756 -13955
39710 -13948
39714 -13907
39712 -13932
39704 -13924
39716 -13949
39709 -13922
39749 -13909
39753 -13964
39724 -13951
39713 -13933
39725 -13963
39715 -13926
39754 -13958
39747 -13954
39707 -13909
39743 -13915
39726 -13905
39732 -13961
39722 -13910
39734 -13942
39741 -13931
39708 -13911
39732 -13935
39754 -13944
39727 -13958
39756 -13907
39729 -13931
39718 -13925
39750 -13934
39748 -13904
39708 -13960
39719 -13905
39723 -13936
39738 -13917
39724 -13934
39737 -13933
39736 -13927
39708 -13928
39721 -13945
39748 -13940
39716 -13923
39723 -13944
39714 -13951
39713 -13961
39755 -13927
39750 -13932
39761 -13919
39717 -13939
39761 -13962
39725 -13952
39708 -13951
39705 -13962
39735 -13963
39707 -13914
39715 -13950
39749 -13951
39718 -13910
39722 -13902
39722 -13922
39732 -13908
39758 -13926
39744 -13906
39742 -13904
39737 -13907
39760 -13915
39738 -13948
39730 -13911
39734 -13908
39710 -13904
39731 -13913
39708 -13909
39712 -13964
39746 -13918
39729 -13956
39741 -13911
39706 -13943
39734 -13911
39744 -13946
39727 -13942
39738 -13924
39735 -13940
39707 -13940
39716 -13907
39703 -13941
39711 -13902
39723 -13949
39751 -13925
39722 -13917
39734 -13953
39728 -13937
39744 -13944
39702 -13918
39741 -13964
39761 -13947
39755 -13959
39708 -13947
39746 -13919
39757 -13952
39720 -13923
39706 -13907
39726 -13963
39719 -13910
39731 -13939
39747 -13957
39761 -13902
39724 -13928
39751 -13903
39709 -13939
39749 -13910
39712 -13954
39727 -13950
39757 -13935
39761 -13924
39735 -13952
39749 -13955
39719 -13914
39747 -13922
39758 -13957
39708 -13903
39718 -13957
39701 -13923
39760 -13945
39703 -13903
39721 -13942
39737 -13954
39708 -13904
39745 -13918
39708 -13919
39755 -13913
39712 -13929
39711 -13903
39725 -13916
39745 -13913
39703 -13902
39702 -13945
39707 -13957
39708 -13906
39744 -13921
39733 -13934
39702 -13940
39759 -13962
39726 -13902
39713 -13930
39719 -13949
39758 -13906
39706 -13959
39741 -13922
39714 -13949
39735 -13942
39708 -13948
39734 -13950
39704 -13929
39715 -13923
39721 -13954
39733 -13929
39713 -13913
39720 -13953
39739 -13950
39731 -13916
39757 -13951
39730 -13922
39721 -13925
39719 -13938
39724 -13932
39713 -13944
39704 -13954
39754 -13941
39719 -13912
39711 -13920
39750 -13906
39750 -13943
39705 -13951
39754 -13965
39707 -13939
39758 -13950
39713 -13931
39742 -13954
39710 -13933
39726 -13960
39746 -13957
39737 -13942
39706 -13941
39702 -13960
39742 -13947
39735 -13918
39736 -13941
39706 -13954
39733 -13933
39742 -13924
39704 -13964
39711 -13952
39703 -13940
39742 -13903
39714 -13923
