1500
-4303 3589
-4247 3579
-4303 3586
-4234 3572
-4292 3540
-4288 3564
-4262 3550
-4228 3537
-4300 3549
-4266 3577
-4290 3536
-4269 3515
-4252 3582
-4246 3554
-4299 3545
-4288 3536
-4246 3535
-4267 3518
-4268 3576
-4270 3518
-4274 3588
-4252 3571
-4245 3592
-4282 3552
-4299 3546
-4268 3590
-4229 3535
-4252 3533
-4297 3549
-4293 3573
-4273 3532
-4236 3531
-4262 3571
-4251 3575
-4304 3535
-4263 3531
-4280 3563
-4237 3552
-4254 3566
-4295 3541
-4250 3526
-4303 3519
-4275 3518
-4282 3570
-4239 3585
-4258 3583
-4303 3523
-4277 3573
-4303 3561
-4240 3539
-4294 3571
-4273 3573
-4255 3520
-4297 3572
-4270 3528
-4240 3524
-4247 3590
-4302 3581
-4279 3540
-4263 3549
-4269 3583
-4230 3581
-4282 3566
-4272 3578
-4228 3534
-4269 3532
-4299 3572
-4267 3532
-4296 3543
-4237 3525
-4230 3554
-4261 3547
-4269 3549
-4251 3526
-4231 3582
-4256 3589
-4290 3592
-4239 3561
-4287 3582
-4286 3579
-4243 3562
-4248 3575
-4227 3520
-4271 3571
-4292 3542
-4229 3555
-4229 3531
-4268 3550
-4298 3571
-4251 3572
-4238 3570
-4259 3566
-4240 3525
-4279 3535
-4244 3568
-4244 3589
-4302 3580
-4255 3541
-4299 3551
-4245 3546
-4299 3557
-4235 3580
-4287 3557
-4272 3565
-4264 3559
-4272 3564
-4233 3559
-4282 3523
-4300 3569
-4257 3542
-4268 3556
-4277 3572
-4246 3586
-4231 3536
-4231 3517
-4285 3542
-4269 3536
-4280 3585
-4276 3555
-4300 3547
-4285 3523
-4242 3553
-4274 3525
-4292 3536
-4276 3545
-4245 3525
-4231 3573
-4304 3544
-4227 3526
-4275 3566
-4298 3589
-4232 3584
-4288 3579
-4278 3581
-4236 3558
-4293 3562
-4291 3561
-4282 3567
-4274 3529
-4252 3528
-4255 3536
-4237 3560
-4281 3519
-4282 3522
-4235 3575
-4247 3567
-4262 3548
-4263 3533
-4290 3530
-4266 3549
-4289 3587
-4300 3586
-4281 3545
-4255 3569
-4246 3557
-4278 3592
-4301 3543
-4288 3581
-4298 3534
-4264 3561
-4262 3529
-4249 3539
-4237 3538
-4265 3587
-4276 3518
-4283 3521
-4276 3538
-4249 3578
-4262 3562
-4250 3532
-4280 3542
-4262 3538
-4259 3542
-4246 3530
-4238 3525
-4303 3550
-4247 3582
-4252 3521
-4267 3564
-4295 3536
-4270 3526
-4280 3575
-4275 3546
-4302 3525
-4283 3515
-4300 3589
-4304 3526
-4263 3540
-4294 3557
-4267 3551
-4266 3580
-4289 3528
-4258 3590
-4298 3570
-4272 3518
-4278 3591
-4283 3555
-4255 3515
-4239 3519
-4233 3530
-4236 3554
-4304 3573
-4229 3558
-4258 3536
-4275 3532
-4244 3540
-4239 3576
-4265 3537
-4227 3518
-4254 3553
-4271 3550
-4263 3557
-4253 3569
-4294 3524
-4234 3550
-4264 3587
-4300 3537
-4247 3571
-4281 3521
-4304 3521
-4270 3578
-4299 3549
-4246 3579
-4233 3587
-4237 3572
-4281 3548
-4266 3552
-4290 3552
-4247 3546
-4292 3591
-4264 3539
-4266 3534
-4243 3560
-4265 3567
-4244 3534
-4301 3576
-4288 3550
-4293 3564
-4233 3547
-4258 3526
-4234 3548
-4250 3549
-4273 3588
-4300 3523
-4255 3538
-4249 3563
-4252 3518
-4284 3546
-4253 3517
-4260 3588
-4250 3523
-4237 3570
-4255 3574
-4238 3567
-4291 3551
-4297 3542
-4298 3587
-4281 3516
-4297 3581
-4297 3564
-4229 3571
-4273 3517
-4283 3533
-4257 3523
-4293 3582
-4261 3569
-4264 3527
-4291 3581
-4282 3576
-4300 3531
-4252 3573
-4242 3564
-4240 3573
-4267 3582
-4281 3575
-4231 3579
-4239 3528
-4272 3558
-4284 3525
-4299 3538
-4270 3581
-4264 3589
-4269 3542
-4280 3555
-4251 3539
-4298 3543
-4236 3567
-4289 3581
-4250 3563
-4290 3537
-4263 3550
-4241 3529
-4287 3563
-4260 3527
-4230 3515
-4291 3542
-4286 3540
-4254 3543
-4238 3560
-4259 3583
-4259 3517
-4265 3520
-4276 3531
-4252 3538
-4275 3538
-4299 3559
-4232 3556
-4277 3578
-4253 3556
-4281 3543
-4297 3577
-4279 3528
-4244 3586
-4274 3576
-4235 3564
-4273 3581
-4275 3583
-4237 3576
-4299 3592
-4272 3523
-4251 3563
-4244 3580
-4285 3592
-4265 3546
-4240 3554
-4234 3584
-4256 3550
-4241 3556
-4233 3558
-4291 3547
-4235 3527
-4237 3557
-4245 3517
-4284 3555
-4301 3585
-4267 3573
-4233 3542
-4229 3534
-4271 3589
-4261 3557
-4270 3533
-4276 3575
-4302 3559
-4302 3520
-4297 3520
-4264 3570
-4237 3583
-4296 3524
-4301 3548
-4271 3578
-4299 3518
-4239 3523
-4285 3581
-4274 3577
-4301 3558
-4241 3549
-4231 3575
-4284 3532
-4271 3538
-4265 3538
-4250 3575
-4234 3532
-4289 3541
-4279 3582
-4304 3586
-4248 3568
-4233 3519
-4233 3544
-4279 3518
-4294 3577
-4255 3573
-4284 3589
-4245 3560
-4249 3550
-4297 3584
-4294 3588
-4293 3536
-4283 3531
-4257 3538
-4277 3538
-4231 3578
-4251 3517
-4243 3552
-4261 3529
-4244 3550
-4292 3570
-4261 3572
-4232 3536
-4270 3585
-4241 3552
-4294 3584
-4285 3582
-4295 3587
-4259 3524
-4274 3579
-4252 3587
-4254 3552
-4283 3588
-4270 3561
-4293 3544
-4298 3517
-4296 3588
-4237 3585
-4304 3577
-4261 3567
-4273 3583
-4267 3561
-4294 3568
-4249 3582
-4252 3519
-4240 3549
-4301 3538
-4286 3547
-4258 3555
-4264 3584
-4286 3581
-4228 3529
-4264 3521
-4235 3537
-4266 3553
-4292 3537
-4256 3586
-4238 3568
-4229 3578
-4253 3535
-4250 3557
-4228 3522
-4236 3579
-4245 3566
-4239 3546
-4255 3592
-4264 3544
-4262 3519
-4269 3592
-4303 3548
-4284 3533
-4246 3591
-4239 3580
-4303 3567
-4268 3551
-4267 3575
-4258 3552
-4286 3568
-4292 3586
-4265 3588
-4280 3554
-4238 3527
-4236 3592
-4253 3548
-4278 3531
-4284 3552
-4257 3567
-4263 3527
-4261 3527
-4288 3585
-4241 3566
-4301 3583
-4255 3577
-4250 3587
-4267 3559
-4303 3545
-4253 3580
-4275 3531
-4265 3527
-4234 3541
-4276 3528
-4228 3547
-4276 3549
-4297 3580
-4256 3540
-4261 3515
-4251 3577
-4247 3516
-4279 3558
-4256 3577
-4282 3563
-4272 3521
-4282 3586
-4291 3522
-4238 3585
-4276 3590
-4303 3528
-4278 3540
-4259 3549
-4258 3539
-4265 3550
-4292 3521
-4299 3564
-4303 3591
-4248 3530
-4244 3548
-4298 3559
-4303 3530
-4288 3531
-4298 3527
-4262 3567
-4266 3568
-4303 3582
-4294 3576
-4260 3524
-4247 3589
-4274 3573
-4291 3541
-4276 3529
-4230 3568
-4270 3544
-4304 3575
-4261 3588
-4254 3532
-4275 3515
-4299 3568
-4249 3525
-4259 3534
-4250 3517
-4243 3522
-4245 3581
-4248 3558
-4272 3569
-4281 3568
-4284 3576
-4282 3538
-4234 3565
-4264 3551
-4232 3518
-4245 3536
-4264 3549
-4243 3558
-4263 3548
-4263 3553
-4290 3518
-4240 3550
-4297 3554
-4297 3541
-4295 3530
-4229 3544
-4273 3537
-4256 3518
-4251 3567
-4265 3583
-4245 3576
-4260 3530
-4250 3535
-4236 3580
-4231 3561
-4282 3548
-4304 3554
-4273 3576
-4254 3585
-4247 3575
-4294 3566
-4284 3566
-4300 3590
-4288 3551
-4282 3553
-4245 3550
-4275 3571
-4257 3571
-4294 3537
-4259 3581
-4236 3571
-4264 3556
-4281 3553
-4236 3524
-4288 3524
-4245 3537
-4234 3557
-4250 3544
-4239 3553
-4265 3515
-4299 3571
-4252 3540
-4283 3563
-4247 3536
-4269 3580
-4230 3530
-4304 3571
-4238 3556
-4304 3536
-4232 3516
-4259 3592
-4256 3545
-4278 3553
-4268 3584
-4294 3580
-4250 3551
-4248 3524
-4291 3532
-4263 3515
-4297 3516
-4301 3575
-4242 3567
-4248 3573
-4302 3535
-4248 3584
-4303 3532
-4297 3521
-4284 3520
-4230 3561
-4273 3534
-4273 3553
-4240 3575
-4253 3577
-4279 3575
-4241 3539
-4257 3531
-4299 3576
-4230 3516
-4292 3589
-4296 3584
-4241 3538
-4232 3533
-4257 3517
-4271 3518
-4234 3578
-4299 3574
-4277 3529
-4285 3573
-4278 3574
-4268 3555
-4227 3542
-4280 3515
-4233 3578
-4293 3539
-4281 3544
-4246 3523
-4274 3561
-4251 3523
-4282 3515
-4301 3526
-4273 3533
-4244 3571
-4238 3538
-4255 3558
-4302 3590
-4245 3555
-4241 3579
-4295 3516
-4281 3584
-4244 3570
-4229 3522
-4286 3555
-4296 3582
-4295 3569
-4230 3528
-4234 3520
-4282 3549
-4290 3591
-4252 3522
-4291 3546
-4232 3569
-4229 3585
-4283 3535
-4265 3555
-4236 3532
-4234 3566
-4265 3532
-4296 3572
-4234 3555
-4241 3589
-4245 3585
-4232 3550
-4252 3570
-4244 3558
-4291 3543
-4271 3519
-4274 3544
-4298 3526
-4263 3551
-4240 3568
-4227 3548
-4282 3517
-4246 3587
-4287 3531
-4298 3565
-4285 3572
-4242 3533
-4281 3525
-4274 3557
-4241 3516
-4273 3556
-4264 3516
-4256 3522
-4245 3584
-4265 3539
-4235 3540
-4229 3590
-4236 3533
-4287 3533
-4246 3539
-4290 3532
-4298 3525
-4256 3520
-4281 3546
-4255 3526
-4243 3583
-4279 3566
-4253 3562
-4252 3556
-4269 3538
-4241 3533
-4249 3537
-4270 3545
-4291 3574
-4293 3557
-4283 3530
-4277 3550
-4237 3559
-4231 3546
-4260 3560
-4245 3520
-4256 3528
-4245 3587
-4265 3556
-4274 3567
-4291 3536
-4254 3515
-4286 3539
-4296 3539
-4276 3552
-4255 3566
-4250 3542
-4268 3562
-4276 3534
-4301 3556
-4286 3553
-4249 3554
-4274 3538
-4248 3559
-4301 3544
-4245 3572
-4247 3518
-4260 3552
-4283 3546
-4271 3537
-4283 3518
-4238 3576
-4288 3525
-4303 3579
-4233 3539
-4272 3591
-4304 3582
-4230 3552
-4288 3587
-4271 3569
-4272 3538
-4244 3552
-4243 3589
-4254 3548
-4304 3515
-4251 3571
-4293 3572
-4303 3524
-4232 3566
-4242 3572
-4277 3519
-4277 3523
-4238 3535
-4256 3556
-4295 3519
-4255 3557
-4281 3567
-4250 3534
-4291 3538
-4239 3543
-4232 3562
-4279 3542
-4284 3545
-4232 3530
-4268 3533
-4274 3581
-4270 3591
-4299 3543
-4296 3571
-4302 3554
-4229 3572
-4262 3526
-4276 3553
-4293 3519
-4275 3527
-4260 3582
-4292 3553
-4237 3553
-4265 3586
-4239 3551
-4238 3561
-4255 3544
-4243 3524
-4229 3561
-4266 3517
-4253 3527
-4254 3539
-4277 3556
-4298 3564
-4284 3543
-4249 3559
-4287 3577
-4303 3549
-4295 3544
-4302 3547
-4300 3554
-4258 3537
-4280 3560
-4248 3566
-4231 3570
-4262 3587
-4283 3545
-4280 3534
-4256 3587
-4279 3578
-4254 3591
-4268 3545
-4239 3548
-4251 3585
-4285 3556
-4254 3556
-4252 3581
-4238 3544
-4261 3582
-4275 3533
-4238 3526
-4276 3530
-4274 3587
-4288 3548
-4237 3564
-4284 3551
-4290 3584
-4247 3553
-4265 3568
-4251 3541
-4292 3543
-4275 3548
-4275 3517
-4257 3562
-4267 3541
-4267 3579
-4290 3574
-4248 3554
-4303 3578
-4287 3530
-4231 3580
-4240 3583
-4285 3552
-4299 3556
-4271 3564
-4251 3551
-4299 3537
-4281 3547
-4241 3562
-4277 3551
-4275 3562
-4279 3561
-4249 3583
-4259 3522
-4277 3549
-4256 3583
-4281 3555
-4263 3587
-4295 3520
-4250 3525
-4292 3559
-4269 3577
-4257 3568
-4301 3566
-4248 3578
-4248 3544
-4259 3564
-4275 3529
-4263 3554
-4275 3568
-4291 3563
-4237 3532
-4257 3582
-4289 3573
-4286 3592
-4281 3588
-4260 3536
-4257 3583
-4263 3578
-4287 3525
-4241 3559
-4252 3564
-4255 3542
-4259 3589
-4245 3535
-4255 3556
-4279 3577
-4268 3531
-4269 3523
-4245 3569
-4267 3534
-4297 3589
-4296 3535
-4246 3563
-4241 3558
-4298 3544
-4264 3545
-4292 3588
-4250 3564
-4244 3583
-4261 3535
-4227 3519
-4245 3567
-4280 3576
-4286 3551
-4232 3589
-4298 3590
-4247 3548
-4296 3529
-4234 3552
-4264 3531
-4248 3565
-4265 3582
-4275 3541
-4277 3534
-4297 3536
-4267 3566
-4268 3542
-4243 3543
-4289 3568
-4263 3583
-4239 3558
-4260 3522
-4239 3529
-4286 3576
-4254 3520
-4284 3568
-4290 3564
-4228 3533
-4293 3528
-4279 3516
-4228 3517
-4301 3582
-4267 3515
-4295 3566
-4284 3577
-4282 3560
-4256 3576
-4251 3578
-4241 3570
-4240 3535
-4250 3528
-4282 3546
-4295 3524
-4232 3524
-4290 3548
-4247 3572
-4246 3524
-4242 3544
-4239 3536
-4238 3532
-4297 3548
-4260 3590
-4292 3565
-4295 3563
-4246 3540
-4303 3553
-4298 3528
-4292 3587
-4250 3527
-4269 3589
-4274 3519
-4240 3566
-4283 3565
-4229 3542
-4262 3554
-4258 3547
-4261 3522
-4244 3562
-4239 3535
-4227 3527
-4280 3537
-4287 3555
-4265 3589
-4232 3571
-4295 3588
-4282 3587
-4240 3523
-4292 3547
-4254 3526
-4286 3580
-4278 3572
-4232 3545
-4287 3558
-4263 3561
-4278 3538
-4266 3529
-4250 3568
-4276 3580
-4236 3551
-4293 3526
-4247 3574
-4287 3588
-4245 3549
-4260 3573
-4233 3567
-4302 3549
-4301 3550
-4232 3522
-4290 3555
-4243 3574
-4266 3542
-4273 3539
-4229 3530
-4291 3524
-4235 3521
-4275 3555
-4270 3570
-4227 3544
-4254 3517
-4291 3548
-4289 3554
-4255 3561
-4263 3576
-4252 3526
-4262 3557
-4276 3548
-4259 3571
-4238 3516
-4264 3558
-4261 3568
-4242 3556
-4234 3558
-4304 3560
-4244 3535
-4257 3590
-4266 3591
-4232 3531
-4231 3530
-4254 3522
-4299 3550
-4229 3556
-4234 3528
-4255 3583
-4240 3519
-4251 3522
-4295 3565
-4243 3549
-4251 3592
-4229 3570
-4304 3542
-4231 3562
-4282 3581
-4228 3516
-4290 3585
-4264 3590
-4231 3586
-4262 3564
-4279 3532
-4250 3579
-4236 3527
-4268 3566
-4258 3543
-4279 3586
-4268 3535
-4276 3532
-4240 3551
-4260 3577
-4231 3535
-4270 3535
-4295 3527
-4296 3556
-4258 3567
-4229 3528
-4291 3568
-4285 3574
-4268 3582
-4249 3546
-4295 3518
-4229 3517
-4272 3566
-4256 3521
-4255 3550
-4243 3518
-4274 3592
-4270 3582
-4254 3524
-4287 3539
-4230 3531
-4233 3541
-4272 3581
-4230 3570
-4242 3547
-4267 3590
-4270 3559
-4227 3545
-4246 3580
-4231 3529
-4284 3539
-4272 3529
-4256 3523
-4262 3591
-4298 3553
-4260 3554
-4258 3562
-4248 3541
-4251 3558
-4298 3556
-4263 3532
-4228 3528
-4246 3551
-4230 3545
-4260 3539
-4236 3560
-4252 3527
-4256 3571
-4258 3516
-4286 3564
-4296 3587
-4237 3534
-4288 3560
-4263 3529
-4258 3579
-4235 3554
-4273 3565
-4284 3548
-4263 3569
-4290 3540
-4271 3572
-4265 3533
-4258 3578
-4250 3545
-4267 3585
-4267 3549
-4228 3531
-4290 3570
-4236 3518
-4247 3580
-4270 3583
-4270 3551
-4249 3549
-4285 3541
-4299 3524
-4279 3523
-4284 3528
-4296 3517
-4240 3592
-4246 3550
-4285 3559
-4290 3545
-4244 3521
-4266 3546
-4267 3571
-4298 3540
-4256 3585
-4235 3530
-4297 3553
-4253 3582
-4253 3552
-4291 3535
-4236 3585
-4278 3520
-4263 3584
-4272 3526
-4237 3541
-4282 3534
-4262 3589
-4281 3529
-4286 3545
-4240 3544
-4237 3536
-4304 3546
-4296 3561
-4269 3586
-4289 3560
-4244 3522
-4285 3575
-4268 3523
-4268 3524
-4290 3586
-4236 3536
-4230 3575
-4285 3562
-4250 3553
-4240 3521
-4269 3548
-4278 3525
-4274 3523
-4256 3524
-4272 3522
-4288 3588
-4281 3518
-4265 3554
-4258 3549
-4233 3549
-4265 3526
-4275 3549
-4258 3582
-4294 3550
-4276 3572
-4280 3580
-4301 3533
-4254 3571
-4262 3559
-4232 3555
-4242 3531
-4250 3554
-4242 3542
-4236 3541
-4246 3571
-4259 3554
-4240 3562
-4234 3586
-4254 3545
-4258 3572
-4250 3561
-4286 3583
-4291 3590
-4244 3576
-4251 3535
-4286 3516
-4275 3565
-4272 3592
-4294 3521
-4240 3561
-4242 3539
-4290 3578
-4282 3531
-4303 3546
-4303 3566
-4243 3529
-4264 3543
-4236 3550
-4266 3567
-4240 3542
-4232 3543
-4251 3527
-4261 3536
-4295 3570
-4271 3531
-4287 3581
-4293 3538
-4258 3581
-4296 3554
-4256 3516
-4298 3531
-4297 3585
-4264 3553
-4286 3527
-4272 3586
-4252 3586
-4275 3551
-4296 3545
-4268 3565
-4253 3558
-4242 3525
-4283 3523
-4248 3549
-4243 3538
-4261 3549
-4277 3581
-4233 3550
-4287 3546
-4237 3592
-4242 3575
-4248 3537
-4231 3585
-4297 3532
-4285 3584
-4271 3562
-4280 3539
-4227 3515
-4287 3586
-4231 3526
-4291 3586
-4228 3515
-4269 3581
-4279 3570
-4265 3525
-4271 3592
-4261 3592
-4241 3588
-4304 3552
-4241 3575
-4252 3560
-4253 3588
-4296 3548
-4248 3528
-4294 3543
-4288 3522
-4261 3538
-4299 3528
-4235 3577
-4272 3546
-4254 3568
-4277 3528
-4300 3572
-4299 3579
-4274 3591
-4289 3588
-4247 3573
-4258 3591
-4282 3558
-4236 3569
-4300 3567
-4259 3537
-4290 3553
-4238 3551
-4245 3545
-4280 3549
-4286 3534
-4301 3564
-4249 3556
-4301 3577
-4300 3535
-4241 3523
-4242 3523
-4245 3557
-4266 3531
-4266 3562
-4256 3530
-4295 3559
-4266 3569
-4232 3553
-4293 3558
-4230 3538
-4250 3584
-4281 3536
-4260 3585
-4256 3575
-4241 3571
-4303 3580
-4241 3525
-4251 3570
-4232 3532
-4234 3563
-4248 3540
-4235 3559
-4285 3515
-4251 3521
-4233 3563
-4245 3534
-4289 3577
-4290 3560
-4243 3571
-4286 3549
-4247 3578
-4234 3576
-4275 3561
-4276 3579
-4239 3567
-4276 3522
-4292 3525
-4294 3539
-4283 3564
-4274 3586
-4239 3577
-4237 3547
-4234 3579
-4291 3527
-4244 3519
-4231 3588
-4287 3550
-4230 3576
-4292 3584
-4270 3552
-4285 3578
-4268 3578
-4248 3535
-4241 3530
-4268 3526
-4295 3574
-4279 3569
-4272 3557
-4281 3552
-4255 3525
-4275 3537
-4237 3579
-4232 3577
-4280 3528
-4277 3531
-4283 3534
-4303 3562
-4274 3564
-4229 3524
-4266 3565
-4261 3553
-4292 3534
-4266 3523
-4261 3583
-4275 3584
-4254 3550
-4238 3580
-4256 3552
-4281 3569
-4267 3580
-4297 3588
-4294 3546
-4292 3567
-4245 3544
-4293 3527
-4230 3533
-4249 3527
-4283 3592
-4232 3535
-4283 3524
-4297 3579
-4282 3575
-4286 3566
-4302 3579
-4238 3540
-4253 3545
-4229 3583
-4302 3555
-4231 3583
-4233 3531
-4291 3526
-4239 3552
-4296 3569
-4262 3561
-4296 3574
-4269 3553
-4235 3556
-4261 3581
-4242 3537
-4261 3554
-4259 3530
-4244 3582
-4233 3573
-4253 3521
-4286 3543
-4240 3584
-4283 3583
-4235 3547
-4236 3584
-4237 3565
-4234 3523
-4297 3551
-4302 3568
-4292 3531
-4241 3545
-4244 3536
-4290 3558
-4231 3555
-4238 3583
-4289 3526
-4235 3549
-4263 3590
-4264 3568
-4254 3578
-4287 3537
-4253 3530
-4253 3547
-4265 3545
-4243 3586
-4301 3587
-4244 3577
-4239 3538
-4273 3545
-4232 3519
-4247 3577
-4239 3550
-4268 3568
-4245 3516
-4238 3523
-4295 3537
-4257 3529
-4289 3582
-4255 3530
-4239 3555
-4230 3567
-4249 3519
-4302 3561
-4235 3568
-4261 3526
-4261 3560
-4245 3559
-4236 3534
-4301 3561
-4235 3565
-4292 3583
-4295 3558
-4239 3578
-4235 3574
-4268 3536
-4263 3566
-4289 3584
-4263 3523
-4234 3542
-4258 3521
-4246 3544
-4243 3587
-4276 3563
-4254 3544
-4268 3517
-4280 3558
-4280 3533
-4237 3535
-4283 3584
-4279 3533
-4276 3582
-4237 3529
-4280 3562
-4260 3549
-4255 3532
-4269 3567
-4238 3574
-4297 3591
-4246 3529
-4235 3567
-4293 3581
-4230 3587
-4295 3582
-4258 3561
-4304 3558
-4286 3526
-4297 3558
-4269 3569
-4233 3552
-4245 3543
-4270 3589
-4296 3519
-4255 3548
-4267 3521
-4254 3589
-4292 3578
-4282 3542
-4288 3541
-4253 3553
-4269 3556
-4276 3561
-4283 3589
-4276 3588
-4245 3577
-4230 3526
-4236 3519
-4243 3540
-4263 3580
-4265 3571
-4243 3554
-4248 3545
-4235 3591
-4257 3564
-4228 3546
-4289 3542
-4297 3565
-4260 3566
-4299 3580
-4277 3533
-4284 3586
-4301 3518
-4241 3535
-4280 3583
-4275 3524
-4232 3581
-4276 3568
-4247 3533
-4252 3534
-4297 3519
-4296 3573
-4282 3529
-4275 3522
-4235 3579
-4235 3569
-4282 3574
-4288 3521
-4232 3568
-4283 3556
-4272 3573
-4234 3533
-4271 3526
-4279 3520
-4236 3566
-4264 3528
-4229 3538
-4249 3575
-4274 3560
-4281 3558
-4258 3550
-4245 3530
-4283 3568
-4243 3534
-4255 3553
-4235 3551
-4272 3554
-4233 3570
-4274 3583
-4246 3545
-4272 3575
-4250 3580
-4284 3517
-4300 3527
-4235 3578
-4228 3519
-4298 3522
-4274 3535
-4227 3529
-4275 3588
-4244 3590
-4252 3590
-4277 3583
-4290 3543
-4234 3536
-4299 3535
-4283 3520
-4284 3529
-4276 3564
-4255 3588
-4229 3519
-4231 3527
-4239 3562
-4296 3575
-4292 3581
-4268 3577
-4296 3583
-4248 3515
-4282 3545
-4240 3558
-4239 3526
-4258 3540
-4298 3563
-4252 3529
-4245 3561
-4261 3585
-4271 3551
-4259 3527
-4241 3574
-4231 3518
-4231 3560
-4274 3555
-4284 3559
-4268 3589
-4238 3591
-4299 3584
-4300 3592
-4286 3536
-4234 3592
-4256 3588
-4240 3565
-4297 3517
-4231 3549
-4227 3537
-4270 3541
-4302 3522
-4288 3516
-4291 3575
-4294 3536
-4228 3550
-4292 3551
-4256 3536
-4247 3545
-4263 3547
-4252 3548
-4292 3564
-4273 3546
-4295 3556
-4243 3559
-4296 3564
-4267 3572
-4266 3537
-4260 3556
-4296 3568
-4276 3565
-4246 3517
-4267 3530
-4273 3564
-4271 3517
-4230 3571
-4265 3530
-4274 3590
-4289 3564
-4294 3515
-4301 3529
-4296 3590
-4265 3560
-4288 3535
-4272 3560
-4297 3538
-4243 3582
-4276 3523
-4293 3543
-4277 3563
-4249 3522
-4231 3569
-4252 3589
-4254 3572
-4257 3541
-4241 3577
-4290 3515
-4245 3522
-4231 3553
-4238 3531
-4298 3546
-4268 3574
-4246 3564
-4229 3563
-4291 3523
-4260 3558
-4301 3519
-4262 3532
-4287 3541
-4238 3543
-4263 3564
-4230 3580
-4251 3537
-4238 3530
-4291 3573
-4261 3551
-4258 3546
-4266 3541
-4243 3550
-4246 3560
-4304 3569
-4267 3537
-4276 3519
-4245 3578
-4267 3577
-4268 3539
-4227 3531
-4235 3523
-4295 3553
-4260 3547
-4248 3539
-4292 3557
-4262 3570
-4241 3517
-4278 3566
-4232 3567
-4246 3566
-4253 3542
-4237 3519
-4259 3562
-4238 3587
-4245 3556
-4280 3584
-4262 3528
-4268 3591
-4239 3581
-4256 3566
-4258 3541
-4278 3543
-4252 3580
-4264 3546
-4294 3573
-4257 3557
-4299 3530
-4269 3537
-4266 3538
-4293 3569
-4242 3561
-4299 3577
-4269 3554
-4231 3563
-4258 3592
-4247 3526
-4267 3569
-4244 3527
-4287 3591
-4242 3528
-4239 3565
-4243 3541
-4299 3548
-4273 3526
-4270 3587
-4264 3560
-4264 3530
-4279 3521
-4268 3567
-4278 3571
-4288 3540
-4255 3567
-4289 3565
-4272 3542
-4264 3557
-4289 3521
-4302 3578
-4286 3518
-4302 3558
-4259 3523
-4265 3592
-4298 3572
-4292 3523
-4287 3543
-4279 3547
-4300 3534
-4260 3574
-4252 3576
-4289 3561
-4279 3548
-4273 3562
-4297 3540
-4251 3582
-4245 3568
-4270 3563
-4298 3588
-4284 3524
-4248 3569
-4301 3547
-4248 3520
-4233 3584
-4288 3573
-4256 3542
-4242 3520
-4230 3517
-4300 3536
-4271 3567
-4245 3538
-4250 3520
-4231 3572
-4302 3539
-4303 3543
-4260 3553
-4229 3584
-4254 3561
-4262 3535
-4266 3588
-4271 3570
-4280 3524
-4298 3561
-4271 3584
-4268 3516
-4285 3516
-4273 3577
-4277 3557
-4298 3585
-4302 3562
-4290 3549
-4270 3566
-4279 3519
-4286 3591
-4249 3565
-4238 3518
-4299 3553
-4301 3536
-4286 3522
-4267 3578
-4230 3584
-4297 3550
-4304 3524
-4302 3543
-4256 3559
-4280 3527
-4272 3588
-4252 3525
-4239 3530
-4272 3550
-4281 3532
-4304 3564
-4301 3567
-4273 3525
-4275 3586
-4227 3521
-4236 3587
-4281 3562
-4269 3516
-4255 3585
-4262 3578
-4292 3555
-4244 3551
-4268 3522
-4244 3524
-4276 3556
-4269 3570
-4304 3559
-4232 3549
-4282 3525
-4242 3526
-4246 3522
-4271 3520
-4233 3568
-4291 3578
-4237 3589
-4266 3585
-4261 3589
-4232 3592
-4229 3551
-4240 3564
-4266 3526
-4292 3532
-4228 3525
-4263 3521
-4300 3584
-4294 3587
-4276 3574
-4239 3534
-4283 3557
-4289 3551
-4246 3531
-4253 3539
-4281 3563
-4269 3573
-4273 3547
-4262 3544
-4272 3536
-4259 3575
-4254 3573
-4295 3568
-4229 3586
-4294 3575
-4249 3521
-4258 3544
-4263 3537
-4304 3581
-4274 3569
-4279 3572
-4274 3552
-4272 3587
-4260 3584
-4251 3532
-4291 3580
-4253 3550
-4300 3544
-4268 3554
-4272 3559
-4240 3528
-4248 3518
-4233 3576
-4273 3524
-4255 3522
-4249 3524
-4244 3538
-4236 3555
-4235 3560
-4282 3579
-4231 3567
-4293 3520
-4270 3567
-4270 3572
-4235 3538
-4288 3570
-4257 3539
-4266 3581
-4275 3591
-4251 3580
-4267 3525
-4287 3523
-4255 3552
-4260 3587
-4239 3556
-4282 3550
-4257 3580
-4254 3582
-4304 3572
-4282 3583
-4248 3570
-4240 3577
-4228 3535
-4297 3570
-4232 3561
-4234 3564
-4280 3567
-4287 3551
-4229 3579
-4243 3592
-4229 3575
-4268 3548
-4251 3590
-4270 3569
-4235 3531
-4275 3592
-4287 3524
-4253 3589
-4239 3589
-4269 3534
-4300 3518
-4287 3522
-4293 3551
-4285 3587
-4287 3585
-4260 3518
-4249 3567
-4265 3591
-4274 3551
-4280 3548
-4287 3520
-4253 3563
-4242 3560
-4236 3552
-4229 3548
-4241 3561
-4289 3570
-4256 3544
-4246 3573
-4295 3517
-4260 3516
-4276 3560
-4289 3550
-4242 3552
-4263 3558
-4298 3550
-4259 3529
-4229 3573
-4234 3556
-4249 3592
-4271 3573
-4229 3567
-4250 3565
-4233 3536
-4280 3543
-4255 3571
-4289 3523
-4243 3542
-4229 3557
-4288 3554
-4288 3591
-4235 3539
-4270 3516
-4258 3551
-4244 3547
-4248 3531
-4255 3535
-4290 3571
-4230 3582
-4270 3548
-4251 3552
-4289 3555
-4270 3546
-4235 3553
-4261 3539
-4282 3565
-4253 3573
-4240 3529
-4304 3561
-4265 3584
-4296 3581
-4278 3530
-4275 3552
-4276 3535
-4257 3528
-4253 3522
-4270 3574
-4263 3588
-4259 3574
-4286 3578
-4294 3591
-4273 3578
-4273 3568
-4256 3549
-4286 3559
-4255 3519
-4286 3574
-4245 3515
-4266 3579
-4232 3565
-4247 3522
-4264 3578
-4247 3551
-4254 3519
-4267 3531
-4261 3576
-4244 3565
-4235 3576
-4265 3528
-4237 3563
-4287 3545
-4294 3551
-4234 3546
-4227 3550
-4267 3556
-4233 3538
-4234 3535
-4262 3520
-4274 3536
-4253 3554
-4267 3536
-4273 3559
-4237 3517
-4253 3559
-4293 3565
-4229 3581
-4262 3522
-4239 3568
-4235 3546
-4244 3559
-4265 3575
-4300 3517
-4291 3533
-4272 3561
-4271 3585
-4281 3517
-4302 3515
-4301 3517
-4236 3556
-4254 3558
-4279 3559
-4255 3534
-4237 3561
-4295 3580
-4231 3515
-4259 3555
-4283 3532
-4300 3571
-4236 3542
-4255 3533
-4259 3550
-4232 3575
-4300 3530
-4270 3586
-4280 3530
-4259 3515
-4291 3519
-4259 3573
-4262 3552
-4303 3518
-4237 3566
-4251 3568
-4281 3537
-4266 3544
-4264 3583
-4293 3556
-4275 3535
-4288 3577
-4295 3590
-4301 3552
-4236 3530
-4259 3582
-4236 3543
-4261 3570
-4269 3546
-4232 3585
-4298 3541
-4254 3528
-4256 3568
-4270 3571
-4277 3568
-4278 3578
-4244 3528
-4304 3578
-4296 3553
-4253 3571
-4232 3554
-4280 3566
-4272 3572
-4274 3534
-4292 3579
-4262 3540
-4252 3542
-4297 3533
-4250 3583
-4253 3538
-4264 3524
-4293 3583
-4298 3538
-4236 3529
-4298 3515
-4242 3590
-4274 3524
-4247 3566
-4249 3531
-4272 3530
-4252 3579
-4276 3517
-4265 3540
-4286 3586
-4240 3515
-4297 3535
-4269 3568
-4271 3587
-4231 3534
-4267 3520
-4241 3531
-4280 3568
-4232 3582
-4289 3534
-4240 3578
-4256 3533
-4240 3586
-4284 3587
-4294 3531
-4269 3571
-4299 3562
-4291 3556
-4248 3574
-4284 3544
-4285 3570
-4253 3525
-4255 3565
-4246 3520
-4257 3577
-4231 3520
-4232 3578
-4298 3557
-4267 3526
-4266 3592
-4253 3565
-4258 3563
-4281 3589
-4230 3562
-4290 3576
-4299 3541
-4235 3533
-4250 3577
-4294 3518
-4258 3588
-4242 3578
-4273 3555
-4241 3568
-4262 3590
-4288 3592
-4303 3587
-4230 3521
-4268 3553
-4270 3553
-4263 3525
-4303 3573
-4271 3547
-4249 3532
-4269 3527
-4270 3524
-4230 3591
-4260 3580
-4297 3578
-4283 3591
-4289 3574
-4257 3522
-4278 3589
-4270 3549
-4229 3545
-4271 3566
-4267 3543
-4298 3535
-4261 3580
-4238 3573
-4272 3516
-4258 3522
-4251 3554
-4287 3534
-4262 3521
-4260 3532
-4274 3531
-4304 3516
-4235 3516
-4293 3529
-4248 3561
-4291 3579
-4284 3590
-4303 3571
-4259 3559
-4261 3577
-4230 3572
-4256 3527
-4262 3572
-4229 3568
-4267 3548
-4281 3530
-4275 3554
-4253 3575
-4301 3565
-4230 3566
-4289 3524
-4272 3549
-4254 3575
-4250 3572
-4231 3590
-4277 3545
-4262 3523
-4241 3522
-4261 3587
-4259 3576
-4284 3573
-4271 3583
-4304 3553
-4271 3554
-4244 3585
-4251 3519
-4275 3540
-4246 3526
-4235 3545
-4303 3533
-4235 3542
-4236 3538
-4274 3553
-4255 3549
-4278 3519
-4256 3558
-4279 3526
-4302 3570
-4242 3545
-4236 3553
-4283 3550
-4257 3592
-4258 3542
-4278 3588
-4278 3554
-4297 3544
-4289 3557
-4273 3540
-4238 3586
-4290 3557
-4292 3568
-4299 3519
-4248 3526
-4260 3564
-4269 3543
-4282 3527
-4277 3574
-4235 3518
-4300 3559
-4248 3557
-4299 3520
-4266 3522
-4270 3565
-4273 3560
-4288 3529
-4238 3539
-4245 3518
-4249 3566
-4254 3541
-4246 3546
-4268 3534
-4257 3535
-4292 3520
-4257 3566
-4255 3537
-4233 3585
-4249 3555
-4292 3569
-4288 3555
-4271 3535
-4304 3579
-4269 3525
-4283 3544
-4254 3586
-4290 3519
-4302 3577
-4288 3519
-4299 3547
-4259 3516
-4253 3557
-4259 3552
-4296 3544
-4282 3519
-4274 3571
-4254 3592
-4286 3542
-4272 3545
-4290 3579
-4293 3534
-4259 3565
-4255 3531
-4288 3589
-4287 3519
-4292 3538
-4277 3540
-4272 3582
-4303 3539
-4268 3557
-4244 3533
-4295 3552
-4234 3517
-4245 3529
-4303 3565
-4262 3546
-4303 3515
-4271 3542
-4283 3549
-4301 3531
-4260 3571
-4272 3540
-4266 3590
-4257 3545
-4253 3520
-4243 3565
-4301 3545
-4265 3543
-4239 3592
-4235 3525
-4261 3541
-4288 3569
-4301 3574
-4260 3591
-4267 3567
-4293 3571
-4301 3523
-4278 3545
-4256 3569
-4239 3587
-4294 3538
-4262 3581
-4250 3581
-4303 3551
-4276 3558
-4250 3591
-4281 3559
-4293 3518
-4301 3540
-4300 3555
-4250 3592
-4287 3528
-4242 3589
-4231 3544
-4233 3546
-4229 3529
-4244 3588
-4293 3537
-4263 3591
-4234 3568
-4266 3543
-4296 3558
-4275 3563
-4304 3587
-4273 3569
-4244 3542
-4277 3526
-4229 3591
-4275 3589
-4303 3584
-4241 3560
-4267 3581
-4236 3535
-4247 3561
-4232 3528
-4258 3558
-4227 3522
-4263 3542
-4293 3532
-4284 3563
-4244 3537
-4286 3541
-4272 3548
-4293 3580
-4284 3570
-4259 3545
-4233 3540
-4295 3528
-4283 3562
-4268 3527
-4292 3522
-4233 3534
-4289 3572
-4283 3543
-4254 3569
-4229 3543
-4266 3584
-4267 3576
-4285 3522
-4246 3575
-4266 3578
-4283 3561
-4277 3520
-4242 3563
-4300 3583
-4266 3516
-4240 3585
-4238 3581
-4230 3553
-4249 3576
-4231 3538
-4302 3519
-4297 3592
-4283 3570
-4275 3582
-4264 3575
-4256 3582
-4252 3543
-4259 3521
-4252 3574
-4247 3525
-4289 3515
-4231 3565
-4288 3558
-4288 3576
-4271 3557
-4277 3522
-4261 3543
-4269 3578
-4288 3534
-4245 3554
-4239 3540
-4247 3519
-4260 3572
-4257 3537
-4291 3570
-4243 3566
-4296 3586
-4259 3578
-4260 3550
-4254 3583
-4261 3579
-4264 3580
-4256 3529
-4271 3579
-4248 3555
-4279 3568
-4285 3555
-4290 3523
-4297 3555
-4249 3569
-4267 3528
-4271 3529
-4259 3540
-4279 3583
-4292 3530
-4268 3537
-4246 3534
-4275 3572
-4260 3548
-4248 3572
-4245 3582
-4266 3558
-4275 3516
-4277 3564
-4303 3536
-4255 3562
-4253 3586
-4262 3534
-4302 3528
-4232 3576
-4304 3574
-4237 3587
-4234 3530
-4239 3541
-4260 3568
-4244 3529
-4273 3519
-4303 3556
-4239 3572
-4296 3559
-4293 3584
-4302 3516
-4266 3524
-4273 3589
-4235 3541
-4240 3516
-4273 3541
-4277 3584
-4272 3544
-4264 3517
-4285 3560
-4287 3559
-4280 3581
-4288 3526
-4256 3538
-4301 3532
-4261 3531
-4248 3516
-4283 3567
-4278 3579
-4253 3532
-4267 3557
-4237 3551
-4232 3573
-4263 3568
-4258 3523
-4253 3576
-4286 3532
-4304 3565
-4291 3517
-4301 3559
-4236 3590
-4238 3528
-4236 3522
-4276 3521
-4236 3537
-4259 3541
-4235 3570
-4251 3556
-4295 3584
-4237 3554
-4258 3589
-4298 3579
-4274 3520
-4232 3520
-4297 3543
-4283 3548
-4297 3529
-4294 3552
-4301 3525
-4255 3560
-4254 3560
-4238 3549
-4246 3519
-4234 3553
-4304 3534
-4269 3561
-4285 3583
-4267 3547
-4262 3577
-4289 3548
-4237 3558
-4264 3555
-4301 3527
-4244 3545
-4274 3517
-4284 3574
-4281 3527
-4246 3521
-4272 3527
-4262 3527
-4288 3563
-4228 3544
-4231 3547
-4247 3568
-4300 3565
-4294 3565
-4248 3580
-4246 3553
-4303 3537
-4232 3537
-4254 3574
-4294 3554
-4294 3583
-4259 3526
-4246 3576
-4231 3592
-4235 3529
-4299 3533
-4257 3585
-4285 3528
-4238 3592
-4234 3534
-4295 3540
-4283 3559
-4275 3587
-4260 3545
-4240 3576
-4263 3524
-4280 3564
-4235 3588
-4259 3519
-4270 3568
-4241 3542
-4264 3577
-4277 3552
-4297 3566
-4255 3527
-4302 3553
-4254 3577
-4266 3521
-4239 3566
-4303 3520
-4250 3570
-4300 3566
-4277 3537
-4283 3527
-4286 3561
-4227 3540
-4261 3562
-4241 3547
-4257 3548
-4279 3550
-4243 3551
-4262 3580
-4300 3556
-4230 3556
-4262 3569
-4300 3524
-4302 3532
-4278 3577
-4292 3576
-4277 3547
-4253 3570
-4297 3574
-4237 3531
-4262 3585
-4240 3530
-4246 3583
-4293 3541
-4284 3536
-4300 3541
-4234 3587
-4249 3577
-4280 3538
-4244 3541
-4231 3523
-4297 3524
-4295 3543
-4264 3562
-4285 3524
-4269 3557
-4238 3579
-4248 3586
-4248 3560
-4259 3532
-4230 3540
-4249 3584
-4302 3542
-4262 3558
-4289 3535
-4242 3588
-4248 3588
-4289 3569
-4248 3553
-4278 3570
-4292 3545
-4257 3551
-4244 3584
-4233 3526
-4301 3571
-4249 3562
-4235 3543
-4291 3554
-4240 3532
-4290 3534
-4289 3590
-4278 3523
-4272 3515
-4282 3547
-4241 3586
-4243 3570
-4289 3533
-4269 3531
-4258 3553
-4254 3534
-4260 3565
-4230 3539
-4265 3579
-4248 3552
-4240 3517
-4277 3530
-4287 3578
-4239 3549
-4242 3517
-4279 3588
-4261 3586
-4254 3546
-4237 3524
-4302 3582
-4237 3577
-4292 3561
-4271 3582
-4251 3536
-4232 3534
-4237 3528
-4231 3524
-4254 3531
-4271 3586
-4246 3572
-4270 3539
-4283 3585
-4276 3566
-4250 3518
-4270 3556
-4235 3566
-4236 3539
-4229 3560
-4298 3529
-4297 3556
-4286 3531
-4253 3591
-4247 3569
-4265 3552
-4235 3528
-4252 3585
-4265 3572
-4243 3580
-4279 3529
-4257 3525
-4234 3551
-4282 3536
-4245 3558
-4240 3589
-4245 3589
-4279 3541
-4304 3519
-4257 3519
-4282 3559
-4302 3588
-4263 3545
-4230 3577
-4299 3536
-4249 3560
-4258 3585
-4272 3567
-4266 3539
-4229 3580
-4232 3579
-4254 3564
-4229 3533
-4230 3586
-4266 3589
-4292 3554
-4233 3582
-4304 3532
-4271 3528
-4261 3546
-4245 3580
-4268 3571
-4265 3535
-4277 3516
-4267 3516
-4296 3542
-4295 3554
-4252 3550
-4296 3540
-4295 3576
-4285 3532
-4247 3532
-4293 3553
-4253 3515
-4233 3525
-4264 3566
-4231 3540
-4278 3547
-4247 3530
-4238 3519
-4276 3589
-4241 3541
-4289 3583
-4269 3574
-4270 3547
-4290 3589
-4284 3592
-4272 3580
-4272 3562
-4230 3550
-4242 3551
-4299 3555
-4245 3524
-4286 3554
-4271 3588
-4278 3561
-4259 3548
-4267 3553
-4240 3548
-4233 3556
-4295 3548
-4259 3544
-4250 3519
-4265 3580
-4247 3587
-4244 3518
-4265 3561
-4260 3544
-4251 3530
-4257 3565
-4241 3524
-4229 3566
-4261 3525
-4255 3555
-4240 3543
-4248 3521
-4263 3559
-4270 3536
-4257 3533
-4303 3577
-4288 3517
-4300 3573
-4299 3558
-4262 3582
-4287 3574
-4235 3515
-4236 3561
-4288 3537
-4245 3570
-4243 3526
-4270 3573
-4285 3563
-4250 3552
-4269 3564
-4294 3529
-4290 3556
-4304 3538
-4295 3560
-4252 3588
-4233 3581
-4249 3586
-4303 3559
-4250 3521
-4257 3563
-4295 3525
-4299 3588
-4231 3566
-4261 3561
-4239 3547
-4301 3590
-4230 3527
-4284 3519
-4240 3569
-4242 3571
-4290 3517
-4234 3575
-4279 3534
-4298 3542
-4295 3522
-4302 3587
-4245 3541
-4295 3542
-4231 3554
-4279 3571
-4242 3568
-4278 3526
-4303 3522
-4300 3546
-4284 3581
-4244 3581
-4255 3590
-4288 3532
-4256 3541
-4263 3538
-4258 3571
-4291 3565
-4260 3551
-4285 3537
-4247 3559
-4301 3560
-4238 3520
-4233 3521
-4229 3564
-4269 3522
-4227 3541
-4242 3515
-4286 3570
-4236 3574
-4278 3564
-4274 3570
-4275 3558
-4233 3586
-4268 3569
-4264 3538
-4280 3592
-4291 3576
-4253 3528
-4290 3583
-4275 3556
-4296 3530
-4274 3539
-4296 3580
-4297 3575
-4288 3556
-4301 3515
-4244 3579
-4296 3563
-4294 3533
-4275 3573
-4249 3579
-4254 3523
-4277 3544
-4274 3543
-4302 3533
-4294 3579
-4273 3563
-4303 3581
-4294 3522
-4271 3549
-4282 3564
-4235 3520
-4279 3546
-4260 3570
-4227 3524
-4301 3554
-4239 3575
-4260 3578
-4262 3539
-4270 3521
-4280 3590
-4288 3575
-4248 3556
-4286 3575
-4260 3519
-4274 3527
-4276 3536
-4246 3558
-4267 3523
-4249 3568
-4302 3586
-4228 3530
-4264 3535
-4243 3535
-4285 3544
-4260 3581
-4293 3570
-4236 3578
-4253 3584
-4230 3558
-4297 3525
-4265 3585
-4234 3582
-4262 3592
-4302 3546
-4253 3540
-4264 3525
-4275 3577
-4254 3567
-4281 3579
-4276 3584
-4295 3526
-4256 3560
-4283 3554
-4250 3566
-4236 3591
-4238 3517
-4243 3585
-4286 3548
-4269 3519
-4289 3556
-4271 3534
-4281 3573
-4240 3557
-4283 3575
-4266 3555
-4256 3567
-4267 3568
-4273 3585
-4238 3590
-4245 3565
-4249 3543
-4233 3574
-4262 3575
-4228 3545
-4282 3591
-4290 3580
-4253 3543
-4301 3584
-4253 3566
-4274 3537
-4262 3579
-4287 3521
-4273 3580
-4253 3564
-4259 3553
-4253 3533
-4235 3535
-4237 3526
-4276 3583
-4233 3548
-4288 3533
-4280 3582
-4282 3584
-4278 3587
-4251 3538
-4253 3587
-4269 3563
-4258 3515
-4252 3523
-4292 3572
-4286 3552
-4264 3563
-4243 3568
-4303 3540
-4269 3521
-4269 3558
-4266 3564
-4280 3550
-4290 3567
-4286 3567
-4233 3566
-4298 3545
-4295 3591
-4237 3520
-4284 3522
-4263 3516
-4239 3564
-4254 3565
-4265 3581
-4249 3545
-4262 3549
-4234 3529
-4301 3528
-4280 3556
-4272 3534
-4275 3553
-4248 3583
-4229 3516
-4286 3572
-4267 3584
-4264 3573
-4239 3579
-4237 3586
-4303 3521
-4304 3537
-4241 3544
-4246 3574
-4289 3580
-4291 3567
-4296 3523
-4294 3516
-4237 3571
-4272 3520
-4256 3574
-4247 3563
-4231 3564
-4287 3592
-4287 3515
-4265 3559
-4299 3575
-4234 3515
-4294 3530
-4251 3587
-4230 3560
-4273 3554
-4298 3578
-4304 3529
-4255 3529
-4240 3579
-4256 3553
-4267 3535
-4264 3592
-4302 3569
-4245 3539
-4266 3576
-4234 3588
-4289 3520
-4286 3523
-4269 3541
-4235 3561
-4253 3541
-4299 3517
-4253 3524
-4250 3516
-4240 3531
-4304 3531
-4288 3552
-4295 3533
-4287 3565
-4269 3588
-4242 3586
-4251 3557
-4260 3546
-4233 3561
-4230 3589
-4286 3589
-4303 3557
-4259 3551
-4302 3591
-4268 3532
-4262 3553
-4257 3532
-4276 3546
-4251 3553
-4257 3530
-4284 3516
-4278 3532
-4244 3532
-4272 3547
-4230 3522
-4284 3526
-4270 3579
-4253 3555
-4276 3592
-4244 3516
-4256 3578
-4245 3528
-4294 3578
-4295 3586
-4283 3529
-4253 3578
-4233 3588
-4303 3575
-4266 3566
-4236 3575
-4271 3553
-4239 3591
-4232 3588
-4248 3532
-4296 3566
-4288 3590
-4238 3566
-4267 3539
-4294 3572
-4259 3572
-4303 3560
-4257 3552
-4282 3569
-4268 3529
-4290 3535
-4302 3552
-4283 3539
-4237 3567
-4260 3520
-4255 3575
-4254 3536
-4289 3543
-4302 3541
-4256 3519
-4237 3546
-4249 3536
-4292 3592
-4293 3546
-4234 3538
-4261 3555
-4280 3536
-4268 3552
-4290 3533
-4255 3516
-4242 3574
-4250 3571
-4303 3570
-4288 3518
-4257 3588
-4254 3557
-4256 3535
-4247 3534
-4235 3552
-4238 3565
-4282 3537
-4264 3586
-4304 3551
-4261 3564
-4243 3573
-4230 3564
-4250 3590
-4290 3527
-4247 3592
-4271 3525
-4245 3547
-4276 3569
-4286 3585
-4300 3561
-4229 3536
-4267 3565
-4293 3550
-4249 3571
-4288 3546
-4264 3515
-4253 3536
-4273 3548
-4232 3525
-4265 3531
-4248 3542
-4272 3583
-4268 3518
-4237 3544
-4280 3591
-4247 3535
-4291 3555
-4271 3568
-4286 3529
-4304 3548
-4261 3573
-4289 3530
-4268 3587
-4282 3540
-4243 3561
-4258 3530
-4273 3590
-4296 3541
-4244 3587
-4282 3543
-4254 3538
-4277 3585
-4237 3543
-4246 3538
-4233 3575
-4263 3571
-4252 3517
-4261 3528
-4298 3573
-4281 3576
-4303 3568
-4278 3556
-4237 3542
-4300 3532
-4258 3532
-4245 3548
-4290 3546
-4241 3582
-4258 3576
-4298 3548
-4241 3520
-4252 3541
-4265 3524
-4246 3515
-4298 3592
-4246 3584
-4247 3562
-4270 3557
-4231 3532
-4244 3573
-4294 3544
-4286 3528
-4289 3558
-4295 3573
-4230 3565
-4230 3551
-4281 3556
-4277 3525
-4263 3556
-4262 3588
-4264 3519
-4269 3530
-4259 3543
-4294 3541
-4279 3555
-4251 3547
-4260 3523
-4301 3516
-4283 3536
-4230 3524
-4240 3581
-4286 3560
-4269 3560
-4279 3567
-4240 3571
-4274 3528
-4228 3549
-4287 3516
-4256 3572
-4260 3563
-4233 3580
-4251 3528
-4274 3563
-4265 3522
-4266 3520
-4285 3580
-4297 3545
-4283 3526
-4247 3515
-4301 3539
-4257 3584
-4294 3567
-4270 3564
-4276 3557
-4279 3574
-4288 3539
-4234 3518
-4303 3552
-4248 3571
-4289 3536
-4253 3592
-4272 3533
-4251 3569
-4279 3543
-4234 3547
-4294 3560
-4244 3563
-4263 3541
-4261 3558
-4247 3517
-4291 3585
-4248 3533
-4260 3557
-4258 3565
-4282 3578
-4295 3578
-4298 3575
-4279 3549
-4268 3519
-4240 3527
-4280 3526
-4247 3544
-4272 3537
-4276 3516
-4233 3523
-4268 3521
-4299 3539
-4231 3525
-4287 3517
-4229 3574
-4277 3561
-4263 3552
-4253 3531
-4228 3543
-4227 3543
-4302 3536
-4291 3528
-4295 3577
-4269 3540
-4266 3548
-4267 3558
-4231 3576
-4303 3574
-4274 3575
-4264 3571
-4281 3520
-4290 3566
-4232 3523
-4236 3544
-4295 3585
-4291 3516
-4266 3572
-4296 3562
-4252 3569
-4277 3532
-4287 3552
-4288 3538
-4267 3544
-4298 3519
-4299 3566
-4296 3531
-4280 3570
-4242 3527
-4242 3579
-4278 3585
-4251 3586
-4272 3584
-4304 3576
-4228 3520
-4256 3517
-4267 3540
-4273 3518
-4276 3547
-4245 3542
-4255 3518
-4266 3540
-4291 3537
-4251 3576
-4278 3557
-4236 3517
-4287 3572
-4279 3573
-4290 3539
-4253 3561
-4249 3572
-4266 3519
-4297 3590
-4282 3533
-4241 3526
-4272 3524
-4264 3581
-4240 3540
-4296 3555
-4297 3582
-4301 3534
-4253 3551
-4277 3586
-4268 3579
-4288 3515
-4275 3526
-4288 3566
-4270 3554
-4298 3558
-4238 3555
-4264 3547
-4276 3581
-4294 3517
-4288 3562
-4243 3569
-4296 3518
-4272 3528
-4256 3515
-4229 3541
-4302 3548
-4262 3545
-4279 3585
-4264 3591
-4255 3568
-4249 3580
-4285 3526
-4260 3521
-4258 3564
-4298 3530
-4285 3538
-4281 3526
-4274 3518
-4257 3561
-4259 3539
-4286 3544
-4301 3591
-4287 3567
-4302 3527
-4286 3556
-4246 3555
-4298 3580
-4265 3553
-4277 3542
-4236 3577
-4240 3520
-4273 3549
-4236 3528
-4277 3569
-4237 3515
-4277 3577
-4253 3579
-4279 3545
-4302 3575
-4290 3542
-4256 3580
-4286 3588
-4292 3582
-4256 3554
-4274 3540
-4282 3518
-4292 3580
-4259 3590
-4261 3524
-4302 3530
-4271 3543
-4243 3547
-4286 3537
-4285 3566
-4239 3560
-4292 3544
-4269 3520
-4260 3586
-4283 3519
-4290 3551
-4241 3551
-4271 3561
-4251 3542
-4276 3587
-4290 3529
-4252 3535
-4269 3518
-4278 3534
-4232 3570
-4236 3526
-4272 3589
-4252 3537
-4247 3555
-4298 3568
-4269 3544
-4288 3527
-4258 3538
-4284 3518
-4279 3527
-4274 3541
-4292 3563
-4238 3542
-4294 3520
-4304 3539
-4304 3580
-4237 3584
-4277 3567
-4248 3587
-4261 3532
-4261 3537
-4292 3539
-4242 3585
-4288 3543
-4268 3572
-4279 3581
-4248 3527
-4251 3561
-4229 3592
-4241 3550
-4278 3546
-4268 3547
-4286 3562
-4257 3515
-4288 3583
-4285 3529
-4304 3533
-4256 3579
-4260 3543
-4299 3567
-4231 3571
-4255 3581
-4261 3517
-4295 3564
-4255 3521
-4243 3557
-4274 3521
-4295 3515
-4282 3530
-4302 3538
-4284 3569
-4278 3535
-4282 3556
-4258 3573
-4285 3535
-4274 3542
-4261 3556
-4294 3523
-4240 3553
-4285 3579
-4257 3575
-4289 3522
-4248 3589
-4278 3537
-4297 3587
-4298 3555
-4276 3559
-4294 3553
-4281 3566
-4248 3576
-4242 3549
-4291 3592
-4262 3518
-4233 3524
-4242 3584
-4228 3518
-4286 3587
-4229 3518
-4271 3580
-4247 3529
-4273 3550
-4304 3556
-4291 3549
-4229 3588
-4289 3546
-4236 3572
-4264 3550
-4302 3556
-4281 3561
-4302 3550
-4266 3532
-4295 3561
-4271 3541
-4301 3579
-4254 3542
-4229 3521
-4230 3534
-4294 3582
-4243 3555
-4282 3524
-4249 3535
-4282 3532
-4290 3577
-4252 3515
-4297 3527
-4258 3533
-4242 3591
-4290 3526
-4302 3523
-4293 3585
-4259 3518
-4263 3570
-4289 3527
-4234 3590
-4256 3547
-4278 3551
-4288 3553
-4280 3519
-4234 3545
-4261 3566
-4296 3551
-4303 3572
-4297 3560
-4249 3553
-4253 3544
-4291 3583
-4292 3590
-4266 3563
-4254 3581
-4300 3581
-4257 3518
-4276 3567
-4255 3587
-4272 3519
-4247 3552
-4252 3520
-4270 3590
-4244 3526
-4280 3551
-4258 3525
-4244 3556
-4265 3565
-4287 3553
-4250 3573
-4297 3557
-4273 3521
-4235 3517
-4284 3565
-4275 3559
-4301 3541
-4259 3556
-4249 3588
-4261 3548
-4270 3523
-4284 3535
-4303 3541
-4228 3540
-4271 3524
-4253 3537
-4288 3582
-4304 3520
-4269 3591
-4266 3527
-4270 3517
-4301 3524
-4270 3538
-4278 3568
-4260 3575
-4285 3590
-4264 3565
-4270 3520
-4256 3551
-4257 3540
-4234 3544
-4265 3548
-4303 3583
-4294 3555
-4283 3547
-4269 3526
-4273 3591
-4248 3563
-4233 3569
-4303 3592
-4298 3549
-4291 3552
-4285 3534
-4251 3566
-4298 3586
-4298 3576
-4293 3531
-4288 3523
-4247 3583
-4277 3575
-4235 3590
-4229 3562
-4282 3551
-4241 3569
-4239 3574
-4275 3523
-4246 3570
-4289 3518
-4259 3591
-4303 3558
-4254 3535
-4301 3569
-4236 3545
-4291 3539
-4290 3563
-4285 3576
-4274 3556
-4231 3577
-4241 3548
-4237 3573
-4289 3562
-4273 3551
-4301 3520
-4241 3532
-4251 3518
-4238 3552
-4258 3548
-4263 3565
-4277 3518
-4259 3533
-4237 3549
-4264 3567
-4233 3565
-4230 3547
-4256 3590
-4249 3557
-4275 3519
-4257 3547
-4275 3539
-4277 3589
-4287 3554
-4298 3552
-4265 3557
-4301 3586
-4250 3578
-4258 3545
-4267 3517
-4300 3585
-4239 3557
-4234 3531
-4256 3592
-4293 3521
-4276 3585
-4259 3525
-4256 3557
-4273 3531
-4257 3587
-4290 3573
-4267 3533
-4268 3561
-4287 3547
-4281 3522
-4264 3585
-4262 3537
-4274 3530
-4238 3515
-4261 3523
-4231 3521
-4238 3569
-4298 3551
-4256 3573
-4266 3535
-4262 3560
-4257 3572
-4249 3590
-4235 3587
-4261 3516
-4300 3550
-4253 3523
-4245 3586
-4239 3537
-4265 3541
-4261 3575
-4282 3521
-4290 3544
-4286 3565
-4290 3561
-4231 3550
-4303 3526
-4290 3581
-4293 3586
-4227 3533
-4243 3519
-4251 3562
-4242 3565
-4239 3571
-4274 3584
-4280 3540
-4304 3591
-4246 3592
-4302 3564
-4271 3544
-4231 3587
-4265 3562
-4286 3573
-4277 3562
-4277 3566
-4288 3530
-4244 3560
-4240 3534
-4238 3550
-4269 3585
-4237 3550
-4266 3559
-4259 3535
-4268 3583
-4303 3590
-4229 3546
-4284 3527
-4286 3558
-4280 3587
-4263 3585
-4276 3526
-4282 3592
-4273 3575
-4233 3518
-4294 3590
-4272 3585
-4229 3576
-4258 3529
-4240 3537
-4238 3582
-4268 3544
-4294 3526
-4242 3516
-4248 3562
-4263 3544
-4265 3576
-4299 3544
-4258 3566
-4228 3521
-4292 3571
-4289 3529
-4283 3517
-4257 3534
-4251 3583
-4292 3560
-4289 3566
-4259 3528
-4297 3547
-4299 3552
-4276 3550
-4268 3541
-4249 3548
-4281 3540
-4257 3573
-4279 3554
-4248 3550
-4297 3562
-4255 3563
-4294 3527
-4247 3584
-4276 3527
-4230 3525
-4241 3585
-4236 3525
-4293 3575
-4299 3534
-4300 3519
-4244 3557
-4251 3555
-4281 3515
-4232 3544
-4298 3583
-4283 3580
-4293 3533
-4235 3582
-4298 3569
-4229 3577
-4258 3577
-4282 3582
-4232 3538
-4281 3585
-4301 3555
-4241 3527
-4251 3579
-4300 3551
-4280 3529
-4230 3569
-4280 3516
-4295 3583
-4247 3528
-4236 3515
-4238 3577
-4250 3533
-4254 3559
-4295 3557
-4256 3591
-4256 3534
-4261 3550
-4257 3543
-4248 3585
-4246 3516
-4257 3549
-4233 3560
-4302 3589
-4258 3556
-4240 3588
-4299 3515
-4249 3573
-4263 3575
-4271 3591
-4277 3582
-4240 3538
-4260 3517
-4265 3534
-4268 3540
-4263 3560
-4268 3560
-4267 3542
-4274 3578
-4300 3558
-4293 3545
-4260 3579
-4246 3589
-4287 3571
-4265 3570
-4279 3560
-4291 3562
-4256 3526
-4268 3520
-4249 3591
-4303 3576
-4262 3573
-4289 3516
-4290 3568
-4267 3545
-4248 3579
-4271 3540
-4250 3547
-4274 3559
-4293 3549
-4239 3583
-4300 3574
-4229 3537
-4240 3580
-4287 3562
-4293 3559
-4262 3515
-4299 3523
-4282 3589
-4266 3530
-4299 3573
-4244 3549
-4270 3522
-4257 3521
-4293 3560
-4232 3564
-4304 3517
-4254 3551
-4243 3564
-4249 3523
-4246 3533
-4295 3572
-4278 3582
-4265 3536
-4240 3587
-4271 3546
-4264 3542
-4286 3517
-4250 3582
-4293 3563
-4265 3516
-4236 3563
-4269 3559
-4289 3538
-4233 3545
-4271 3556
-4244 3517
-4289 3576
-4253 3572
-4234 3521
-4296 3576
-4266 3556
-4280 3559
-4249 3570
-4233 3557
-4246 3532
-4304 3528
-4278 3563
-4283 3586
-4252 3559
-4253 3518
-4265 3544
-4267 3546
-4241 3590
-4292 3574
-4250 3562
-4297 3534
-4266 3587
-4260 3529
-4267 3583
-4259 3547
-4284 3553
-4294 3545
-4255 3543
-4303 3527
-4235 3572
-4290 3538
-4264 3529
-4271 3576
-4239 3559
-4266 3547
-4300 3563
-4285 3557
-4238 3524
-4287 3583
-4283 3551
-4248 3517
-4302 3518
-4276 3540
-4266 3554
-4252 3516
-4290 3569
-4245 3564
-4237 3569
-4266 3515
-4300 3521
-4287 3589
-4263 3526
-4239 3515
-4242 3530
-4285 3569
-4274 3554
-4282 3561
-4230 3541
-4288 3544
-4274 3549
-4236 3570
-4231 3574
-4235 3592
-4241 3565
-4231 3548
-4263 3567
-4287 3536
-4281 3577
-4277 3546
-4272 3532
-4274 3532
-4294 3528
-4274 3558
-4271 3581
-4298 3518
-4291 3515
-4269 3533
-4300 3553
-4237 3582
-4242 3592
-4278 3549
-4244 3515
-4238 3559
-4243 3530
-4291 3529
-4233 3562
-4285 3518
-4298 3533
-4270 3530
-4296 3560
-4250 3540
-4252 3549
-4232 3546
-4266 3550
-4234 3519
-4263 3518
-4267 3538
-4288 3559
-4266 3533
-4280 3553
-4300 3543
-4234 3561
-4233 3516
-4261 3542
-4246 3518
-4229 3569
-4293 3525
-4229 3587
-4260 3555
-4247 3540
-4245 3552
-4267 3574
-4239 3524
-4288 3542
-4292 3548
-4260 3531
-4227 3517
-4233 3583
-4241 3567
-4260 3562
-4292 3541
-4268 3581
-4290 3516
-4259 3580
-4281 3574
-4299 3516
-4242 3548
-4264 3536
-4242 3535
-4299 3521
-4286 3530
-4300 3582
-4264 3576
-4230 3543
-4302 3571
-4293 3522
-4255 3524
-4250 3589
-4258 3575
-4235 3563
-4296 3537
-4274 3546
-4272 3577
-4251 3524
-4300 3539
-4241 3572
-4245 3562
-4273 3536
-4231 3528
-4235 3534
-4283 3581
-4251 3581
-4282 3580
-4263 3517
-4303 3534
-4281 3538
-4283 3576
-4286 3524
-4252 3531
-4285 3519
-4302 3574
-4260 3534
-4269 3562
-4298 3523
-4297 3559
-4299 3586
-4285 3568
-4230 3518
-4273 3561
-4239 3518
-4258 3568
-4237 3578
-4295 3562
-4279 3525
-4273 3530
-4299 3590
-4278 3515
-4229 3539
-4245 3563
-4293 3530
-4281 3551
-4299 3531
-4273 3571
-4243 3537
-4278 3584
-4252 3583
-4286 3538
-4268 3588
-4235 3584
-4290 3528
-4256 3546
-4266 3525
-4261 3545
-4260 3559
-4247 3527
-4233 3553
-4247 3541
-4273 3527
-4241 3518
-4287 3590
-4291 3569
-4249 3515
-4240 3518
-4237 3537
-4293 3567
-4238 3548
-4249 3551
-4231 3545
-4227 3532
-4260 3535
-4278 3562
-4286 3550
-4240 3533
-4235 3522
-4259 3586
-4289 3592
-4261 3571
-4249 3542
-4231 3584
-4233 3571
-4257 3556
-4298 3562
-4275 3543
-4228 3526
-4259 3560
-4281 3542
-4267 3522
-4234 3573
-4245 3531
-4259 3531
-4252 3558
-4284 3560
-4232 3527
-4260 3525
-4269 3572
-4269 3551
-4281 3564
-4276 3524
-4270 3584
-4267 3555
-4274 3572
-4273 3529
-4239 3539
-4291 3564
-4246 3549
-4262 3586
-4294 3589
-4265 3542
-4297 3576
-4292 3533
-4273 3572
-4235 3526
-4295 3529
-4267 3587
-4252 3530
-4247 3523
-4287 3535
-4278 3536
-4259 3568
-4272 3574
-4249 3547
-4258 3535
-4264 3537
-4287 3518
-4260 3576
-4302 3524
-4246 3568
-4251 3540
-4262 3574
-4247 3560
-4291 3560
-4255 3576
-4243 3553
-4260 3589
-4302 3572
-4302 3560
-4276 3551
-4250 3538
-4236 3521
-4238 3537
-4294 3586
-4270 3588
-4232 3521
-4268 3563
-4248 3567
-4246 3548
-4263 3528
-4299 3561
-4251 3543
-4228 3524
-4253 3568
-4292 3517
-4235 3581
-4242 3581
-4237 3530
-4259 3577
-4304 3541
-4295 3571
-4291 3530
-4287 3564
-4259 3558
-4290 3559
-4275 3574
-4261 3559
-4239 3563
-4278 3550
-4233 3543
-4232 3552
-4280 3588
-4278 3555
-4252 3532
-4236 3557
-4299 3542
-4301 3535
-4296 3547
-4240 3547
-4255 3540
-4251 3531
-4270 3537
-4283 3577
-4230 3573
-4294 3561
-4292 3518
-4242 3583
-4286 3535
-4300 3522
-4257 3536
-4290 3590
-4243 3517
-4246 3567
-4273 3516
-4271 3515
-4303 3542
-4257 3558
-4233 3590
-4289 3552
-4282 3571
-4265 3577
-4278 3524
-4230 3578
-4275 3560
-4246 3559
-4231 3581
-4252 3565
-4246 3556
-4275 3570
-4242 3555
-4266 3575
-4265 3573
-4257 3526
-4243 3591
-4249 3528
-4290 3575
-4251 3589
-4297 3531
-4253 3526
-4252 3567
-4285 3546
-4282 3588
-4228 3541
-4299 3554
-4245 3527
-4304 3570
-4300 3591
-4288 3549
-4298 3516
-4296 3585
-4279 3590
-4243 3520
-4269 3582
-4236 3589
-4268 3559
-4245 3540
-4296 3570
-4277 3555
-4262 3583
-4291 3557
-4244 3553
-4295 3589
-4257 3527
-4267 3529
-4251 3549
-4277 3521
-4245 3579
-4289 3586
-4228 3539
-4239 3545
-4285 3536
-4244 3566
-4251 3564
-4300 3529
-4278 3528
-4233 3537
-4273 3557
-4251 3550
-4242 3521
-4250 3558
-4301 3530
-4252 3592
-4238 3529
-4293 3540
-4289 3579
-4282 3577
-4241 3540
-4292 3556
-4291 3571
-4255 3572
-4243 3577
-4270 3519
-4300 3579
-4304 3522
-4269 3545
-4279 3552
-4284 3557
-4247 3564
-4297 3523
-4258 3559
-4235 3519
-4272 3579
-4270 3527
-4249 3517
-4272 3535
-4265 3523
-4267 3554
-4277 3543
-4287 3561
-4241 3564
-4257 3560
-4242 3536
-4268 3549
-4303 3554
-4247 3591
-4276 3537
-4237 3562
-4242 3559
-4253 3574
-4296 3565
-4294 3548
-4259 3567
-4302 3534
-4227 3536
-4285 3550
-4243 3515
-4246 3537
-4273 3567
-4233 3517
-4280 3522
-4233 3589
-4251 3529
-4269 3528
-4267 3592
-4290 3588
-4286 3571
-4254 3540
-4262 3566
-4300 3552
-4252 3551
-4262 3533
-4245 3571
-4237 3591
-4299 3591
-4289 3591
-4298 3566
-4240 3552
-4300 3570
-4246 3582
-4255 3591
-4232 3563
-4302 3585
-4246 3536
-4255 3586
-4262 3531
-4261 3544
-4252 3584
-4234 3581
-4274 3580
-4237 3540
-4289 3567
-4299 3578
-4235 3524
-4227 3534
-4255 3551
-4235 3544
-4229 3553
-4243 3579
-4276 3541
-4302 3545
-4233 3529
-4304 3585
-4241 3584
-4247 3524
-4237 3588
-4252 3591
-4294 3556
-4230 3535
-4234 3540
-4230 3592
-4227 3525
-4298 3582
-4295 3550
-4251 3565
-4282 3516
-4275 3585
-4258 3524
-4304 3592
-4253 3549
-4241 3557
-4294 3570
-4280 3521
-4280 3561
-4256 3565
-4285 3517
-4302 3563
-4285 3540
-4302 3557
-4257 3553
-4281 3583
-4238 3536
-4287 3569
-4247 3554
-4246 3525
-4301 3537
-4299 3582
-4239 3554
-4242 3569
-4280 3523
-4271 3552
-4268 3570
-4281 3533
-4294 3519
-4256 3570
-4261 3533
-4262 3525
-4247 3570
-4295 3532
-4295 3523
-4293 3590
-4278 3575
-4299 3589
-4264 3554
-4258 3518
-4304 3530
-4286 3525
-4249 3581
-4258 3586
-4292 3550
-4297 3546
-4254 3529
-4285 3543
-4285 3530
-4284 3530
-4293 3548
-4277 3588
-4250 3543
-4241 3534
-4252 3561
-4268 3538
-4258 3574
-4247 3557
-4262 3516
-4283 3541
-4300 3515
-4271 3522
-4233 3527
-4236 3520
-4280 3544
-4234 3580
-4245 3521
-4257 3579
-4243 3588
-4274 3526
-4250 3560
-4238 3522
-4274 3550
-4285 3585
-4250 3539
-4242 3550
-4260 3583
-4298 3547
-4238 3541
-4295 3531
-4281 3557
-4242 3532
-4272 3576
-4291 3544
-4283 3578
-4240 3555
-4235 3550
-4302 3537
-4299 3527
-4266 3571
-4299 3585
-4282 3535
-4232 3559
-4296 3579
-4242 3554
-4243 3516
-4244 3591
-4288 3580
-4301 3580
-4265 3529
-4261 3534
-4295 3534
-4247 3521
-4282 3568
-4256 3525
-4284 3558
-4250 3559
-4245 3574
-4255 3589
-4291 3531
-4248 3582
-4241 3583
-4299 3525
-4254 3563
-4254 3588
-4301 3581
-4280 3557
-4273 3528
-4277 3535
-4271 3577
-4228 3527
-4300 3568
-4288 3567
-4261 3519
-4294 3569
-4263 3579
-4299 3563
-4247 3581
-4250 3588
-4278 3583
-4266 3583
-4268 3546
-4277 3515
-4234 3589
-4265 3518
-4286 3563
-4236 3565
-4234 3526
-4300 3557
-4291 3550
-4247 3576
-4241 3587
-4231 3519
-4270 3558
-4280 3579
-4252 3557
-4248 3548
-4276 3586
-4278 3522
-4232 3572
-4266 3560
-4297 3561
-4237 3555
-4230 3532
-4237 3556
-4280 3532
-4240 3560
-4250 3567
-4280 3569
-4247 3586
-4298 3581
-4261 3540
-4274 3565
-4281 3592
-4268 3580
-4275 3530
-4248 3581
-4288 3545
-4238 3533
-4273 3570
-4257 3554
-4230 3546
-4283 3582
-4280 3577
-4268 3573
-4289 3549
-4263 3586
-4279 3591
-4248 3534
-4228 3548
-4265 3519
-4279 3515
-4293 3554
-4294 3532
-4237 3580
-4296 3552
-4292 3566
-4272 3570
-4259 3585
-4289 3547
-4302 3592
-4276 3577
-4289 3539
-4268 3528
-4269 3584
-4240 3522
-4235 3557
-4286 3582
-4243 3563
-4304 3540
-4292 3529
-4284 3515
-4234 3570
-4302 3529
-4267 3519
-4231 3552
-4255 3554
-4253 3567
-4285 3588
-4260 3515
-4284 3564
-4284 3537
-4275 3578
-4248 3538
-4275 3567
-4262 3530
-4302 3531
-4285 3565
-4279 3530
-4244 3554
-4270 3562
-4259 3538
-4272 3568
-4240 3563
-4296 3577
-4277 3527
-4269 3550
-4293 3589
-4301 3578
-4280 3552
-4261 3584
-4297 3537
-4278 3527
-4254 3576
-4274 3568
-4248 3577
-4230 3548
-4241 3563
-4290 3565
-4261 3563
-4242 3540
-4288 3561
-4284 3523
-4252 3524
-4303 3564
-4301 3551
-4273 3543
-4285 3545
-4281 3565
-4259 3584
-4239 3542
-4283 3540
-4251 3584
-4273 3584
-4242 3558
-4235 3585
-4238 3553
-4252 3578
-4268 3585
-4290 3520
-4254 3527
-4279 3579
-4301 3588
-4231 3568
-4295 3546
-4261 3590
-4279 3565
-4303 3535
-4229 3589
-4236 3573
-4258 3560
-4284 3542
-4284 3572
-4233 3515
-4255 3559
-4298 3591
-4262 3556
-4247 3520
-4297 3518
-4271 3539
-4291 3558
-4277 3524
-4245 3551
-4269 3566
-4301 3562
-4296 3532
-4291 3521
-4246 3569
-4244 3544
-4276 3573
-4297 3567
-4284 3571
-4257 3574
-4257 3520
-4269 3552
-4283 3542
-4231 3539
-4276 3562
-4258 3584
-4249 3518
-4260 3538
-4244 3561
-4287 3540
-4299 3583
-4292 3562
-4250 3556
-4288 3572
-4277 3579
-4296 3538
-4273 3582
-4258 3531
-4252 3545
-4284 3547
-4304 3562
-4239 3516
-4255 3545
-4238 3558
-4243 3528
-4256 3543
-4272 3551
-4233 3572
-4269 3579
-4284 3578
-4271 3560
-4283 3528
-4299 3526
-4239 3531
-4287 3556
-4278 3560
-4242 3541
-4272 3590
-4283 3569
-4227 3535
-4249 3585
-4238 3562
-4292 3524
-4256 3539
-4247 3547
-4291 3520
-4236 3564
-4291 3588
-4275 3521
-4269 3547
-4290 3562
-4271 3527
-4302 3583
-4234 3539
-4281 3591
-4261 3520
-4253 3529
-4230 3544
-4297 3569
-4235 3558
-4254 3562
-4255 3528
-4304 3563
-4290 3525
-4277 3592
-4274 3545
-4285 3561
-4240 3546
-4300 3564
-4290 3524
-4273 3523
-4292 3558
-4240 3541
-4295 3549
-4282 3572
-4276 3570
-4288 3565
-4233 3520
-4264 3548
-4293 3566
-4285 3589
-4300 3588
-4274 3515
-4249 3544
-4248 3536
-4280 3574
-4239 3569
-4281 3523
-4275 3550
-4240 3574
-4287 3542
-4298 3537
-4284 3575
-4241 3554
-4231 3557
-4234 3567
-4281 3549
-4288 3547
-4269 3587
-4276 3542
-4277 3553
-4294 3574
-4273 3579
-4238 3534
-4231 3541
-4288 3528
-4228 3536
-4237 3518
-4295 3592
-4262 3541
-4237 3516
-4232 3586
-4238 3578
-4270 3529
-4266 3518
-4271 3545
-4269 3539
-4275 3544
-4243 3523
-4264 3552
-4250 3550
-4296 3526
-4294 3559
-4304 3588
-4282 3557
-4257 3586
-4237 3548
-4257 3544
-4276 3515
-4230 3588
-4246 3561
-4243 3525
-4304 3550
-4230 3559
-4295 3551
-4259 3536
-4238 3575
-4271 3558
-4241 3537
-4265 3564
-4247 3585
-4247 3537
-4228 3523
-4250 3529
-4294 3581
-4246 3543
-4232 3540
-4283 3538
-4265 3521
-4262 3547
-4251 3545
-4284 3579
-4298 3554
-4254 3554
-4267 3589
-4271 3516
-4287 3573
-4281 3590
-4264 3564
-4258 3587
-4251 3588
-4238 3589
-4294 3585
-4271 3521
-4290 3521
-4280 3525
-4249 3538
-4232 3548
-4244 3567
-4270 3543
-4287 3544
-4245 3575
-4287 3580
-4251 3534
-4239 3521
-4279 3563
-4286 3584
-4249 3574
-4257 3569
-4275 3525
-4233 3564
-4243 3532
-4277 3559
-4269 3529
-4301 3568
-4282 3520
-4232 3560
-4275 3569
-4239 3532
-4262 3555
-4229 3554
-4289 3531
-4258 3570
-4268 3525
-4277 3536
-4235 3536
-4296 3549
-4231 3531
-4303 3529
-4259 3563
-4288 3571
-4288 3557
-4255 3547
-4275 3575
-4281 3524
-4232 3539
-4292 3573
-4280 3586
-4279 3553
-4242 3546
-4287 3548
-4303 3563
-4249 3561
-4272 3552
-4296 3520
-4279 3580
-4277 3539
-4250 3537
-4270 3575
-4292 3515
-4252 3575
-4236 3548
-4264 3518
-4257 3570
-4247 3549
-4232 3526
-4277 3517
-4272 3571
-4270 3531
-4277 3570
-4302 3567
-4287 3549
-4250 3530
-4248 3547
-4239 3586
-4275 3580
-4241 3578
-4243 3536
-4235 3532
-4283 3590
-4246 3527
-4279 3592
-4280 3572
-4283 3587
-4279 3536
-4256 3537
-4267 3588
-4281 3560
-4304 3547
-4281 3550
-4227 3528
-4255 3570
-4254 3547
-4263 3522
-4246 3585
-4278 3548
-4234 3543
-4291 3559
-4243 3578
-4304 3590
-4296 3578
-4296 3550
-4292 3516
-4253 3583
-4298 3539
-4233 3528
-4252 3563
-4227 3539
-4276 3576
-4234 3583
-4275 3520
-4250 3586
-4276 3544
-4284 3580
-4299 3560
-4239 3525
-4232 3551
-4241 3576
-4278 3529
-4227 3546
-4297 3568
-4246 3577
-4256 3563
-4259 3570
-4294 3540
-4283 3579
-4247 3531
-4291 3566
-4241 3555
-4242 3570
-4281 3581
-4276 3591
-4252 3546
-4251 3546
-4269 3565
-4250 3574
-4262 3584
-4275 3545
-4234 3525
-4252 3566
-4246 3547
-4275 3528
-4242 3522
-4254 3521
-4267 3550
-4254 3537
-4233 3555
-4244 3546
-4264 3574
-4262 3568
-4295 3538
-4285 3539
-4294 3549
-4268 3592
-4298 3577
-4272 3531
-4296 3534
-4265 3578
-4278 3542
-4281 3534
-4247 3556
-4243 3521
-4283 3560
-4296 3567
-4287 3575
-4234 3577
-4268 3543
-4255 3517
-4273 3552
-4292 3528
-4272 3539
-4253 3581
-4294 3535
-4274 3533
-4249 3540
-4278 3580
-4286 3577
-4241 3528
-4278 3590
-4291 3534
-4274 3562
-4282 3528
-4289 3525
-4241 3515
-4300 3533
-4236 3586
-4290 3531
-4258 3520
-4300 3520
-4230 3590
-4286 3515
-4278 3517
-4233 3592
-4280 3517
-4254 3555
-4279 3584
-4232 3587
-4262 3542
-4285 3571
-4272 3541
-4278 3576
-4240 3556
-4250 3546
-4276 3539
-4287 3527
-4254 3587
-4234 3585
-4292 3526
-4246 3542
-4295 3567
-4238 3571
-4293 3542
-4296 3515
-4256 3564
-4287 3584
-4275 3564
-4252 3536
-4300 3545
-4291 3540
-4255 3539
-4230 3520
-4242 3576
-4238 3564
-4268 3586
-4280 3589
-4257 3524
-4249 3552
-4290 3572
-4235 3583
-4246 3578
-4270 3576
-4263 3543
-4266 3557
-4247 3565
-4234 3574
-4296 3591
-4284 3540
-4264 3522
-4263 3572
-4232 3580
-4230 3537
-4236 3540
-4284 3583
-4258 3517
-4247 3558
-4273 3522
-4244 3530
-4289 3537
-4264 3533
-4279 3522
-4252 3552
-4281 3570
-4239 3588
-4295 3545
-4263 3563
-4302 3521
-4271 3533
-4300 3526
-4286 3546
-4257 3516
-4281 3572
-4266 3528
-4271 3530
-4280 3518
-4277 3587
-4302 3540
-4286 3569
-4227 3516
-4246 3552
-4284 3562
-4300 3578
-4227 3549
-4291 3577
-4235 3562
-4300 3587
-4289 3571
-4249 3520
-4267 3563
-4271 3536
-4227 3530
-4298 3567
-4248 3564
-4243 3531
-4271 3574
-4243 3548
-4296 3516
-4298 3560
-4244 3539
-4245 3523
-4260 3592
-4297 3530
-4241 3591
-4296 3592
-4301 3522
-4304 3527
-4303 3531
-4252 3547
-4230 3557
-4293 3547
-4266 3551
-4243 3584
-4232 3590
-4293 3535
-4243 3544
-4271 3559
-4304 3555
-4235 3589
-4290 3554
-4241 3536
-4267 3527
-4303 3517
-4249 3534
-4262 3576
-4299 3529
-4277 3541
-4278 3518
-4231 3551
-4280 3565
-4237 3523
-4301 3553
-4229 3550
-4272 3525
-4301 3549
-4289 3545
-4237 3527
-4284 3541
-4283 3573
-4300 3540
-4276 3543
-4245 3590
-4290 3522
-4275 3590
-4236 3523
-4229 3525
-4251 3573
-4270 3525
-4299 3581
-4283 3572
-4281 3541
-4284 3582
-4229 3559
-4261 3552
-4258 3569
-4256 3561
-4295 3581
-4239 3582
-4294 3562
-4247 3539
-4296 3533
-4284 3567
-4232 3515
-4270 3580
-4245 3532
-4283 3553
-4231 3516
-4244 3578
-4231 3591
-4252 3562
-4263 3536
-4262 3543
-4261 3518
-4279 3589
-4285 3554
-4249 3529
-4270 3577
-4280 3546
-4279 3556
-4290 3547
-4304 3549
-4235 3573
-4257 3591
-4272 3553
-4285 3553
-4282 3590
-4266 3582
-4285 3591
-4239 3584
-4272 3517
-4267 3586
-4241 3581
-4244 3555
-4248 3522
-4298 3521
-4300 3542
-4293 3591
-4242 3562
-4277 3558
-4273 3566
-4297 3515
-4244 3525
-4251 3516
-4274 3582
-4270 3560
-4240 3582
-4275 3547
-4237 3574
-4290 3550
-4259 3579
-4258 3554
-4284 3521
-4254 3549
-4260 3567
-4285 3564
-4288 3584
-4244 3592
-4283 3574
-4294 3563
-4252 3568
-4287 3526
-4265 3566
-4299 3532
-4293 3524
-4302 3573
-4246 3565
-4246 3581
-4233 3535
-4289 3519
-4298 3584
-4298 3536
-4241 3546
-4281 3587
-4270 3532
-4294 3542
-4282 3555
-4251 3560
-4304 3589
-4286 3521
-4229 3549
-4265 3549
-4285 3586
-4299 3569
-4284 3550
-4254 3525
-4270 3555
-4285 3520
-4283 3566
-4233 3591
-4294 3534
-4297 3552
-4280 3535
-4278 3516
-4264 3588
-4234 3537
-4264 3520
-4269 3517
-4250 3576
-4263 3530
-4282 3562
-4228 3538
-4292 3519
-4287 3579
-4243 3527
-4238 3546
-4268 3530
-4251 3574
-4229 3527
-4277 3580
-4287 3529
-4263 3519
-4248 3519
-4271 3548
-4302 3526
-4239 3570
-4230 3542
-4239 3520
-4291 3582
-4277 3548
-4283 3537
-4232 3558
-4241 3592
-4280 3520
-4251 3591
-4297 3522
-4242 3529
-4280 3571
-4254 3518
-4242 3573
-4281 3528
-4233 3533
-4249 3516
-4234 3522
-4268 3564
-4261 3578
-4280 3547
-4299 3540
-4233 3551
-4264 3540
-4283 3522
-4250 3555
-4242 3534
-4254 3579
-4255 3579
-4254 3516
-4243 3546
-4301 3546
-4284 3549
-4297 3539
-4232 3529
-4302 3566
-4275 3534
-4283 3552
-4243 3545
-4242 3587
-4248 3525
-4234 3527
-4279 3576
-4233 3577
-4240 3572
-4264 3526
-4288 3568
-4303 3569
-4258 3519
-4245 3519
-4281 3554
-4300 3577
-4259 3588
-4292 3549
-4248 3546
-4230 3523
-4292 3535
-4285 3533
-4293 3515
-4286 3520
-4295 3521
-4277 3560
-4293 3552
-4277 3576
-4280 3573
-4234 3516
-4260 3542
-4276 3520
-4237 3545
-4239 3527
-4291 3545
-4234 3554
-4255 3546
-4293 3516
-4251 3515
-4292 3577
-4291 3572
-4285 3527
-4296 3557
-4279 3557
-4259 3557
-4240 3559
-4229 3552
-4259 3569
-4243 3533
-4243 3539
-4260 3533
-4230 3519
-4254 3580
-4263 3535
-4229 3565
-4254 3530
-4229 3526
-4293 3587
-4265 3563
-4236 3559
-4295 3547
-4288 3574
-4297 3526
-4269 3575
-4303 3544
-4289 3585
-4258 3528
-4299 3587
-4293 3517
-4251 3548
-4229 3540
-4230 3583
-4276 3533
-4259 3587
-4294 3547
-4256 3562
-4277 3565
-4240 3536
-4267 3552
-4300 3548
-4257 3559
-4253 3560
-4274 3516
-4289 3553
-4278 3552
-4303 3538
-4238 3584
-4271 3565
-4255 3578
-4300 3538
-4266 3561
-4273 3535
-4285 3558
-4281 3571
-4239 3533
-4261 3591
-4263 3573
-4269 3576
-4242 3557
-4295 3535
-4241 3553
-4234 3591
-4279 3539
-4297 3583
-4271 3590
-4229 3523
-4258 3580
-4278 3573
-4233 3554
-4229 3582
-4238 3588
-4304 3584
-4250 3522
-4283 3571
-4277 3554
-4281 3539
-4260 3541
-4237 3533
-4269 3524
-4249 3564
-4247 3543
-4287 3566
-4257 3589
-4248 3590
-4272 3563
-4278 3569
-4247 3588
-4237 3539
-4273 3574
-4245 3588
-4260 3569
-4236 3582
-4298 3524
-4281 3578
-4298 3574
-4250 3585
-4300 3575
-4252 3553
-4236 3547
-4246 3528
-4278 3544
-4266 3573
-4302 3544
-4277 3571
-4231 3537
-4229 3515
-4248 3592
-4296 3536
-4293 3592
-4301 3570
-4296 3546
-4232 3542
-4283 3525
-4264 3572
-4246 3588
-4261 3530
-4255 3523
-4276 3554
-4245 3591
-4277 3591
-4260 3540
-4244 3564
-4237 3522
-4231 3559
-4249 3558
-4301 3557
-4283 3558
-4276 3525
-4253 3546
-4270 3540
-4304 3566
-4275 3557
-4234 3524
-4285 3567
-4287 3576
-4230 3549
-4285 3548
-4232 3541
-4240 3570
-4266 3570
-4259 3561
-4265 3551
-4254 3533
-4240 3526
-4249 3530
-4263 3539
-4266 3536
-4231 3556
-4238 3521
-4304 3568
-4257 3546
-4249 3587
-4259 3546
-4274 3589
-4303 3585
-4244 3531
-4242 3524
-4300 3580
-4301 3572
-4240 3545
-4256 3532
-4257 3550
-4289 3563
-4252 3555
-4278 3565
-4234 3559
-4245 3526
-4229 3532
-4263 3562
-4282 3526
-4275 3536
-4245 3553
-4243 3567
-4236 3581
-4259 3520
-4292 3527
-4282 3573
-4278 3541
-4279 3587
-4240 3590
-4274 3522
-4243 3572
-4256 3548
-4247 3538
-4280 3541
-4293 3523
-4282 3539
-4249 3533
-4251 3520
-4293 3555
-4278 3586
-4249 3541
-4255 3584
-4255 3564
-4236 3549
-4248 3591
-4266 3574
-4291 3587
-4250 3515
-4268 3515
-4257 3581
-4279 3538
-4239 3544
-4264 3534
-4241 3580
-4270 3515
-4263 3582
-4296 3528
-4292 3575
-4270 3534
-4265 3569
-4302 3551
-4244 3520
-4244 3543
-4282 3585
-4244 3575
-4256 3531
-4243 3581
-4281 3586
-4243 3575
-4230 3536
-4296 3527
-4248 3523
-4287 3587
-4281 3535
-4250 3524
-4256 3581
-4289 3540
-4249 3526
-4279 3517
-4300 3516
-4273 3558
-4233 3579
-4302 3584
-4264 3541
-4266 3586
-4252 3554
-4263 3581
-4263 3574
-4237 3581
-4290 3587
-4240 3591
-4287 3570
-4273 3586
-4302 3517
-4281 3580
-4273 3520
-4237 3575
-4292 3585
-4242 3582
-4273 3538
-4285 3577
-4285 3521
-4269 3590
-4273 3544
-4243 3576
-4246 3541
-4282 3554
-4276 3571
-4230 3555
-4278 3567
-4232 3547
-4272 3555
-4294 3564
-4254 3590
-4285 3525
-4271 3563
-4258 3557
-4235 3571
-4231 3533
-4251 3559
-4230 3574
-4232 3574
-4291 3525
-4274 3585
-4300 3560
-4304 3518
-4252 3572
-4236 3588
-4235 3555
-4296 3522
-4288 3520
-4293 3579
-4287 3532
-4277 3590
-4250 3548
-4244 3569
-4262 3551
-4289 3517
-4264 3579
-4234 3560
-4302 3576
-4278 3539
-4284 3534
-4287 3538
-4284 3588
-4300 3525
-4240 3567
-4248 3543
-4267 3560
-4262 3563
-4303 3547
-4248 3529
-4241 3521
-4270 3542
-4242 3538
-4242 3519
-4280 3531
-4289 3532
-4297 3571
-4257 3578
-4234 3569
-4262 3565
-4289 3559
-4273 3515
-4304 3543
-4289 3578
-4245 3533
-4229 3520
-4239 3522
-4301 3563
-4260 3537
-4231 3589
-4235 3548
-4285 3549
-4256 3555
-4304 3525
-4274 3547
-4263 3555
-4281 3582
-4279 3531
-4253 3516
-4279 3551
-4275 3579
-4230 3563
-4279 3537
-4281 3531
-4274 3566
-4229 3547
-4267 3591
-4265 3547
-4232 3591
-4284 3538
-4297 3573
-4243 3556
-4262 3517
-4286 3519
-4296 3525
-4278 3521
-4234 3549
-4232 3557
-4265 3517
-4228 3542
-4270 3550
-4299 3570
-4265 3558
-4279 3544
-4273 3592
-4301 3542
-4258 3534
-4231 3542
-4303 3516
-4273 3587
-4242 3580
-4284 3561
-4264 3532
-4239 3517
-4264 3569
-4232 3583
-4285 3531
-4263 3589
-4304 3523
-4294 3525
-4245 3583
-4296 3589
-4258 3527
-4275 3581
-4237 3568
-4284 3591
-4296 3521
-4275 3542
-4255 3582
-4299 3522
-4295 3539
-4263 3534
-4253 3585
-4260 3561
-4236 3546
-4253 3519
-4263 3546
-4280 3578
-4283 3516
-4286 3557
-4262 3536
-4295 3575
-4250 3536
-4284 3585
-4241 3543
-4274 3548
-4253 3534
-4293 3568
-4232 3517
-4257 3576
-4227 3538
-4292 3552
-4270 3592
-4284 3584
-4299 3565
-4242 3543
-4290 3541
-4235 3586
-4257 3555
-4300 3528
-4295 3579
-4249 3589
-4239 3573
-4244 3572
-4228 3532
-4241 3573
-4266 3545
-4289 3544
-4288 3586
-4248 3551
-4300 3576
-4267 3524
-4303 3588
-4297 3586
-4301 3589
-4236 3568
-4244 3574
-4263 3520
-4239 3590
-4278 3533
-4291 3584
-4287 3568
-4297 3563
-4287 3560
-4294 3558
-4293 3577
-4238 3547
-4260 3526
-4231 3558
-4261 3574
-4247 3542
-4282 3541
-4261 3565
-4242 3577
-4236 3583
-4304 3583
-4292 3546
-4290 3582
-4278 3559
-4241 3519
-4231 3543
-4293 3578
-4252 3577
-4238 3563
-4254 3570
-4289 3589
-4233 3532
-4243 3590
-4274 3574
-4280 3545
-4286 3590
-4237 3590
-4284 3554
-4275 3576
-4246 3562
-4269 3555
-4285 3547
-4293 3561
-4265 3574
-4304 3545
-4260 3528
-4267 3570
-4262 3524
-4238 3554
-4284 3531
-4263 3577
-4230 3529
-4237 3521
-4279 3562
-4271 3575
-4238 3572
-4246 3590
-4300 3562
-4293 3574
-4264 3523
-4251 3533
-4291 3589
-4271 3532
-4230 3585
-4247 3550
-4252 3544
-4297 3528
-4254 3584
-4238 3557
-4255 3580
-4301 3521
-4264 3582
-4298 3520
-4227 3523
-4263 3592
-4291 3518
-4250 3541
-4294 3592
-4251 3544
-4284 3556
-4286 3533
-4298 3532
-4250 3569
-4301 3573
-4269 3535
-4271 3523
-4303 3555
-4242 3518
-4273 3542
-4253 3590
-4242 3566
-4251 3525
-4302 3565
-4230 3579
-4304 3557
-4271 3555
-4303 3525
-4291 3553
-4289 3575
-4236 3516
-4267 3562
-4295 3555
-4268 3558
-4256 3584
-4278 3558
-4252 3539
-4279 3564
-4231 3522
-4234 3571
-4272 3556
-4250 3531
-4293 3588
-4279 3524
-4236 3576
-4261 3521
-4244 3523
-4233 3522
-4301 3592
-4282 3544
-4288 3578
-4293 3576
-4304 3567
-4272 3543
-4291 3591
-4285 3551
-4265 3590
-4276 3578
-4238 3545
-4245 3573
-4236 3562
-4234 3562
-4268 3575
-4227 3547
