2000
-622 10306
-574 10302
-565 10376
-543 10334
-613 10345
-611 10379
-550 10323
-564 10368
-576 10297
-576 10334
-539 10332
-546 10305
-624 10297
-585 10321
-614 10301
-582 10351
-608 10381
-560 10344
-565 10321
-602 10298
-580 10311
-604 10378
-574 10294
-550 10351
-583 10325
-574 10308
-588 10366
-598 10361
-574 10319
-611 10342
-616 10377
-562 10381
-603 10355
-614 10338
-579 10355
-590 10370
-607 10318
-592 10328
-572 10324
-564 10319
-607 10365
-553 10295
-551 10357
-604 10301
-618 10362
-579 10315
-545 10366
-551 10379
-605 10330
-560 10292
-551 10302
-601 10335
-564 10349
-547 10377
-586 10326
-611 10319
-604 10375
-604 10371
-602 10316
-584 10340
-604 10365
-543 10342
-594 10367
-554 10331
-549 10316
-616 10367
-597 10316
-587 10345
-614 10358
-623 10380
-601 10300
-551 10356
-556 10319
-563 10373
-617 10342
-581 10307
-622 10374
-542 10346
-552 10379
-572 10302
-619 10345
-589 10372
-602 10352
-541 10378
-565 10303
-620 10294
-570 10342
-565 10325
-622 10313
-598 10314
-589 10331
-609 10359
-555 10313
-623 10317
-548 10298
-571 10315
-605 10325
-626 10337
-621 10308
-542 10365
-566 10342
-547 10321
-567 10301
-594 10301
-608 10378
-591 10318
-623 10303
-576 10347
-561 10368
-583 10322
-569 10370
-556 10349
-621 10313
-619 10375
-587 10317
-612 10365
-602 10293
-551 10346
-569 10371
-620 10314
-623 10313
-544 10298
-606 10341
-589 10325
-616 10376
-606 10376
-559 10379
-577 10303
-593 10369
-558 10329
-588 10359
-608 10352
-615 10295
-553 10329
-605 10304
-547 10293
-563 10365
-601 10307
-606 10371
-552 10299
-615 10304
-602 10295
-583 10380
-555 10298
-583 10307
-611 10318
-575 10356
-542 10329
-541 10330
-595 10307
-579 10358
-618 10357
-581 10350
-625 10309
-592 10376
-567 10315
-592 10312
-567 10365
-542 10355
-561 10305
-611 10334
-541 10300
-611 10356
-605 10355
-626 10358
-590 10362
-613 10335
-616 10362
-625 10343
-575 10310
-596 10304
-579 10360
-618 10358
-617 10294
-567 10378
-588 10351
-551 10334
-540 10356
-601 10339
-591 10377
-539 10328
-577 10348
-571 10366
-622 10327
-604 10346
-593 10325
-626 10361
-564 10321
-588 10379
-623 10359
-539 10368
-584 10315
-579 10311
-563 10315
-562 10360
-612 10294
-550 10357
-551 10342
-595 10352
-607 10312
-587 10301
-542 10325
-603 10380
-552 10349
-557 10321
-553 10311
-603 10331
-609 10315
-583 10381
-612 10300
-608 10375
-610 10321
-580 10295
-551 10292
-552 10355
-611 10365
-580 10341
-586 10325
-554 10381
-616 10368
-588 10307
-567 10306
-580 10376
-550 10307
-623 10372
-570 10381
-550 10333
-574 10316
-569 10358
-562 10298
-577 10308
-580 10302
-558 10322
-562 10361
-567 10340
-563 10327
-591 10324
-591 10351
-592 10358
-592 10294
-625 10373
-619 10316
-560 10367
-621 10338
-611 10353
-600 10296
-567 10314
-562 10318
-541 10365
-572 10370
-585 10346
-553 10365
-538 10310
-597 10318
-560 10371
-554 10293
-600 10326
-559 10356
-584 10299
-543 10321
-599 10365
-545 10359
-598 10318
-610 10361
-572 10341
-541 10354
-563 10331
-564 10377
-624 10304
-601 10304
-590 10350
-550 10337
-602 10323
-609 10339
-614 10304
-568 10347
-611 10380
-560 10322
-610 10349
-615 10372
-551 10328
-565 10311
-588 10294
-614 10362
-552 10358
-560 10341
-613 10305
-574 10380
-576 10307
-566 10306
-613 10351
-554 10343
-541 10349
-571 10316
-599 10371
-581 10365
-583 10353
-620 10319
-566 10367
-626 10334
-546 10349
-567 10295
-586 10348
-587 10293
-583 10298
-623 10374
-589 10357
-606 10323
-599 10376
-572 10378
-548 10340
-605 10305
-572 10340
-599 10367
-609 10298
-562 10335
-580 10348
-579 10321
-544 10315
-620 10350
-564 10344
-548 10331
-566 10369
-553 10313
-551 10343
-569 10335
-560 10297
-597 10294
-606 10298
-563 10374
-560 10339
-564 10294
-619 10332
-584 10336
-547 10355
-611 10299
-595 10335
-578 10311
-602 10322
-588 10369
-600 10324
-618 10353
-541 10381
-576 10377
-590 10353
-625 10370
-557 10329
-621 10329
-572 10339
-566 10364
-591 10365
-606 10377
-617 10292
-553 10369
-568 10330
-586 10358
-564 10365
-624 10310
-584 10362
-597 10369
-585 10300
-568 10363
-560 10308
-622 10355
-570 10351
-558 10341
-588 10346
-580 10351
-602 10305
-596 10341
-540 10306
-558 10348
-603 10368
-598 10358
-573 10372
-568 10353
-600 10348
-562 10305
-551 10313
-567 10363
-563 10377
-571 10312
-560 10374
-618 10334
-591 10340
-545 10380
-597 10351
-570 10347
-554 10337
-572 10325
-622 10303
-559 10368
-573 10329
-586 10327
-581 10300
-623 10302
-555 10357
-616 10325
-549 10327
-546 10313
-571 10323
-582 10350
-625 10333
-617 10348
-565 10331
-558 10332
-543 10369
-600 10304
-588 10339
-545 10292
-583 10292
-622 10375
-590 10323
-567 10297
-580 10381
-559 10366
-613 10357
-559 10303
-543 10367
-580 10319
-598 10365
-579 10363
-621 10380
-566 10331
-593 10346
-614 10375
-617 10306
-593 10297
-551 10305
-552 10301
-539 10327
-554 10299
-593 10306
-555 10295
-608 10335
-540 10373
-589 10375
-556 10359
-576 10352
-591 10373
-556 10317
-603 10365
-539 10379
-543 10349
-619 10342
-600 10342
-624 10299
-590 10346
-538 10311
-553 10363
-608 10300
-574 10334
-561 10320
-562 10350
-549 10371
-582 10313
-588 10328
-573 10299
-620 10297
-558 10353
-598 10313
-556 10328
-548 10330
-602 10381
-580 10374
-619 10319
-596 10373
-597 10302
-587 10297
-564 10323
-567 10368
-544 10355
-584 10338
-597 10345
-609 10374
-583 10321
-541 10314
-604 10362
-574 10310
-584 10343
-548 10370
-603 10335
-596 10352
-608 10338
-566 10309
-547 10296
-598 10359
-585 10370
-540 10342
-551 10340
-590 10369
-575 10323
-600 10361
-576 10363
-590 10315
-558 10376
-565 10315
-624 10373
-583 10348
-546 10308
-585 10362
-575 10315
-580 10337
-618 10330
-561 10295
-555 10325
-582 10370
-562 10329
-586 10370
-584 10327
-610 10318
-547 10330
-551 10322
-577 10325
-580 10296
-557 10336
-572 10321
-577 10319
-554 10322
-610 10380
-599 10295
-608 10312
-611 10345
-611 10323
-567 10359
-621 10379
-626 10307
-574 10313
-572 10310
-544 10342
-614 10294
-625 10301
-544 10337
-576 10378
-594 10332
-584 10378
-562 10345
-621 10296
-556 10295
-542 10358
-615 10368
-574 10367
-601 10296
-584 10308
-584 10319
-545 10337
-607 10297
-595 10343
-587 10368
-569 10302
-543 10358
-567 10299
-623 10324
-625 10294
-570 10299
-595 10347
-567 10377
-563 10338
-564 10292
-624 10333
-544 10306
-590 10367
-571 10347
-626 10376
-598 10330
-613 10373
-561 10343
-580 10332
-569 10320
-563 10346
-623 10322
-592 10379
-589 10301
-602 10378
-585 10306
-575 10345
-554 10342
-600 10293
-620 10302
-582 10293
-612 10347
-548 10344
-624 10305
-598 10305
-578 10373
-571 10361
-626 10349
-596 10312
-584 10357
-571 10356
-622 10301
-581 10294
-608 10311
-599 10337
-600 10368
-556 10340
-622 10364
-605 10329
-620 10362
-547 10309
-550 10296
-605 10360
-574 10307
-591 10354
-601 10372
-598 10315
-587 10337
-550 10319
-577 10379
-563 10335
-615 10367
-549 10372
-541 10350
-550 10306
-597 10365
-616 10346
-555 10315
-606 10379
-540 10319
-540 10350
-553 10333
-540 10296
-545 10306
-621 10301
-570 10346
-567 10336
-562 10357
-576 10317
-537 10329
-543 10301
-609 10352
-626 10305
-596 10340
-545 10333
-587 10344
-608 10303
-568 10380
-556 10379
-614 10353
-554 10324
-604 10311
-615 10348
-559 10359
-594 10327
-583 10343
-623 10347
-600 10381
-604 10331
-584 10321
-582 10342
-562 10341
-577 10334
-560 10301
-611 10368
-594 10323
-557 10292
-586 10323
-624 10371
-618 10326
-545 10297
-538 10304
-554 10335
-615 10352
-548 10337
-610 10366
-555 10311
-577 10298
-554 10358
-624 10329
-582 10301
-561 10355
-571 10332
-598 10345
-592 10355
-549 10302
-551 10329
-549 10368
-540 10316
-568 10302
-618 10379
-544 10301
-561 10344
-557 10297
-596 10351
-584 10294
-557 10375
-565 10339
-592 10297
-571 10306
-587 10371
-601 10338
-568 10369
-582 10380
-587 10314
-584 10374
-623 10346
-626 10306
-625 10353
-594 10352
-548 10300
-592 10292
-547 10334
-577 10343
-573 10375
-597 10354
-580 10343
-619 10346
-545 10367
-577 10318
-561 10359
-626 10322
-594 10378
-562 10334
-588 10327
-551 10327
-555 10381
-581 10321
-623 10299
-609 10337
-599 10374
-543 10297
-571 10381
-616 10364
-624 10301
-618 10333
-625 10349
-567 10350
-617 10339
-569 10354
-625 10346
-613 10310
-548 10294
-582 10304
-569 10332
-591 10379
-610 10345
-594 10314
-551 10331
-600 10321
-625 10295
-593 10334
-590 10380
-626 10314
-562 10324
-582 10326
-562 10376
-569 10345
-610 10365
-579 10370
-541 10379
-547 10322
-548 10347
-580 10306
-622 10328
-616 10315
-570 10311
-585 10368
-581 10328
-539 10357
-614 10346
-613 10322
-564 10358
-608 10358
-604 10312
-551 10362
-617 10353
-547 10341
-584 10312
-624 10337
-548 10350
-580 10297
-554 10318
-540 10360
-590 10317
-539 10349
-569 10338
-573 10335
-626 10377
-609 10372
-593 10303
-608 10341
-602 10311
-586 10334
-543 10363
-623 10329
-596 10329
-619 10302
-543 10311
-619 10310
-543 10327
-582 10357
-620 10346
-615 10322
-557 10314
-587 10364
-555 10292
-549 10355
-618 10310
-607 10317
-625 10334
-593 10321
-538 10331
-601 10365
-546 10368
-574 10346
-583 10329
-540 10305
-602 10310
-603 10305
-602 10313
-558 10319
-606 10350
-569 10319
-614 10350
-565 10330
-600 10319
-559 10335
-619 10315
-610 10330
-616 10351
-611 10312
-597 10376
-624 10356
-604 10359
-563 10332
-569 10348
-573 10316
-623 10373
-616 10371
-556 10353
-539 10367
-558 10343
-612 10349
-540 10365
-623 10330
-553 10337
-592 10321
-559 10297
-614 10369
-598 10333
-580 10303
-617 10361
-552 10311
-604 10345
-621 10355
-545 10358
-585 10324
-590 10357
-614 10355
-625 10339
-592 10327
-620 10366
-606 10316
-574 10342
-594 10355
-606 10363
-602 10351
-584 10365
-567 10349
-567 10361
-570 10378
-613 10356
-569 10380
-621 10351
-611 10366
-599 10368
-586 10360
-561 10300
-618 10296
-540 10341
-579 10303
-552 10362
-574 10339
-592 10309
-552 10348
-560 10381
-596 10328
-556 10377
-575 10374
-623 10355
-621 10363
-578 10341
-621 10348
-562 10365
-589 10362
-546 10351
-595 10293
-596 10364
-547 10373
-587 10339
-609 10347
-568 10294
-572 10358
-591 10362
-583 10347
-592 10307
-543 10324
-571 10364
-551 10294
-622 10359
-623 10315
-575 10317
-592 10339
-556 10370
-592 10378
-585 10299
-586 10301
-600 10313
-581 10357
-569 10324
-615 10297
-564 10293
-617 10375
-621 10364
-570 10298
-551 10333
-604 10339
-549 10379
-550 10334
-558 10352
-571 10324
-615 10327
-622 10353
-543 10375
-565 10302
-545 10294
-552 10341
-612 10356
-561 10351
-585 10366
-538 10301
-586 10373
-550 10364
-559 10332
-609 10369
-548 10366
-573 10369
-558 10333
-615 10337
-582 10330
-601 10367
-597 10307
-545 10334
-546 10324
-577 10301
-559 10322
-558 10297
-598 10325
-625 10378
-570 10313
-603 10333
-601 10373
-546 10371
-548 10318
-604 10318
-611 10335
-553 10308
-573 10359
-614 10328
-578 10335
-544 10339
-567 10341
-550 10327
-564 10314
-611 10293
-604 10297
-568 10366
-574 10344
-602 10324
-600 10350
-546 10293
-576 10366
-616 10305
-554 10354
-561 10360
-592 10314
-607 10353
-569 10312
-574 10312
-581 10337
-607 10367
-593 10317
-564 10355
-557 10299
-583 10305
-544 10294
-606 10297
-583 10306
-583 10339
-611 10329
-551 10312
-586 10357
-599 10356
-575 10325
-573 10312
-568 10305
-565 10310
-565 10300
-539 10304
-552 10354
-623 10325
-569 10297
-559 10370
-586 10369
-557 10294
-618 10381
-617 10362
-580 10373
-597 10368
-604 10305
-581 10362
-552 10318
-597 10339
-550 10340
-543 10354
-580 10347
-603 10369
-538 10330
-563 10300
-592 10301
-566 10341
-623 10333
-607 10337
-612 10314
-563 10320
-615 10379
-554 10330
-593 10327
-616 10360
-564 10345
-556 10355
-572 10327
-607 10362
-603 10293
-606 10325
-620 10361
-600 10354
-549 10300
-573 10379
-590 10308
-602 10315
-569 10313
-595 10329
-573 10367
-580 10305
-598 10326
-572 10299
-541 10322
-613 10317
-611 10311
-540 10315
-611 10350
-620 10303
-539 10300
-549 10380
-556 10315
-552 10334
-600 10320
-601 10363
-579 10346
-592 10363
-618 10298
-596 10376
-588 10347
-583 10356
-599 10341
-615 10312
-620 10343
-539 10306
-617 10341
-614 10298
-550 10298
-565 10326
-542 10348
-621 10370
-604 10321
-547 10333
-623 10360
-577 10300
-569 10366
-579 10299
-578 10312
-586 10371
-580 10294
-539 10375
-574 10376
-581 10366
-626 10340
-599 10296
-625 10322
-581 10347
-541 10336
-600 10346
-600 10311
-607 10298
-558 10367
-549 10349
-578 10327
-606 10355
-575 10301
-586 10356
-570 10350
-621 10367
-539 10380
-552 10381
-589 10308
-617 10300
-541 10293
-542 10342
-561 10293
-565 10344
-562 10303
-576 10375
-563 10355
-583 10315
-615 10315
-605 10339
-545 10375
-576 10335
-608 10324
-540 10294
-564 10305
-588 10293
-575 10320
-599 10320
-572 10368
-620 10296
-602 10297
-575 10363
-608 10299
-589 10329
-555 10329
-609 10305
-604 10380
-570 10300
-615 10326
-539 10376
-547 10336
-563 10293
-586 10375
-583 10370
-565 10351
-603 10300
-587 10349
-610 10305
-581 10380
-597 10309
-574 10353
-562 10312
-550 10295
-557 10301
-607 10330
-612 10312
-589 10355
-599 10366
-584 10376
-537 10331
-554 10361
-618 10340
-551 10309
-593 10372
-543 10371
-599 10370
-585 10330
-591 10292
-619 10352
-590 10292
-587 10304
-562 10333
-591 10364
-618 10370
-593 10377
-597 10305
-567 10348
-614 10379
-567 10308
-577 10333
-569 10317
-626 10313
-608 10331
-621 10325
-582 10375
-553 10375
-559 10381
-617 10324
-555 10360
-591 10293
-559 10354
-617 10365
-626 10341
-616 10354
-542 10369
-592 10298
-554 10301
-618 10320
-544 10379
-590 10377
-589 10319
-615 10292
-571 10372
-596 10361
-600 10371
-597 10320
-620 10380
-573 10357
-596 10321
-606 10315
-594 10339
-605 10292
-619 10299
-579 10347
-549 10347
-612 10330
-583 10371
-560 10337
-542 10338
-564 10339
-611 10376
-618 10355
-538 10329
-537 10312
-559 10306
-581 10379
-565 10377
-588 10354
-548 10320
-564 10304
-619 10296
-587 10299
-554 10364
-578 10372
-617 10354
-565 10368
-604 10344
-583 10369
-571 10378
-548 10339
-556 10348
-584 10314
-618 10376
-560 10365
-540 10340
-626 10352
-557 10368
-588 10302
-612 10345
-584 10360
-620 10329
-569 10375
-582 10320
-559 10299
-605 10380
-564 10337
-606 10295
-569 10352
-595 10376
-554 10356
-566 10332
-614 10349
-566 10371
-577 10352
-623 10296
-562 10319
-579 10310
-624 10331
-571 10360
-604 10304
-550 10320
-625 10325
-575 10333
-547 10335
-589 10368
-568 10325
-593 10364
-563 10345
-583 10338
-578 10333
-551 10298
-625 10299
-554 10363
-547 10324
-604 10306
-582 10338
-560 10359
-615 10360
-579 10329
-575 10373
-610 10336
-569 10372
-604 10350
-608 10371
-539 10308
-565 10324
-602 10342
-602 10343
-616 10336
-543 10346
-604 10354
-619 10378
-603 10361
-608 10318
-586 10310
-603 10326
-603 10371
-610 10375
-590 10372
-541 10312
-616 10380
-553 10336
-580 10356
-622 10354
-588 10325
-600 10362
-578 10330
-582 10295
-572 10354
-612 10326
-549 10307
-589 10306
-574 10330
-614 10348
-577 10328
-613 10376
-582 10371
-546 10332
-604 10317
-551 10354
-561 10341
-572 10342
-546 10374
-565 10370
-579 10374
-620 10364
-564 10376
-626 10311
-573 10351
-572 10372
-560 10299
-604 10335
-609 10342
-615 10311
-601 10329
-595 10315
-550 10315
-541 10338
-596 10311
-555 10365
-567 10369
-623 10320
-616 10342
-545 10374
-570 10305
-548 10371
-560 10300
-612 10331
-607 10324
-562 10364
-594 10343
-543 10295
-582 10365
-539 10347
-576 10336
-559 10376
-591 10352
-545 10351
-556 10336
-602 10332
-588 10337
-615 10358
-624 10325
-540 10320
-576 10368
-617 10343
-540 10332
-546 10322
-617 10295
-573 10321
-607 10292
-566 10368
-552 10305
-549 10378
-546 10325
-594 10335
-601 10325
-565 10318
-572 10356
-572 10377
-586 10335
-621 10330
-543 10379
-566 10355
-590 10378
-609 10378
-568 10315
-585 10334
-605 10377
-574 10324
-555 10297
-575 10331
-593 10328
-559 10347
-583 10310
-568 10343
-559 10372
-622 10311
-564 10367
-607 10321
-565 10335
-616 10345
-547 10339
-590 10381
-609 10349
-576 10320
-562 10367
-596 10370
-615 10364
-569 10325
-577 10370
-560 10324
-545 10377
-584 10331
-544 10381
-550 10377
-543 10370
-611 10316
-537 10306
-617 10345
-626 10360
-549 10366
-575 10311
-561 10310
-553 10298
-572 10307
-570 10306
-615 10301
-617 10302
-601 10320
-569 10311
-605 10359
-562 10371
-550 10356
-580 10331
-595 10336
-558 10342
-565 10372
-594 10363
-547 10305
-549 10348
-563 10296
-605 10357
-606 10300
-578 10337
-552 10321
-553 10343
-564 10381
-550 10336
-589 10312
-543 10332
-607 10303
-577 10351
-615 10309
-551 10366
-568 10298
-575 10295
-574 10295
-547 10359
-567 10352
-583 10358
-587 10356
-592 10338
-547 10354
-595 10360
-580 10322
-624 10314
-549 10328
-602 10364
-558 10361
-550 10318
-576 10293
-552 10340
-553 10352
-588 10323
-575 10344
-581 10361
-611 10374
-558 10325
-621 10375
-555 10367
-618 10313
-554 10365
-541 10316
-619 10313
-613 10361
-593 10310
-577 10327
-592 10296
-574 10329
-584 10367
-617 10305
-548 10372
-539 10358
-594 10296
-584 10377
-557 10343
-578 10353
-613 10321
-564 10350
-612 10359
-571 10339
-598 10329
-574 10369
-620 10360
-568 10338
-603 10338
-615 10334
-579 10309
-559 10371
-599 10378
-581 10346
-549 10313
-598 10357
-609 10380
-554 10367
-615 10325
-621 10324
-602 10356
-584 10334
-584 10292
-624 10294
-609 10318
-604 10294
-550 10325
-579 10344
-545 10321
-552 10328
-555 10331
-571 10330
-600 10375
-579 10317
-569 10379
-562 10292
-608 10322
-610 10351
-608 10363
-610 10295
-567 10327
-595 10303
-560 10323
-618 10328
-574 10362
-556 10351
-586 10354
-604 10329
-547 10378
-615 10335
-547 10345
-614 10374
-557 10365
-548 10306
-605 10300
-602 10300
-585 10315
-552 10343
-572 10369
-575 10316
-558 10330
-558 10358
-552 10378
-561 10303
-564 10327
-593 10366
-575 10371
-618 10361
-572 10313
-600 10325
-606 10308
-577 10295
-573 10373
-591 10326
-562 10355
-600 10297
-580 10362
-579 10350
-616 10320
-625 10314
-541 10361
-540 10353
-552 10373
-582 10344
-610 10354
-603 10349
-603 10310
-564 10334
-600 10366
-559 10351
-571 10338
-591 10349
-603 10366
-542 10324
-568 10301
-599 10375
-547 10343
-537 10317
-610 10344
-598 10324
-601 10331
-591 10356
-587 10333
-560 10327
-570 10319
-589 10302
-562 10340
-585 10351
-543 10339
-589 10303
-607 10375
-562 10377
-539 10335
-618 10318
-611 10361
-592 10305
-616 10309
-587 10362
-594 10305
-594 10358
-625 10360
-600 10334
-594 10372
-616 10326
-575 10376
-621 10358
-578 10321
-573 10313
-554 10353
-596 10313
-621 10310
-545 10312
-589 10310
-615 10347
-568 10346
-597 10342
-592 10323
-541 10364
-622 10381
-586 10344
-573 10355
-553 10338
-565 10345
-557 10354
-585 10354
-600 10345
-592 10304
-576 10299
-567 10381
-618 10314
-595 10368
-613 10339
-552 10297
-545 10330
-609 10377
-582 10322
-596 10309
-600 10357
-601 10319
-561 10378
-624 10370
-586 10322
-566 10304
-557 10357
-567 10372
-547 10362
-589 10347
-550 10350
-550 10301
-541 10352
-568 10331
-590 10371
-617 10321
-610 10355
-602 10346
-624 10322
-537 10325
-608 10365
-596 10305
-592 10356
-584 10297
-538 10293
-625 10375
-563 10381
-544 10365
-547 10367
-577 10331
-574 10318
-554 10378
-614 10302
-537 10323
-592 10374
-607 10371
-561 10349
-594 10380
-563 10299
-569 10337
-603 10296
-554 10339
-583 10362
-616 10335
-567 10310
-615 10293
-593 10293
-626 10345
-592 10306
-576 10354
-621 10344
-540 10311
-575 10358
-544 10368
-587 10351
-590 10352
-552 10302
-623 10305
-554 10344
-616 10293
-579 10305
-626 10309
-551 10325
-561 10322
-551 10297
-550 10324
-596 10346
-595 10317
-582 10336
-548 10292
-603 10299
-596 10337
-551 10307
-564 10331
-571 10377
-594 10373
-539 10351
-548 10354
-546 10348
-596 10293
-569 10374
-623 10297
-560 10333
-594 10318
-541 10323
-545 10310
-595 10348
-594 10321
-584 10354
-559 10320
-581 10343
-575 10361
-541 10315
-549 10315
-584 10317
-610 10316
-561 10318
-620 10357
-571 10335
-544 10358
-602 10327
-588 10306
-597 10303
-546 10297
-595 10381
-621 10340
-616 10316
-599 10352
-582 10358
-546 10352
-545 10340
-562 10348
-543 10348
-610 10302
-538 10300
-598 10363
-589 10297
-618 10323
-540 10349
-566 10377
-620 10336
-607 10332
-598 10351
-575 10319
-547 10319
-540 10375
-551 10320
-618 10324
-571 10345
-594 10347
-595 10296
-597 10329
-599 10351
-571 10340
-572 10314
-605 10368
-579 10380
-541 10304
-562 10327
-547 10379
-568 10374
-560 10325
-604 10372
-608 10293
-616 10301
-585 10311
-622 10299
-568 10350
-606 10364
-547 10366
-566 10357
-555 10349
-546 10341
-560 10352
-555 10327
-562 10362
-548 10329
-541 10362
-608 10349
-614 10368
-607 10333
-566 10353
-543 10312
-604 10316
-607 10350
-585 10345
-620 10331
-605 10340
-546 10375
-566 10305
-542 10345
-568 10362
-539 10317
-597 10360
-606 10337
-625 10380
-612 10351
-587 10338
-550 10349
-591 10300
-577 10294
-554 10306
-605 10321
-609 10304
-614 10320
-593 10378
-612 10292
-614 10319
-555 10348
-619 10359
-591 10319
-557 10353
-597 10311
-622 10349
-580 10380
-583 10378
-570 10354
-621 10336
-601 10312
-548 10374
-590 10339
-613 10312
-575 10324
-539 10307
-599 10358
-607 10311
-543 10304
-562 10315
-580 10369
-553 10335
-544 10346
-567 10332
-569 10318
-547 10348
-543 10340
-552 10364
-578 10361
-619 10339
-574 10328
-574 10358
-591 10330
-605 10295
-545 10345
-550 10343
-610 10312
-565 10299
-569 10381
-553 10380
-593 10362
-555 10338
-546 10379
-555 10368
-565 10304
-556 10366
-588 10330
-540 10313
-585 10317
-572 10351
-589 10315
-546 10311
-537 10330
-570 10331
-567 10333
-594 10328
-583 10314
-547 10301
-598 10312
-572 10357
-603 10304
-547 10358
-565 10341
-601 10366
-610 10310
-571 10367
-566 10316
-596 10303
-599 10297
-572 10328
-622 10350
-590 10314
-585 10323
-583 10318
-579 10320
-578 10338
-546 10294
-558 10312
-607 10331
-541 10339
-540 10376
-575 10308
-588 10371
-578 10379
-619 10354
-613 10295
-614 10327
-603 10344
-549 10330
-571 10322
-540 10308
-542 10328
-582 10337
-610 10343
-621 10357
-619 10334
-539 10329
-564 10372
-539 10323
-593 10312
-546 10342
-599 10292
-597 10323
-556 10329
-540 10354
-624 10327
-602 10319
-625 10310
-613 10380
-575 10296
-603 10378
-610 10368
-568 10332
-597 10371
-597 10333
-540 10347
-621 10328
-608 10306
-626 10359
-557 10371
-567 10339
-615 10338
-549 10317
-553 10376
-544 10351
-621 10303
-615 10359
-564 10295
-596 10332
-578 10295
-595 10318
-626 10298
-591 10339
-619 10373
-622 10308
-543 10335
-607 10308
-576 10321
-551 10299
-574 10298
-542 10300
-579 10336
-601 10305
-543 10341
-609 10363
-544 10356
-590 10341
-556 10323
-545 10353
-621 10350
-591 10343
-541 10324
-578 10365
-607 10294
-565 10369
-610 10367
-602 10380
-552 10296
-618 10295
-549 10341
-603 10312
-618 10305
-598 10331
-554 10302
-563 10354
-601 10364
-613 10294
-618 10375
-615 10374
-560 10362
-562 10372
-570 10294
-587 10340
-615 10307
-569 10329
-604 10379
-572 10353
-612 10337
-552 10298
-579 10365
-544 10318
-592 10373
-588 10360
-557 10309
-551 10375
-577 10336
-610 10364
-579 10295
-565 10312
-555 10322
-611 10344
-579 10338
-588 10317
-617 10380
-547 10356
-612 10377
-611 10357
-584 10348
-562 10380
-581 10327
-549 10309
-573 10331
-547 10349
-569 10347
-594 10375
-547 10371
-617 10327
-577 10322
-569 10342
-600 10305
-584 10349
-558 10335
-549 10294
-620 10349
-593 10335
-607 10315
-625 10362
-601 10377
-591 10355
-583 10326
-542 10295
-584 10326
-602 10320
-557 10320
-616 10352
-595 10306
-549 10375
-547 10298
-582 10333
-622 10298
-604 10303
-614 10308
-545 10308
-603 10294
-562 10302
-624 10335
-601 10360
-587 10329
-542 10347
-542 10304
-545 10339
-595 10359
-604 10360
-619 10301
-597 10346
-626 10304
-614 10372
-599 10362
-624 10319
-546 10367
-596 10350
-623 10369
-550 10313
-546 10292
-538 10297
-617 10349
-606 10318
-598 10380
-615 10341
-585 10371
-623 10301
-555 10345
-550 10309
-614 10343
-626 10292
-549 10367
-602 10355
-567 10346
-546 10373
-624 10298
-620 10301
-611 10326
-568 10297
-586 10298
-548 10352
-593 10300
-600 10327
-599 10327
-573 10302
-618 10352
-555 10374
-624 10324
-554 10380
-559 10364
-588 10297
-592 10364
-578 10304
-609 10375
-546 10306
-574 10304
-611 10304
-617 10347
-563 10302
-574 10354
-608 10362
-551 10352
-549 10377
-596 10314
-556 10375
-537 10293
-614 10330
-590 10364
-616 10375
-594 10334
-592 10302
-541 10341
-537 10311
-540 10362
-610 10300
-607 10377
-590 10368
-565 10308
-614 10344
-602 10362
-541 10331
-626 10300
-574 10325
-578 10301
-546 10335
-539 10312
-548 10303
-608 10328
-623 10368
-606 10351
-613 10374
-546 10355
-568 10342
-606 10374
-583 10301
-584 10333
-570 10343
-572 10303
-568 10339
-615 10343
-547 10327
-588 10356
-579 10348
-624 10341
-577 10347
-566 10320
-587 10311
-608 10330
-622 10356
-592 10317
-563 10358
-577 10374
-624 10302
-549 10340
-584 10300
-559 10365
-617 10312
-548 10326
-608 10361
-624 10352
-619 10349
-574 10345
-622 10379
-590 10321
-542 10351
-596 10348
-606 10353
-614 10356
-616 10359
-595 10363
-583 10354
-566 10321
-567 10319
-547 10372
-621 10323
-617 10340
-584 10310
-567 10354
-579 10345
-583 10308
-593 10324
-617 10372
-611 10375
-626 10362
-623 10377
-573 10310
-596 10367
-606 10340
-544 10321
-572 10376
-566 10302
-560 10369
-561 10348
-600 10372
-612 10324
-615 10361
-572 10335
-601 10292
-545 10357
-622 10323
-567 10317
-599 10357
-613 10303
-583 10366
-567 10360
-606 10381
-553 10360
-553 10362
-592 10337
-582 10359
-591 10372
-565 10375
-581 10372
-537 10300
-589 10294
-547 10365
-599 10293
-571 10357
-586 10349
-598 10350
-564 10303
-585 10378
-614 10377
-599 10305
-584 10293
-561 10298
-570 10295
-552 10365
-572 10305
-587 10315
-615 10356
-566 10318
-555 10323
-605 10354
-621 10297
-551 10364
-558 10324
-563 10322
-602 10354
-608 10373
-597 10334
-569 10364
-579 10328
-577 10323
-557 10361
-613 10342
-561 10370
-573 10305
-553 10364
-593 10320
-563 10362
-550 10374
-626 10320
-614 10300
-613 10297
-575 10314
-547 10299
-555 10379
-577 10345
-611 10295
-576 10353
-578 10363
-543 10352
-544 10319
-588 10305
-560 10294
-559 10349
-622 10329
-581 10363
-553 10316
-566 10324
-550 10341
-607 10372
-586 10379
-618 10344
-621 10299
-607 10366
-566 10380
-551 10303
-565 10319
-614 10352
-548 10368
-589 10309
-622 10363
-545 10346
-565 10355
-586 10367
-616 10337
-562 10374
-612 10327
-622 10316
-563 10304
-585 10376
-540 10370
-576 10369
-602 10299
-563 10309
-552 10332
-626 10321
-623 10298
-574 10296
-537 10302
-553 10356
-612 10320
-587 10331
-556 10292
-588 10310
-563 10339
-584 10332
-593 10345
-623 10353
-579 10373
-572 10360
-545 10342
-597 10373
-568 10344
-615 10314
-577 10363
-626 10316
-614 10365
-553 10318
-576 10350
-576 10376
-580 10342
-590 10328
-620 10352
-580 10329
-598 10297
-568 10335
-600 10298
-574 10305
-544 10380
-569 10310
-626 10351
-543 10328
-583 10324
-588 10378
-569 10367
-582 10316
-589 10342
-607 10299
-626 10374
-599 10303
-571 10337
-592 10325
-570 10360
-575 10294
-591 10328
-620 10315
-543 10351
-600 10314
-584 10381
-552 10326
-578 10357
-621 10342
-585 10359
-606 10346
-578 10296
-610 10306
-592 10351
-615 10336
-550 10294
-577 10293
-613 10308
-545 10349
-601 10368
-581 10353
-559 10363
-595 10292
-570 10340
-611 10373
-608 10320
-588 10318
-610 10325
-571 10309
-624 10328
-613 10319
-551 10337
-597 10330
-573 10378
-559 10339
-620 10356
-580 10363
-586 10307
-619 10343
-570 10380
-592 10380
-564 10363
-565 10305
-550 10346
-592 10335
-611 10296
-550 10328
-565 10322
-553 10321
-580 10339
-560 10313
-582 10379
-600 10363
-597 10332
-597 10326
-575 10302
-551 10324
-623 10311
-583 10340
-573 10350
-604 10292
-598 10321
-582 10300
-578 10354
-556 10373
-585 10295
-570 10358
-557 10312
-601 10379
-605 10364
-589 10305
-546 10299
-581 10308
-582 10303
-588 10321
-608 10292
-622 10302
-560 10317
-618 10300
-565 10297
-561 10321
-590 10316
-542 10371
-540 10292
-604 10367
-561 10346
-613 10293
-542 10349
-599 10381
-596 10319
-573 10324
-562 10343
-577 10357
-580 10364
-542 10314
-546 10320
-550 10297
-607 10319
-548 10293
-562 10351
-552 10315
-541 10347
-608 10347
-570 10341
-587 10365
-594 10308
-572 10355
-581 10376
-626 10303
-622 10360
-598 10341
-541 10340
-553 10314
-549 10365
-578 10293
-555 10353
-609 10348
-608 10340
-564 10348
-561 10362
-583 10320
-590 10351
-614 10315
-589 10298
-564 10351
-543 10294
-576 10380
-542 10363
-547 10331
-544 10307
-622 10326
-591 10310
-603 10292
-586 10345
-612 10315
-622 10319
-622 10357
-612 10355
-620 10369
-579 10368
-541 10370
-559 10334
-553 10300
-610 10320
-595 10331
-552 10346
-580 10371
-556 10305
-599 10301
-566 10350
-614 10314
-626 10310
-578 10328
-619 10309
-577 10344
-613 10372
-608 10302
-593 10354
-592 10353
-609 10324
-558 10314
-612 10363
-571 10352
-545 10360
-607 10304
-606 10348
-549 10370
-622 10334
-614 10297
-542 10318
-551 10350
-600 10292
-615 10332
-551 10370
-594 10366
-609 10313
-617 10366
-568 10296
-572 10308
-540 10346
-587 10342
-624 10361
-549 10301
-605 10302
-573 10366
-614 10331
-623 10379
-604 10342
-616 10329
-586 10372
-606 10358
-596 10343
-599 10350
-587 10298
-568 10317
-607 10369
-569 10326
-603 10374
-547 10369
-576 10333
-593 10359
-559 10319
-619 10338
-620 10308
-575 10369
-576 10364
-580 10309
-623 10306
-584 10309
-625 10379
-576 10319
-624 10313
-586 10343
-578 10336
-601 10349
-577 10292
-546 10307
-553 10309
-626 10379
-584 10379
-540 10339
-545 10319
-605 10338
-582 10339
-562 10375
-589 10314
-542 10361
-584 10305
-553 10366
-537 10292
-563 10313
-570 10309
-624 10317
-607 10305
-610 10350
-615 10381
-606 10361
-554 10350
-606 10319
-566 10365
-557 10323
-539 10305
-569 10356
-589 10378
-610 10293
-602 10340
-547 10350
-607 10348
-568 10354
-571 10341
-608 10333
-603 10381
-547 10294
-603 10379
-595 10353
-564 10346
-584 10341
-538 10319
-543 10292
-547 10368
-588 10375
-589 10317
-598 10295
-559 10341
-582 10369
-588 10326
-580 10323
-587 10341
-608 10342
-585 10296
-601 10345
-565 10338
-595 10344
-559 10336
-550 10304
-543 10345
-589 10349
-596 10363
-559 10304
-600 10370
-601 10344
-569 10363
-615 10375
-576 10309
-591 10371
-586 10347
-602 10358
-583 10342
-547 10376
-599 10302
-555 10339
-620 10318
-590 10318
-564 10312
-624 10379
-617 10367
-612 10352
-584 10358
-562 10358
-615 10324
-572 10295
-614 10326
-542 10364
-580 10307
-541 10372
-602 10302
-583 10352
-549 10306
-550 10370
-550 10378
-598 10374
-618 10368
-545 10356
-555 10361
-599 10379
-612 10305
-612 10370
-543 10372
-576 10303
-624 10344
-540 10304
-597 10379
-594 10329
-540 10363
-610 10377
-555 10320
-604 10348
-622 10332
-616 10296
-537 10322
-557 10326
-598 10300
-560 10348
-563 10310
-576 10371
-558 10355
-581 10368
-562 10314
-605 10293
-586 10292
-581 10358
-548 10379
-605 10348
-569 10296
-567 10313
-585 10347
-618 10335
-587 10309
-551 10338
-559 10358
-604 10376
-568 10360
-546 10301
-594 10379
-572 10332
-551 10316
-591 10374
-543 10299
-557 10348
-613 10328
-590 10329
-574 10357
-601 10353
-623 10352
-549 10319
-595 10319
-606 10359
-571 10351
-552 10308
-551 10374
-592 10372
-577 10350
-586 10329
-542 10309
-594 10294
-605 10361
-573 10381
-580 10326
-576 10316
-539 10355
-581 10339
-617 10368
-616 10295
-547 10375
-611 10371
-603 10351
-541 10308
-600 10329
-595 10327
-561 10315
-558 10372
-617 10315
-595 10361
-582 10319
-603 10297
-617 10330
-544 10313
-618 10316
-611 10351
-587 10355
-538 10292
-609 10370
-573 10363
-582 10377
-539 10294
-558 10366
-613 10381
-590 10319
-610 10334
-568 10300
-594 10309
-581 10354
-584 10307
-544 10353
-599 10328
-612 10333
-625 10340
-573 10323
-609 10333
-549 10346
-579 10351
-559 10331
-558 10338
-599 10353
-555 10326
-622 10373
-558 10349
-543 10377
-620 10365
-569 10292
-553 10348
-625 10316
-538 10299
-584 10369
-555 10317
-547 10316
-541 10369
-546 10346
-591 10294
-600 10373
-537 10297
-571 10302
-555 10337
-604 10377
-565 10357
-611 10359
-594 10338
-587 10292
-626 10356
-588 10345
-619 10364
-572 10317
-581 10313
-565 10343
-538 10315
-562 10359
-602 10345
-621 10361
-610 10363
-559 10293
-611 10317
-601 10306
-539 10374
-582 10366
-575 10381
-565 10334
-589 10335
-562 10379
-602 10375
-562 10325
-572 10380
-618 10311
-575 10354
-599 10369
-569 10339
-609 10330
-614 10316
-561 10332
-616 10318
-625 10371
-619 10325
-547 10312
-626 10335
-566 10312
-550 10317
-605 10344
-550 10330
-601 10328
-608 10344
-557 10303
-582 10354
-611 10352
-568 10357
-619 10367
-546 10358
-621 10359
-594 10344
-577 10359
-595 10375
-612 10298
-592 10340
-613 10314
-542 10316
-591 10320
-609 10368
-595 10321
-598 10381
-544 10373
-622 10335
-564 10357
-621 10371
-558 10318
-543 10357
-602 10341
-613 10325
-605 10358
-616 10372
-610 10359
-563 10380
-552 10369
-602 10336
-551 10293
-550 10310
-613 10341
-539 10361
-547 10364
-577 10346
-620 10321
-598 10368
-587 10330
-604 10330
-625 10363
-548 10335
-584 10351
-542 10353
-623 10331
-607 10381
-568 10319
-603 10343
-577 10310
-544 10350
-605 10378
-586 10362
-566 10360
-624 10340
-557 10313
-594 10362
-539 10362
-601 10341
-564 10301
-554 10377
-579 10372
-582 10324
-541 10327
-586 10336
-574 10365
-549 10364
-545 10365
-583 10334
-623 10351
-570 10374
-542 10298
-548 10321
-589 10356
-546 10350
-560 10360
-590 10361
-577 10380
-567 10374
-558 10337
-612 10321
-578 10340
-606 10310
-620 10371
-614 10309
-559 10307
-552 10338
-571 10293
-594 10326
-594 10369
-565 10373
-610 10313
-587 10377
-587 10324
-601 10376
-543 10360
-592 10322
-566 10358
-545 10371
-542 10319
-593 10360
-609 10312
-581 10367
-621 10381
-598 10316
-559 10346
-545 10343
-573 10365
-592 10366
-557 10378
-542 10334
-616 10304
-567 10318
-598 10360
-579 10319
-607 10335
-626 10331
-563 10372
-596 10302
-623 10336
-568 10377
-552 10300
-549 10338
-572 10359
-583 10299
-617 10370
-604 10370
-551 10306
-571 10308
-545 10302
-585 10313
-566 10329
-541 10306
-588 10331
-566 10303
-582 10317
-563 10357
-537 10314
-563 10307
-556 10354
-546 10340
-586 10366
-622 10361
-580 10345
-623 10327
-543 10309
-544 10378
-572 10297
-609 10376
-599 10326
-563 10319
-539 10310
-564 10375
-567 10331
-541 10302
-579 10342
-614 10341
-550 10353
-612 10381
-566 10298
-598 10378
-549 10345
-550 10321
-557 10302
-558 10356
-570 10310
-607 10300
-548 10317
-542 10320
-561 10357
-603 10359
-577 10342
-590 10306
-609 10334
-571 10379
-592 10359
-570 10371
-578 10313
-548 10376
-585 10320
-562 10368
-541 10305
-612 10332
-580 10318
-574 10372
-595 10365
-581 10315
-548 10310
-598 10298
-612 10372
-561 10311
-570 10326
-573 10325
-566 10336
-618 10312
-586 10378
-558 10309
-564 10332
-609 10356
-543 10350
-558 10365
-552 10320
-617 10352
-581 10322
-577 10315
-578 10358
-540 10351
-623 10366
-610 10362
-553 10351
-609 10358
-613 10311
-569 10303
-583 10355
-556 10369
-559 10305
-597 10355
-607 10355
-547 10300
-565 10298
-573 10294
-558 10323
-549 10373
-561 10367
-610 10352
-621 10321
-567 10294
-581 10319
-591 10304
-603 10309
-546 10331
-542 10372
-593 10342
-619 10321
-553 10331
-620 10330
-551 10373
-579 10304
-576 10294
-585 10301
-570 10314
-619 10380
-541 10309
-616 10373
-559 10375
-588 10343
-546 10329
-606 10309
-572 10292
-610 10296
-552 10335
-543 10338
-615 10339
-597 10375
-547 10326
-542 10317
-575 10304
-572 10375
-552 10359
-618 10307
-594 10325
-602 10339
-620 10363
-592 10361
-556 10314
-580 10360
-554 10304
-546 10338
-618 10317
-540 10367
-617 10374
-602 10376
-560 10373
-602 10338
-581 10344
-570 10322
-611 10336
-589 10380
-565 10359
-574 10337
-612 10354
-584 10325
-582 10356
-618 10341
-553 10371
-559 10357
-555 10308
-611 10320
-601 10375
-589 10354
-592 10381
-597 10341
-575 10337
-626 10294
-541 10321
-584 10355
-574 10335
-584 10353
-591 10322
-591 10314
-543 10353
-544 10338
-609 10367
-623 10323
-602 10308
-623 10337
-585 10305
-562 10356
-578 10369
-591 10303
-601 10362
-595 10313
-550 10379
-550 10305
-618 10303
-600 10374
-601 10361
-626 10317
-575 10330
-554 10333
-557 10344
-542 10356
-547 10310
-614 10380
-555 10319
-595 10366
-584 10350
-615 10345
-576 10329
-579 10297
-592 10319
-625 10374
-551 10348
-557 10328
-616 10303
-585 10335
-587 10321
-543 10333
-599 10333
-545 10324
-546 10366
-605 10294
-601 10314
-587 10350
-615 10351
-575 10346
-571 10327
-543 10313
-596 10299
-584 10344
-623 10310
-604 10295
-574 10360
-601 10324
-587 10358
-580 10293
-611 10313
-617 10296
-565 10293
-561 10374
-558 10302
-588 10295
-611 10331
-577 10305
-562 10338
-554 10355
-544 10330
-576 10356
-563 10317
-596 10307
-542 10299
-614 10381
-552 10368
-587 10295
-570 10336
-552 10342
-560 10350
-602 10357
-537 10318
-586 10313
-599 10364
-591 10337
-577 10341
-605 10309
-541 10353
-569 10304
-543 10293
-544 10295
-563 10359
-626 10367
-616 10344
-606 10362
-575 10365
-615 10308
-540 10303
-574 10347
-598 10310
-616 10353
-546 10359
-615 10366
-594 10342
-560 10376
-540 10335
-584 10304
-620 10341
-601 10293
-587 10328
-618 10297
-565 10366
-553 10354
-625 10366
-622 10366
-592 10369
-600 10356
-583 10360
-621 10317
-592 10318
-603 10360
-555 10363
-539 10295
-592 10350
-544 10376
-608 10368
-540 10300
-595 10309
-607 10310
-599 10331
-614 10371
-621 10354
-566 10297
-565 10309
-596 10371
-580 10298
-617 10317
-625 10302
-591 10347
-610 10326
-554 10328
-611 10348
-549 10350
-623 10292
-551 10318
-570 10377
-585 10322
-571 10303
-544 10317
-616 10333
-602 10350
-583 10337
-608 10379
-618 10365
-624 10332
-586 10314
-621 10300
-626 10370
-620 10355
-552 10350
-609 10335
-554 10370
-547 10329
-568 10373
-564 10360
-590 10293
-591 10334
-587 10373
-625 10298
-604 10349
-587 10313
-578 10326
-564 10369
-604 10328
-544 10361
-605 10370
-537 10326
-585 10343
-574 10327
-550 10335
-565 10367
-619 10323
-574 10343
-615 10313
-543 10306
-621 10327
-585 10338
-598 10369
-546 10377
-582 10363
-573 10308
-548 10361
-575 10352
-591 10317
-546 10316
-581 10329
-568 10355
-587 10308
-573 10333
-568 10314
-570 10335
-582 10307
-576 10315
-608 10334
-568 10371
-597 10337
-574 10371
-565 10362
-611 10306
-601 10303
-582 10376
-571 10355
-587 10354
-555 10328
-625 10303
-558 10294
-617 10378
-574 10338
-557 10376
-552 10370
-605 10337
-583 10344
-541 10294
-556 10301
-609 10292
-575 10353
-605 10341
-618 10337
-624 10348
-599 10314
-571 10370
-549 10310
-614 10295
-550 10360
-600 10341
-582 10305
-587 10318
-573 10380
-546 10314
-597 10381
-572 10363
-577 10375
-604 10356
-552 10323
-617 10334
-608 10315
-619 10307
-623 10312
-598 10296
-609 10302
-619 10335
-554 10357
-590 10303
-618 10366
-592 10300
-571 10336
-600 10306
-606 10342
-540 10329
-610 10301
-613 10309
-556 10297
-550 10332
-571 10329
-587 10375
-569 10306
-624 10357
-615 10320
-578 10297
-577 10313
-563 10314
-612 10379
-586 10340
-542 10326
-545 10320
-586 10361
-596 10354
-605 10352
-555 10373
-550 10339
-605 10365
-613 10299
-567 10309
-606 10317
-555 10344
-554 10317
-612 10319
-618 10363
-566 10343
-620 10324
-557 10317
-612 10374
-609 10297
-615 10342
-560 10366
-614 10333
-605 10379
-617 10309
-619 10368
-545 10293
-575 10350
-595 10345
-626 10332
-549 10339
-549 10297
-537 10294
-571 10304
-608 10377
-548 10364
-567 10345
-591 10346
-600 10339
-590 10296
-605 10351
-570 10327
-573 10328
-613 10379
-563 10295
-599 10313
-625 10329
-592 10341
-557 10339
-541 10328
-570 10345
-571 10365
-597 10370
-596 10355
-624 10293
-569 10344
-604 10322
-556 10380
-621 10331
-564 10361
-542 10321
-613 10365
-611 10303
-566 10354
-615 10340
-562 10316
-599 10347
-553 10317
-542 10362
-594 10303
-546 10300
-561 10294
-616 10322
-618 10325
-576 10342
-615 10353
-544 10308
-590 10312
-571 10353
-619 10326
-607 10361
-594 10292
-604 10310
-597 10315
-543 10302
-604 10334
-588 10376
-550 10342
-613 10367
-619 10347
-596 10301
-625 10357
-571 10319
-540 10328
-597 10324
-587 10325
-552 10303
-626 10302
-551 10311
-551 10358
-586 10305
-594 10300
-620 10340
-551 10301
-542 10294
-569 10331
-573 10334
-618 10369
-565 10346
-575 10368
-583 10302
-558 10331
-562 10301
-569 10322
-548 10319
-567 10355
-552 10377
-554 10348
-564 10315
-607 10339
-558 10299
-569 10341
-539 10348
-585 10297
-617 10336
-581 10370
-556 10356
-555 10309
-578 10374
-591 10378
-561 10333
-541 10337
-576 10331
-568 10329
-552 10363
-557 10374
-552 10357
-611 10333
-584 10318
-539 10360
-599 10299
-568 10293
-601 10311
-564 10325
-555 10333
-615 10310
-609 10331
-612 10316
-551 10344
-604 10298
-617 10311
-539 10330
-544 10340
-591 10327
-542 10313
-606 10380
-567 10324
-581 10292
-575 10372
-626 10372
-590 10307
-598 10302
-540 10380
-598 10364
-573 10376
-625 10377
-589 10376
-575 10322
-566 10375
-549 10331
-546 10312
-607 10327
-569 10295
-558 10364
-544 10357
-606 10366
-544 10372
-543 10307
-557 10373
-592 10329
-616 10370
-558 10296
-576 10301
-582 10294
-613 10368
-569 10309
-616 10338
-558 10305
-608 10376
-604 10332
-583 10376
-556 10300
-557 10358
-567 10329
-540 10378
-592 10331
-598 10308
-626 10323
-553 10315
-562 10300
-589 10361
-603 10318
-594 10310
-560 10332
-539 10363
-560 10357
-603 10354
-593 10373
-554 10315
-582 10341
-573 10293
-578 10380
-612 10342
-596 10336
-609 10301
-585 10319
-590 10324
-608 10296
-554 10332
-552 10294
-590 10343
-582 10345
-546 10336
-604 10296
-546 10295
-570 10317
-556 10332
-573 10332
-571 10292
-596 10344
-589 10313
-611 10321
-621 10374
-575 10303
-583 10349
-576 10381
-559 10313
-576 10362
-611 10328
-609 10346
-547 10314
-558 10306
-585 10364
-600 10332
-622 10358
-579 10298
-616 10307
-583 10379
-538 10298
-590 10299
-609 10366
-557 10370
-569 10300
-600 10360
-602 10379
-585 10367
-618 10338
-612 10307
-569 10353
-569 10293
-619 10320
-609 10299
-621 10322
-576 10340
-571 10350
-553 10345
-563 10352
-596 10378
-577 10353
-612 10302
-538 10296
-605 10298
-604 10351
-543 10303
-566 10327
-598 10299
-549 10318
-613 10364
-561 10358
-571 10326
-553 10307
-573 10303
-545 10331
-573 10319
-597 10299
-589 10346
-580 10313
-553 10328
-561 10314
-601 10369
-571 10376
-554 10311
-561 10354
-605 10381
-560 10356
-541 10311
-577 10299
-583 10304
-616 10363
-560 10296
-537 10304
-625 10350
-618 10345
-556 10337
-606 10354
-602 10348
-607 10336
-626 10339
-611 10364
-597 10348
-626 10353
-586 10309
-583 10297
-591 10357
-619 10312
-574 10377
-614 10339
-548 10358
-595 10354
-621 10335
-603 10301
-549 10308
-568 10309
-614 10310
-561 10352
-596 10356
-562 10373
-560 10306
-623 10293
-575 10339
-595 10351
-547 10307
-557 10335
-573 10340
-623 10326
-582 10306
-590 10366
-543 10344
-622 10315
-601 10374
-586 10320
-619 10311
-554 10321
-608 10317
-549 10311
-570 10367
-553 10296
-569 10305
-576 10351
-548 10327
-549 10295
-556 10335
-588 10322
-546 10333
-543 10308
-570 10361
-561 10324
-584 10298
-604 10361
-561 10317
-600 10300
-624 10326
-614 10322
-566 10328
-613 10315
-605 10363
-619 10371
-565 10363
-609 10381
-572 10345
-548 10346
-556 10346
-551 10349
-605 10310
-576 10355
-578 10342
-590 10332
-603 10372
-555 10301
-607 10323
-622 10294
-621 10319
-618 10354
-619 10353
-604 10381
-582 10373
-558 10315
-582 10378
-601 10351
-605 10296
-584 10337
-543 10337
-593 10309
-623 10349
-620 10376
-600 10340
-561 10342
-578 10381
-605 10312
-622 10314
-610 10328
-566 10370
-581 10304
-585 10333
-593 10349
-579 10300
-539 10297
-558 10310
-569 10327
-539 10370
-584 10363
-612 10296
-593 10292
-548 10373
-576 10338
-601 10358
-610 10297
-606 10306
-619 10306
-545 10323
-620 10313
-616 10317
-556 10316
-581 10314
-616 10341
-600 10312
-545 10299
-577 10304
-612 10357
-619 10317
-608 10313
-550 10344
-560 10315
-621 10320
-545 10350
-604 10320
-607 10379
-607 10358
-540 10381
-596 10295
-564 10379
-606 10304
-614 10323
-596 10360
-590 10313
-579 10362
-563 10348
-599 10345
-602 10321
-624 10342
-558 10313
-597 10310
-555 10364
-615 10316
-599 10315
-611 10325
-542 10297
-588 10303
-581 10306
-614 10359
-626 10326
-537 10328
-557 10351
-614 10361
-575 10293
-603 10298
-545 10307
-557 10315
-573 10349
-594 10364
-598 10340
-554 10338
-612 10373
-555 10336
-569 10369
-558 10369
-578 10310
-596 10362
-619 10324
-556 10333
-559 10311
-619 10337
-549 10293
-601 10299
-578 10309
-625 10323
-563 10324
-539 10319
-540 10312
-581 10360
-561 10372
-606 10326
-544 10303
-555 10346
-585 10363
-563 10341
-598 10332
-591 10306
-576 10346
-567 10323
-583 10323
-591 10370
-579 10307
-606 10349
-587 10367
-609 10341
-580 10367
-614 10345
-579 10306
-590 10300
-563 10305
-596 10333
-597 10361
-545 10303
-625 10313
-608 10346
-555 10380
-545 10347
-595 10299
-554 10375
-581 10338
-540 10324
-537 10313
-580 10335
-625 10318
-575 10334
-602 10333
-607 10363
-626 10347
-568 10340
-575 10328
-558 10300
-609 10351
-537 10309
-540 10334
-603 10321
-594 10350
-563 10318
-619 10329
-586 10302
-618 10309
-573 10343
-546 10345
-560 10345
-614 10360
-586 10364
-548 10356
-545 10354
-565 10320
-577 10309
-563 10306
-611 10337
-595 10310
-537 10298
-602 10314
-582 10292
-592 10326
-613 10306
-566 10322
-557 10298
-620 10305
-606 10320
-610 10337
-540 10361
-550 10338
-581 10371
-575 10379
-560 10319
-567 10292
-603 10352
-568 10327
-540 10330
-564 10320
-539 10314
-602 10303
-556 10312
-605 10356
-597 10314
-561 10308
-549 10361
-595 10364
-569 10315
-582 10297
-595 10323
-596 10381
-589 10353
-576 10348
-598 10303
-601 10297
-620 10306
-608 10372
-567 10298
-545 10305
-626 10342
-564 10326
-562 10353
-564 10371
-589 10318
-619 10297
-577 10373
-619 10305
-595 10297
-592 10354
-577 10376
-593 10331
-602 10353
-592 10293
-558 10368
-586 10374
-576 10298
-614 10347
-593 10336
-594 10320
-599 10329
-544 10371
-540 10293
-548 10297
-591 10345
-564 10324
-623 10342
-573 10307
-600 10317
-616 10355
-602 10377
-591 10348
-580 10366
-592 10362
-570 10321
-605 10372
-589 10370
-605 10307
-617 10358
-589 10379
-542 10381
-617 10319
-591 10308
-614 10378
-572 10330
-587 10316
-573 10318
-581 10356
-545 10341
-553 10292
-588 10355
-584 10347
-587 10366
-598 10352
-579 10364
-582 10353
-555 10332
-626 10319
-612 10341
-541 10326
-620 10337
-543 10329
-549 10356
-604 10315
-572 10366
-605 10303
-563 10301
-541 10346
-605 10308
-602 10325
-615 10376
-610 10342
-560 10351
-619 10298
-604 10343
-543 10322
-539 10338
-556 10360
-541 10371
-553 10344
-624 10369
-558 10336
-579 10308
-591 10360
-599 10306
-596 10331
-562 10370
-596 10357
-616 10297
-620 10377
-585 10348
-578 10364
-566 10347
-544 10305
-602 10318
-561 10331
-595 10305
-544 10310
-608 10297
-612 10336
-571 10301
-588 10292
-557 10366
-568 10316
-582 10318
-555 10343
-537 10319
-583 10350
-571 10325
-576 10341
-584 10330
-590 10337
-619 10303
-560 10326
-592 10311
-573 10345
-560 10380
-565 10292
-567 10379
-544 10296
-539 10377
-601 10354
-563 10343
-606 10314
-625 10293
-623 10365
-584 10295
-592 10320
-623 10341
-606 10369
-595 10332
-607 10293
-612 10311
-603 10319
-568 10308
-545 10369
-577 10297
-540 10336
-550 10367
-548 10353
-557 10332
-602 10326
-610 10348
-567 10366
-542 10366
-622 10333
-556 10376
-617 10360
-608 10316
-582 10311
-555 10300
-575 10375
-565 10350
-556 10296
-551 10381
-539 10342
-550 10365
-625 10312
-598 10349
-564 10300
-539 10366
-568 10359
-542 10357
-575 10326
-540 10299
-625 10344
-612 10308
-598 10304
-620 10295
-574 10320
-583 10361
-565 10378
-626 10330
-559 10380
-599 10312
-551 10365
-578 10366
-624 10320
-554 10376
-554 10366
-553 10302
-593 10295
-556 10378
-543 10314
-600 10380
-561 10340
-608 10329
-609 10320
-587 10334
-565 10364
-573 10377
-570 10329
-561 10350
-573 10297
-614 10364
-599 10298
-578 10377
-613 10292
-575 10300
-540 10345
-598 10344
-622 10296
-622 10377
-622 10292
-583 10331
-568 10292
-552 10306
-550 10358
-597 10331
-539 10352
-568 10345
-589 10345
-617 10313
-605 10331
-606 10367
-578 10324
-543 10381
-592 10375
-565 10306
-558 10360
-539 10331
-559 10301
-603 10341
-551 10355
-613 10300
-589 10369
-625 10300
-605 10322
-600 10344
-566 10300
-580 10352
-579 10375
-565 10323
-623 10300
-594 10371
-578 10347
-539 10293
-594 10376
-548 10304
-585 10352
-597 10352
-550 10359
-586 10342
-551 10353
-598 10372
-579 10326
-564 10362
-553 10353
-606 10345
-605 10320
-556 10338
-566 10346
-620 10345
-582 10361
-587 10307
-541 10366
-609 10332
-605 10336
-623 10371
-575 10355
-624 10347
-585 10292
-554 10374
-602 10344
-625 10319
-567 10380
-615 10331
-570 10355
-563 10371
-587 10381
-620 10323
-608 10304
-621 10305
-565 10301
-572 10371
-610 10332
-539 10371
-590 10301
-542 10360
-580 10321
-573 10358
-574 10321
-569 10378
-625 10367
-583 10311
-584 10368
-626 10328
-582 10348
-589 10337
-553 10332
-544 10331
-570 10308
-557 10355
-583 10294
-540 10302
-563 10376
-560 10330
-555 10370
-603 10324
-577 10330
-577 10369
-609 10296
-579 10357
-606 10303
-540 10331
-624 10380
-576 10332
-591 10325
-560 10354
-602 10294
-593 10367
-564 10313
-581 10299
-617 10326
-555 10371
-600 10351
-592 10313
-595 10338
-541 10373
-609 10300
-589 10299
-558 10378
-568 10322
-586 10315
-581 10349
-554 10298
-607 10313
-548 10302
-561 10301
-616 10313
-555 10375
-610 10315
-594 10298
-563 10321
-553 10301
-584 10364
-557 10345
-543 10359
-555 10306
-560 10346
-608 10305
-552 10330
-559 10329
-554 10310
-617 10322
-596 10310
-588 10300
-574 10374
-557 10316
-580 10328
-573 10292
-566 10378
-547 10381
-624 10300
-578 10345
-593 10371
-577 10329
-560 10309
-567 10353
-601 10322
-575 10335
-568 10348
-599 10349
-581 10317
-623 10378
-575 10349
-616 10378
-614 10332
-612 10322
-568 10324
-564 10356
-588 10313
-575 10351
-625 10311
-602 10374
-607 10376
-614 10376
-570 10353
-561 10307
-594 10359
-578 10367
-577 10302
-557 10369
-582 10308
-609 10310
-613 10324
-570 10357
-605 10367
-575 10366
-605 10371
-558 10301
-584 10366
-604 10333
-597 10349
-597 10380
-575 10292
-595 10356
-572 10364
-614 10296
-563 10325
-572 10333
-555 10318
-597 10340
-582 10323
-557 10363
-608 10360
-568 10368
-572 10381
-555 10341
-610 10338
-610 10307
-584 10345
-549 10325
-561 10356
-538 10305
-558 10339
-606 10347
-625 10341
-623 10361
-622 10317
-570 10338
-618 10346
-609 10344
-563 10311
-559 10333
-579 10323
-565 10332
-586 10339
-549 10324
-597 10292
-622 10338
-591 10381
-597 10327
-554 10320
-617 10293
-564 10310
-562 10322
-553 10324
-567 10343
-570 10307
-577 10366
-543 10365
-597 10356
-598 10370
-596 10316
-619 10333
-546 10356
-615 10329
-588 10342
-561 10330
-602 10331
-625 10369
-549 10343
-621 10360
-624 10334
-573 10327
-613 10320
-543 10378
-559 10327
-578 10294
-564 10340
-547 10337
-624 10375
-559 10373
-625 10355
-620 10320
-582 10321
-540 10333
-571 10295
-584 10311
-554 10312
-625 10361
-582 10360
-552 10322
-578 10349
-620 10339
-560 10329
-569 10351
-611 10349
-598 10317
-610 10376
-560 10293
-540 10344
-571 10313
-565 10356
-585 10331
-620 10368
-615 10377
-574 10314
-616 10311
-545 10309
-586 10311
-593 10313
-625 10368
-537 10301
-554 10336
-585 10369
-590 10294
-558 10298
-585 10340
-555 10307
-613 10323
-552 10344
-593 10311
-562 10366
-608 10353
-626 10381
-621 10369
-558 10292
-560 10302
-567 10375
-577 10338
-608 10339
-594 10311
-594 10365
-554 10294
-577 10361
-569 10323
-564 10297
-601 10340
-561 10373
-615 10330
-599 10308
-582 10368
-587 10322
-606 10357
-621 10309
-539 10316
-593 10318
-622 10371
-545 10338
-615 10306
-621 10314
-568 10328
-577 10317
-624 10349
-554 10309
-556 10352
-580 10336
-577 10365
-601 10336
-599 10294
-608 10359
-605 10334
-565 10349
-538 10312
-595 10322
-543 10315
-554 10360
-590 10356
-549 10369
-548 10363
-563 10298
-578 10303
-575 10342
-574 10359
-555 10359
-603 10362
-559 10317
-565 10361
-539 10356
-556 10327
-577 10371
-603 10347
-565 10342
-586 10330
-576 10372
-547 10315
-565 10381
-598 10379
-567 10316
-593 10352
-595 10342
-613 10330
-574 10311
-608 10327
-611 10314
-600 10303
-586 10300
-587 10370
-586 10346
-567 10335
-581 10323
-575 10318
-592 10315
-618 10319
-591 10336
-590 10340
-625 10336
-623 10339
-609 10336
-578 10375
-572 10323
-597 10312
-576 10313
-598 10311
-575 10380
-539 10339
-593 10296
-549 10314
-593 10332
-539 10324
-588 10324
-568 10310
-615 10344
-583 10333
-542 10374
-597 10296
-605 10376
-582 10355
-554 10351
-547 10340
-546 10343
-579 10325
-565 10374
-544 10302
-570 10362
-625 10381
-566 10323
-617 10376
-591 10344
-595 10334
-584 10352
-607 10320
-544 10316
-580 10357
-562 10293
-614 10351
-617 10335
-550 10292
-565 10328
-590 10335
-572 10316
-601 10347
-611 10332
-560 10363
-580 10330
-592 10324
-578 10350
-540 10348
-585 10308
-539 10296
-567 10311
-598 10334
-621 10341
-551 10380
-566 10352
-547 10352
-622 10369
-560 10305
-606 10292
-570 10359
-553 10325
-595 10316
-564 10359
-567 10351
-608 10332
-562 10328
-610 10379
-598 10337
-547 10302
-593 10368
-566 10308
-585 10329
-544 10344
-550 10331
-545 10379
-541 10313
-565 10317
-596 10320
-581 10377
-559 10345
-617 10299
-605 10373
-542 10293
-547 10303
-616 10366
-609 10360
-572 10329
-546 10296
-564 10374
-598 10355
-605 10311
-606 10378
-559 10343
-549 10326
-571 10317
-544 10341
-626 10355
-614 10334
-626 10296
-556 10326
-545 10368
-609 10322
-620 10298
-584 10303
-568 10378
-604 10358
-607 10340
-570 10312
-597 10300
-621 10378
-587 10310
-548 10323
-589 10311
-570 10315
-562 10330
-601 10359
-623 10376
-566 10326
-600 10331
-623 10318
-548 10296
-589 10371
-612 10348
-574 10315
-556 10367
-549 10334
-601 10343
-595 10346
-619 10369
-592 10343
-603 10376
-609 10307
-613 10369
-561 10309
-597 10364
-626 10365
-578 10306
-574 10379
-571 10371
-549 10321
-605 10317
-584 10371
-592 10334
-594 10297
-615 10317
-553 10326
-624 10345
-571 10346
-622 10352
-613 10370
-590 10325
-557 10341
-562 10299
-544 10375
-621 10304
-619 10351
-564 10298
-594 10307
-589 10341
-551 10314
-608 10325
-614 10317
-571 10358
-585 10314
-572 10361
-553 10372
-614 10318
-610 10327
-585 10365
-613 10296
-541 10320
-567 10338
-606 10372
-611 10372
-545 10370
-620 10326
-599 10324
-541 10292
-580 10361
-598 10323
-593 10355
-603 10322
-549 10298
-582 10343
-593 10333
-566 10372
-581 10301
-621 10339
-612 10380
-542 10301
-583 10374
-577 10368
-590 10297
-624 10306
-618 10322
-548 10305
-593 10370
-571 10343
-542 10375
-588 10348
-556 10294
-612 10301
-564 10333
-598 10366
-573 10336
-562 10344
-555 10355
-581 10331
-598 10292
-590 10295
-559 10302
-623 10358
-538 10326
-580 10299
-573 10322
-548 10334
-613 10360
-556 10341
-538 10327
-620 10351
-550 10293
-597 10306
-580 10355
-625 10324
-593 10326
-538 10323
-615 10380
-541 10325
-614 10325
-548 10360
-565 10329
-543 10355
-570 10366
-542 10331
-560 10361
-582 10299
-612 10362
-569 10377
-584 10359
-539 10298
-563 10336
-548 10349
-598 10322
-544 10335
-589 10374
-552 10367
-573 10320
-622 10320
-575 10297
-573 10371
-597 10308
-581 10298
-566 10345
-582 10340
-609 10294
-612 10350
-555 10321
-577 10312
-621 10298
-561 10304
-569 10307
-606 10356
-604 10309
-607 10357
-577 10326
-579 10322
-548 10343
-591 10335
-560 10311
-623 10363
-561 10316
-593 10357
-607 10345
-597 10363
-539 10320
-537 10320
-611 10292
-547 10347
-538 10302
-611 10341
-609 10326
-562 10296
-548 10341
-555 10305
-540 10301
-592 10316
-603 10303
-544 10324
-573 10326
-622 10343
-606 10344
-591 10323
-567 10357
-558 10334
-561 10377
-604 10373
-559 10321
-626 10364
-592 10348
-608 10343
-622 10293
-545 10344
-583 10335
-614 10292
-625 10337
-616 10356
-584 10373
-561 10365
-600 10302
-553 10377
-542 10302
-622 10346
-599 10300
-600 10369
-573 10296
-544 10352
-542 10312
-603 10330
-572 10337
-545 10381
-607 10373
-608 10366
-547 10311
-557 10330
-625 10365
-544 10304
-596 10372
-552 10336
-603 10356
-596 10298
-612 10295
-575 10348
-625 10306
-596 10292
-625 10326
-619 10340
-550 10308
-597 10343
-551 10378
-558 10371
-559 10374
-545 10364
-547 10357
-549 10322
-614 10293
-557 10349
-614 10366
-560 10358
-576 10304
-623 10304
-602 10317
-598 10307
-579 10333
-568 10334
-605 10299
-540 10326
-617 10369
-607 10326
-567 10296
-587 10378
-614 10363
-576 10314
-587 10296
-541 10318
-613 10340
-555 10334
-593 10301
-586 10303
-580 10310
-609 10317
-555 10350
-620 10328
-622 10324
-603 10340
-550 10380
-561 10325
-572 10298
-591 10350
-585 10328
-607 10347
-568 10333
-590 10326
-552 10375
-546 10321
-541 10334
-613 10331
-546 10298
-559 10377
-571 10297
-561 10364
-544 10349
-580 10320
-608 10370
-619 10341
-539 10315
-589 10359
-609 10354
-607 10338
-573 10314
-620 10307
-557 10379
-622 10295
-564 10341
-564 10380
-604 10313
-559 10338
-592 10371
-596 10327
-545 10326
-608 10298
-559 10309
-552 10380
-598 10346
-563 10330
-589 10367
-586 10312
-599 10336
-587 10343
-607 10309
-560 10379
-539 10340
-582 10296
-577 10360
-597 10321
-563 10363
-571 10294
-572 10365
-538 10295
-539 10344
-585 10332
-544 10297
-620 10322
-611 10301
-590 10363
-573 10338
-567 10342
-624 10303
-563 10292
-616 10308
-624 10350
-542 10359
-564 10378
-618 10348
-584 10306
-549 10333
-590 10365
-601 10317
-595 10369
-570 10352
-624 10295
-553 10359
-569 10340
-620 10325
-556 10310
-566 10339
-584 10316
-610 10346
-621 10345
-579 10294
-554 10305
-625 10305
-552 10307
-601 10308
-543 10298
-601 10327
-564 10336
-585 10318
-542 10327
-554 10352
-553 10305
-623 10364
-615 10369
-573 10311
-555 10351
-557 10342
-616 10306
-624 10381
-576 10318
-570 10304
-603 10316
-584 10313
-611 10310
-585 10373
-562 10320
-583 10373
-608 10295
-610 10381
-558 10377
-571 10349
-610 10303
-577 10332
-624 10336
-555 10342
-555 10303
-564 10317
-611 10346
-589 10324
-602 10366
-566 10363
-545 10335
-591 10367
-622 10348
-554 10359
-622 10318
-601 10337
-547 10342
-570 10369
-589 10366
-547 10361
-590 10327
-611 10370
-577 10349
-545 10322
-605 10374
-557 10295
-613 10349
-605 10346
-574 10326
-538 10324
-554 10313
-611 10315
-543 10336
-574 10297
-571 10320
-573 10337
-606 10299
-597 10295
-579 10352
-617 10304
-584 10301
-542 10376
-552 10333
-612 10358
-589 10322
-578 10318
-618 10356
-624 10339
-561 10353
-552 10352
-575 10299
-574 10300
-609 10327
-566 10299
-583 10375
-549 10329
-578 10355
-562 10339
-570 10348
-580 10314
-558 10370
-605 10335
-575 10307
-553 10303
-619 10304
-583 10367
-554 10340
-568 10299
-568 10311
-595 10304
-561 10375
-562 10295
-562 10297
-570 10292
-570 10363
-579 10301
-609 10379
-549 10335
-605 10324
-541 10367
-588 10304
-550 10302
-589 10363
-614 10307
-576 10374
-556 10320
-602 10373
-550 10381
-552 10372
-572 10300
-558 10303
-581 10296
-586 10381
-602 10330
-563 10329
-564 10342
-552 10366
-606 10321
-591 10313
-585 10337
-626 10378
-561 10371
-613 10366
-614 10305
-620 10292
-610 10319
-538 10320
-550 10326
-595 10308
-599 10332
-566 10379
-617 10329
-578 10307
-595 10340
-583 10300
-559 10318
-609 10303
-607 10296
-546 10304
-569 10359
-560 10353
-560 10331
-562 10336
-575 10340
-593 10305
-584 10302
-537 10307
-568 10318
-579 10296
-596 10380
-577 10321
-553 10373
-565 10371
-581 10348
-579 10330
-626 10348
-584 10322
-566 10293
-618 10374
-559 10298
-625 10356
-538 10321
-556 10365
-547 10297
-619 10360
-619 10331
-599 10319
-541 10298
-539 10350
-552 10339
-601 10346
-568 10326
-592 10360
-605 10353
-538 10316
-565 10380
-615 10373
-566 10348
-590 10373
-571 10310
-567 10373
-567 10321
-613 10375
-550 10372
-597 10367
-592 10310
-573 10330
-613 10352
-578 10322
-614 10354
-596 10300
-624 10377
-568 10321
-602 10312
-594 10331
-556 10309
-556 10307
-543 10330
-577 10364
-617 10333
-581 10305
-562 10307
-606 10312
-563 10334
-596 10306
-542 10307
-546 10353
-607 10346
-583 10372
-586 10338
-612 10335
-614 10342
-570 10328
-583 10313
-568 10361
-542 10344
-579 10366
-564 10373
-601 10301
-589 10358
-567 10303
-545 10313
-617 10371
-585 10360
-585 10372
-544 10309
-573 10300
-610 10356
-571 10314
-612 10340
-566 10296
-624 10376
-589 10373
-555 10314
-584 10372
-616 10357
-562 10369
-555 10294
-566 10330
-608 10309
-553 10330
-623 10345
-601 10315
-626 10343
-561 10335
-549 10332
-592 10349
-564 10316
-580 10350
-623 10338
-581 10320
-615 10328
-616 10292
-595 10325
-595 10367
-603 10346
-543 10320
-560 10336
-550 10348
-591 10298
-573 10315
-543 10368
-583 10363
-585 10336
-579 10339
-602 10360
-567 10307
-606 10302
-625 10320
-575 10357
-542 10303
-591 10380
-603 10353
-605 10328
-586 10350
-537 10303
-584 10320
-539 10365
-608 10356
-575 10327
-613 10355
-576 10370
-559 10323
-581 10332
-553 10367
-562 10326
-589 10333
-579 10337
-613 10348
-604 10327
-595 10312
-556 10357
-558 10307
-617 10298
-587 10306
-615 10355
-621 10292
-585 10355
-626 10329
-566 10337
-604 10319
-582 10346
-619 10295
-620 10348
-560 10364
-545 10327
-598 10294
-551 10300
-594 10348
-570 10318
-543 10318
-561 10328
-579 10354
-611 10377
-593 10294
-572 10319
-625 10321
-621 10343
-601 10334
-560 10316
-574 10366
-593 10298
-597 10336
-552 10356
-537 10310
-554 10329
-550 10376
-551 10341
-600 10328
-551 10360
-552 10353
-554 10325
-611 10354
-588 10365
-598 10339
-544 10347
-594 10306
-590 10355
-597 10317
-606 10313
-616 10381
-589 10381
-575 10362
-579 10324
-556 10345
-625 10348
-593 10350
-601 10348
-537 10305
-599 10361
-551 10347
-583 10345
-575 10338
-609 10364
-581 10369
-553 10361
-564 10354
-582 10362
-584 10370
-586 10380
-560 10314
-609 10362
-542 10340
-587 10320
-560 10320
-596 10308
-621 10334
-562 10321
-584 10375
-565 10313
-584 10361
-612 10360
-585 10353
-572 10320
-608 10357
-618 10351
-552 10309
-625 10372
-554 10345
-573 10346
-610 10292
-611 10358
-591 10358
-624 10296
-563 10342
-624 10318
-551 10308
-619 10328
-588 10341
-559 10300
-561 10306
-569 10368
-622 10305
-549 10296
-615 10357
-541 10329
-576 10343
-596 10315
-581 10302
-558 10375
-570 10334
-590 10349
-567 10371
-556 10303
-617 10356
-580 10372
-601 10313
-566 10359
-599 10325
-538 10318
-557 10367
-602 10371
-626 10325
-600 10301
-609 10361
-574 10336
-593 10322
-590 10379
-576 10349
-596 10297
-626 10371
-613 10347
-556 10299
-605 10343
-558 10347
-588 10368
-623 10321
-596 10342
-544 10328
-573 10374
-573 10368
-598 10327
-576 10292
-591 10302
-556 10364
-578 10292
-593 10314
-611 10340
-617 10379
-595 10371
-549 10304
-549 10358
-589 10364
-574 10292
-578 10302
-619 10379
-579 10378
-594 10317
-591 10359
-573 10304
-587 10347
-579 10377
-593 10323
-616 10330
-576 10330
-541 10356
-610 10353
-546 10328
-594 10360
-539 10321
-539 10309
-589 10365
-541 10374
-568 10323
-622 10378
-551 10368
-561 10327
-610 10298
-596 10365
-615 10302
-601 10356
-625 10351
-596 10322
-612 10366
-610 10369
-554 10316
-565 10316
-622 10368
-607 10364
-579 10312
-571 10363
-600 10299
-614 10357
-599 10338
-574 10317
-582 10298
-601 10310
-562 10347
-540 10298
-582 10335
-542 10337
-575 10309
-563 10312
-544 10370
-608 10336
-590 10360
-562 10317
-580 10333
-616 10332
-549 10352
-572 10293
-559 10350
-580 10304
-568 10352
-606 10336
-543 10323
-578 10343
-585 10361
-539 10369
-594 10346
-612 10328
-592 10333
-588 10370
-573 10356
-601 10342
-607 10307
-586 10352
-588 10301
-537 10324
-546 10380
-599 10354
-599 10321
-616 10328
-561 10337
-621 10346
-579 10292
-607 10334
-548 10301
-622 10351
-554 10368
-576 10325
-577 10337
-583 10341
-622 10322
-592 10352
-611 10369
-579 10353
-607 10301
-544 10332
-622 10344
-593 10374
-558 10362
-609 10306
-558 10363
-550 10371
-572 10309
-589 10352
-609 10328
-626 10318
-581 10374
-595 10377
-603 10363
-551 10319
-607 10343
-571 10311
-573 10298
-563 10375
-578 10319
-561 10376
-622 10336
-576 10305
-590 10338
-567 10330
-620 10338
-613 10338
-603 10373
-625 10352
-624 10354
-560 10303
-574 10378
-593 10356
-557 10346
-539 10353
-576 10359
-559 10294
-552 10361
-607 10344
-587 10332
-600 10337
-577 10339
-590 10345
-565 10354
-557 10334
-592 10367
-607 10370
-623 10308
-543 10343
-603 10311
-618 10301
-590 10334
-593 10304
-586 10331
-578 10368
-588 10377
-588 10380
-610 10314
-565 10360
-614 10306
-546 10337
-576 10360
-613 10343
-552 10324
-616 10294
-597 10301
-621 10377
-620 10317
-594 10336
-594 10304
-615 10365
-598 10362
-598 10347
-607 10302
-542 10308
-591 10366
-585 10379
-549 10323
-567 10362
-558 10373
-596 10359
-546 10319
-610 10378
-618 10343
-609 10365
-558 10308
-620 10333
-597 10297
-585 10344
-539 10334
-611 10305
-606 10324
-582 10332
-556 10372
-619 10374
-541 10295
-597 10377
-588 10340
-566 10313
-561 10323
-569 10343
-587 10319
-565 10379
-569 10316
-608 10380
-557 10350
-540 10368
-596 10345
-583 10336
-603 10334
-562 10337
-592 10342
-556 10339
-577 10372
-560 10338
-553 10304
-563 10337
-566 10373
-589 10307
-594 10351
-572 10347
-545 10372
-598 10309
-588 10349
-595 10328
-591 10321
-580 10292
-613 10334
-608 10314
-555 10312
-590 10310
-580 10308
-563 10323
-566 10333
-580 10375
-590 10305
-617 10325
-626 10336
-555 10316
-611 10339
-611 10309
-611 10327
-576 10361
-567 10322
-625 10315
-553 10322
-590 10333
-583 10316
-557 10360
-600 10338
-622 10365
-591 10309
-575 10305
-602 10306
-591 10315
-580 10346
-549 10299
-587 10361
-588 10316
-600 10378
-612 10346
-570 10349
-591 10361
-543 10305
-599 10323
-575 10321
-581 10378
-601 10323
-553 10299
-594 10337
-603 10327
-622 10300
-603 10350
-621 10293
-601 10333
-587 10303
-603 10308
-587 10352
-548 10378
-563 10369
-620 10342
-544 10363
-577 10378
-586 10317
-595 10362
-613 10333
-554 10334
-624 10365
-596 10368
-616 10300
-589 10304
-595 10301
-544 10327
-585 10312
-540 10343
-566 10351
-560 10372
-613 10313
-552 10316
-598 10320
-597 10372
-568 10341
-578 10339
-619 10350
-548 10357
-610 10373
-593 10330
-546 10344
-538 10308
-600 10336
-546 10317
-567 10376
-596 10379
-579 10376
-609 10343
-610 10311
-544 10367
-540 10325
-567 10364
-620 10373
-599 10346
-594 10319
-590 10320
-608 10294
-558 10381
-566 10338
-624 10309
-619 10365
-587 10359
-596 10366
-596 10324
-556 10358
-550 10362
-602 10309
-590 10322
-588 10333
-559 10378
-616 10374
-614 10311
-561 10329
-612 10323
-547 10374
-552 10313
-546 10315
-537 10295
-619 10322
-554 10292
-622 10331
-621 10306
-575 10359
-615 10370
-572 10294
-551 10295
-588 10373
-596 10334
-581 10311
-614 10370
-566 10349
-542 10323
-578 10316
-583 10295
-597 10347
-622 10339
-559 10362
-614 10329
-596 10325
-580 10370
-576 10296
-618 10380
-574 10351
-611 10308
-542 10306
-579 10369
-619 10314
-622 10307
-626 10324
-580 10379
-590 10342
-566 10366
-586 10296
-583 10332
-546 10327
-593 10329
-565 10353
-607 10368
-610 10333
-539 10336
-546 10334
-603 10317
-575 10370
-583 10357
-548 10355
-557 10380
-568 10370
-570 10302
-571 10331
-602 10368
-564 10366
-581 10303
-542 10333
-553 10297
-564 10370
-573 10370
-596 10339
-607 10306
-609 10293
-581 10364
-620 10358
-620 10370
-589 10292
-581 10312
-625 10297
-580 10378
-622 10380
-559 10355
-546 10362
-593 10376
-588 10381
-572 10306
-578 10362
-622 10297
-603 10307
-579 10361
-560 10377
-583 10317
-581 10359
-590 10348
-607 10352
-573 10352
-626 10366
-597 10313
-570 10376
-580 10327
-603 10337
-626 10299
-626 10308
-548 10313
-566 10301
-571 10373
-589 10321
-549 10381
-581 10342
-601 10302
-574 10370
-586 10353
-562 10342
-553 10346
-561 10347
-540 10317
-593 10358
-608 10337
-542 10373
-574 10381
-611 10360
-546 10326
-598 10335
-610 10304
-597 10304
-588 10335
-612 10353
-595 10379
-616 10298
-579 10293
-598 10356
-548 10333
-607 10341
-585 10380
-539 10378
-572 10312
-605 10315
-550 10361
-603 10345
-583 10346
-575 10364
-541 10342
-551 10296
-556 10306
-574 10349
-539 10373
-562 10311
-613 10371
-558 10359
-600 10294
-615 10305
-573 10364
-546 10302
-578 10344
-585 10356
-607 10359
-604 10338
-583 10293
-541 10335
-570 10325
-545 10316
-584 10328
-622 10312
-599 10340
-569 10333
-554 10326
-560 10334
-596 10323
-626 10380
-542 10311
-618 10360
-547 10360
-619 10300
-595 10330
-545 10314
-599 10363
-539 10364
-604 10340
-625 10345
-595 10302
-573 10347
-598 10348
-595 10333
-596 10377
-552 10295
-626 10338
-570 10296
-545 10348
-546 10378
-542 10305
-599 10342
-549 10353
-543 10347
-538 10325
-559 10342
-570 10297
-622 10337
-588 10312
-578 10360
-618 10339
-619 10336
-557 10311
-560 10335
-604 10300
-614 10324
-603 10370
-541 10360
-555 10304
-624 10362
-560 10298
-581 10334
-611 10378
-602 10329
-546 10369
-546 10381
-603 10332
-601 10294
-563 10366
-620 10372
-560 10342
-578 10323
-575 10377
-604 10347
-583 10319
-561 10326
-547 10338
-572 10315
-567 10302
-543 10376
-562 10349
-556 10371
-623 10316
-539 10346
-595 10374
-553 10294
-596 10326
-578 10352
-560 10355
-541 10310
-566 10319
-585 10316
-553 10319
-601 10355
-590 10311
-552 10329
-590 10309
-586 10306
-544 10369
-625 10376
-590 10347
-580 10315
-619 10357
-555 10377
-568 10313
-614 10303
-614 10336
-547 10346
-541 10368
-596 10317
-599 10373
-554 10349
-624 10330
-599 10343
-588 10311
-556 10363
-549 10312
-546 10303
-610 10322
-608 10364
-545 10361
-581 10375
-557 10300
-572 10338
-593 10340
-541 10358
-568 10375
-591 10295
-576 10312
-574 10309
-547 10370
-545 10378
-562 10331
-571 10334
-552 10331
-592 10368
-558 10311
-545 10352
-616 10310
-559 10325
-541 10343
-616 10327
-624 10378
-613 10377
-554 10300
-622 10376
-598 10301
-626 10295
-584 10356
-597 10358
-541 10363
-616 10365
-588 10358
-609 10323
-539 10292
-576 10344
-584 10296
-626 10368
-619 10318
-539 10313
-618 10350
-542 10330
-611 10355
-620 10353
-541 10332
-556 10362
-605 10327
-541 10307
-611 10298
-582 10329
-572 10379
-621 10349
-610 10308
-618 10308
-620 10293
-547 10304
-553 10381
-570 10356
-539 10303
-582 10315
-582 10312
-580 10334
-566 10335
-617 10328
-619 10377
-613 10298
-616 10358
-584 10335
-556 10330
-594 10312
-597 10335
-569 10349
-540 10318
-555 10358
-591 10331
-551 10361
-554 10307
-591 10376
-548 10377
-571 10298
-621 10366
-626 10344
-588 10361
-603 10367
-557 10362
-604 10364
-605 10345
-624 10351
-538 10314
-571 10321
-579 10302
-540 10297
-619 10327
-604 10307
-544 10364
-574 10363
-591 10299
-608 10326
-620 10300
-540 10377
-565 10347
-624 10363
-576 10328
-553 10340
-574 10348
-615 10303
-552 10304
-555 10378
-602 10335
-579 10340
-539 10359
-579 10371
-543 10374
-610 10371
-580 10301
-619 10361
-616 10314
-594 10330
-539 10333
-603 10328
-625 10331
-564 10330
-589 10328
-605 10323
-563 10308
-590 10358
-551 10304
-598 10373
-596 10347
-551 10371
-612 10371
-613 10302
-587 10363
-544 10322
-615 10300
-600 10295
-596 10358
-557 10306
-612 10344
-594 10357
-548 10328
-558 10380
-589 10295
-588 10364
-557 10319
-564 10302
-562 10313
-616 10321
-612 10343
-605 10332
-574 10299
-613 10337
-618 10342
-547 10306
-617 10355
-549 10362
-542 10292
-566 10317
-559 10340
-609 10373
-586 10333
-617 10377
-589 10351
-587 10326
-555 10356
-564 10296
-565 10327
-545 10336
-568 10303
-591 10342
-606 10322
-544 10359
-575 10378
-567 10367
-617 10320
-585 10304
-606 10301
-617 10344
-595 10314
-568 10365
-605 10349
-589 10332
-537 10321
-560 10347
-567 10347
-589 10326
-619 10355
-592 10295
-568 10379
-581 10340
-600 10355
-586 10368
-589 10360
-557 10338
-626 10373
-542 10368
-595 10378
-622 10304
-613 10327
-551 10330
-546 10310
-558 10293
-567 10337
-538 10309
-589 10338
-597 10353
-551 10317
-539 10318
-599 10334
-556 10361
-600 10309
-556 10344
-568 10320
-587 10353
-602 10372
-542 10332
-544 10293
-562 10346
-578 10370
-581 10330
-546 10370
-581 10341
-582 10302
-556 10293
-601 10321
-562 10363
-546 10347
-593 10307
-605 10362
-609 10338
-599 10310
-582 10310
-556 10321
-621 10333
-611 10302
-553 10370
-622 10342
-604 10368
-588 10296
-582 10349
-586 10328
-613 10316
-561 10379
-565 10358
-546 10330
-575 10332
-545 10311
-585 10357
-580 10353
-619 10370
-609 10340
-547 10292
-555 10352
-576 10322
-546 10354
-600 10377
-568 10381
-574 10293
-604 10314
-587 10327
-541 10297
-602 10328
-597 10338
-560 10312
-600 10330
-610 10370
-602 10347
-588 10320
-614 10367
-623 10309
-598 10328
-558 10344
-544 10300
-613 10344
-590 10336
-600 10315
-613 10318
-543 10326
-558 10340
-610 10347
-620 10332
-575 10341
-615 10321
-597 10293
-617 10332
-565 10337
-572 10350
-543 10362
-598 10377
-588 10374
-556 10324
-622 10325
-551 10377
-572 10348
-552 10345
-561 10312
-584 10342
-592 10377
-581 10297
-560 10304
-625 10358
-563 10326
-545 10317
-619 10381
-590 10298
-559 10361
-570 10324
-616 10361
-618 10292
-606 10370
-590 10374
-566 10325
-547 10380
-557 10325
-556 10325
-548 10380
-542 10341
-579 10381
-593 10361
-621 10365
-563 10361
-572 10326
-618 10372
-572 10296
-566 10361
-559 10314
-605 10347
-594 10361
-625 10338
-548 10325
-624 10292
-615 10294
-618 10321
-559 10308
-600 10307
-582 10334
-596 10296
-617 10314
-603 10336
-606 10373
-624 10367
-586 10299
-559 10369
-573 10344
-563 10364
-612 10367
-544 10314
-570 10373
-540 10314
-604 10302
-554 10297
-579 10318
-591 10375
-545 10362
-556 10331
-596 10294
-604 10374
-608 10310
-542 10379
-569 10346
-597 10298
-580 10316
-543 10296
-555 10302
-571 10369
-592 10365
-546 10339
-597 10325
-572 10367
-546 10363
-605 10314
-565 10296
-625 10330
-610 10317
-621 10315
-546 10318
-551 10367
-545 10300
-571 10344
-600 10359
-602 10337
-573 10360
-588 10315
-607 10360
-587 10312
-611 10322
-615 10363
-599 10316
-561 10380
-555 10310
-574 10341
-599 10335
-557 10352
-540 10372
-618 10315
-549 10376
-612 10368
-587 10360
-582 10325
-601 10326
-541 10357
-619 10330
-598 10353
-579 10356
-622 10309
-623 10375
-587 10305
-575 10329
-591 10333
-557 10305
-553 10327
-601 10350
-557 10381
-607 10322
-603 10358
-581 10345
-566 10294
-541 10317
-603 10357
-594 10316
-566 10315
-558 10320
-619 10294
-538 10313
-589 10330
-593 10315
-574 10364
-618 10378
-620 10381
-616 10302
-582 10367
-593 10379
-553 10334
-573 10301
-576 10295
-561 10361
-543 10319
-600 10367
-619 10372
-617 10381
-543 10300
-599 10360
-572 10344
-565 10340
-549 10360
-573 10354
-624 10346
-595 10355
-611 10338
-607 10349
-551 10363
-573 10342
-621 10318
-580 10358
-623 10340
-572 10331
-571 10307
-549 10292
-566 10314
-587 10336
-557 10333
-586 10316
-542 10315
-616 10350
-557 10340
-624 10372
-594 10370
-616 10299
-537 10296
-564 10347
-626 10350
-617 10357
-616 10331
-602 10367
-581 10324
-549 10320
-598 10338
-562 10304
-542 10336
-548 10314
-552 10314
-542 10370
-544 10292
-611 10330
-582 10381
-554 10369
-615 10318
-573 10362
-571 10300
-602 10301
-571 10380
-613 10304
-587 10357
-624 10374
-609 10316
-572 10374
-568 10367
-588 10329
-610 10340
-540 10310
-564 10328
-597 10357
-573 10309
-540 10357
-604 10355
-590 10359
-608 10323
-539 10322
-580 10354
-588 10350
-597 10328
-560 10307
-605 10342
-606 10332
-581 10373
-539 10299
-609 10295
-575 10343
-572 10336
-606 10294
-555 10324
-548 10299
-553 10342
-626 10363
-595 10337
-556 10313
-571 10328
-618 10367
-623 10367
-595 10339
-605 10301
-610 10323
-618 10304
-624 10316
-618 10302
-582 10364
-613 10353
-617 10303
-625 10304
-573 10341
-541 10376
-569 10360
-593 10381
-541 10344
-576 10300
-593 10299
-607 10378
-561 10345
-581 10316
-550 10355
-584 10329
-559 10353
-552 10337
-569 10373
-621 10352
-570 10379
-567 10328
-615 10299
-563 10368
-613 10362
-557 10322
-571 10342
-597 10319
-552 10327
-605 10326
-595 10294
-561 10292
-554 10346
-606 10352
-547 10323
-568 10372
-626 10297
-626 10312
-552 10317
-540 10358
-550 10329
-552 10310
-604 10363
-615 10346
-576 10326
-562 10306
-623 10319
-574 10323
-600 10322
-559 10292
-617 10301
-606 10334
-548 10365
-555 10293
-593 10338
-606 10307
-591 10305
-626 10333
-611 10367
-549 10359
-612 10306
-596 10330
-609 10353
-567 10358
-585 10374
-570 10365
-600 10333
-598 10375
-548 10362
-560 10370
-562 10310
-537 10308
-593 10375
-598 10354
-563 10316
-547 10344
-561 10338
-556 10298
-542 10367
-602 10292
-552 10312
-610 10324
-570 10368
-610 10358
-599 10304
-623 10354
-586 10308
-552 10292
-579 10335
-616 10348
-574 10333
-571 10348
-585 10327
-578 10376
-576 10373
-575 10298
-593 10339
-566 10356
-585 10293
-566 10381
-607 10325
-555 10330
-571 10299
-599 10380
-612 10376
-544 10354
-589 10343
-540 10369
-598 10293
-595 10349
-608 10369
-585 10294
-549 10336
-574 10306
-564 10364
-607 10354
-610 10341
-603 10329
-577 10296
-543 10366
-618 10359
-545 10296
-555 10372
-575 10312
-544 10348
-607 10316
-542 10350
-583 10328
-585 10375
-621 10356
-587 10335
-564 10309
-565 10307
-548 10336
-567 10305
-589 10350
-626 10293
-577 10311
-545 10332
-560 10321
-603 10364
-623 10328
-576 10324
-578 10331
-613 10326
-543 10380
-550 10300
-557 10318
-567 10334
-581 10293
-594 10333
-589 10336
-625 10364
-612 10317
-544 10333
-606 10365
-563 10378
-606 10329
-585 10342
-598 10336
-623 10307
-625 10308
-548 10332
-579 10313
-616 10339
-573 10353
-622 10345
-599 10372
-562 10354
-580 10312
-563 10370
-537 10299
-580 10368
-595 10370
-597 10350
-558 10374
-561 10334
-580 10300
-600 10364
-600 10343
-554 10379
-604 10308
-587 10302
-549 10342
-625 10359
-614 10337
-579 10316
-541 10377
-545 10376
-576 10311
-613 10354
-624 10359
-582 10374
-558 10351
-574 10361
-577 10367
-538 10306
-593 10302
-585 10350
-596 10353
-590 10302
-572 10318
-595 10380
-589 10334
-562 10332
-593 10308
-622 10340
-565 10295
-571 10296
-550 10347
-573 10306
-622 10310
-539 10337
-614 10321
-608 10348
-567 10344
-576 10337
-578 10299
-559 10315
-584 10346
-615 10362
-569 10365
-562 10323
-619 10348
-609 10329
-581 10333
-557 10308
-592 10303
-609 10357
-580 10325
-551 10332
-595 10358
-569 10308
-540 10323
-551 10359
-545 10325
-603 10295
-623 10314
-549 10363
-585 10326
-621 10362
-576 10365
-604 10352
-564 10311
-612 10378
-576 10327
-560 10328
-587 10369
-583 10330
-593 10341
-617 10359
-621 10368
-553 10347
-569 10294
-601 10357
-593 10365
-546 10360
-611 10294
-579 10349
-557 10364
-612 10364
-547 10325
-595 10300
-551 10372
-599 10330
-541 10345
-606 10330
-573 10361
-557 10347
-577 10377
-583 10312
-603 10320
-618 10373
-625 10296
-564 10352
-577 10340
-578 10351
-618 10347
-598 10342
-595 10357
-593 10319
-588 10357
-548 10311
-562 10352
-578 10378
-590 10376
-586 10324
-611 10297
-585 10303
-604 10336
-618 10294
-553 10310
-572 10334
-606 10360
-541 10348
-554 10308
-568 10337
-547 10313
-620 10335
-543 10317
-619 10344
-569 10334
-548 10375
-594 10381
-575 10367
-581 10309
-600 10318
-556 10350
-601 10378
-544 10343
-599 10311
-583 10359
-600 10358
-606 10328
-606 10311
-591 10301
-612 10339
-603 10315
-551 10345
-593 10316
-540 10295
-592 10330
-613 10363
-540 10352
-542 10335
-556 10318
-598 10376
-606 10375
-618 10332
-623 10294
-612 10293
-545 10355
-556 10311
-614 10335
-544 10312
-564 10353
-601 10316
-578 10334
-625 10328
-620 10375
-572 10304
-550 10322
-551 10351
-581 10310
-618 10371
-558 10316
-552 10319
-608 10321
-607 10328
-586 10319
-577 10306
-570 10372
-545 10301
-606 10338
-584 10323
-570 10333
-570 10337
-604 10324
-596 10318
-564 10318
-619 10358
-579 10314
-591 10296
-560 10368
-555 10376
-551 10323
-571 10318
-602 10334
-602 10296
-622 10367
-554 10323
-608 10319
-551 10315
-579 10334
-553 10312
-554 10347
-614 10340
-621 10312
-544 10323
-623 10357
-583 10368
-573 10339
-597 10374
-560 10295
-593 10353
-586 10294
-624 10355
-589 10340
-557 10324
-547 10351
-604 10337
-612 10361
-570 10339
-624 10311
-608 10345
-565 10352
-549 10303
-586 10376
-591 10297
-624 10307
-582 10314
-567 10304
-624 10366
-621 10294
-578 10325
-556 10347
-608 10350
-548 10309
-601 10332
-578 10300
-624 10368
-588 10338
-561 10369
-548 10322
-585 10339
-599 10307
-594 10340
-617 10323
-582 10328
-591 10312
-621 10311
-556 10302
-546 10376
-604 10341
-592 10370
-620 10354
-577 10316
-618 10364
-617 10364
-581 10335
-574 10375
-561 10366
-622 10347
-540 10359
-585 10377
-617 10316
-544 10374
-550 10369
-600 10308
-559 10326
-541 10375
-576 10345
-551 10369
-553 10357
-620 10299
-574 10303
-547 10332
-554 10371
-545 10318
-539 10354
-582 10352
-569 10361
-622 10321
-557 10372
-542 10310
-560 10340
-618 10377
-621 10307
-589 10327
-608 10354
-563 10351
-610 10360
-600 10323
-619 10362
-612 10318
-587 10372
-623 10295
-589 10344
-575 10336
-556 10342
-555 10362
-553 10379
-590 10354
-623 10335
-620 10367
-581 10336
-604 10369
-617 10308
-623 10343
-570 10364
-623 10370
-558 10321
-563 10356
-549 10344
-588 10336
-578 10348
-538 10294
-603 10302
-543 10331
-585 10349
-548 10315
-612 10375
-605 10333
-591 10368
-559 10330
-586 10295
-599 10339
-588 10363
-596 10338
-594 10368
-548 10295
-561 10319
-563 10353
-545 10298
-547 10317
-559 10324
-542 10343
-607 10380
-621 10376
-588 10344
-615 10323
-587 10376
-598 10371
-556 10334
-553 10341
-567 10320
-568 10312
-575 10306
-606 10293
-620 10344
-586 10337
-592 10299
-559 10328
-550 10354
-594 10313
-602 10369
-600 10310
-593 10351
-564 10306
-604 10293
-607 10356
-615 10354
-582 10309
-565 10348
-610 10329
-566 10311
-591 10341
-580 10359
-544 10336
-542 10322
-625 10307
-588 10308
-554 10303
-616 10323
-578 10317
-571 10333
-603 10342
-544 10360
-592 10357
-606 10339
-612 10303
-562 10309
-578 10346
-569 10298
-612 10304
-596 10369
-564 10338
-546 10365
-560 10343
-625 10317
-591 10353
-605 10366
-602 10349
-586 10363
-558 10357
-564 10335
-595 10350
-620 10304
-543 10325
-544 10320
-603 10348
-577 10314
-548 10369
-579 10367
-594 10374
-605 10319
-613 10332
-586 10355
-552 10293
-574 10322
-593 10337
-611 10363
-540 10337
-610 10357
-568 10351
-568 10306
-548 10342
-568 10307
-549 10354
-566 10310
-594 10324
-596 10375
-555 10296
-589 10316
-576 10310
-603 10313
-622 10362
-623 10381
-612 10369
-544 10366
-574 10356
-539 10325
-560 10349
-581 10352
-602 10363
-597 10378
-618 10349
-617 10310
-566 10334
-586 10318
-609 10371
-599 10317
-569 10362
-603 10375
-599 10322
-613 10346
-548 10316
-621 10316
-585 10298
-605 10318
-597 10344
-571 10354
-580 10365
-552 10371
-545 10328
-570 10320
-620 10327
-557 10359
-614 10312
-608 10301
-545 10363
-592 10345
-572 10373
-563 10360
-541 10301
-585 10381
-569 10336
-572 10343
-613 10329
-568 10376
-624 10315
-615 10298
-563 10367
-570 10316
-589 10377
-574 10331
-617 10318
-585 10358
-574 10355
-621 10302
-600 10316
-607 10295
-581 10318
-609 10308
-557 10327
-571 10374
-540 10309
-616 10312
-555 10354
-545 10295
-568 10304
-551 10336
-616 10334
-590 10331
-586 10321
-564 10308
-552 10360
-562 10294
-579 10331
-594 10356
-566 10340
-600 10347
-609 10309
-551 10326
-617 10338
-548 10359
-625 10347
-564 10329
-550 10368
-594 10293
-585 10325
-559 10337
-577 10324
-554 10372
-558 10327
-618 10336
-602 10361
-553 10378
-540 10366
-608 10307
-544 10377
-620 10334
-598 10306
-548 10367
-574 10373
-576 10306
-613 10336
-559 10312
-537 10315
-576 10357
-569 10301
-584 10339
-575 10313
-558 10345
-582 10327
-561 10297
-621 10337
-621 10326
-620 10309
-626 10375
-592 10347
-596 10374
-560 10310
-567 10293
-571 10359
-617 10351
-577 10358
-607 10342
-554 10295
-587 10323
-594 10341
-609 10314
-571 10375
-553 10293
-545 10329
-539 10345
-569 10299
-540 10327
-626 10357
-571 10305
-608 10355
-547 10318
-541 10303
-610 10309
-618 10327
-591 10363
-572 10352
-538 10317
-589 10296
-566 10307
-617 10337
-616 10347
-573 10295
-600 10365
-562 10378
-620 10378
-580 10317
-616 10349
-564 10343
-578 10359
-544 10334
-592 10332
-561 10313
-607 10314
-569 10355
-559 10310
-619 10356
-601 10380
-591 10316
-580 10340
-599 10348
-546 10364
-541 10319
-611 10300
-618 10329
-591 10369
-621 10372
-541 10333
-600 10353
-598 10319
-611 10307
-541 10380
-586 10293
-577 10356
-554 10296
-604 10325
-594 10322
-569 10357
-617 10297
-548 10312
-542 10378
-613 10301
-550 10299
-549 10351
-606 10327
-576 10323
-606 10333
-555 10369
-542 10352
-603 10306
-590 10375
-616 10343
-576 10358
-554 10319
-578 10371
-559 10295
-612 10309
-591 10332
-593 10343
-619 10363
-543 10310
-588 10299
-624 10364
-579 10341
-559 10367
-581 10355
-561 10339
-600 10352
-624 10358
-584 10380
-601 10371
-547 10308
-543 10364
-567 10312
-619 10292
-602 10307
-544 10311
-579 10327
-623 10362
-558 10350
-587 10300
-539 10341
-626 10301
-595 10324
-592 10346
-550 10314
-624 10353
-599 10318
-561 10296
-619 10376
-581 10326
-599 10355
-595 10372
-548 10308
-554 10327
-607 10329
-586 10377
-547 10320
-569 10314
-555 10340
-560 10375
-539 10372
-595 10311
-580 10344
-614 10299
-574 10340
-563 10328
-566 10374
-563 10350
-592 10336
-553 10349
-612 10325
-553 10355
-582 10347
-622 10372
-547 10295
-593 10363
-563 10379
-567 10356
-602 10365
-576 10367
-578 10314
-574 10301
-599 10377
-550 10352
-621 10347
-555 10347
-626 10315
-563 10340
-579 10359
-569 10376
-615 10319
-551 10310
-543 10356
-550 10303
-578 10305
-612 10297
-609 10319
-612 10338
-616 10319
-594 10345
-553 10358
-540 10355
-620 10347
-550 10373
-567 10300
-599 10359
-611 10324
-550 10366
-557 10337
-549 10374
-549 10305
-562 10308
-583 10377
-583 10365
-619 10366
-625 10354
-600 10376
-617 10307
-602 10359
-595 10320
-553 10350
-578 10298
-588 10367
-566 10292
-610 10331
-550 10375
-624 10321
-594 10295
-622 10341
-563 10303
-540 10338
-594 10315
-625 10327
-589 10348
-575 10347
-561 10299
-624 10312
-625 10335
-584 10324
-591 10307
-610 10339
-625 10332
-607 10351
-558 10304
-540 10379
-607 10374
-608 10308
-540 10307
-595 10373
-570 10293
-559 10344
-555 10299
-556 10368
-626 10346
-546 10361
-544 10326
-566 10295
-621 10332
-556 10322
-593 10348
-564 10322
-582 10372
-589 10339
-577 10381
-623 10334
-561 10363
-553 10306
-557 10310
-611 10381
-595 10295
-598 10367
-612 10299
-605 10306
-540 10374
-611 10362
-559 10316
-604 10326
-561 10336
-621 10353
-590 10344
-558 10379
-600 10349
-556 10308
-548 10307
-623 10356
-559 10360
-618 10306
-578 10356
-615 10350
-587 10346
-545 10373
-578 10332
-605 10369
-545 10304
-574 10350
-539 10301
-612 10334
-568 10349
-556 10374
-543 10361
-608 10374
-551 10335
-561 10302
-573 10317
-552 10325
-581 10295
-587 10380
-561 10381
-605 10313
-579 10379
-616 10379
-549 10337
-551 10376
-559 10348
-586 10351
-588 10353
-558 10346
-539 10311
-620 10359
-613 10359
-597 10366
-609 10311
-548 10338
-601 10370
-613 10378
-625 10292
-597 10362
-578 10308
-560 10318
-609 10321
-583 10296
-609 10355
-612 10313
-606 10331
-586 10365
-572 10311
-540 10321
-554 10373
-604 10357
-615 10333
-606 10343
-572 10349
-554 10341
-589 10323
-559 10352
-624 10308
-554 10314
-551 10321
-608 10351
-568 10295
-600 10379
-548 10351
-606 10305
-626 10369
-610 10335
-588 10319
-613 10307
-557 10377
-558 10326
-555 10366
-572 10322
-583 10303
-616 10340
-616 10324
-557 10331
-577 10335
-537 10327
-570 10301
-626 10354
-610 10372
-614 10373
-547 10363
-567 10326
-550 10311
-576 10379
-592 10308
-590 10330
-552 10374
-605 10375
-570 10344
-582 10331
-568 10336
-617 10346
-594 10349
-602 10304
-567 10325
-593 10344
-581 10325
-617 10331
-605 10297
-601 10295
-617 10373
-566 10362
-558 10295
-570 10323
-605 10316
-547 10353
-554 10362
-617 10363
-588 10362
-558 10317
-583 10351
-550 10345
-574 10332
-589 10320
-620 10316
-583 10364
-563 10347
-563 10344
-600 10335
-578 10315
-566 10344
-569 10328
-540 10364
-594 10302
-546 10309
-564 10299
-588 10352
-548 10348
-539 10381
-578 10329
-619 10293
-588 10298
-598 10343
-583 10327
-557 10356
-557 10293
-568 10356
-569 10321
-626 10327
-620 10312
-539 10343
-624 10323
-593 10380
-587 10348
-588 10334
-577 10354
-568 10358
-540 10322
-557 10307
-601 10298
-550 10312
-615 10378
-553 10374
-541 10351
-605 10350
-539 10302
-565 10314
-601 10330
-550 10363
-589 10293
-612 10329
-540 10371
-616 10369
-579 10343
-569 10330
-556 10343
-587 10294
-587 10379
-543 10316
-614 10313
-585 10307
-568 10364
-597 10322
-567 10370
-541 10359
-599 10309
-557 10304
-586 10341
-570 10375
-601 10309
-549 10357
-588 10314
-597 10359
-569 10350
-564 10307
-615 10349
-544 10345
-623 10344
-560 10378
-613 10358
-546 10372
-555 10335
-544 10325
-591 10311
-577 10307
-586 10359
-563 10349
-538 10322
-557 10296
-594 10354
-609 10325
-570 10370
-581 10351
-620 10311
-623 10350
-604 10299
-620 10310
-542 10377
-592 10344
-537 10316
-617 10350
-545 10315
-620 10374
-606 10296
-559 10296
-615 10371
-609 10350
-608 10367
-541 10355
-563 10333
-585 10310
-572 10362
-548 10324
-566 10376
-590 10304
-625 10342
-586 10304
-623 10332
-593 10347
-558 10354
-544 10329
-552 10376
-543 10373
-610 10294
-618 10293
-595 10341
-623 10348
-576 10339
-602 10370
-588 10372
-553 10323
-550 10316
-548 10345
-546 10357
-544 10299
-591 10338
-601 10352
-538 10328
-577 10355
-577 10362
-586 10297
-604 10323
-621 10295
-603 10325
-610 10299
-620 10379
-570 10330
-595 10326
-577 10320
-596 10335
-542 10339
-615 10296
-580 10377
-574 10352
-565 10333
-553 10339
-548 10381
-601 10318
-594 10353
-601 10381
-583 10309
-578 10320
-599 10344
-556 10304
-565 10336
-570 10332
-618 10299
-611 10347
-563 10297
-563 10294
-585 10341
-603 10339
-594 10299
-581 10381
-556 10381
-594 10377
-542 10354
-547 10328
-575 10360
-541 10296
-572 10301
-587 10374
-565 10365
-553 10320
-588 10309
-618 10331
-622 10370
-595 10298
-571 10362
-603 10314
-542 10296
-552 10347
-624 10338
-552 10351
-580 10324
-553 10368
-612 10310
-596 10349
-586 10332
-573 10348
-580 10349
-576 10308
-551 10339
-579 10332
-604 10366
-571 10368
-588 10332
-591 10329
-558 10328
-606 10368
-570 10303
-589 10300
-609 10345
-624 10360
-539 10326
-546 10323
-542 10380
-585 10309
-538 10307
-604 10353
-611 10343
-572 10346
-613 10350
-619 10308
-576 10302
-585 10302
-580 10338
-603 10377
-574 10368
-606 10335
-544 10362
-621 10373
-624 10343
-603 10323
-622 10330
-541 10299
-565 10294
-538 10303
-610 10374
