1000
435471206 133285649
-972571053 436811770
-192534519 123190581
-436221423 -271290118
-389734400 -647942067
392884319 -512469709
495515804 -14486661
80496157 -222791526
864581779 944616242
-762386980 389960980
-428752932 697586593
-953362333 -992245079
74790243 514659183
605785025 1923325
-82133532 206724888
804174514 -708022037
433172603 155370676
291488161 424301697
107562133 -591466060
-275821025 486238889
798559680 -587256605
-328242569 -94355849
641454343 348230246
-125989049 -286075216
-308434640 -42458431
-309878197 -682017619
107824166 -482427915
-322384468 -421533718
958727655 558872721
-18485686 489182790
-990966067 509473448
-107987115 -522764705
-428332916 -833139083
-378205083 -148239478
585657936 967468322
272992539 953528364
-688232036 -975910927
679657046 323449112
341057100 305804434
689533273 956972290
-987002112 559672074
562738909 227874366
810492579 253014523
96301628 -868195851
138157888 382796594
-247380907 -409567974
514487266 -133046604
808205277 465018649
-446741526 -989018993
259948936 773041545
-969455512 -887381818
327085088 -446066921
-237515727 38288275
414052111 919808680
958727654 558872722
-791590702 -810723158
855194577 -59798349
858370321 -372160114
-638861183 -128672296
786445094 -186157044
-166154739 -104200929
207153987 359063107
786558740 -423592369
-679593277 334307237
561983292 413087715
367146264 699736602
710192697 287543838
-993496200 935201057
-405771530 398953547
581648491 213622476
-666207959 -184452878
-197106103 597989583
753203927 -524719399
-308434639 -42458432
641834447 294204039
820360293 743426094
-64752638 269617546
291488160 424301698
-215492657 812838481
-890408000 519292134
813270979 -295056911
-330777429 251891457
131983667 -308137505
133140081 -199623424
-57291101 -60820571
-26480691 -738863323
-503049111 -310278147
-210276226 438547965
-220880822 448245694
-79720798 -44677681
562738910 227874367
-286267766 113209440
100969907 282141204
-173136317 -268742751
878960495 -57972865
463932718 -402935446
956172793 568980027
-276172205 -111111977
-277994104 470522135
304749827 -25143515
-150013089 -331189862
-770670836 749613435
786431160 -420362588
495871426 -479981840
-543388286 314006466
-446691460 -147559731
373632316 189146567
476121438 441935129
635874100 -875943470
-326654748 822347934
605100422 -766747447
-945964471 937036868
51191611 -970540985
350285790 793608294
724306641 -870100979
-18485687 489182789
689185694 -589837477
572531526 -543852534
-985934579 -825670424
320107324 390254118
-298219125 -149006392
-212052795 644523840
178854231 -681050000
-957818480 -724796871
-232759433 520409786
-429942531 31365829
-760417760 -873130446
-489392330 -561526915
486182108 -119592294
-890407999 519292133
-465253060 -727225310
936790827 -913675032
44642941 635095161
14601150 381404483
914000401 447224807
118030059 -750709638
-399835508 -766056108
747864473 -70592797
-408193530 494588840
-697829234 932739459
843640720 -971927910
704058093 262469466
519750350 -726331355
118969507 6224177
-766060214 930926097
904881253 -346956692
-829286431 -855198210
810181752 -676104380
-748706272 540853299
-378205084 -148239477
823730074 -602706300
-586177198 567817841
-941060791 -398658799
-170836872 -276693088
-606806291 -400497851
-533547 -584411264
898329802 -935527652
-251657988 719958851
-977068325 13122525
532897841 -947282567
-370638674 318861412
-204040668 12872568
428667593 -398421557
264232215 -252349108
-512002179 -460636733
935321426 159922933
284331183 396073489
-732090517 628956668
435471207 133285650
-691852335 454732737
508524256 -424732277
-688766870 772552270
-307199991 -766565964
388678615 -330759678
1679808 108257836
233755670 776950712
190462385 -737843369
424858190 1468438
-852561188 955485098
-393940047 -465274037
-729072939 -194183800
-78651026 755127955
-173136318 -268742750
-837902733 359502072
-256437749 -156572531
283002060 -467660302
83655722 -807073748
-154460106 89723064
-614424680 406257046
-206074489 190164565
466820235 882905731
312309065 321400764
653189664 15274769
314252539 773130383
-927985624 312357784
-444801103 -588550723
632364609 48409843
96301629 -868195850
1679809 108257837
-688232036 -975910925
-79720799 -44677682
-276278286 -756512605
-93936046 -589649194
720532643 124840853
-713091846 -35426430
925788534 -18801245
-488771387 -862756149
873716026 -154950627
-990966066 509473447
-496032629 -495865758
607914090 -722103219
-985745082 211738814
283156787 -14630452
-127341436 606676590
-615643788 -755921479
-548098977 598334576
314252538 773130384
-800363148 -72868245
68130701 256920047
346396234 -153649988
884600225 239705585
35348574 -956491616
-643280156 763592944
-352653054 -192000667
363691926 624719497
-276172204 -111111978
-890407998 519292134
530579486 890314243
880792600 669428006
-599163885 -803615835
-839297045 547654019
-436221422 -271290119
414052112 919808681
106635583 -998263209
890491138 464032614
-643280155 763592945
-252651064 -938250338
-344181741 451419414
-985934580 -825670423
-154559293 570170802
-383869268 -856899497
699138575 -815490974
-19534289 45214959
694024850 -862521171
-539489815 -736350880
272992539 953528366
-410822181 -735492385
758511421 631502732
348878253 759437246
356941943 994422121
-917464356 -882464377
668459718 -907167116
920151831 755076955
-827936941 350877364
-682153258 258396318
-364946109 -642962748
-526499300 699386378
884188868 -231537379
572777938 -697406958
463028912 -560800553
-955143934 -870842030
-839297043 547654019
704058093 262469464
635874101 -875943469
261294201 -239426525
884188869 -231537380
-298414843 856528476
-381918589 -284092249
184623566 -352600768
878960494 -57972864
-381918588 -284092250
-978562876 664007632
327085089 -446066920
-635585713 -912422830
676725372 442928075
-419205576 98725358
408893380 116362643
547281463 280083923
418454256 -255284756
946271091 -492684668
-659062333 -346984122
363796026 226878164
-284764183 502420865
898199526 -977626351
247262859 159009651
392884319 -512469707
654263726 887182433
-984910225 -789205114
102058202 -754220748
-204040669 12872567
-635585712 -912422829
99181675 292097038
808205276 465018648
679657047 323449113
-15441624 111142104
969148284 -395257924
-170836873 -276693087
-289908162 -53071500
-595006493 350194805
486182107 -119592295
-360571896 -140008853
-985745081 211738815
-211425818 444724850
633976847 -771993502
605100424 -766747447
-59088959 969806839
-749243293 105075940
82122193 -811308693
-364972005 -993928164
514808029 -40074975
191959944 543336397
820474410 513890060
-803024298 298323486
906848214 499485322
-820949196 -317709812
958727654 558872720
361604063 -106238784
258667479 710430216
576649952 -44977070
-125989049 -286075218
969148689 -388434281
-573610028 -816653828
-275821023 486238889
-855793379 319142138
992833061 390297614
118030058 -750709639
945944917 467776663
-586177197 567817840
-740033121 281597354
-552452386 445050317
922130671 -346297519
834620825 -97964238
190462385 -737843371
508714743 629282279
-678555274 600154482
-408193529 494588839
-197106103 597989585
-623514671 102134054
341057098 305804434
-19534288 45214960
173678008 368999568
-308498929 376636089
-823977287 328772277
-908205822 -108492093
616877960 -390178613
-740033122 281597353
-872069326 -500275922
269571617 -707332868
614197325 -346454471
-656249504 -316424159
-698527214 -60792166
243933616 38997372
719921710 594324963
916732529 -878573745
678468794 -320149429
82286330 -200108167
995407791 714128592
668420887 455885737
880792598 669428006
362342888 -573708891
853027516 25629423
-111606670 920400171
361444563 -639471639
254378849 -501613843
82122192 -811308692
-887140267 -394510965
291477891 251727421
261294200 -239426524
290064135 113033640
904881254 -346956691
-717232789 -912795535
784406036 -96883304
-479058722 -830735860
790315401 437600103
119938333 -890586417
-784301877 -714042876
-908071985 -6577281
995743970 -78145090
628593271 683029996
990157455 518560965
-952919365 10267156
271521145 -153870477
-987747990 908585604
-560764466 330325198
-841350469 395478397
319771926 -951812776
463737418 609607940
799551933 -898816843
-847542581 -596149739
-516571055 59642013
-258863529 -124450890
-955145890 -903699714
689533274 956972289
-527572422 -156705900
99793329 -165252421
106856010 425626563
-6752000 128747868
-207849104 428981318
-987747991 908585605
-643280154 763592944
932348766 -409449806
-834114641 -398528288
608446409 -365335566
146820054 -61067440
-998790550 -93060
805385785 322456837
352406920 -63798603
233755671 776950711
226955190 297916641
-158243140 932780036
-698527215 -60792165
147367481 549603559
-222376362 34872340
-765725871 107777959
-291844162 -379202409
-638861184 -128672297
-434195950 -588903761
-686957153 673955202
362595467 -623564126
-800723534 312575194
-961526329 -765572445
-410612432 642292217
-448746305 -323584488
243933615 38997373
595228634 821819297
-866048150 -234085493
-402789381 -977646930
-98328172 753833577
399986650 744823631
-77696287 -378459656
-203005019 239156133
614197326 -346454470
-761992781 572795824
50568564 -704673679
-5580749 486627408
629115097 -879030358
-428332917 -833139084
233755670 776950710
376419612 -209426601
-159291327 495770303
138157887 382796593
64612644 -889039097
382070146 269834677
-6752001 128747867
815383958 858025982
-917389418 161632519
131983666 -308137504
178854232 -681049999
423798789 -624014991
-957818481 -724796870
-15441624 111142102
-22612170 -145157094
147367480 549603560
-924170308 11847580
-211425817 444724849
320107324 390254116
-808294224 -226493269
357895648 -156560734
291477892 251727420
-726475642 508913939
106555216 -334850901
-733644426 282228677
118030058 -750709637
89708695 -6471138
-843305589 -251968738
-973991610 183830388
-686957152 673955201
829083585 -820576905
638192100 -793196682
-667372393 -427742293
900658094 -458629654
-131880594 -521024271
648950582 -363999248
-399835507 -766056109
387157553 -125461754
806713918 -977931949
82286331 -200108168
-286046554 424431132
-159291327 495770305
-973661539 -711083642
-420012171 -572814923
-180545130 -234611316
311690591 664160095
304673936 846840095
-882246133 256803781
726786565 7792396
-869830350 622954903
-691852336 454732736
-946740999 770866268
-908071984 -6577282
-59289780 -257941675
-527572421 -156705899
100969908 282141203
-855793379 319142136
895199976 148544327
608446408 -365335567
253419804 559569212
384450100 -532467740
581648490 213622477
-45127537 -603791583
-317797844 -643538634
-408193531 494588839
354009540 -399946783
583504549 -803882229
-260621561 393042730
-941060792 -398658798
593403051 204016874
815383957 858025983
-388427593 -159273288
-748706273 540853300
-829286433 -855198210
143764622 125877656
107824167 -482427916
959449754 -189694460
165492337 231363671
-615643787 -755921478
-792119573 780076063
-438655630 -380801068
910821287 702913370
-247785696 -770388948
400645874 -206827545
-769068583 -238607805
541971635 -915348938
296788242 -691550110
-944081931 364648749
-408015461 -807572771
185882701 -665155293
379113409 -31903395
-571742723 502387055
623606989 -402175276
583504548 -803882230
-338801943 675371226
694024851 -862521170
-188301823 395151900
-188301823 395151902
-978562874 664007632
-827936940 350877365
-206074490 190164564
-841283628 -628625371
904670499 405868124
686736521 -950898793
589614144 948366333
824989872 -904134590
-6009322 -273931254
238074846 354897744
393899296 -633620444
226955190 297916643
922130670 -346297518
596458989 25559312
659861106 473050819
-733644425 282228676
-236281077 -685802453
589995820 920727118
369477400 -923033133
143764620 125877656
-762386978 389960980
-489392331 -561526916
-704035297 -293346324
-306077793 914363452
-282204036 581138556
-615643787 -755921480
476121439 441935128
-454626227 -363185780
-417130681 611747273
824989873 -904134591
-987747991 908585603
-5580748 486627409
-45895636 -628312788
-247785695 -770388947
309839508 -382237634
-688766869 772552271
266101528 480348201
494638855 279050639
-232759432 520409787
805797174 794220819
-375651589 -181338760
118030057 -750709638
165492336 231363672
395710694 -254242124
-775702676 -68659210
633976847 -771993500
554069158 544240499
-787383800 -972298401
-998265410 235983526
-678555274 600154484
269571616 -707332867
-717232790 -912795534
616877959 -390178612
-892001167 -487295485
2460321 341437945
784406035 -96883305
569458052 -660122524
312309064 321400763
114858392 -369792118
999368952 717385268
726786564 7792395
38604738 82748749
382070145 269834676
-741388804 809118885
26177850 -470044108
-820949197 -317709813
-717232791 -912795535
79853337 -289249031
-659062333 -346984120
-716472274 622327471
107824168 -482427915
-557273610 -517360391
-581067548 546342705
576649950 -44977070
714122146 -242216684
-330777430 251891458
-166154739 -104200931
-150013089 -331189860
321012224 566522887
-378205083 -148239476
-761574825 -992535464
-289312585 -780643904
121410432 228661357
-998790548 -93060
-388427594 -159273287
-733077010 -918628846
356941944 994422122
-154559292 570170803
-614424681 406257047
568140154 812269101
-450028711 -402162466
-678555273 600154483
202665594 84552793
-294804403 -739815401
-526499299 699386377
577537220 -165049323
-560002396 253550614
481287124 -785209798
-917464357 -882464378
648950583 -363999247
-871945329 -563741990
312309064 321400765
-212052796 644523839
-38252002 441206011
196039538 389596051
-465576183 284497370
561297072 -382776784
-352653053 -192000666
133140081 -199623422
941405695 -660999848
-910066274 835145846
689533275 956972290
-985745083 211738815
-219727882 498355449
296788241 -691550111
-338242783 -664244887
-429942529 31365829
623606990 -402175275
221559854 -187165529
-717277803 478171428
428667591 -398421557
-539399929 774346314
-969455513 -887381819
-892001168 -487295486
200851990 -331918577
-232759433 520409788
-622085602 498159812
336333843 378935780
880792599 669428007
376419611 -209426602
784406035 -96883303
645597419 -886051775
-450028712 -402162467
-869830351 622954902
995407790 714128591
446805075 -504422649
30594760 750551878
-275256267 -759291640
118969508 6224176
-308434639 -42458430
-488399741 318273136
-360571896 -140008855
-289908161 -53071501
-141298794 101078209
-256409363 320527779
-222278048 587371621
887891326 -281368344
-234732561 -429680997
-262718697 -493750056
-614424680 406257048
-158243141 932780037
-908205823 -108492094
314896055 851302368
161924886 402773638
-411714417 -698900500
-375651590 -181338759
-338801943 675371228
568508035 552794127
993998185 645200667
170167556 -649091921
-419205576 98725360
-234732560 -429680998
172218045 -546278456
859608026 188244751
-787383801 -972298402
-81834244 941874202
-631370850 -940163932
324609916 903373409
-813787685 -213278667
617259839 -414406007
859608025 188244752
-45895635 -628312787
572531528 -543852534
406031281 -742311822
926950078 -950902656
-941051979 -250572321
-59088958 969806838
118969507 6224175
-557273609 -517360392
-608288952 450239294
-910066273 835145847
362595468 -623564125
568508035 552794125
-599163886 -803615836
615786892 599577528
605785024 1923326
-364946110 -642962747
875558818 752100267
-372155733 591437757
-969455514 -887381818
753203925 -524719399
806713918 -977931947
-799258263 -830418873
-237515726 38288276
-247380907 -409567972
628593271 683029994
58998781 -751920456
611405153 -29865847
387157554 -125461755
56201645 -518761780
-393940046 -465274036
-591424002 431612540
-908071986 -6577282
-941060790 -398658798
888421069 32104475
-380608737 255720231
904670500 405868123
428004568 -804464497
689276121 929969114
904881255 -346956692
-640817453 -795447483
129242922 872818320
-450177628 -757510030
221559855 -187165528
50568564 -704673681
799551934 -898816842
881813965 655673999
973493743 -375555701
118019303 -931485730
-893618357 249896404
920151832 755076954
561983291 413087714
-338099028 -395638251
-492150230 331088017
117505555 -976096972
-98328171 753833576
-908071985 -6577283
376419610 -209426601
-643280155 763592943
-591519365 976313438
396454143 -643979857
866244210 967789842
-837902734 359502071
434432326 -147284527
-256409361 320527779
-394246052 834150869
-328242568 -94355848
106856009 425626562
287491369 -177788390
958727653 558872721
-22487804 -202404573
99793330 -165252420
616877961 -390178612
-64752638 269617548
363796028 226878164
-766060213 930926098
200851989 -331918578
834725972 -478259064
805385784 322456838
-799258264 -830418872
-308434638 -42458431
-380608739 255720231
-105572002 -734149809
-872069327 -500275923
378207989 -216911806
-110173006 -753795937
136129121 645047975
-656249505 -316424160
609129432 376813760
348828753 -72509256
51191611 -970540987
172218045 -546278458
503566200 -2934042
-22612172 -145157094
-107987116 -522764706
-659062334 -346984121
-50889793 -813264062
408893381 116362644
-527572420 -156705900
-190521132 -397569270
829083584 -820576904
-615643786 -755921479
-841216781 494905772
999918833 -778199806
-659653549 453849995
226955191 297916642
-279423230 73504764
503527089 -660272619
-548098977 598334574
-252841197 161151625
-917060398 -750962476
-252904400 -901118002
196039537 389596052
-856035247 549050762
820474409 513890059
89708696 -6471137
-307199992 -766565965
-672252068 -836044626
302979878 292061086
719921711 594324962
911733012 993906722
218229545 -325110876
429925516 -731346166
-628188726 829072619
-260621562 393042729
-697927572 -720027305
139668672 4722710
726786564 7792397
727585477 550221306
336333844 378935781
615039517 923364591
858370321 -372160116
96241526 269136676
547369526 -387324881
-150013090 -331189861
-557600611 -181838186
-64342273 724171160
-415381911 -61463203
635578369 374999796
-843305590 -251968739
61612806 232324779
823730076 -602706300
188869939 149246698
-543388288 314006466
-291844164 -379202409
341561761 197724079
949172749 -758633684
348878254 759437245
645597419 -886051773
-761574824 -992535463
-454626228 -363185779
399986651 744823632
-320796788 492800278
235028645 697005067
-50889793 -813264060
376401960 -506086959
-658816092 -503395735
-422886807 505284898
170167558 -649091921
363796027 226878163
-835388664 -336179571
603647031 575896974
-117985247 827076701
-313492672 846526817
572777937 -697406959
196426293 447353203
-222376362 34872338
-973661538 -711083641
-383869266 -856899497
-908418363 614298614
936790828 -913675031
-251657989 719958850
154466660 -393579218
346396235 -153649987
-467061395 -35044661
520607008 786617769
714286877 378967200
-252841195 161151625
364141763 -404787824
850729540 58252439
-133878761 255504506
-713091847 -35426431
-682153257 258396319
-918584424 -595480500
-667372395 -427742293
30594761 750551877
-908205821 -108492094
191959945 543336398
-502298751 -583896315
644770835 253936466
476121438 441935127
678029740 890587775
986863778 996323256
283002061 -467660301
-410612432 642292219
423798789 -624014993
-826804363 58729373
-444801101 -588550723
208633381 -546548893
-375651589 -181338758
-907100143 -852697965
-650850641 227986722
173678007 368999567
-792119572 780076062
-557273611 -517360392
-605285040 -602636058
488732158 -210574884
-676172928 -161928781
-945964473 937036868
-493471235 -396206546
692272978 -241479623
786558739 -423592368
-599316798 921359474
-746132411 850045380
752447430 -354245790
723277835 -981374245
253419805 559569211
105928228 -135236790
327085087 -446066920
-790801516 -431809552
162350114 -624072426
-458563147 40992839
161234684 -460016335
-405672477 -83746329
-697829233 932739460
-663721491 803425505
-251657989 719958852
353588299 464285427
-294804401 -739815401
384450100 -532467738
-308498927 376636089
46215105 -858815094
314896056 851302367
-294804402 -739815402
121410432 228661359
-104370919 125116157
-298219126 -149006393
554377709 -712393785
-998790549 -93061
796135763 -523840331
610592428 -804433040
38604737 82748750
-330777431 251891457
-911159489 -358649481
-210493871 -576497212
-81834243 941874203
-987002113 559672075
-635198739 -851018559
-688232035 -975910926
-716472275 622327470
541971637 -915348938
-410352847 710186826
894584546 542464166
958978926 487033932
433172602 155370675
354046648 -422177518
-839297044 547654018
694024849 -862521170
-770670837 749613436
-601990159 -407528440
835998382 -567700664
721127018 -622916757
820474408 513890060
526559897 -94925023
689185694 -589837475
-347579156 -814359669
-485457424 -999554832
-669327995 -419956516
919148889 -485569342
-711647180 622771721
-985745082 211738816
973493744 -375555702
974729367 -467268219
316061842 624144296
-737783761 -568081158
969148690 -388434282
-511678350 686973170
364141764 -404787825
-237515726 38288274
56201645 -518761782
-601990159 -407528442
495918524 311594246
376419611 -209426600
327835409 -720340562
993998186 645200666
106856010 425626561
133140080 -199623423
-448746306 -323584487
967303819 817090334
223186049 -773010383
-78651026 755127953
-735593408 -262057094
561297072 -382776782
506087790 -572243854
35348574 -956491618
-275256266 -759291639
-286267765 113209441
-646211108 895206561
321012224 566522889
-761992782 572795825
79853337 -289249033
-700280173 541996981
611405152 -29865848
382070147 269834676
-410612431 642292218
-974221611 613204489
-770670836 749613437
364141762 -404787825
798968585 -157258019
-871467023 634475649
895199974 148544327
-663721492 803425506
-247785694 -770388948
-204040667 12872567
-955143934 -870842028
162350113 -624072427
904493177 -426915889
-672252067 -836044625
999918832 -778199807
-961526328 -765572444
900354979 889350676
-945633249 61467695
-200820048 454724925
-671437340 -27796204
112841847 97840805
995407791 714128590
920746199 7184888
-899757776 143896327
-485457425 -999554831
376401959 -506086958
-635198740 -851018560
-250362039 -359849905
-69846620 554424760
-700280172 541996980
520448558 271015458
-593564470 963972055
306263318 -357720850
723277834 -981374244
551587128 -369065226
-364946109 -642962746
341561762 197724080
499297188 -885275183
-45895634 -628312788
-526499298 699386378
520448559 271015459
925788535 -18801244
641454342 348230245
341561761 197724081
-834114640 -398528287
835998382 -567700662
354778900 -587452543
-216844599 -434447857
-408193530 494588838
223186048 -773010382
-19822502 -503830446
642444946 -182574309
813270981 -295056911
368623624 -240094450
-916644075 -196272756
-646211107 895206560
936790827 -913675030
-467061394 -35044662
320107323 390254117
-270429232 911773860
-800363147 -72868244
247262860 159009652
429925514 -731346166
-216088045 -603929855
986863779 996323257
-557158748 802085508
-934617031 527433171
-631370848 -940163932
-857649325 -808971226
-122609493 679547654
-338099027 -395638250
418454255 -255284755
881813966 655673998
753203926 -524719398
-2664688 104740756
-203005019 239156135
236185390 811065459
-973991612 183830388
46215106 -858815095
-405771531 398953546
-357092159 361855629
306446419 572174012
-820949196 -317709814
-557600611 -181838184
-917060396 -750962476
-95892069 895210599
-215492655 812838481
-837902735 359502072
-893618358 249896403
-192534518 123190580
-453592458 -168482565
-704035297 -293346326
917766453 -681248639
668420886 455885736
645597418 -886051774
-485457423 -999554831
944130193 32481451
692272977 -241479622
-875768578 -396561717
296788240 -691550110
-284764183 502420867
-313492672 846526819
-999612885 -936192329
894584548 542464166
-722305948 -278016160
-332616922 -599679530
271521145 -153870475
396454144 -643979856
-266164329 -422445419
-803024299 298323487
-364972004 -993928163
-81709121 897332816
-996659341 -688085396
958978926 487033930
169756553 955648911
-222376363 34872339
-526499299 699386379
810492580 253014524
904670500 405868125
-279423230 73504762
-32055648 52114844
-561585080 -576815610
547369525 -387324882
-283120698 207185849
363994004 -740706498
350285791 793608293
-93936047 -589649193
376401961 -506086958
284331183 396073491
-823977287 328772279
-22487805 -202404572
-887140266 -394510964
-256409362 320527780
-599163886 -803615834
-990634042 -352633318
-283792201 -341346837
-222278050 587371621
-232184644 -556512918
727585477 550221304
568140155 812269100
-799247663 -652247865
-581023307 -857582455
-256437749 -156572529
997307880 436669708
654263728 887182433
-762386979 389960979
-760417761 -873130447
-258863528 -124450891
238074847 354897745
-60079075 -638720858
-420012172 -572814924
161924887 402773637
617259837 -414406007
-321826257 370400779
-770638545 -855155373
890491140 464032614
689276120 929969113
-271678503 -757371016
238074846 354897746
99471112 861714209
233062712 -132159353
-841350468 395478396
965935832 -699847513
853027516 25629425
843640722 -971927910
-624101769 972179395
-396763341 -671769675
832587037 79899198
-792119571 780076063
-388317379 -454390237
-262718696 -493750055
361604062 -106238785
810181753 -676104379
-216844601 -434447857
-593564470 963972057
-880093148 -65182515
-160369913 -452155423
343944403 -559401120
517806290 959573769
51191610 -970540986
-993496199 935201056
44642939 635095161
659515751 -126353811
-539399928 774346315
-673767178 -530694632
945944918 467776662
-908684343 438956854
82837736 477421079
-81709122 897332817
794145746 389665494
652862557 960038359
-444058998 874137642
-331912353 504610226
641834448 294204040
-18485688 489182790
-234495727 -744212867
-682258629 634892760
572777937 -697406957
143721291 -602386461
-59088958 969806840
-907100142 -852697964
336746953 879607803
328331748 -968288769
35348575 -956491617
-450177628 -757510032
-279733941 -853647721
519750352 -726331355
304673937 846840096
-835388663 -336179572
-998265410 235983524
-814992778 941173847
911733013 993906723
-160369912 -452155422
-911159488 -358649482
922130671 -346297517
150422729 359549167
384142576 741444141
-309878196 -682017620
-465253060 -727225308
99471113 861714208
414052110 919808681
719921712 594324963
-512891058 -367657363
368623623 -240094449
-883443869 -546158734
106555217 -334850902
356941945 994422121
-934755034 355500397
-722305948 -278016162
678029739 890587774
-697829235 932739460
-834114642 -398528287
463547368 -437045149
514808029 -40074977
-158243140 932780038
-218246758 -378197245
-990634042 -352633320
850729541 58252438
99471114 861714209
435471206 133285651
596643521 979504987
-131880595 -521024270
-827936940 350877363
-606806292 -400497850
787625968 333439451
-320796789 492800279
-454233927 -212233813
919148890 -485569343
259086302 -840363017
873716025 -154950628
68130702 256920046
981766495 -921866700
-298414844 856528475
-582627037 105814844
327085088 -446066919
579404030 21116811
596643521 979504989
920151831 755076953
-141298793 101078208
843640721 -971927909
-770638546 -855155374
-571742722 502387056
763688726 -400361660
495871427 -479981841
-204458202 -562153623
143721290 -602386462
-928946705 -808145054
-952919364 10267155
-573610028 -816653830
-449937188 353538072
-444058999 874137643
-985934580 -825670425
-486132676 536369880
-188301822 395151901
35348573 -956491617
-908684341 438956854
495515803 -14486662
-717277802 478171429
38604736 82748749
-646211107 895206562
-998564790 -500712034
-963645453 125515680
-364054583 -691470793
447977776 -122189767
-57291102 -60820570
-682258628 634892761
-800363149 -72868244
711669215 -666421900
-219727882 498355451
418454254 -255284756
678029739 890587776
425909254 486815104
-999612885 -936192331
-955145889 -903699715
-945633248 61467696
107562132 -591466059
-623514670 102134053
-941051980 -250572320
-856035246 549050761
-42251460 489777514
890491139 464032615
-78651025 755127954
760071315 891657793
354009541 -399946782
466820234 882905732
-219376653 -40989687
-326654746 822347934
-732090519 628956668
64612643 -889039098
-152614796 -56383430
463547369 -437045150
-880093147 -65182516
136509492 595475625
-791590701 -810723159
-737783760 -568081159
906848214 499485324
20698777 -215010392
425909253 486815103
-63000490 -346802076
-465576183 284497372
-918584425 -595480501
615039518 923364592
-206074491 190164565
-57291102 -60820572
506087791 -572243853
895199975 148544326
-516571056 59642014
470140558 852999570
-326654747 822347935
-188462307 -154635847
-279733941 -853647719
-450028712 -402162465
945944917 467776661
-372155735 591437757
159290531 -923157907
-762386979 389960981
-906446647 -606808926
995743971 -78145089
-571742722 502387054
514487267 -133046603
992833059 390297614
899583490 807836935
341561760 197724080
609129431 376813759
-271678502 -757371015
-320796789 492800277
105928226 -135236790
-826437287 -214275236
-252904399 -901118003
159290532 -923157908
-666207960 -184452879
-19822503 -503830445
176708992 -228859872
336333843 378935782
-458563146 40992838
-210276227 438547964
-819641570 184723898
-691852337 454732737
903364376 -71338281
-488399740 318273137
744650376 -402829899
821319359 -317437626
899583489 807836934
-999955538 -252727167
-917060397 -750962477
-856043165 415939322
744650376 -402829901
944656374 286070930
-492150229 331088018
322000976 4608577
677494972 492693395
981766495 -921866698
-776204181 92480841
-713091846 -35426432
906848213 499485323
-639503218 -181953114
666206328 -256985377
395710693 -254242123
526559896 -94925024
169756554 955648912
139668670 4722710
100969906 282141203
-579889408 -616171791
-128394039 95447147
378881865 371487085
-844462246 -364550114
-405672477 -83746331
363691925 624719498
-276309202 871365832
635578370 374999795
636000833 -775082691
605785024 1923324
259184534 810605399
-787383800 -972298403
455005789 -113959053
-370638675 318861413
-867447648 -133145068
-69846619 554424761
-959018741 577269778
397641990 -7204957
346396236 -153649988
969148284 -395257922
-111606669 920400172
131983666 -308137506
85723960 -405952840
306446418 572174011
-394246051 834150868
-64342273 724171162
260217238 987409157
-557158750 802085508
373632316 189146569
-250362040 -359849906
-5580749 486627410
-560002395 253550613
-334787936 -580706635
264232214 -252349107
903364374 -71338281
-500839976 311398185
-729072937 -194183800
-899757776 143896325
-122609493 679547652
721127019 -622916758
266101529 480348202
-13779548 128382831
-328242568 -94355850
-402789381 -977646928
-428791165 55021368
-59289781 -257941676
328331747 -968288770
-285231171 -903795510
183082715 -479896569
-682258629 634892762
-383869267 -856899496
676725371 442928076
361583238 -456244561
596458988 25559311
-602930370 317596986
304673938 846840095
551587127 -369065225
-122609494 679547653
-866048149 -234085494
-955143933 -870842029
900658095 -458629655
-479058721 -830735859
-887140268 -394510964
-733077009 -918628847
572777936 -697406958
-234732559 -429680997
-247380906 -409567973
641454343 348230244
536378705 -426442980
-204458200 -562153623
603647031 575896972
-769068583 -238607803
309839509 -382237635
-998564789 -500712035
-704035296 -293346325
-688766871 772552271
508714744 629282278
-729072938 -194183799
786431159 -420362587
549394619 -711308376
-803024300 298323486
143764621 125877657
-237515725 38288275
525279052 -147267276
259184533 810605400
-770638545 -855155375
56201644 -518761781
699138575 -815490976
-374298616 -525372407
363994003 -740706497
642444945 -182574310
-917389418 161632517
-703247051 69802316
-64752637 269617547
956172792 568980026
-276278286 -756512603
392884320 -512469708
-799247662 -652247866
525279051 -147267277
-646211106 895206561
636000834 -775082692
-790801517 -431809551
129242923 872818321
-776204180 92480842
418454255 -255284757
959449754 -189694462
-428791164 55021369
-216125442 915039221
969148691 -388434281
-1242530 384630145
569458053 -660122525
576649951 -44977071
-388317378 -454390236
-354133093 702770816
-973661537 -711083642
-973661538 -711083643
-871945329 -563741992
-923186287 -629580649
-827936939 350877364
969148283 -395257923
-6009321 -273931253
-279733940 -853647720
488732159 -210574885
-601990160 -407528441
946271090 -492684669
487938426 -665926726
218229545 -325110878
760071315 891657795
476121437 441935128
176708992 -228859874
577537218 -165049323
-624101768 972179396
117649856 -698313710
532897842 -947282566
932348768 -409449806
323370676 -597180448
894584547 542464167
-288285057 -690849984
-944081931 364648751
919148891 -485569342
-628188724 829072619
965467167 13234422
-435994430 -751186061
671455915 -74023003
859608025 188244750
-855793378 319142137
378207990 -216911805
723277833 -981374245
-338242784 -664244888
-748706272 540853301
107824167 -482427914
-753619394 -429609567
-539489813 -736350880
-765725870 107777958
-63000490 -346802074
866244210 967789840
829083586 -820576904
-444801102 -588550722
-286046556 424431132
-841216780 494905773
644770836 253936467
644770834 253936467
-602930369 317596987
-232759434 520409787
686736520 -950898794
526559898 -94925024
297884537 554027587
100969907 282141202
361444563 -639471637
972923462 777149767
247912809 345317874
260217238 987409159
463547370 -437045149
-110173004 -753795937
-178813357 954010084
635578370 374999797
925788536 -18801245
-924503363 856659942
-446691461 -147559730
-841283629 -628625372
99181675 292097036
-871467021 634475649
652862557 960038361
904881254 -346956693
-219376654 -40989688
290064135 113033638
117649857 -698313711
-561585079 -576815611
577537219 -165049322
899236757 -724754110
990157454 518560966
424858190 1468440
986863780 996323256
272992540 953528365
-383535503 457704758
898329803 -935527651
-998265409 235983525
429925515 -731346167
-141298795 101078208
430595087 -215284604
-332616921 -599679529
-275785736 202223309
-166154738 -104200930
236185389 811065458
959449755 -189694461
428004567 -804464498
-229582069 235258553
106555215 -334850902
-220880823 448245693
-958175318 -279722196
239331060 -6750026
-741388803 809118884
150422729 359549169
-829286432 -855198209
605100423 -766747446
-1242529 384630144
642444946 -182574311
-959095999 -721188620
-27432107 450573947
-775702675 -68659211
-974221610 613204488
956172791 568980027
176708991 -228859873
-519433221 -800141715
-875768577 -396561718
957489675 -920504316
-923653379 109955501
-671437338 -27796204
554245016 -795098197
-581023306 -857582456
434432327 -147284528
189934206 856479377
238074845 354897745
357895646 -156560734
-857649324 -808971227
-907100143 -852697963
900658095 -458629653
363691924 624719497
-370638674 318861414
-775702677 -68659211
-906446647 -606808928
657952277 603599713
834255476 204049252
-50889792 -813264061
-871467022 634475650
352406921 -63798602
-313492671 846526818
-320796790 492800278
39521248 454163596
361583237 -456244560
362342889 -573708892
699138574 -815490975
596458990 25559311
-844462245 -364550115
710192696 287543837
554245015 -795098198
-733077011 -918628847
-322384470 -421533718
-726475641 508913940
656505414 -91506611
-446741528 -989018993
506087790 -572243852
669812925 229565092
514808030 -40074976
239331060 -6750028
786558741 -423592368
944656375 286070931
-19534287 45214959
-406549371 210664934
-220880821 448245693
-767562386 -693758590
-635198741 -851018559
137569856 -910322642
505706556 -537192749
-277994102 470522135
-531882097 425030373
974729367 -467268221
949172747 -758633684
-341771218 162890184
271521144 -153870476
-488399741 318273138
-958175320 -279722196
503527088 -660272620
794145745 389665495
-364972006 -993928163
-364054583 -691470795
-289312586 -780643903
259184532 810605399
-622085601 498159813
609129432 376813758
-298414843 856528474
973493745 -375555701
568508036 552794126
615039517 923364593
-700280174 541996980
-899757775 143896326
689185695 -589837476
554069157 544240498
-216719746 -483493519
-321826257 370400777
-737783759 -568081158
396454142 -643979856
384142578 741444141
-671437339 -27796205
615039516 923364592
-582627037 105814846
393899297 -633620445
233062713 -132159352
100208752 374311001
-419205577 98725359
243933616 38997374
858370322 -372160115
834620826 -97964239
-955143935 -870842029
-579889409 -616171790
633976848 -771993501
-438655629 -380801069
-746132412 850045381
629115099 -879030358
291488159 424301697
-42251462 489777514
-428791164 55021367
-605285039 -602636057
324609915 903373408
917766454 -681248638
734513118 -899010912
-386006357 -267765935
-309878197 -682017621
508714743 629282277
117649855 -698313711
487938426 -665926728
999918833 -778199808
-547987820 319083434
-766060214 930926099
-159291326 495770304
-639503220 -181953114
-316443961 636319669
-634862644 502779618
-381918587 -284092249
-813787684 -213278668
78392371 926099171
610592426 -804433040
-586864034 -238450190
435471205 133285650
-125989048 -286075217
396454143 -643979855
-560324441 -864092409
-571742721 502387055
287491368 -177788389
-917464358 -882464377
536378706 -426442981
-924170309 11847579
-880093149 -65182516
869140962 261376823
773629801 -824404987
786558740 -423592367
-19822502 -503830444
974729368 -467268220
-160369914 -452155422
796135764 -523840332
-50889794 -813264061
-826437289 -214275236
659861107 473050818
884600226 239705586
-959095998 -721188621
58998782 -751920455
306446420 572174011
137569856 -910322644
-711647179 622771722
495918525 311594245
-988025669 536618753
392884318 -512469708
899583491 807836934
-695955630 210163990
-110173005 -753795938
-740542713 306836006
14601151 381404482
-467061395 -35044663
-449937190 353538072
-116768393 66684398
786431159 -420362589
-993496200 935201055
903364375 -71338280
997307879 436669709
-808294226 -226493269
-383869267 -856899498
-383535503 457704756
-683949256 137812182
-232184643 -556512919
-364946108 -642962747
-969455513 -887381817
-347579156 -814359667
96349303 -66955740
-539399929 774346316
183082714 -479896568
2460322 341437946
-219376653 -40989689
-125989050 -286075217
-360571897 -140008854
-533549 -584411264
-593564471 963972056
-909989770 -26535073
-234732560 -429680996
346048122 438065761
538941900 -296514361
495918523 311594245
-357535115 -640421308
-695955629 210163989
-314190191 -139239973
-658491160 662802709
499297187 -885275182
-338801944 675371227
-923653378 109955502
554245014 -795098197
926950077 -950902655
-210493869 -576497212
-944081930 364648750
138157888 382796592
-552452385 445050316
189934204 856479377
875558819 752100266
-923186286 -629580650
379113410 -31903396
74790242 514659182
-250362040 -359849904
949172748 -758633683
-19822501 -503830445
-869830352 622954903
-32055649 52114845
170167557 -649091922
-666207960 -184452877
-53338875 974687704
-683949255 137812183
-110032241 -535475843
-27432106 450573948
-735593409 -262057093
-374298615 -525372408
899236756 -724754109
314896057 851302368
-313492673 846526818
-32055648 52114846
572531527 -543852533
-946740998 770866267
-732090518 628956667
813270980 -295056910
616877960 -390178611
161924885 402773637
137330720 -634514102
-258863527 -124450890
428667592 -398421556
494638857 279050639
368623623 -240094451
-252651063 -938250337
118019302 -931485729
-207849106 428981318
925788535 -18801246
-444058998 874137644
428667592 -398421558
-408015462 -807572772
233062714 -132159353
-835388662 -336179571
874918697 731021661
883760974 -980700898
-527683643 121469592
-128394039 95447145
259235229 -484830577
508524257 -424732276
354046647 -422177517
-48078841 -814234032
-600701179 -871112329
596458989 25559310
-761574824 -992535465
547281462 280083924
311690593 664160095
832587038 79899199
864581780 944616243
-586177197 567817842
903364375 -71338282
-415270716 -340058871
-823977288 328772278
677494971 492693394
525279050 -147267276
154466660 -393579220
-856043166 415939321
806713919 -977931948
-236281077 -685802451
623606988 -402175275
-574910125 954919202
-496032627 -495865758
538941900 -296514363
390563731 -859903385
-493471234 -396206547
900354980 889350675
310369594 -63000014
-511678351 686973169
247879163 -220204062
763688725 -400361661
-867447647 -133145069
911479506 -355256549
207153986 359063106
-697927573 -720027306
-234495728 -744212866
-553348861 410380521
310369595 -63000013
873716024 -154950627
480610768 732193600
-883443868 -546158733
-503049109 -310278147
832587039 79899198
169756554 955648910
136129121 645047977
455005791 -113959053
-410352846 710186827
-686957152 673955203
-381918588 -284092248
25837596 253791469
632364608 48409844
-10935547 682850596
666206327 -256985378
382070146 269834675
-847542582 -596149738
561983291 413087716
-282204035 581138555
96301629 -868195852
-435994429 -751186062
-602930370 317596988
940351632 950716136
-127341435 606676591
353588299 464285429
397641989 -7204956
-987747992 908585604
-352653053 -192000668
-128394038 95447146
716728787 617959277
-837902734 359502073
806713917 -977931948
-717232790 -912795536
-78651027 755127954
131983665 -308137505
-953362334 -992245080
368333686 -818098314
636000832 -775082692
916732528 -878573744
765189446 -947530770
-926231622 -272918468
969148690 -388434280
85723959 -405952841
-388317380 -454390236
979164271 439711121
-941051981 -250572321
-892001169 -487295485
585657937 967468323
-127341436 606676592
-216125440 915039221
-218246757 -378197246
238544552 -340704908
-399835509 -766056109
-286046555 424431133
191959944 543336399
-31533263 241904953
327835408 -720340563
-711647179 622771720
-222376361 34872339
494638856 279050640
-321826258 370400778
73898396 557788989
883760975 -980700897
-316443962 636319670
654263727 887182434
530579487 890314242
114858393 -369792117
520448558 271015460
637455822 -282919146
-799258263 -830418871
470140557 852999569
637455822 -282919144
-869051438 829227005
-10935547 682850598
178854231 -681049998
550249320 768749449
676725372 442928077
-765725871 107777957
-411714416 -698900501
-883443867 -546158734
83914456 -753481896
-760417761 -873130445
572531527 -543852535
-473791904 -358172069
-841216780 494905771
247879162 -220204061
945944916 467776662
-59289782 -257941675
260217239 987409158
995863823 -211259366
873716025 -154950626
569458053 -660122523
297884537 554027585
787625969 333439452
-934755034 355500399
786445093 -186157043
-215492656 812838480
-917464357 -882464376
226955189 297916642
965467168 13234421
869140962 261376825
935321428 159922933
-256437750 -156572530
-812917815 -625759106
378881864 371487084
-235278573 -320662135
-285231170 -903795509
919148890 -485569341
89546013 -593200673
666206328 -256985379
196426294 447353204
-53338876 974687705
-799247661 -652247865
-97578167 474232116
-347579157 -814359668
699138576 -815490975
-448746304 -323584487
363994003 -740706499
-473791903 -358172068
-746132413 850045380
686736522 -950898794
-923186288 -629580650
508524258 -424732277
805385785 322456839
83569461 -109395534
615786891 599577527
568140154 812269099
541971636 -915348939
-125417198 735073145
102058203 -754220749
678468795 -320149428
-93936046 -589649192
-581067548 546342703
-298219124 -149006393
853027515 25629424
-152614797 -56383429
290323769 181718176
118019301 -931485730
-791590701 -810723157
-869051440 829227005
183082714 -479896570
-560002397 253550613
-547987818 319083434
-16523018 -883977680
610592427 -804433039
169153664 -509705589
997307880 436669710
967303821 817090334
26177848 -470044108
107562134 -591466059
641834448 294204038
387157552 -125461755
397641989 -7204958
505706557 -537192750
-996659340 -688085397
-512891057 -367657364
773629803 -824404987
336746951 879607803
-679593277 334307239
316061841 624144297
-560002396 253550612
668459719 -907167117
-892001168 -487295484
904493177 -426915891
-154559293 570170804
554377709 -712393787
-987002111 559672075
369477402 -923033133
659515752 -126353810
190462384 -737843370
-959018742 577269779
-959095998 -721188619
-916644074 -196272757
312309063 321400764
884600227 239705585
-211425816 444724850
291488160 424301696
999918834 -778199807
-984910225 -789205116
261294201 -239426523
858370320 -372160115
694024850 -862521169
-671437339 -27796203
-855793380 319142137
259086301 -840363018
189934205 856479378
-428752933 697586592
287491368 -177788391
-875768577 -396561716
-188462309 -154635847
875558817 752100266
720532644 124840852
143721290 -602386460
-917389419 161632518
-417130682 611747272
-488771386 -862756150
887184767 728396425
714122144 -242216684
-852561189 955485099
799551932 -898816842
-250695767 -287861978
538941899 -296514362
-396763342 -671769676
-574910127 954919202
-946740998 770866269
596643522 979504988
-77696288 -378459655
-389734399 -647942066
-679593278 334307238
-622085602 498159814
-586177196 567817841
-557158749 802085507
-682153257 258396317
336333842 378935781
-131880594 -521024269
-79720800 -44677681
-599316798 921359476
-799247662 -652247864
-703006447 -181333552
-826804364 58729374
247912810 345317875
820360294 743426095
284331182 396073490
-173136317 -268742749
-767562385 -693758589
-104370918 125116156
-595006494 350194806
908368759 285464567
283156789 -14630452
-628188725 829072620
169153665 -509705588
89708696 -6471139
-698527214 -60792164
99793328 -165252420
577537219 -165049324
-110032243 -535475843
-683949257 137812183
463932719 -402935447
972923464 777149767
208633382 -546548894
322000975 4608576
805797173 794220820
-909989770 -26535071
-82133531 206724889
-593564469 963972056
899236756 -724754111
-704035298 -293346325
350462828 -525914948
-203005020 239156134
-438655629 -380801067
637455823 -282919145
-591519366 976313439
900354978 889350675
-753619394 -429609569
-250695768 -287861977
-125417199 735073144
369477401 -923033134
233062713 -132159354
-216719744 -483493519
-284764184 502420866
773629802 -824404986
-926231622 -272918466
638192100 -793196680
406031279 -742311822
-667372394 -427742294
-667372394 -427742292
-6009321 -273931255
520448557 271015459
-388427592 -159273287
-595006495 350194805
-219727883 498355450
-60079076 -638720859
-784301879 -714042876
-285523497 625549157
20698776 -215010391
-533548 -584411263
-45127536 -603791584
218229544 -325110877
-466046518 969528421
-232184643 -556512917
350462827 -525914947
354009542 -399946783
911479505 -355256548
74790242 514659184
568508034 552794126
747864473 -70592795
967303820 817090333
-527737415 -782276410
653189663 15274768
-990966068 509473447
623606989 -402175274
428004566 -804464497
-658491159 662802708
894584547 542464165
247262859 159009653
243933617 38997373
-678555275 600154483
-608288951 450239295
-379879761 -377265213
-216088044 -603929854
-286267766 113209442
137330721 -634514101
-256437748 -156572530
753203926 -524719400
-282204037 581138555
-270429232 911773858
99471113 861714210
887891324 -281368344
162350114 -624072428
-435994430 -751186063
-852561188 955485100
-82133531 206724887
720532643 124840851
-379879760 -377265212
190462386 -737843370
314252540 773130384
-247380908 -409567973
287491367 -177788390
-775702676 -68659212
354046649 -422177517
-527683644 121469593
-909989771 -26535072
992833060 390297615
-640817453 -795447481
-434195949 -588903760
-216844600 -434447858
384142577 741444140
550249322 768749449
-229582070 235258552
254378850 -501613842
106635584 -998263208
-77696289 -378459656
-203005018 239156134
747864472 -70592796
-790801518 -431809552
463028913 -560800552
400746738 634687151
-190521133 -397569271
73898397 557788990
324609914 903373409
266101527 480348202
-252651063 -938250339
773629802 -824404988
-955145889 -903699713
425909253 486815105
-125417200 735073145
183082713 -479896569
-289312584 -780643903
320408646 -987861163
350462827 -525914949
883760973 -980700897
-207849105 428981317
-38252001 441206012
-118610829 -834400010
932348767 -409449805
-599316799 921359475
-741388804 809118883
395710692 -254242124
-586864035 -238450191
-320860483 -577687973
-394246051 834150870
178854230 -681049999
-438655628 -380801068
-703006447 -181333550
185882700 -665155294
-210493870 -576497211
39521248 454163598
-574910126 954919203
297884538 554027586
269571618 -707332867
607914089 -722103218
-386006358 -267765934
-883443868 -546158735
363796027 226878165
-961526330 -765572444
547281463 280083925
911479505 -355256550
-500839977 311398186
-236707512 737055898
-118610831 -834400010
-628188725 829072618
354778901 -587452544
388678616 -330759679
136129120 645047976
-372155734 591437758
-800363148 -72868243
259086303 -840363018
255011553 -605175950
-352653052 -192000667
884188868 -231537381
770763167 388201256
-703247052 69802315
719921711 594324964
-105572002 -734149807
-53338875 974687706
361583238 -456244559
-286046555 424431131
-105572001 -734149808
765189448 -947530770
567717115 144720375
595228634 821819295
992833060 390297613
-496032628 -495865759
-61276861 704959924
744650375 -402829900
-458563148 40992838
488732158 -210574886
-531882096 425030374
-107987115 -522764707
589614143 948366334
-812917815 -625759108
899583490 807836933
80496158 -222791527
434432327 -147284526
353588300 464285428
-26480690 -738863324
-512891058 -367657365
796135763 -523840333
-659062332 -346984121
820360293 743426096
-923653378 109955500
362342887 -573708892
710192697 287543836
-435994431 -751186062
-192534520 123190580
352406919 -63798602
589614145 948366334
995863824 -211259365
-361591618 -98607333
61612808 232324779
328331748 -968288771
-393940045 -465274037
-446691462 -147559731
306263318 -357720848
765189447 -947530769
173678008 368999566
503527089 -660272621
784406034 -96883304
550249321 768749448
-798641532 945027650
-131880593 -521024270
637455821 -282919145
810492580 253014522
-282593703 474439420
-70302237 -660696024
310369596 -63000014
632364610 48409844
-999612884 -936192330
551587126 -369065226
-308498928 376636088
-841350470 395478396
320408648 -987861163
-16523018 -883977678
-733644427 282228676
319771926 -951812774
-700280173 541996979
-729072938 -194183801
-767414537 -356360900
-104370918 125116158
-250695769 -287861978
-399835508 -766056110
-923186287 -629580651
488732157 -210574885
-406549373 210664934
-829286432 -855198211
-703247050 69802315
-882246134 256803782
608446410 -365335567
119938333 -890586419
765189447 -947530771
408893379 116362644
400746737 634687150
-275785735 202223310
368333685 -818098315
481287125 -785209797
-486132677 536369881
734513117 -899010913
324609915 903373410
-574781562 968210702
185882701 -665155295
714286879 378967200
965467167 13234420
-996659339 -688085396
589995818 920727118
-963645454 125515681
-928946703 -808145054
-502298752 -583896316
239331061 -6750027
633976846 -771993501
414052111 919808682
-166440971 590787829
678029738 890587775
-282204036 581138554
965935833 -699847512
-586864036 -238450190
388678617 -330759678
-977068324 13122526
881813967 655673999
-279733942 -853647720
861844771 40845759
44642940 635095162
397894709 -54707210
264232215 -252349106
14601151 381404484
350285792 793608294
-379879761 -377265211
-688766870 772552272
-22487803 -202404572
-77696288 -378459657
-111606671 920400172
-852561187 955485099
316061841 624144295
-380608738 255720230
400746737 634687152
-45895635 -628312789
170167557 -649091920
495871426 -479981842
-716472275 622327472
-294804402 -739815400
-812917816 -625759107
-284764182 502420866
327835407 -720340562
-669327996 -419956515
-434195951 -588903760
261294202 -239426524
508524257 -424732278
-800723533 312575195
874918699 731021661
-378205082 -148239477
-600701180 -871112330
406031280 -742311821
874918698 731021660
304749829 -25143515
603647032 575896973
143764621 125877655
-405672476 -83746330
530579486 890314241
-465576182 284497371
-543388287 314006465
284331184 396073490
368333687 -818098315
83914457 -753481895
547369526 -387324883
926950079 -950902655
82837737 477421080
387157553 -125461756
-69846619 554424759
-334787938 -580706635
-635198740 -851018558
-624101770 972179396
430595085 -215284604
255011554 -605175951
-374298616 -525372409
615786890 599577528
-814992779 941173846
-298380059 -706340485
-283792200 -341346836
-978562875 664007631
-841350469 395478395
-64342272 724171161
-120648171 -716268652
-465253059 -727225309
-999285000 279620378
117649856 -698313712
-656249505 -316424158
-998564788 -500712034
208633382 -546548892
881813966 655674000
82286332 -200108167
-945964472 937036869
-990966067 509473446
-298219125 -149006394
238544551 -340704909
354528119 -920029007
-361591619 -98607332
855194578 -59798348
143721289 -602386461
-262718696 -493750057
614197325 -346454469
579404031 21116810
-125417199 735073146
80496157 -222791528
-869051439 829227004
-844462246 -364550116
-893618357 249896402
850729540 58252437
348878252 759437245
834725972 -478259062
569458054 -660122524
64612642 -889039097
114858394 -369792118
810181752 -676104378
-419205575 98725359
135760994 900388429
200851989 -331918576
-236281078 -685802452
85723959 -405952839
-820949195 -317709813
884600226 239705584
-275821024 486238888
-561585080 -576815612
-683949256 137812184
-95892069 895210597
-410352845 710186826
235028645 697005065
-197106102 597989584
314896056 851302369
568140153 812269100
100208752 374310999
463737416 609607940
981766494 -921866699
916732528 -878573746
-866048149 -234085492
20698778 -215010391
259235230 -484830576
-271678504 -757371015
393899296 -633620446
642444947 -182574310
517806290 959573771
-553348860 410380522
-116768392 66684397
567717116 144720374
20698777 -215010390
341057099 305804433
720532642 124840852
83914458 -753481896
794145745 389665493
26177849 -470044107
185882702 -665155294
481536796 -883956594
480610770 732193600
799551933 -898816841
-283120699 207185850
150422728 359549168
-383535504 457704757
917766454 -681248640
823730075 -602706299
-64752639 269617547
786445095 -186157043
463737417 609607941
196426295 447353203
-38252001 441206010
744650377 -402829900
-61276859 704959924
-586864035 -238450189
-361591618 -98607331
247262858 159009652
-908684342 438956853
-355703235 83197988
530579485 890314242
259086302 -840363019
-899757777 143896326
495871425 -479981841
291477893 251727421
-691852336 454732738
61612807 232324778
607914088 -722103219
463932718 -402935448
379113411 -31903395
957489674 -920504317
659861105 473050818
659515750 -126353810
-236707510 737055898
-158243139 932780037
463028913 -560800554
-916644073 -196272756
-220880822 448245692
-222278049 587371620
-6009320 -273931254
-57291103 -60820571
354778901 -587452542
-271678503 -757371014
636000833 -775082693
-15441625 111142103
38604737 82748748
-276172204 -111111976
635578371 374999796
172218046 -546278457
-275785736 202223311
-283792201 -341346835
259235229 -484830575
900658096 -458629654
549394620 -711308375
368436106 903274626
117505556 -976096971
-718627539 -732005054
-154460105 89723065
-141298794 101078207
-650850640 227986721
-237385419 80874378
959449753 -189694461
925064410 -431070025
-579889408 -616171789
-999955540 -252727167
653189664 15274767
-1242531 384630144
58998783 -751920456
536378706 -426442979
-543388287 314006467
-663721492 803425504
503527090 -660272620
-998790549 -93059
969148285 -395257923
100208753 374311000
341057099 305804435
-276309201 871365831
-122609492 679547653
-882246135 256803781
677523897 978852676
-924503361 856659942
-907100144 -852697964
-79720799 -44677680
-104370917 125116157
188869941 149246698
724306640 -870100978
169153665 -509705590
-659653550 453849996
-473791904 -358172067
-867447649 -133145069
378881866 371487084
89708697 -6471138
322000976 4608575
-450177627 -757510031
-188301824 395151901
-237385419 80874376
-990634043 -352633319
-42251461 489777515
-22612171 -145157093
-974221610 613204490
-467061396 -35044662
-289908161 -53071499
-826804365 58729373
-581023307 -857582457
235028646 697005066
495515802 -14486661
-105572003 -734149808
-479058720 -830735860
-63000489 -346802075
615786891 599577529
390563729 -859903385
714286878 378967199
1679810 108257836
470140556 852999570
352406920 -63798601
-417130681 611747271
917766455 -681248639
-276309203 871365831
283156788 -14630451
656505413 -91506610
-813787685 -213278669
-984910226 -789205115
-306077792 914363451
-436221423 -271290120
887891325 -281368343
-279423231 73504763
898199524 -977626351
-934617030 527433172
-375651588 -181338759
760071316 891657794
39521247 454163597
68130703 256920047
-22487804 -202404571
-770670835 749613436
-732090518 628956669
-70302237 -660696026
96349301 -66955740
-283120698 207185851
82837735 477421080
-236707511 737055899
676725373 442928076
368623622 -240094450
363994002 -740706498
554245015 -795098196
-769068582 -238607804
-454233925 -212233813
-489392330 -561526917
834725973 -478259063
-872069326 -500275924
-717277801 478171428
165492335 231363671
2460322 341437944
821319357 -317437626
-374298617 -525372408
-527683643 121469594
172218044 -546278457
888421069 32104477
-466046516 969528421
593403050 204016873
593403051 204016872
-415270714 -340058871
-466046517 969528422
654707609 -242444188
135760993 900388428
184623566 -352600770
654707607 -242444188
-787383799 -972298402
-519433223 -800141715
727585476 550221305
223186049 -773010381
362342888 -573708893
260217237 987409158
-81709121 897332818
-910066275 835145847
-489392329 -561526916
-216844600 -434447856
136509490 595475625
641834449 294204039
73898395 557788990
863638930 130538628
46215104 -858815095
356941944 994422120
154466659 -393579219
-669327994 -419956515
-503049110 -310278146
554377708 -712393786
-10935548 682850597
311690592 664160094
-133878762 255504505
-600701180 -871112328
446805076 -504422650
-410612433 642292218
999368953 717385269
367146264 699736600
384142577 741444142
965467166 13234421
549394621 -711308376
117505555 -976096970
-798641533 945027651
993998185 645200665
-355703235 83197986
-127341437 606676591
887891325 -281368345
-120648173 -716268652
-229582070 235258554
-110032242 -535475842
-527683642 121469593
-275256266 -759291641
-97578169 474232116
354528119 -920029009
-639503219 -181953113
-560764467 330325197
611405152 -29865846
-635585713 -912422828
-908418362 614298613
-285523496 625549156
362595468 -623564127
-180545130 -234611314
-697829234 932739461
638192101 -793196681
202665593 84552792
2460323 341437945
446805074 -504422650
118019302 -931485731
-591519364 976313439
235028644 697005066
-869051439 829227006
874918698 731021662
423798788 -624014992
61612807 232324780
-959018741 577269780
519750351 -726331356
787625968 333439453
-906446648 -606808927
-417130680 611747272
-993496201 935201056
878960495 -57972863
106555216 -334850903
-466046517 969528420
271521146 -153870476
73898396 557788991
-60079077 -638720858
-197106104 597989584
-608288951 450239293
815383958 858025984
-906446646 -606808927
-659653551 453849995
395710693 -254242125
926950078 -950902654
-173136316 -268742750
82122191 -811308693
-291844163 -379202410
-926231621 -272918467
-698527213 -60792165
920746198 7184889
714122145 -242216685
-428791163 55021368
346048123 438065762
-212052794 644523839
-60079076 -638720857
596643520 979504988
112841846 97840806
348828752 -72509255
-166154740 -104200930
-711647178 622771721
327835408 -720340561
434432328 -147284527
-357535114 -640421307
888421070 32104476
805385786 322456838
447977777 -122189766
899236755 -724754110
-591424000 431612540
638192099 -793196681
348828753 -72509254
-834114641 -398528286
283156788 -14630453
121410433 228661358
-485457424 -999554830
999368953 717385267
770763168 388201255
995407792 714128591
935321427 159922932
146820054 -61067442
758511420 631502733
-659653550 453849994
384450099 -532467739
-307199990 -766565965
855194577 -59798347
30594762 750551878
-458563147 40992837
481287123 -785209797
83655723 -807073747
-911159489 -358649483
629115098 -879030357
-247785695 -770388949
384450101 -532467739
162350115 -624072427
-857649326 -808971227
669812927 229565092
495918524 311594244
583504547 -803882229
-276278287 -756512604
-826437288 -214275237
904493176 -426915890
-656249506 -316424159
397894708 -54707211
446805075 -504422651
-166440971 590787827
898329804 -935527652
184623565 -352600769
-516571056 59642012
424858189 1468439
-331912352 504610227
-422886809 505284898
-999955539 -252727166
25837597 253791468
321012223 566522888
-6752001 128747869
-722305949 -278016161
-812917814 -625759107
-93936045 -589649193
925064409 -431070026
-275821024 486238890
56201646 -518761781
-94418258 -104251688
196039538 389596053
-574781563 968210703
399986652 744823631
-999955539 -252727168
239373949 714068589
-394246050 834150869
304673937 846840094
430595086 -215284605
-81834245 941874203
133140082 -199623423
-229582071 235258553
-402789382 -977646929
-946740997 770866268
-19534288 45214958
-998265411 235983525
-16523019 -883977679
-500839978 311398185
-814992778 941173845
-13779547 128382830
710192698 287543837
747864474 -70592796
400645875 -206827546
677523899 978852676
296788241 -691550109
466820233 882905731
-560324440 -864092408
353588298 464285428
517806291 959573770
965272684 277576078
967303820 817090335
361583239 -456244560
159290530 -923157908
-663721493 803425505
-298380059 -706340483
721127017 -622916758
161234686 -460016335
238544550 -340704908
306263317 -357720849
-957818482 -724796871
654707608 -242444187
304749828 -25143514
-557273610 -517360393
428004567 -804464496
990157456 518560966
239373947 714068589
-867447648 -133145070
704058094 262469465
-361591617 -98607332
310369595 -63000015
99793329 -165252419
-355703234 83197987
-61276860 704959923
835998381 -567700663
-749243294 105075941
161924886 402773636
635874102 -875943470
861844769 40845759
-749243293 105075942
914000402 447224808
259948938 773041545
821319358 -317437625
-638861182 -128672297
-953362333 -992245081
-410352846 710186825
859608024 188244751
-285231172 -903795509
499297186 -885275183
-582627036 105814845
536378707 -426442980
-454626226 -363185779
635874101 -875943471
763688724 -400361660
895199975 148544328
-927985622 312357784
-70302238 -660696025
887184766 728396426
-808294225 -226493268
790315402 437600104
150422730 359549168
-94418258 -104251690
269571617 -707332866
272992538 953528365
350285791 793608295
-95892070 895210598
-298380060 -706340484
669812926 229565093
-492150230 331088019
-289312585 -780643902
786431158 -420362588
628593270 683029995
995863825 -211259366
-581067549 546342704
322000977 4608576
137569855 -910322643
936790826 -913675031
808205278 465018648
-450028713 -402162466
-428332916 -833139085
121410431 228661358
361604064 -106238785
-53338874 974687705
486182108 -119592296
505706556 -537192751
32975541 -37867956
505706555 -537192750
716728788 617959278
-798641534 945027650
-279423229 73504763
-961526329 -765572443
666206329 -256985378
51191612 -970540986
-866048148 -234085493
925064410 -431070027
-767562387 -693758589
-996659340 -688085395
-357535114 -640421309
-285523496 625549158
890491139 464032613
-260621562 393042731
-606806290 -400497850
941405696 -660999847
32975540 -37867955
266101528 480348203
541971636 -915348937
724306640 -870100980
390563730 -859903384
-415381913 -61463203
207153987 359063105
-748706271 540853300
-548098978 598334575
306263319 -357720849
760071314 891657794
-560324441 -864092407
786445094 -186157042
-765725872 107777958
-941051980 -250572322
320408647 -987861164
999368954 717385268
880792599 669428005
-635585714 -912422829
-393940046 -465274038
678468794 -320149427
302979877 292061085
-180545131 -234611315
79853336 -289249032
-819641569 184723899
-32055647 52114845
481536795 -883956595
-927985623 312357785
-219727881 498355450
-987002112 559672076
508714742 629282278
165492336 231363670
946271089 -492684668
169756555 955648911
-306077792 914363453
-317797845 -643538635
32975541 -37867954
677523898 978852675
343944403 -559401118
137330720 -634514100
-673767178 -530694630
-679593276 334307238
-388427593 -159273286
-972571055 436811770
910821286 702913369
26177849 -470044109
-623514670 102134055
-270429231 911773859
-389734401 -647942066
911479504 -355256549
-218246758 -378197247
-599316797 921359475
487938425 -665926727
139668671 4722711
866244211 967789841
-733644426 282228675
-985934581 -825670424
470140557 852999571
727585478 550221305
554377710 -712393786
-600701181 -871112329
-154460107 89723065
-924503362 856659941
668459718 -907167118
864581780 944616241
302979877 292061087
319771927 -951812775
-697927571 -720027306
677523898 978852677
-722305947 -278016161
-429942530 31365828
253419804 559569210
-234495729 -744212867
-317797844 -643538636
258667480 710430215
255011554 -605175949
64612643 -889039096
-547987819 319083435
-841283629 -628625370
-210029969 282405262
-548098976 598334575
400645873 -206827546
-909989769 -26535072
-479058721 -830735861
986863779 996323255
-15441623 111142103
-291844163 -379202408
-605285040 -602636056
119938332 -890586418
106856011 425626562
652862558 960038360
-210276225 438547964
679657045 323449113
-726475641 508913938
689533274 956972291
-341771218 162890182
364141763 -404787826
617259838 -414406006
-473791905 -358172068
-908418364 614298613
-110032242 -535475844
-331912351 504610226
714122145 -242216683
74790241 514659183
-686957151 673955202
-631370849 -940163931
562738910 227874365
-166440972 590787828
-211425817 444724851
239331059 -6750027
520607010 786617769
-869830351 622954904
39521249 454163597
686736521 -950898795
-406549372 210664933
-539399930 774346315
-288285057 -690849982
102058203 -754220747
869140961 261376824
-118610830 -834400009
-355703236 83197987
823730075 -602706301
734513116 -899010912
908368758 285464566
-999284999 279620379
-726475640 508913939
-803024299 298323485
-676172927 -161928780
798968584 -157258020
-454233926 -212233814
561297071 -382776783
-579889407 -616171790
343944404 -559401119
-716472276 622327471
-958175319 -279722195
-95892068 895210598
628593272 683029995
-918584424 -595480502
-298414842 856528475
-420012170 -572814924
304749828 -25143516
290323768 181718175
-170836874 -276693088
247912810 345317873
-251657990 719958851
503566201 -2934043
361444562 -639471638
-22612171 -145157095
514487268 -133046604
734513117 -899010911
944656374 286070932
808205277 465018647
-94418257 -104251689
-682258630 634892761
-999284998 279620378
-959095997 -721188620
68130702 256920048
30594761 750551879
-972571054 436811771
965935831 -699847512
689276121 929969112
692272977 -241479624
805797174 794220821
-454233926 -212233812
336746952 879607802
290064134 113033639
408893380 116362645
-338801942 675371227
-790801517 -431809553
979164270 439711120
-314190190 -139239974
-799258262 -830418872
283002060 -467660300
-328242567 -94355849
-107987114 -522764706
944656373 286070931
85723958 -405952840
-767414538 -356360901
878960496 -57972864
-673767177 -530694631
-984910224 -789205115
-503049110 -310278148
-116768391 66684398
-322384469 -421533717
-262718695 -493750056
-408015460 -807572772
-2664687 104740755
595228635 821819296
297884536 554027586
935321427 159922934
-70302236 -660696025
-364054584 -691470794
916732527 -878573745
-428752931 697586592
-277994103 470522134
-769068584 -238607804
-753619393 -429609568
973493744 -375555700
-808294225 -226493270
362595469 -623564126
189934205 856479376
-841216779 494905772
-235278571 -320662135
-411714417 -698900502
-26480691 -738863325
-357092160 361855628
-453592457 -168482566
550249321 768749450
320107325 390254117
118969506 6224176
463028914 -560800553
283002059 -467660301
997307881 436669709
-338099029 -395638250
-192534519 123190579
-270429233 911773859
-926231623 -272918467
-316443963 636319669
-792119572 780076064
884188867 -231537380
965272683 277576077
169153666 -509705589
605785023 1923325
-154559294 570170803
-344181741 451419416
139668671 4722709
-882246134 256803780
671455913 -74023003
-601990158 -407528441
-512002178 -460636732
-958175319 -279722197
920746198 7184887
-814992777 941173846
-128394040 95447146
-917060397 -750962475
589995819 920727117
-154460106 89723066
-285231171 -903795508
863638931 130538629
-753619395 -429609568
-875768576 -396561717
89546013 -593200671
354528118 -920029008
-6752002 128747868
-761992781 572795826
-695955628 210163990
-871467022 634475648
-446691461 -147559732
406031280 -742311823
671455914 -74023002
-916644074 -196272755
-59088957 969806839
-602930371 317596987
-908684342 438956855
677494972 492693393
221559855 -187165530
-200820050 454724925
400746736 634687151
-306077791 914363452
979164272 439711120
-405672478 -83746330
-344181742 451419415
-502298750 -583896316
495515803 -14486660
-658491159 662802710
-288285056 -690849983
657952275 603599713
-212052795 644523838
-266164328 -422445418
-934755035 355500398
306446419 572174010
-48078842 -814234031
-282593704 474439419
-170836873 -276693089
-819641571 184723899
-354133094 702770817
704058092 262469465
-316443962 636319668
944130194 32481452
611405151 -29865847
752447429 -354245789
-533548 -584411265
100208751 374311000
940351632 950716134
423798790 -624014992
679657046 323449114
-735593408 -262057092
829083585 -820576903
-835388663 -336179570
-276172203 -111111977
129242922 872818322
463547369 -437045148
758511419 631502732
-252904401 -901118003
-776204181 92480843
346396235 -153649989
-924170308 11847578
-624101769 972179397
632364609 48409845
-973991611 183830387
32975542 -37867955
-133878763 255504506
481536795 -883956593
-45127538 -603791584
-322384469 -421533719
-998564789 -500712033
614197324 -346454470
532897840 -947282566
-605285041 -602636057
-552452385 445050318
-218246759 -378197246
-215492656 812838482
-152614798 -56383430
264232216 -252349107
-190521133 -397569269
154466661 -393579219
-658816093 -503395736
399986651 744823630
-910066274 835145848
25837598 253791469
-844462247 -364550115
898329803 -935527653
-871945328 -563741991
-386006358 -267765936
379113410 -31903394
302979876 292061086
-5580750 486627409
-27432105 450573947
-502298751 -583896317
-988025669 536618751
668459717 -907167117
579404031 21116812
-200820049 454724926
900354979 889350674
-360571895 -140008854
-420012171 -572814925
-317797843 -643538635
-493471235 -396206548
-210493870 -576497213
354778902 -587452543
850729539 58252438
-402789380 -977646929
-682153256 258396318
957489673 -920504316
455005790 -113959052
-116768392 66684399
-746132412 850045379
328331749 -968288770
83569459 -109395534
-527737416 -782276411
258667481 710430216
-250695768 -287861979
-347579155 -814359668
887184765 728396425
798968584 -157258018
668420887 455885735
-232184642 -556512918
50568563 -704673680
-258863528 -124450889
-695955629 210163991
-389734400 -647942065
336746952 879607804
-574781562 968210704
-924170307 11847579
378207990 -216911807
-978562875 664007633
-927985623 312357783
798559681 -587256606
-453592457 -168482564
-357092160 361855630
-341771217 162890183
99181676 292097037
-784301878 -714042877
357895647 -156560735
-188462308 -154635848
-331912352 504610225
576649951 -44977069
-553348860 410380520
990157455 518560967
25837597 253791470
-622085603 498159813
834255477 204049253
787625967 333439452
117505554 -976096971
-450177629 -757510031
-893618356 249896403
-210029971 282405262
-410822182 -735492384
-917389417 161632518
-341771219 162890183
581648492 213622477
-557158749 802085509
-843305588 -251968739
233755669 776950711
-150013088 -331189861
82286331 -200108166
648950584 -363999248
-928946704 -808145055
669812926 229565091
910821285 702913370
-486132678 536369880
96349302 -66955741
-688232037 -975910926
-26480692 -738863324
608446409 -365335568
-216125441 915039220
-190521134 -397569270
910821286 702913371
486182109 -119592295
503566199 -2934043
105928227 -135236791
14601152 381404483
-357535113 -640421308
944130192 32481452
813270980 -295056912
834725971 -478259063
-573610027 -816653829
579404032 21116811
83569460 -109395535
-972571054 436811769
-235278572 -320662134
820360292 743426095
-444801102 -588550724
-388317379 -454390235
106635583 -998263207
-673767179 -530694631
-511678349 686973169
-309878198 -682017620
-82133530 206724888
309839507 -382237635
770763168 388201257
-410822183 -735492385
-531882096 425030372
517806289 959573770
-784301878 -714042875
146820055 -61067441
711669214 -666421901
-826804364 58729372
-31533264 241904952
-531882095 425030373
430595086 -215284603
208633383 -546548893
-872069325 -500275923
-798641533 945027649
-48078840 -814234031
-159291328 495770304
-527737414 -782276411
-61276860 704959925
993998184 645200666
348828754 -72509255
-276309202 871365830
-364972005 -993928162
659515751 -126353809
-2664688 104740754
-666207961 -184452878
965272682 277576078
798559680 -587256607
549394620 -711308377
-634862645 502779619
-216719745 -483493520
290064136 113033639
-552452384 445050317
-110173005 -753795936
-573610029 -816653829
790315402 437600102
-553348859 410380521
-334787937 -580706634
-640817454 -795447482
657952276 603599712
-819641570 184723900
922130672 -346297518
348878253 759437244
-823977286 328772278
648950583 -363999249
-59289781 -257941674
161234685 -460016334
-640817452 -795447482
255011555 -605175950
-839297044 547654020
-800723534 312575196
425909252 486815104
654707608 -242444189
107562133 -591466058
343944402 -559401119
-338099028 -395638249
711669215 -666421902
-574910126 954919201
-283120697 207185850
361444564 -639471638
888421068 32104476
883760974 -980700896
137330719 -634514101
-512002177 -460636733
-766060215 930926098
-48078841 -814234030
657952276 603599714
106635582 -998263208
723277834 -981374246
-560764467 330325199
-275256265 -759291640
585657938 967468322
376401960 -506086957
481536794 -883956594
-237385418 80874377
-767562386 -693758588
-658816093 -503395734
80496156 -222791527
114858393 -369792119
83914457 -753481897
46215105 -858815096
908368757 285464567
89546012 -593200672
188869940 149246697
-283792202 -341346836
567717116 144720376
259184533 810605398
-890407999 519292135
-222278049 587371622
-256409362 320527778
-492150231 331088018
-380608738 255720232
-519433222 -800141716
629115098 -879030359
-252651062 -938250338
363691925 624719496
105928227 -135236789
-826437288 -214275235
82837736 477421081
645597420 -886051774
-42251461 489777513
-737783760 -568081157
-908418363 614298612
-581067547 546342704
562738911 227874366
520607009 786617768
-496032628 -495865757
-446741527 -989018992
656505412 -91506611
96241526 269136674
944130193 32481453
940351633 950716135
-735593407 -262057093
-574781561 968210703
-608288950 450239294
716728789 617959277
-557600610 -181838185
247879162 -220204063
-791590700 -810723158
-718627538 -732005055
551587127 -369065227
-204040668 12872566
-974221609 613204489
981766496 -921866699
-436221424 -271290119
949172748 -758633685
770763169 388201256
583504548 -803882228
-285523495 625549157
311690592 664160096
-547987819 319083433
-760417762 -873130446
908368758 285464568
368333686 -818098316
804174514 -708022035
-152614797 -56383431
581648491 213622478
-856043166 415939323
393899295 -633620445
974729366 -467268220
-45127537 -603791585
585657937 967468321
-332616923 -599679529
-252841196 161151624
-454626227 -363185778
834255476 204049254
-847542582 -596149740
-953362332 -992245080
-219376652 -40989688
-713091845 -35426431
-411714418 -698900501
-672252069 -836044625
202665593 84552794
-934617031 527433173
-761574823 -992535464
-963645455 125515680
-120648172 -716268651
-988025670 536618752
-650850640 227986723
-314190190 -139239972
173678009 368999567
-64342274 724171161
-204458201 -562153624
875558818 752100265
834620826 -97964237
-770638544 -855155374
-582627038 105814845
692272976 -241479623
-81709120 897332817
-871945330 -563741991
-237385420 80874377
-288285058 -690849983
-27432106 450573946
-94418259 -104251689
-449937189 353538073
-703247051 69802314
824989871 -904134591
99181674 292097037
904670501 405868124
-133878762 255504507
424858191 1468439
-963645454 125515679
83569460 -109395533
824989872 -904134592
-69846618 554424760
-444058997 874137643
946271090 -492684667
726786563 7792396
-733077010 -918628848
-357092161 361855629
-320860482 -577687972
-428332915 -833139084
254378850 -501613844
-252904400 -901118004
-634862644 502779620
724306639 -870100979
350462826 -525914948
-591424001 431612541
354009541 -399946784
-282593704 474439421
-761992780 572795825
388678616 -330759677
-370638673 318861413
378881865 371487083
-98328171 753833578
368436105 903274625
763688725 -400361659
-180545129 -234611315
397894709 -54707212
102058204 -754220748
-465253061 -727225309
609129433 376813759
78392371 926099169
-557600612 -181838185
-406549372 210664935
147367481 549603561
-383535502 457704757
-944081932 364648750
-31533262 241904952
506087789 -572243853
354528120 -920029008
914000403 447224807
447977775 -122189766
514487267 -133046605
-928946704 -808145053
958978925 487033931
-977068324 13122524
-330777430 251891456
-650850639 227986722
603647030 575896973
798968583 -157258019
561297073 -382776783
832587038 79899197
-988025668 536618752
-81834244 941874204
1679809 108257835
798559679 -587256606
-216719745 -483493518
-10935546 682850597
316061840 624144296
202665592 84552793
796135762 -523840332
864581781 944616242
96349302 -66955739
-216088046 -603929854
995863824 -211259367
236185391 811065458
-118610830 -834400011
238544551 -340704907
-669327995 -419956514
-493471236 -396206547
-813787686 -213278668
-843305589 -251968740
-990634041 -352633319
-250362041 -359849905
58998782 -751920457
290323767 181718176
96301630 -868195851
-210276226 438547963
-275785737 202223310
354046648 -422177516
499297187 -885275184
794145744 389665494
-236281076 -685802452
83655721 -807073747
291477892 251727422
-344181740 451419415
957489674 -920504315
-676172926 -161928781
-415270715 -340058872
716728788 617959276
247912811 345317874
-321826256 370400778
253419803 559569211
346048122 438065763
-178813358 954010085
-364054582 -691470794
146820053 -61067441
863638931 130538627
956172792 568980028
653189665 15274768
-338242783 -664244889
-446741527 -989018994
79853338 -289249032
547369527 -387324882
323370675 -597180447
855194576 -59798348
911733012 993906724
887184766 728396424
-749243292 105075941
320408647 -987861162
-486132677 536369879
-396763343 -671769675
-266164329 -422445417
44642940 635095160
-429942530 31365830
-560764468 330325198
-606806291 -400497849
-334787937 -580706636
-234495728 -744212868
-581023308 -857582456
-512002178 -460636734
-206074490 190164566
843640721 -971927911
752447431 -354245789
-120648172 -716268653
589995819 920727119
995743971 -78145091
147367482 549603560
463932717 -402935447
-911159490 -358649482
-204458201 -562153622
835998383 -567700663
368436107 903274625
668420888 455885736
-973991611 183830389
834620827 -97964238
188869940 149246699
920746197 7184888
554069159 544240498
-117985248 827076702
-415381912 -61463202
721127018 -622916759
-512891059 -367657364
82122192 -811308694
-500839977 311398184
678468793 -320149428
-314190189 -139239973
290323768 181718177
-282593705 474439420
758511420 631502731
-703006448 -181333551
644770835 253936468
752447430 -354245788
-740542713 306836004
480610769 732193599
958978927 487033931
481287124 -785209796
821319358 -317437627
-999284999 279620377
-591424001 431612539
863638932 130538628
607914089 -722103220
-717277802 478171427
-856035245 549050762
184623567 -352600769
-13779547 128382832
-740542712 306836005
941405695 -660999846
137569857 -910322643
-386006359 -267765935
-857649325 -808971228
-527737415 -782276412
-703006446 -181333551
323370675 -597180449
-934617032 527433172
820474409 513890061
368436106 903274624
129242921 872818321
-188462308 -154635846
-408015461 -807572773
367146265 699736601
-999612886 -936192330
-519433222 -800141714
-178813357 954010086
-488771387 -862756151
-856043167 415939322
-511678350 686973168
659861106 473050817
373632317 189146568
914000402 447224806
-658816094 -503395735
-560324442 -864092408
567717117 144720375
-676172927 -161928782
-216088045 -603929853
83655722 -807073746
-847542583 -596149739
656505413 -91506612
236185390 811065457
-595006494 350194804
677494973 492693394
466820234 882905730
-289908160 -53071500
519750351 -726331354
-945964472 937036867
135760994 900388427
-924503362 856659943
-405771529 398953546
96241525 269136675
239373948 714068588
78392372 926099170
447977776 -122189765
940351631 950716135
429925515 -731346165
689276122 929969113
965935832 -699847511
-97578168 474232115
367146263 699736601
-658491158 662802709
176708993 -228859873
861844770 40845760
-740033122 281597355
-252841196 161151626
196039539 389596052
-591519365 976313440
207153988 359063106
373632315 189146568
815383959 858025983
-614424679 406257047
526559897 -94925025
-841283630 -628625371
-111606670 920400173
-307199991 -766565966
397641988 -7204957
-887140267 -394510963
652862556 960038360
-338242782 -664244888
-379879762 -377265212
397894710 -54707211
941405694 -660999847
-98328170 753833577
112841845 97840805
-952919365 10267154
223186050 -773010382
-923653377 109955501
136129122 645047976
805797175 794220820
390563730 -859903386
-396763342 -671769674
-422886808 505284897
617259838 -414406008
-767414538 -356360899
-13779546 128382831
503566200 -2934044
-623514669 102134054
-63000491 -346802075
-918584423 -595480501
-207849105 428981319
-957818481 -724796872
689185693 -589837476
-326654747 822347933
-856035246 549050763
96241527 269136675
-465576184 284497371
561983290 413087715
259948937 773041546
-415381912 -61463204
-945633247 61467695
-527572421 -156705901
161234685 -460016336
-741388805 809118884
78392370 926099170
369477401 -923033132
925064411 -431070026
314252539 773130385
906848215 499485323
525279051 -147267275
-117985246 827076702
-277994103 470522136
487938427 -665926727
995743972 -78145090
-1242530 384630143
853027517 25629424
869140963 261376824
-320860482 -577687974
866244209 967789841
834255475 204049253
-453592456 -168482565
-200820049 454724924
-959018740 577269779
911733011 993906723
-2664689 104740755
-672252068 -836044624
904493178 -426915890
804174513 -708022036
258667480 710430217
-488771388 -862756150
-488399742 318273137
-516571057 59642013
480610769 732193601
309839508 -382237636
790315403 437600103
323370674 -597180448
810181751 -676104379
346048121 438065762
-631370849 -940163933
191959943 543336398
-117985247 827076703
-740033123 281597354
-634862643 502779619
-286267767 113209441
-776204182 92480842
-955145888 -903699714
532897841 -947282565
254378851 -501613843
804174515 -708022036
547281464 280083924
494638856 279050638
247879161 -220204062
861844770 40845758
-434195950 -588903759
714286878 378967201
-354133093 702770818
-216125441 915039222
138157889 382796593
361604063 -106238786
378207991 -216911806
-767414539 -356360900
-908205822 -108492095
898199525 -977626352
196426294 447353202
357895647 -156560733
-718627537 -732005054
89546014 -593200672
514808028 -40074976
-415270715 -340058870
965272683 277576079
-166440970 590787828
-952919366 10267155
119938334 -890586418
136509491 595475624
-97578168 474232117
-18485687 489182791
-31533263 241904951
321012225 566522888
-934755033 355500398
972923463 777149768
159290531 -923157909
-561585081 -576815611
972923463 777149766
-945633248 61467694
-941060791 -398658797
641454344 348230245
589614144 948366335
810492581 253014523
-160369913 -452155421
610592427 -804433041
593403052 204016873
-320860481 -577687973
112841846 97840804
-332616922 -599679528
-638861183 -128672298
520607009 786617770
-298380058 -706340484
-372155734 591437756
-697927572 -720027307
200851988 -331918577
-448746305 -323584486
-405771530 398953545
-235278572 -320662136
400645874 -206827547
319771925 -951812775
-210029970 282405263
-410822182 -735492386
538941901 -296514362
554069158 544240497
433172604 155370675
920151830 755076954
-178813356 954010085
-800723535 312575195
605100423 -766747448
-236707511 737055897
-539489814 -736350881
-639503219 -181953115
-539489814 -736350879
259235228 -484830576
-38252000 441206011
-740542714 306836005
932348767 -409449807
595228633 821819296
-308498928 376636090
-260621563 393042730
-449937189 353538071
-718627538 -732005053
218229546 -325110877
433172603 155370674
259948937 773041544
671455914 -74023004
-880093148 -65182517
455005790 -113959054
-599163887 -803615835
135760995 900388428
136509491 595475626
898199525 -977626350
221559856 -187165529
979164271 439711119
654263727 887182432
-354133092 702770817
239373948 714068590
463737417 609607939
-276278285 -756512604
-16523017 -883977679
-422886808 505284899
-210029970 282405261
50568565 -704673680
-266164330 -422445418
711669216 -666421901
-977068323 13122525
-428752932 697586591
