500
-517863037 -179846184
21324 -46431
21319127 -526222983
-392967380 849921090
-48960741 -603941802
-145631088 302656948
-299311255 822917521
21322 -46419
255854760 681685411
21327 -46406
654925273 -879132633
-166638621 -583632075
-10075038 113039831
295820027 215529562
-624726653 -940311403
-465049521 546171018
21334 -46407
21314 -46415
21339 -46414
158798578 -601477391
21319 -46444
21336 -46407
-968872198 326441992
672408390 901838793
738048441 307581392
-258051200 643443925
549889422 -985105750
21318 -46411
21324 -46423
400266753 -989969802
21334 -46403
-739556290 -294221810
830403370 -113786879
-858116872 -77115874
728300651 -314767966
549739563 791181332
-11299562 612115266
21340 -46427
-150342327 577741208
638259926 346738094
-285292420 214259389
663576306 637374648
-847878417 201905551
-149243193 -276449670
165680949 -893601739
-554815307 -613890897
21322 -46407
-919773125 900858262
-456134512 56871991
-644481636 -102362206
21304 -46411
13676706 -123373910
955182789 314656617
21339 -46410
-704948749 -613365367
687317618 225647090
-804938762 334198551
21322 -46403
-760456602 621552514
-517863037 -179846183
21323 -46416
-287167116 918498422
-88726172 563102050
-194883381 -699444215
365624187 887975419
901269950 -912617710
255854761 681685410
758981315 -60906591
21323 -46444
763267775 -658206697
-982414142 360255766
229034908 891981910
21327 -46430
21338 -46411
-751999543 511425184
383927935 -718560305
775155873 -945550261
-145631087 302656948
-644629418 -438633827
21307 -46414
489086572 -696389728
21326 -46443
-269659301 967085488
-10358427 -354911797
-402009005 -788798189
-828359480 -308301475
21332 -46415
469113180 765743507
-688613371 -942557329
21310 -46431
21338 -46419
99632877 -714485537
-388637907 600946610
832362003 592686440
638259925 346738095
21322 -46427
508788460 -279256557
-137402327 -983010786
21319 -46436
21343 -46402
-660399773 796965110
21335 -46418
-350220883 -116708770
53565355 270251969
-145631088 302656949
21318 -46439
-987572116 -430467372
21323 -46430
10308399 -899918030
-3211144 -489610648
219573505 787971566
541192252 -864701943
21304 -46443
619192715 -140796973
-27522107 -863964020
-242168688 -854632766
786607047 388303382
-114820658 589995031
21340 -46415
21304 -46427
-10075037 113039831
-519870143 446461626
549739563 791181331
139825344 490442175
-790827170 -862976329
-44189579 128066187
-673825158 642319156
187003224 987605591
21338 -46407
-624726653 -940311404
21316 -46407
855253653 933091984
729348158 110829814
787596534 -161274593
727347906 852315996
865639174 -611115622
21319 -46432
760485534 -549301621
21308 -46411
366077322 -86119224
21303 -46424
509545892 -433998815
21318 -46423
414641895 94890135
53565355 270251970
905162139 78893403
-346936982 -758759485
-199298951 249998440
236741457 -580534708
-606585378 -982580353
-570209362 503748004
798344933 98441053
751198410 128294735
-407019140 905191940
121650761 -27096433
-822141741 -735017315
-199298951 249998441
487614230 327745235
-565545105 -560979536
743744941 -588107223
-388637907 600946609
21311 -46410
150340766 -726171518
21320 -46431
21303 -46420
490432339 447062964
961577013 -944074447
-212483587 -153363171
612800167 -206185666
21340 -46431
992657177 -418284319
716893017 -916828021
21324 -46411
21344 -46411
21308 -46435
245203570 -91739026
21303 -46422
696890572 57028251
-122145836 -117720542
73813320 -872100149
21327 -46426
-11299563 612115266
-874947072 525570936
472008992 43531910
758981316 -60906591
877471195 681165800
17464439 -887437982
21303 -46428
21303 -46430
-565545106 -560979536
486136768 -881621674
21335 -46420
905162138 78893403
21335 -46430
320312400 -458017651
21339 -46408
655174969 -977459256
21320 -46411
966417124 946776192
219573504 787971566
21326 -46415
486136769 -881621675
-145631087 302656949
463476626 521444090
529195130 -901737386
-116246073 255365243
-176947393 103012328
638259926 346738095
21308 -46431
663576305 637374649
54424510 -322315475
163129049 -833695291
21307 -46410
21328 -46419
467098096 -889518575
21339 -46406
-593386748 -344038391
250958442 -6352629
490432338 447062964
366077322 -86119223
55408953 -956634343
288618109 -568022033
-212483588 -153363170
-968872198 326441993
-392967380 849921089
805390426 400441319
-44189579 128066186
963245076 -826227017
612376616 -882339574
-149308496 773486455
21303 -46426
-402009005 -788798188
640811136 275268431
638259925 346738094
-402009004 -788798188
713219218 -385325244
21335 -46428
553647262 -104131439
-465049520 546171017
21302 -46415
-392924499 -576861591
21338 -46403
21315 -46426
219679752 426181248
54424509 -322315475
657986995 -960361701
487614229 327745236
55408954 -956634343
518541840 437060738
-922056010 -960384741
-801443213 534015372
-490549557 -683688282
414510040 26269989
-111143303 118257946
21343 -46422
773067345 459781642
-624726652 -940311404
21314 -46443
998288330 -264793124
-488996533 -351817678
21332 -46423
27017820 762446607
-14100948 -978436481
-208824306 -928836359
-799487049 -380657879
21335 -46424
21327 -46434
320312399 -458017652
805390426 400441318
576860539 -800608655
21311 -46416
326341558 -57690555
-704948749 -613365366
21344 -46403
21338 -46435
-250399759 392177185
21303 -46402
773067345 459781643
21343 -46418
-804938761 334198550
-111282595 -75322243
219573505 787971567
-545539977 657774636
729348158 110829815
-32398644 729832014
612800166 -206185666
510504403 643326841
-484077081 725016694
-517163157 845618742
541192253 -864701943
21312 -46443
905162139 78893402
-755469639 685560616
21318 -46431
508788459 -279256556
-570209362 503748005
931920331 979760930
819632893 -744567469
499977765 -184235779
250958442 -6352630
850445944 -413195046
929653846 -605847272
255275671 -461145631
219679752 426181249
775155872 -945550261
21311 -46412
-402009004 -788798189
-440442443 -347012907
787596534 -161274592
-850476716 -518015996
21306 -46427
-370081779 359262574
17464440 -887437982
-998923100 -80394069
21339 -46442
21311 -46428
-572620240 786327559
-486452925 -551087769
21326 -46407
-906255750 454096498
-840439322 676723689
21315 -46418
362111164 -173343672
185954853 547503371
696890572 57028250
-603144449 -160596948
944170826 715383477
696890573 57028251
21344 -46443
-790827170 -862976330
195411974 579546140
21319 -46424
21312 -46419
-724801504 728830280
414510039 26269990
887497031 -465833467
-979898538 -309643939
435438967 -408572029
21303 -46406
21332 -46443
-388637906 600946610
288618108 -568022032
685332148 -931892495
60399526 -831952972
21324 -46443
-622925142 -727103892
-212483587 -153363170
472008993 43531911
-486452926 -551087768
490432338 447062965
944170825 715383476
21332 -46411
-10358426 -354911797
356889504 113063042
-925930510 492903623
-545539976 657774635
-850476716 -518015995
-149243192 -276449670
21335 -46444
695006144 597684752
121650762 -27096433
21302 -46403
960014155 706258558
21318 -46435
21336 -46439
-644481637 -102362207
-923884767 515967872
414641896 94890135
833283565 -614916371
249372599 -889828974
-765261836 -683137191
-300545903 -600458592
63837438 438707830
887497030 -465833467
-111143304 118257946
833283564 -614916370
21343 -46436
-761208016 877422491
48145271 -630786644
-44189580 128066187
-903731929 -77716894
21334 -46423
832362003 592686441
21339 -46436
21302 -46419
21320 -46407
21323 -46410
369179728 516410891
751198410 128294734
-549958732 -593796652
735163366 -937217092
995689543 -992933292
21343 -46442
21306 -46423
21323 -46442
-921356871 52643004
657986996 -960361701
529195129 -901737386
214960001 558237937
500273085 484240167
-858059484 887421048
-54750833 866229717
-111282594 -75322243
541192253 -864701944
798344933 98441052
833283565 -614916370
21316 -46443
21326 -46439
21314 -46403
21314 -46431
727347905 852315995
-416135977 149868225
21323 -46414
21343 -46424
-643286962 649187696
-258625762 -423301829
-137402328 -983010786
21339 -46430
-703118701 79480312
833824542 -596224350
-54750832 866229716
-998712205 -830849099
672408389 901838794
-54750832 866229717
995689542 -992933293
21315 -46424
-370642546 253767903
672408390 901838794
612800167 -206185665
21308 -46427
21320 -46415
916745472 -661023936
21306 -46431
805390425 400441318
-760869234 128880624
21319 -46440
865639174 -611115623
21303 -46414
21311 -46424
-258051199 643443924
-199298952 249998441
73813319 -872100149
966417125 946776192
640811136 275268432
21311 -46430
296501758 935981050
579055659 -414448813
-299311255 822917520
163129049 -833695292
-300545902 -600458593
-188629830 -822694454
687317618 225647091
21310 -46411
-591414948 583766312
-171556052 520967341
-73001982 -938153653
727347905 852315996
21339 -46424
21324 -46415
-724801505 728830280
165680948 -893601738
21323 -46412
-41116723 233966257
99632877 -714485536
-479502123 306924507
-998712205 -830849098
-346936981 -758759484
877471196 681165801
498328539 14527057
-416135976 149868225
21322 -46443
619192715 -140796972
931920332 979760931
-975217832 211422055
781285235 855383121
883502495 -385878041
619192716 -140796972
126053502 955327557
-234528926 845295188
-519022471 -339100599
21308 -46415
-436954297 296181638
218813994 907772071
21307 -46406
-439063942 -800866717
640811137 275268432
576860539 -800608654
-847878417 201905550
994364394 357607581
21340 -46411
-413159616 781426864
406068011 -124973904
575590280 -674998391
-840439323 676723689
499977765 -184235778
21319 -46412
-574579402 70929723
-554815307 -613890898
931920332 979760930
-765261836 -683137192
21311 -46422
639250631 -182335339
21303 -46416
485620067 -975897600
21322 -46423
250428809 -317976679
-3211143 -489610648
-549958732 -593796651
-627460605 354780759
21312 -46435
-456134511 56871990
-392924500 -576861590
-10358427 -354911798
21314 -46427
112635880 931137538
-915171045 938588723
21331 -46444
916745473 -661023937
-30991866 751229744
249372598 -889828974
786607048 388303382
541192252 -864701944
187003225 987605591
21330 -46431
659388753 -203703177
21307 -46436
287061006 -968431582
469113180 765743508
21331 -46430
-10075038 113039832
-804938761 334198551
-757367136 -438644195
21320 -46419
645732008 -771514905
369179727 516410891
883145057 -594999680
554998748 -980993612
17464439 -887437981
365624187 887975420
735163367 -937217092
-869592593 323969509
-517863036 -179846184
486023066 -645144349
-285752056 588201737
-803103568 -659492120
83546463 -495922920
-10075037 113039832
21323 -46418
207019415 244795149
-203522687 128627840
236741458 -580534708
-203522687 128627839
554998748 -980993611
197460261 645350590
-757367136 -438644194
21334 -46435
21310 -46407
21327 -46424
464700896 -377069683
368901653 137771660
69483569 -627764401
887497031 -465833468
-122145836 -117720543
-572620239 786327559
21311 -46432
21343 -46406
21327 -46432
-847878418 201905551
126053503 955327556
21315 -46436
951997860 -879642199
-704948750 -613365366
404620705 -827525729
-603144449 -160596949
-300545902 -600458592
-760869234 128880625
21310 -46443
21344 -46435
435438966 -408572030
-915171046 938588723
-755469640 685560615
758981316 -60906590
867392207 934805791
21310 -46423
422769192 -748582594
994364393 357607581
485620066 -975897601
464700897 -377069683
586298493 -776537408
-194883382 -699444214
763267776 -658206697
21315 -46432
21323 -46440
21332 -46431
-257899726 336588710
-479502123 306924508
732340998 -316707290
21304 -46415
-688613371 -942557330
21316 -46439
21336 -46419
-404419184 -494504156
-269659302 967085487
-517163157 845618741
21336 -46411
21304 -46419
663576306 637374649
844117236 594408754
75348403 -841763931
-982414143 360255766
21318 -46443
21327 -46408
-479546519 -439222257
21339 -46422
21312 -46407
21335 -46436
27017820 762446608
-863893375 -526020874
486136768 -881621675
362111163 -173343672
21332 -46407
21343 -46420
21336 -46431
21336 -46443
21315 -46412
21326 -46411
-222119114 -606395344
877471195 681165801
-299311254 822917521
-225378937 10337727
-278153891 -67567941
63837439 438707830
-287167117 918498422
21342 -46407
311886304 -341492421
21344 -46439
259960411 965868256
21319 -46420
641357334 865266822
463476626 521444091
883145057 -594999681
-413159617 781426863
944170825 715383477
21315 -46406
21312 -46431
-188629829 -822694454
21302 -46423
-751999543 511425185
-199719076 -368591494
-364044167 -516425889
251144949 980770065
758093469 49434410
21326 -46431
251144948 980770065
486023065 -645144349
855253654 933091984
21315 -46440
-921978822 336913976
369179728 516410890
317977837 357708479
-171556052 520967342
-299311254 822917520
404620706 -827525730
966417124 946776191
901269950 -912617711
-519022471 -339100598
-551752365 -674615424
659190993 -52136945
383927936 -718560305
-968875822 265550231
112635881 931137538
17464440 -887437981
685332147 -931892495
995689542 -992933292
21314 -46439
-212483588 -153363171
-644629418 -438633826
685332148 -931892494
-644481637 -102362206
75348402 -841763932
-644629417 -438633827
21322 -46431
-465049520 546171018
-513603024 551215149
21332 -46419
-467093318 555813190
508788460 -279256556
21331 -46414
-828359479 -308301475
-11299563 612115265
-775703227 -77919867
-116246073 255365244
21319 -46418
21339 -46404
-250399760 392177185
255275670 -461145632
-163362212 795882813
21335 -46422
-49172870 125756583
-98569303 996095347
-757851960 -699402785
394010355 -914535478
-479502124 306924508
844117237 594408754
-739556290 -294221809
158798579 -601477391
368901653 137771659
-480203688 -746843405
21344 -46431
-801443212 534015371
21316 -46403
-519870142 446461627
729348159 110829814
-987572117 -430467372
21327 -46440
400266752 -989969803
21307 -46426
21327 -46410
-519870142 446461626
903479417 -285311033
-32398643 729832015
-519022470 -339100598
861651460 -265783665
33145386 669233313
21326 -46403
-10358426 -354911798
-149243192 -276449671
21339 -46440
655174968 -977459256
781285234 855383121
695006143 597684753
185954854 547503371
832362002 592686441
-111143303 118257947
21312 -46415
218813993 907772071
121650761 -27096432
21307 -46402
-790974970 947916364
-49172871 125756583
71075669 360856536
-116246072 255365244
738048440 307581392
463476625 521444091
-930514313 762337895
579758809 665991809
-88394526 204880626
487614229 327745235
99632878 -714485536
-439063942 -800866718
-955364425 -281683779
21316 -46423
187003224 987605592
998288330 -264793123
21344 -46407
-570209363 503748005
21307 -46404
99632878 -714485537
197460260 645350590
21327 -46412
-622925143 -727103892
126053503 955327557
-751999542 511425185
-803103568 -659492119
296501759 935981050
-14374853 860476318
21331 -46406
-828359479 -308301474
798344932 98441052
21327 -46436
434115451 969431483
-362212543 202924429
58008809 -210527490
21332 -46427
-921978822 336913975
21331 -46410
758043371 -792562676
-919773125 900858263
207019415 244795150
424709336 -352853899
165680948 -893601739
-278153892 -67567940
-488996533 -351817677
-513603024 551215150
21342 -46403
-549958731 -593796652
-49172870 125756582
-258625762 -423301828
351980136 -794323156
902817129 -678984021
758043371 -792562677
479016386 -294797717
356889505 113063042
21324 -46435
-863893374 -526020873
-176947392 103012329
-98569302 996095348
-440442442 -347012907
-176947392 103012328
-150342327 577741207
21310 -46435
21339 -46402
21334 -46443
21307 -46412
-858116872 -77115875
21328 -46435
-673825157 642319157
-565545105 -560979535
-673825157 642319156
-474216417 180705544
21307 -46430
654925273 -879132634
961577013 -944074446
883502496 -385878040
21342 -46439
60399526 -831952971
655174968 -977459255
21331 -46420
21320 -46443
554998749 -980993612
-486452926 -551087769
21339 -46432
21307 -46434
724189184 -696717130
-404419185 -494504156
-761208016 877422492
911849996 812573165
883145058 -594999681
21310 -46439
21319 -46404
-83654686 410476567
-673825158 642319157
14667960 -643237107
69483570 -627764400
-456134512 56871990
489086573 -696389728
-166638620 -583632074
877471196 681165800
510504403 643326840
530076008 964482230
479016387 -294797717
311886303 -341492421
-199719077 -368591494
955182789 314656616
-178448531 643189727
-955364426 -281683779
-144944391 457724309
21343 -46408
-484077082 725016694
75348403 -841763932
-490549556 -683688282
21323 -46424
-370081778 359262574
-998923100 -80394070
21303 -46410
-416135976 149868224
934368788 -818712018
-703118701 79480311
-688613370 -942557330
657986995 -960361700
317977838 357708478
685332147 -931892494
-847878418 201905550
21331 -46404
713219219 -385325244
498195198 -79051483
245203569 -91739025
-285752056 588201738
-691253442 -217090847
549889423 -985105749
21332 -46435
311886304 -341492422
255275671 -461145632
-998712204 -830849098
865639175 -611115622
-426784745 -582849657
21307 -46422
251972221 -147638153
21304 -46439
-572620240 786327558
-623764690 194998401
-903731930 -77716894
645732007 -771514905
530076008 964482229
-623764691 194998402
21339 -46418
397963170 -100318423
-765261837 -683137192
362111164 -173343673
398525324 -193379140
-225378938 10337727
-285752057 588201737
-967722981 313996096
333896731 220583691
464700897 -377069682
14667959 -643237107
637772356 742083693
579055658 -414448814
367501350 225199255
21330 -46415
21330 -46427
576860538 -800608655
-968872199 326441992
716893017 -916828020
-615019598 197323007
48145270 -630786644
-88726173 563102051
619192716 -140796973
-144944391 457724308
903479418 -285311033
902817128 -678984021
738462721 827951219
21343 -46412
-921978823 336913975
333896732 220583690
398525325 -193379141
758093468 49434410
21307 -46432
-699398781 323149988
-858059483 887421048
-503144555 233044578
-799487048 -380657879
-150342328 577741207
-576640617 -212172430
530076009 964482230
586298492 -776537409
21342 -46423
21318 -46427
21312 -46403
-919773124 900858262
21328 -46439
14667959 -643237108
-194883382 -699444215
-979898538 -309643938
21332 -46439
414510040 26269990
356889505 113063041
21320 -46403
508788459 -279256557
21334 -46439
21338 -46439
21340 -46439
21312 -46423
-242168687 -854632767
-517863036 -179846183
901269949 -912617711
758981315 -60906590
21311 -46440
434115452 969431482
296501758 935981051
21342 -46435
-975217833 211422055
-967722981 313996095
-479546518 -439222257
716893016 -916828021
775155872 -945550260
21330 -46435
197460260 645350589
-341439230 -699838441
249372599 -889828973
398525325 -193379140
21327 -46416
21328 -46411
198197584 152653176
333896732 220583691
21343 -46432
469113181 765743508
-480203687 -746843406
728300650 -314767965
787596533 -161274592
21310 -46415
-968875822 265550232
901269949 -912617710
732340999 -316707290
-921978823 336913976
-208824305 -928836360
422769192 -748582595
-660399774 796965109
509545892 -433998814
21310 -46403
21319127 -526222982
21324 -46403
-922056010 -960384740
830403370 -113786878
21338 -46415
579055658 -414448813
-350220882 -116708770
21314 -46411
259960410 965868256
758093469 49434409
-593386749 -344038391
-606585378 -982580352
738462721 827951218
21319126 -526222982
21331 -46424
-760456601 621552515
198197584 152653175
549889423 -985105750
21336 -46427
21331 -46402
929653845 -605847272
21335 -46406
-622925143 -727103891
21302 -46431
21308 -46423
916745472 -661023937
21324 -46439
461873756 -648188236
21320 -46427
-591414947 583766312
21315 -46414
58008809 -210527491
-808050556 -426115680
21319 -46426
21328 -46415
229034908 891981909
21307 -46428
21330 -46407
-524916249 -611596489
-874947071 525570937
21316 -46431
-565545106 -560979535
33145386 669233314
21306 -46403
442298829 735464762
505516460 562831073
89990107 428219439
992657178 -418284320
21327 -46422
-98569303 996095348
-439063941 -800866718
-703118702 79480311
951997860 -879642200
21323 -46404
-921356870 52643004
-644481636 -102362207
-903731929 -77716895
21340 -46423
961577014 -944074447
-257899727 336588710
-269659301 967085487
575590280 -674998390
844117236 594408755
250958443 -6352629
641357333 865266822
367501349 225199256
21315 -46442
-915171046 938588724
-615019599 197323008
-111143304 118257947
245203569 -91739026
687317617 225647090
21340 -46443
21307 -46444
-987572117 -430467371
-75275630 -496666750
21307 -46442
832362002 592686440
21327 -46418
-11299562 612115265
21335 -46402
-643286961 649187695
-979898537 -309643939
368901652 137771659
929653846 -605847273
464700896 -377069682
21332 -46403
963245077 -826227016
424709335 -352853899
-576640618 -212172431
21304 -46403
414510039 26269989
406068011 -124973905
-480203687 -746843405
434115452 969431483
-790827171 -862976330
95862901 348037241
21324 -46427
994364393 357607582
-122145837 -117720543
21338 -46427
-624726652 -940311403
288618108 -568022033
-591414947 583766311
-144944390 457724308
-822141740 -735017315
21338 -46431
-790827171 -862976329
727294227 -49850151
-923884766 515967872
-88394526 204880627
195411974 579546139
21311 -46418
21331 -46432
-404419184 -494504155
53565354 270251970
89990106 428219439
575590281 -674998390
251972221 -147638152
-765261837 -683137191
-554815308 -613890897
467098096 -889518576
53565354 270251969
-285292421 214259388
195411975 579546140
963245076 -826227016
461873756 -648188235
-467093317 555813190
21328 -46423
-930514312 762337895
505516461 562831073
-660399773 796965109
775155873 -945550260
743744941 -588107222
-144944390 457724309
21343 -46404
-858116873 -77115875
-925930509 492903624
21314 -46435
21323 -46426
21335 -46440
163129050 -833695292
121650762 -27096432
21330 -46423
21319126 -526222983
905162138 78893402
672408389 901838793
787596533 -161274593
21322 -46439
-760456602 621552515
-3211143 -489610649
21319 -46416
775318835 -354131574
830403371 -113786879
150340766 -726171517
467098097 -889518576
-350220882 -116708769
-490549556 -683688281
-840439323 676723690
-906255751 454096498
320312399 -458017651
21303 -46404
21316 -46419
21334 -46411
490432339 447062965
659388754 -203703177
21323 -46436
-739556289 -294221809
21324 -46419
214960001 558237938
21315 -46416
432544276 332497022
489086573 -696389727
251972222 -147638153
69483570 -627764401
21302 -46427
21331 -46412
21315 -46402
21338 -46443
-341439230 -699838442
907483203 434310405
-691253442 -217090846
-203522688 128627839
21328 -46403
-906255750 454096499
21330 -46411
21343 -46428
-608203929 -268296406
-724801504 728830281
-799487049 -380657880
586298492 -776537408
-850476715 -518015996
784849508 914116466
21307 -46438
21342 -46431
695006143 597684752
-208824305 -928836359
-858059483 887421049
479016386 -294797716
-149308495 773486456
73813319 -872100148
-480203688 -746843406
758043370 -792562676
781285234 855383122
588729355 -323931021
485620066 -975897600
735163367 -937217091
-801443212 534015372
-14100947 -978436482
-30991866 751229743
-222119114 -606395343
21336 -46403
-524916249 -611596490
-574579403 70929722
911849996 812573164
-603144450 -160596948
326341557 -57690554
-346936982 -758759484
-208584735 950132984
21335 -46414
-513603025 551215149
612376617 -882339575
112635880 931137537
255854761 681685411
424709336 -352853898
-440442442 -347012908
21307 -46418
855253654 933091985
317977837 357708478
775318834 -354131574
-923884767 515967873
-874947071 525570936
-921356870 52643005
250428808 -317976679
951997859 -879642199
-27522108 -863964020
641357334 865266823
659388754 -203703176
659190993 -52136944
735163366 -937217091
394010355 -914535479
883502495 -385878040
850445944 -413195047
185954854 547503370
805390425 400441319
-392924499 -576861590
-691253443 -217090847
994364394 357607582
855253653 933091985
-554815308 -613890898
-790974970 947916365
368901652 137771660
21328 -46431
-968875821 265550232
21339 -46438
-850476715 -518015995
73813320 -872100148
150340765 -726171517
442298828 735464761
867392206 934805791
21308 -46407
198197585 152653175
-166638621 -583632074
-48960740 -603941801
-519870143 446461627
21331 -46438
588729355 -323931020
798344932 98441053
518541841 437060738
-176947393 103012329
760485535 -549301622
639250631 -182335340
21335 -46442
-474216418 180705544
21334 -46419
21314 -46419
-370642546 253767902
-285292421 214259389
442298829 735464761
738462722 827951218
21330 -46419
250428808 -317976680
21339 -46416
-699398781 323149989
21327 -46444
902817128 -678984022
83546462 -495922919
64152945 -25248795
833824542 -596224351
-407019141 905191940
21339 -46412
-751999542 511425184
758043370 -792562677
500273084 484240167
763267776 -658206698
-627460606 354780759
486136769 -881621674
21340 -46403
-479502124 306924507
-551752364 -674615425
21302 -46443
21335 -46426
21334 -46431
-479546519 -439222258
432544276 332497021
398525324 -193379141
554998749 -980993611
-364044168 -516425888
-388637906 600946609
311886303 -341492422
-287167116 918498421
867392207 934805790
21323 -46428
113143761 877142110
58008810 -210527491
663576305 637374648
236741457 -580534707
549739564 791181331
21303 -46434
-923884766 515967873
126053502 955327556
861651459 -265783666
998288329 -264793124
-341439229 -699838441
21331 -46428
654925272 -879132633
21335 -46416
139825345 490442174
21334 -46427
960014156 706258558
-269659302 967085488
64152946 -25248795
21336 -46423
404620705 -827525730
-250399759 392177184
-163362211 795882814
-775703227 -77919868
-163362211 795882813
139825344 490442174
21307 -46416
784849509 914116466
21323 -46408
21343 -46430
83546462 -495922920
422769193 -748582594
-234528927 845295188
21335 -46408
-163362212 795882814
21315 -46422
21340 -46435
21330 -46439
758093468 49434409
-150342328 577741208
955182790 314656616
498195199 -79051482
432544277 332497021
13676705 -123373910
-370642547 253767902
89990107 428219438
518541840 437060739
786607047 388303381
21316 -46411
-479546518 -439222258
58008810 -210527490
-643286961 649187696
21323 -46422
637772355 742083693
960014156 706258559
-178448530 643189727
586298493 -776537409
71075670 360856536
48145271 -630786645
-808050555 -426115680
356889504 113063041
21311 -46402
21323 -46420
394010356 -914535479
467098097 -889518575
13676705 -123373909
10308399 -899918029
21315 -46410
21326 -46435
21327 -46402
-41116723 233966258
21336 -46415
21319 -46442
-517163156 845618741
929653845 -605847273
-30991865 751229744
255275670 -461145631
-486452925 -551087768
21319 -46414
21316 -46435
21304 -46407
579758810 665991808
21343 -46440
-576640618 -212172430
21320 -46439
-484077081 725016693
-691253443 -217090846
351980136 -794323155
158798578 -601477390
27017821 762446607
-757367137 -438644194
509545891 -433998815
83546463 -495922919
-703118702 79480312
-222119115 -606395344
-83654685 410476567
-27522108 -863964021
-48960740 -603941802
-75275630 -496666749
432544277 332497022
-88394525 204880627
499977764 -184235779
21339 -46434
21323 -46402
63837438 438707829
21335 -46410
-570209363 503748004
645732008 -771514904
728300651 -314767965
844117237 594408755
21335 -46434
-608203929 -268296405
63837439 438707829
-346936981 -758759485
21306 -46443
819632894 -744567470
21311 -46404
-760869235 128880624
139825345 490442175
-922056011 -960384740
21344 -46419
-407019141 905191939
-591414948 583766311
10308400 -899918029
-704948750 -613365367
21304 -46431
95862902 348037241
21310 -46419
724189183 -696717130
400266753 -989969803
-392924500 -576861591
-955364425 -281683778
60399525 -831952971
637772355 742083692
-32398643 729832014
21319 -46410
-490549557 -683688281
469113181 765743507
-234528926 845295187
365624186 887975419
850688156 -637305257
961577014 -944074446
-982414142 360255767
486023066 -645144348
713219218 -385325243
463476625 521444090
588729354 -323931021
-968872199 326441993
944170826 715383476
214960002 558237937
21318 -46415
640811137 275268431
21302 -46411
850445943 -413195047
934368788 -818712017
-54750833 866229716
95862902 348037242
773067344 459781642
21339 -46444
732340998 -316707291
995689543 -992933293
-178448530 643189726
-858116873 -77115874
724189184 -696717131
489086572 -696389727
21303 -46432
529195129 -901737387
-622925142 -727103891
729348159 110829815
-73001981 -938153652
576860538 -800608654
-258625763 -423301828
-906255751 454096499
21319 -46408
113143760 877142109
342125564 -505010831
-623764691 194998401
-979898537 -309643938
21316 -46427
-840439322 676723690
850688155 -637305257
903479418 -285311034
-606585377 -982580352
21320 -46435
-88726173 563102050
21327 -46414
21314 -46407
-436954298 296181638
21340 -46419
659190992 -52136945
21334 -46415
21307 -46424
654925272 -879132634
781285235 855383122
-801443213 534015371
21303 -46412
883502496 -385878041
773067344 459781643
21311 -46436
-208584736 950132983
113143761 877142109
472008992 43531911
-608203930 -268296406
775318835 -354131573
-574579403 70929723
219679751 426181248
21328 -46443
113143760 877142110
21326 -46419
21311 -46444
397963171 -100318423
250428809 -317976680
485620067 -975897601
-171556051 520967341
21342 -46419
326341558 -57690554
-436954297 296181639
-250399760 392177184
784849509 914116467
21322 -46435
-44189580 128066186
287061007 -968431583
887497030 -465833468
435438966 -408572029
509545891 -433998814
-114820658 589995032
207019416 244795150
197460261 645350589
21311 -46442
-808050556 -426115679
760485534 -549301622
21331 -46426
95862901 348037242
366077321 -86119223
71075670 360856535
317977838 357708479
21319 -46434
934368787 -818712018
-171556051 520967342
21306 -46439
505516461 562831072
195411975 579546139
21306 -46407
21343 -46444
902817129 -678984022
-739556289 -294221810
21308 -46443
21315 -46408
21323 -46432
21326 -46423
-644629417 -438633826
21343 -46426
907483202 434310405
54424509 -322315474
-503144555 233044579
21335 -46404
-688613370 -942557329
-257899726 336588709
-278153891 -67567940
-699398782 323149989
-178448531 643189726
21318 -46419
218813994 907772072
21344 -46415
-208584735 950132983
422769193 -748582595
727294227 -49850150
21304 -46435
655174969 -977459255
934368787 -818712017
406068012 -124973905
-930514313 762337894
287061006 -968431583
21306 -46411
-83654686 410476568
21304 -46423
751198409 128294734
743744940 -588107223
326341557 -57690555
255854760 681685410
-225378937 10337726
-804938762 334198550
-416135977 149868224
-370081778 359262575
406068012 -124973904
-474216417 180705543
579055659 -414448814
708244055 -251044359
21343 -46410
641357333 865266823
245203570 -91739025
342125565 -505010832
-467093318 555813191
320312400 -458017652
-122145837 -117720542
-524916250 -611596490
819632894 -744567469
21303 -46444
-149308495 773486455
187003225 987605592
-14100948 -978436482
510504404 643326841
549889422 -985105749
760485535 -549301621
500273085 484240168
775318834 -354131573
-137402328 -983010787
738462722 827951219
-822141741 -735017314
-392967381 849921090
218813993 907772072
-73001982 -938153652
251144948 980770066
-426784746 -582849658
-869592594 323969508
249372598 -889828973
21315 -46404
21343 -46414
-436954298 296181639
-760456601 621552514
911849997 812573165
288618109 -568022032
833283564 -614916371
21308 -46419
21335 -46412
362111163 -173343673
21343 -46438
250958443 -6352630
21303 -46436
-362212543 202924428
553647262 -104131440
21312 -46439
-439063941 -800866717
-30991865 751229743
-869592594 323969509
-222119115 -606395343
333896731 220583690
-757851960 -699402786
296501759 935981051
-208824306 -928836360
518541841 437060739
575590281 -674998391
-111282595 -75322244
-551752365 -674615425
21331 -46440
21335 -46438
21311 -46434
21302 -46407
-955364426 -281683778
743744940 -588107222
-166638620 -583632075
21310 -46427
21316 -46415
-608203930 -268296405
251972222 -147638152
-757851961 -699402785
-517163156 845618742
21303 -46438
21338 -46423
21339 -46428
-287167117 918498421
21311 -46408
-519022470 -339100599
713219219 -385325243
-199719076 -368591493
21322 -46415
21318 -46407
21330 -46443
21322 -46411
833824541 -596224350
-14374853 860476317
414641896 94890134
27017821 762446608
21315 -46438
21342 -46411
21331 -46418
165680949 -893601738
530076009 964482229
33145387 669233313
-503144556 233044578
158798579 -601477390
-199719077 -368591493
13676706 -123373909
71075669 360856535
708244054 -251044358
-188629830 -822694453
486023065 -645144348
21308 -46439
-627460605 354780760
-48960741 -603941801
500273084 484240168
-922056011 -960384741
-234528927 845295187
21307 -46420
-73001981 -938153653
-790974971 947916365
-467093317 555813191
-660399774 796965110
-88394525 204880626
-465049521 546171017
21328 -46407
960014155 706258559
-724801505 728830281
-549958731 -593796651
69483569 -627764400
397963170 -100318422
21311 -46414
-576640617 -212172431
21328 -46427
529195130 -901737387
687317617 225647091
998288329 -264793123
-643286962 649187695
383927935 -718560306
-285292420 214259388
907483202 434310404
963245077 -826227017
198197585 152653176
-404419185 -494504155
479016387 -294797716
424709335 -352853898
992657177 -418284320
931920331 979760931
-803103569 -659492119
-392967381 849921089
498328540 14527057
-869592593 323969508
-967722980 313996095
21331 -46416
850688155 -637305256
-456134511 56871991
-863893375 -526020873
-258051199 643443925
64152945 -25248794
-757851961 -699402786
367501349 225199255
992657178 -418284319
21331 -46434
-370642547 253767903
-364044167 -516425888
-370081779 359262575
55408954 -956634342
724189183 -696717131
-14374854 860476318
-203522688 128627840
21336 -46435
498195199 -79051483
55408953 -956634342
786607048 388303381
-803103569 -659492120
367501350 225199256
75348402 -841763931
21303 -46418
-49172871 125756582
21315 -46430
549739564 791181332
708244055 -251044358
-606585377 -982580353
-257899727 336588709
-258051200 643443924
21327 -46428
461873755 -648188235
14667960 -643237108
287061007 -968431582
-761208017 877422492
21311 -46438
-32398644 729832015
365624186 887975420
21306 -46419
-503144556 233044579
-225378938 10337726
-623764690 194998402
-615019598 197323008
-3211144 -489610649
295820027 215529561
784849508 914116467
-915171045 938588724
499977764 -184235778
21314 -46423
-41116722 233966257
-41116722 233966258
-75275631 -496666750
21335 -46432
-545539976 657774636
21306 -46435
21342 -46415
-968875821 265550231
-925930509 492903623
819632893 -744567470
442298828 735464762
21312 -46427
-615019599 197323007
21308 -46403
-574579402 70929722
-362212542 202924428
-194883381 -699444214
-300545903 -600458593
-593386748 -344038390
21339 -46420
-14374854 860476317
251144949 980770066
21339 -46426
21343 -46434
-755469640 685560616
351980135 -794323156
-199298952 249998440
-362212542 202924429
716893016 -916828020
-413159616 781426863
21319 -46438
-149243193 -276449671
150340765 -726171518
727294228 -49850151
505516460 562831072
64152946 -25248794
850688156 -637305256
21302 -46435
461873755 -648188236
-285752057 588201738
966417125 946776191
-603144450 -160596949
-775703226 -77919867
21311 -46406
21343 -46416
865639175 -611115623
-188629829 -822694453
21302 -46439
-572620239 786327558
21344 -46423
21311 -46420
553647261 -104131440
637772356 742083692
883145058 -594999680
342125564 -505010832
-116246072 255365243
-760869235 128880625
-699398782 323149988
830403371 -113786878
-545539977 657774635
553647261 -104131439
-114820657 589995031
21319 -46428
21340 -46407
-919773124 900858263
394010356 -914535478
732340999 -316707291
696890573 57028250
369179727 516410890
-903731930 -77716895
21327 -46442
-426784746 -582849657
400266752 -989969802
-88726172 563102051
588729354 -323931020
21303 -46408
-98569302 996095347
-975217833 211422054
-364044168 -516425889
-987572116 -430467371
21303 -46442
639250632 -182335340
659388753 -203703176
861651459 -265783665
-137402327 -983010787
404620706 -827525729
21324 -46407
10308400 -899918030
867392206 934805790
60399525 -831952972
-14100947 -978436481
-755469639 685560615
351980135 -794323155
-488996532 -351817677
-278153892 -67567941
-474216418 180705543
214960002 558237938
-341439229 -699838442
-111282594 -75322244
955182790 314656617
-488996532 -351817678
-242168688 -854632767
21319 -46406
33145387 669233314
659190992 -52136944
911849997 812573164
738048441 307581393
414641895 94890134
21331 -46442
21331 -46422
738048440 307581393
951997859 -879642200
54424510 -322315474
-799487048 -380657880
259960410 965868257
-627460606 354780760
21311 -46426
21330 -46403
751198409 128294735
-858059484 887421049
21315 -46434
727294228 -49850150
21312 -46411
48145270 -630786645
229034907 891981910
-967722980 313996096
763267775 -658206698
21323 -46406
-258625763 -423301829
219573504 787971567
472008993 43531910
21303 -46440
-426784745 -582849658
657986996 -960361700
-593386749 -344038390
-921356871 52643005
21326 -46427
219679751 426181249
-808050555 -426115679
21327 -46438
639250632 -182335339
21327 -46420
21307 -46440
-757367137 -438644195
21315 -46428
-863893374 -526020874
612376616 -882339575
-790974971 947916364
498328539 14527058
-822141740 -735017314
-998923099 -80394070
-874947072 525570937
21318 -46403
-350220883 -116708769
-407019140 905191939
434115451 969431482
21323 -46434
21315 -46444
-524916250 -611596489
-114820657 589995032
112635881 931137537
435438967 -408572030
498195198 -79051482
-513603025 551215150
236741458 -580534707
-484077082 725016693
89990106 428219438
21344 -46427
579758810 665991809
-75275631 -496666749
-149308496 773486456
-242168687 -854632766
21342 -46427
-27522107 -863964021
695006144 597684753
708244054 -251044359
21320 -46423
21307 -46408
510504404 643326840
21319 -46402
612800166 -206185665
850445943 -413195046
-930514312 762337894
207019416 244795149
-551752364 -674615424
903479417 -285311034
-975217832 211422054
916745473 -661023936
21306 -46415
645732007 -771514904
861651460 -265783666
-998923099 -80394069
-982414143 360255767
21319 -46430
487614230 327745236
907483203 434310404
21342 -46443
21319 -46422
-440442443 -347012908
21331 -46408
727347906 852315995
229034907 891981909
383927936 -718560306
21331 -46436
498328540 14527058
-761208017 877422491
21315 -46420
-413159617 781426864
833824541 -596224351
342125565 -505010831
-775703226 -77919868
259960411 965868257
163129050 -833695291
612376617 -882339574
21327 -46404
185954853 547503370
366077321 -86119224
579758809 665991808
-83654685 410476568
-925930510 492903624
-998712204 -830849099
397963171 -100318422
-208584736 950132984
295820026 215529562
728300650 -314767966
295820026 215529561
21323 -46438
-828359480 -308301474
