25
14 17 43 56 69
11 28 40 47 63
8 21 54 62
1 22 38 57 73
10 18 36 48 74
6 69 30 59 73 18 45 43 44 16 62 37 55 41 72
7 25 38 21 75 3 46 39 11 8 34 65 36 63 61
33 10 42 54 17 14 70 12 27 13 49 47 48 15 58
5 22 60 35 2 52 40 26 56 24 68 31 29 28 20
64 23 32 66 67 51 4 53 19 71 74 50 9 1 57
14 18 37 48 63
13 28 38 57 62
6 27 46 75
5 30 41 55 67
8 22 36 53 73
32 48 16 68 18 10 9 50 58 2 22 33 30 73 6
46 34 59 17 41 25 11 24 69 56 3 70 47 53 38
37 8 55 19 51 44 15 61 7 71 28 63 57 26 67
4 43 29 62 45 12 42 1 20 64 40 39 75 21 13
49 60 5 23 52 36 72 14 54 35 66 27 31 65 74
12 26 35 59 64
4 25 43 48 67
15 19 54 66
8 21 36 60 75
2 18 45 53 73
35 16 36 6 25 20 42 70 30 39 43 22 33 3 1
50 28 15 74 4 46 13 12 52 73 40 61 62 58 27
7 23 32 18 31 37 11 34 55 66 65 17 68 57 2
60 54 75 21 51 64 67 38 59 69 14 41 29 26 9
47 72 53 5 10 63 44 49 24 19 56 45 48 8 71
3 29 38 55 70
12 21 43 48 67
7 28 56 75
5 22 45 50 62
6 18 36 49 63
40 10 59 74 35 23 29 72 32 55 42 68 73 15 1
26 61 21 63 47 14 24 27 13 16 66 6 11 18 53
62 58 56 71 37 70 30 49 25 51 33 60 52 4 50
36 17 8 69 44 48 54 9 2 31 41 3 57 75 28
20 12 5 46 65 39 7 67 43 34 38 45 22 64 19
14 24 31 55 68
7 25 36 52 64
3 30 59 74
4 18 39 53 67
1 17 43 47 61
68 74 71 18 23 53 8 24 32 49 38 2 50 46 1
12 30 11 7 57 21 64 35 27 36 34 20 39 10 9
55 17 6 40 25 54 69 45 4 14 52 72 56 60 28
41 75 48 63 43 31 44 58 66 67 33 65 13 73 47
3 26 37 59 51 61 29 15 42 62 16 5 19 22 70
3 30 39 46 69
2 26 37 52 70
4 20 48 71
7 16 42 59 68
8 18 32 55 63
9 13 55 37 20 8 47 22 49 21 10 2 14 25 17
54 44 56 52 61 28 29 33 32 48 57 43 34 11 74
42 46 73 53 19 40 36 18 65 50 3 7 59 69 38
51 64 15 24 62 31 27 6 16 4 68 39 1 45 63
75 30 60 5 58 67 12 26 35 23 71 72 70 41 66
8 17 37 47 63
6 25 36 54 66
2 23 57 65
9 26 34 52 61
13 28 41 55 67
62 36 16 39 20 59 37 28 71 12 11 19 46 64 42
45 63 53 24 7 34 18 40 65 41 60 69 31 4 17
54 13 47 9 75 43 3 56 66 27 52 6 14 48 8
25 51 58 70 33 22 49 32 61 73 15 67 35 23 74
72 21 5 55 1 68 38 30 2 44 26 10 50 29 57
4 16 35 49 70
2 21 41 54 61
12 30 53 72
14 28 37 52 71
1 27 31 58 63
16 5 7 2 28 23 22 10 57 32 48 74 36 39 19
15 31 12 29 35 73 46 62 30 61 24 54 72 13 58
37 66 26 65 63 56 20 42 18 67 6 75 3 53 25
8 50 47 52 11 60 69 55 51 33 44 45 1 34 9
41 38 4 59 17 71 68 40 70 43 64 49 27 14 21
12 16 32 50 65
10 29 45 49 72
5 19 53 63
14 23 42 48 62
1 20 36 46 67
48 18 31 10 8 57 22 25 26 7 3 61 75 54 32
60 53 52 73 9 4 17 30 41 20 33 46 50 12 5
34 58 38 28 35 11 44 15 21 51 64 13 55 2 42
62 29 56 23 45 72 16 68 71 37 70 6 40 67 49
1 66 43 63 69 19 65 39 27 14 74 59 47 24 36
9 19 33 49 71
13 28 43 52 75
2 22 51 64
10 24 34 56 69
1 20 38 47 63
28 75 58 17 53 70 7 11 9 24 60 44 26 62 4
57 1 16 19 69 18 35 12 23 25 50 51 49 6 43
38 5 13 72 31 41 65 36 73 40 22 74 54 46 63
32 30 64 27 71 45 15 2 59 55 56 34 42 3 67
66 68 61 47 21 37 8 48 39 14 52 29 20 33 10
13 26 32 60 68
12 24 33 51 72
4 28 55 75
15 16 39 47 66
5 30 35 52 69
13 52 71 28 47 22 35 15 18 32 26 63 61 3 48
11 39 37 24 49 44 30 6 23 57 17 34 19 62 29
59 50 73 56 27 8 66 43 1 51 21 40 65 38 55
16 70 46 25 5 74 53 20 31 58 12 69 75 7 54
42 67 36 60 4 64 72 14 2 9 10 45 41 68 33
9 18 38 53 74
3 23 31 54 73
7 19 57 75
1 26 34 56 66
10 30 44 48 65
20 31 42 28 24 19 60 14 26 73 40 74 66 9 52
1 22 21 30 27 13 25 64 67 61 43 33 72 2 56
3 50 32 63 7 37 17 18 44 65 38 46 53 36 47
35 58 8 48 55 69 51 5 6 62 71 49 54 45 29
59 16 34 23 12 39 10 68 70 4 11 15 57 75 41
14 29 39 58 65
6 20 34 55 75
5 21 53 64
3 23 38 50 61
15 17 45 59 62
61 72 45 32 69 30 12 15 46 73 43 23 20 10 28
52 44 26 29 53 16 70 18 35 71 9 4 17 47 24
31 67 22 58 37 63 74 60 1 64 59 39 14 66 41
3 13 62 6 7 2 49 19 42 68 34 48 51 57 21
5 50 65 36 25 40 8 33 11 27 75 55 38 54 56
11 30 44 56 72
8 18 34 59 66
15 23 47 64
3 20 42 57 69
14 16 36 51 62
49 11 70 14 41 16 60 63 13 22 15 69 42 34 54
45 17 20 62 28 23 47 31 27 21 30 10 25 29 57
43 33 40 48 66 37 36 8 74 58 24 1 50 52 51
3 6 5 56 18 71 55 67 19 44 61 59 68 39 65
73 2 75 72 35 32 9 53 12 7 38 64 4 26 46
15 17 42 55 62
14 24 43 60 69
2 29 58 70
4 25 41 51 74
7 23 34 49 66
50 63 20 38 37 62 44 28 41 55 43 61 18 40 57
11 70 6 9 65 51 68 12 33 54 3 27 4 10 15
67 24 17 47 22 58 60 35 53 45 71 29 64 36 23
72 39 49 21 59 75 52 14 31 34 8 48 46 1 69
32 74 56 26 16 25 5 73 66 2 42 7 19 13 30
13 19 42 56 73
2 25 34 59 72
6 18 51 62
4 26 45 60 75
12 29 39 53 74
48 15 58 32 8 61 35 20 47 45 73 42 7 55 16
4 67 25 54 14 22 37 53 11 31 3 27 71 17 44
36 68 24 59 21 72 41 9 40 28 38 51 5 49 66
60 2 12 63 34 13 62 1 19 52 39 46 23 70 57
64 56 30 74 18 43 69 10 26 65 75 50 33 29 6
5 27 43 58 62
11 17 34 53 73
2 24 52 66
15 19 37 60 64
8 28 36 50 61
21 33 41 6 4 1 72 27 18 48 5 75 23 44 8
69 19 55 40 67 43 32 29 70 53 9 2 11 25 34
15 62 51 10 65 58 3 52 35 26 36 30 17 57 47
24 59 49 14 13 66 64 22 20 38 45 39 60 73 71
7 46 16 42 56 68 61 54 28 50 63 12 31 37 74
5 28 41 53 65
11 18 35 57 70
15 27 54 62
4 22 34 49 68
6 26 36 51 66
29 14 53 67 30 43 8 7 12 70 15 1 62 41 2
46 25 17 24 65 10 22 71 31 39 51 34 4 55 6
37 60 3 42 38 44 45 56 40 47 50 36 21 69 63
27 72 68 20 18 58 64 75 5 26 13 16 57 35 28
23 9 52 49 48 73 19 66 32 11 33 74 54 61 59
14 28 39 51 71
2 26 44 46 66
15 18 54 72
10 23 41 52 64
6 30 34 53 68
15 23 35 36 59 43 70 16 49 12 1 27 2 38 6
29 21 5 68 19 22 37 39 4 25 57 14 72 10 56
73 31 40 58 8 64 26 63 18 44 71 74 11 41 48
45 24 3 62 55 7 60 33 34 54 30 52 53 61 51
28 20 65 47 67 13 75 42 17 69 50 32 9 66 46
5 17 45 49 63
7 16 32 57 65
14 26 47 72
12 20 39 48 62
15 23 42 56 75
23 49 3 32 59 27 24 56 26 11 67 47 22 15 6
63 54 60 66 68 71 30 46 28 10 57 65 8 51 9
42 40 58 5 35 45 21 39 61 36 64 41 1 48 34
20 44 70 50 16 73 29 2 72 43 17 4 62 52 37
19 74 18 13 31 12 69 25 7 38 14 55 53 75 33
9 20 34 47 69
12 26 45 60 65
7 30 55 74
1 25 41 56 71
6 17 42 46 68
54 46 15 62 51 30 1 42 38 43 52 14 58 9 16
2 48 5 55 75 41 13 25 35 67 27 59 44 11 74
33 69 57 10 68 50 29 20 47 73 45 32 17 49 71
28 60 37 4 72 34 26 66 22 21 63 65 70 64 12
19 6 39 53 31 56 23 3 7 24 18 8 36 40 61
12 24 43 55 67
11 29 40 58 65
13 22 51 70
9 19 44 47 62
15 27 42 50 72
15 3 71 5 19 36 40 33 31 30 35 47 66 18 72
20 8 53 26 23 34 50 58 21 61 2 17 56 37 45
25 70 43 16 6 1 54 73 41 12 38 55 44 51 24
75 14 29 65 11 32 69 27 74 39 9 28 22 62 60
4 13 49 52 59 48 10 42 46 57 67 7 63 64 68
12 21 36 55 70
2 23 40 49 66
5 22 56 65
6 29 33 54 72
9 16 44 50 61
38 66 16 18 11 61 41 54 4 29 24 60 30 5 36
19 55 34 8 35 14 25 7 32 37 15 17 52 67 57
59 40 50 43 49 68 47 45 31 2 75 63 64 6 1
23 39 69 27 12 20 65 3 48 13 26 58 42 62 72
9 22 28 44 10 46 71 74 33 21 73 70 53 56 51
5 19 39 59 75
14 26 41 56 70
9 20 53 66
13 21 36 46 74
6 30 33 58 67
15 22 9 27 33 25 52 32 66 20 34 60 47 1 74
57 16 28 14 31 46 23 53 41 30 29 48 37 70 3
10 59 4 65 49 50 73 5 21 39 71 69 43 8 35
56 12 38 44 18 7 51 75 11 63 58 64 6 67 61
54 24 45 72 42 40 17 55 36 68 2 26 19 13 62
11 16 32 52 65
6 19 39 57 68
8 25 51 62
9 27 38 46 67
1 22 45 50 69
70 54 39 17 3 55 75 19 67 7 30 26 18 74 41
34 62 52 31 36 8 49 12 16 43 32 15 38 56 20
5 33 23 10 65 4 22 50 53 11 40 1 14 48 2
51 9 64 47 69 58 61 63 46 45 59 37 68 66 29
21 60 72 44 6 25 71 35 24 13 42 57 73 27 28
