2171 31
8654372 738898216
565789704 535553537
89939311 673804482
43146608 105839858
758181896 771103922
587880950 49385614
285353653 69825896
28579881 798660462
145434892 44733442
3786235 181841770
366428774 314249479
519775113 744425192
789056894 211014996
256914044 50174901
310480580 811466366
713886753 774557059
521465357 124640688
94149080 974660340
490176374 335769938
201936487 535553537
568351989 158565318
167019726 772457302
348077206 357095785
604879412 194588511
711423289 346523276
290152644 536189794
40221747 288206752
560813277 151389889
652412991 282446167
658832776 477904604
720482739 921374479
234823309 67585476
972639974 620717123
165705777 17581634
375628831 747792754
413439113 346532418
715095588 394833532
123129644 17753319
271194671 250167293
126917990 227835364
607543008 161880594
540586460 358131008
219129113 511869038
398390841 576699511
318025434 785082648
8263691 682720904
234949353 69387248
15746282 184975696
409679699 745837852
2634181 51960945
449732411 724244357
579185291 789074236
874446163 374115932
524650617 189171571
404696009 458673265
18501810 764187848
436358591 148364332
492861980 533139722
289736877 885049155
340548368 91775128
411563762 284246720
326248066 690532327
702024463 377091397
546561178 582562042
288971465 728869279
46519499 210130819
137693346 325553693
708828828 350414261
178460216 137187472
270016695 81616437
659278761 73963857
12090741 740902048
253068887 458302633
676687018 504794159
62486267 530400816
622138934 1921761
164486612 193060347
927871931 224517595
329189602 558448802
973468369 239382571
283501772 648950455
43637991 28579881
125459556 68855335
104781840 628764404
346450679 210209441
992387615 176049298
772551460 436803787
332130418 50886512
762131702 95264709
600103726 557025558
202769160 601994268
770464079 188019670
418479078 394636285
226574659 473760167
83607990 242539388
406970911 372102959
730665985 626186348
407763296 205091152
34653276 628764404
724625651 155856187
29657779 574007917
648962900 194797741
679485312 26956747
288661299 137053906
174554337 334737760
368260172 622185666
249428830 138231418
980282088 38279790
311210958 502273961
157930159 207864589
458008893 298876508
494960917 117840883
50709428 571889660
771780934 677713069
22514703 267268012
119823518 407399351
847774268 697861756
515368852 518679921
489621586 4651189
338400253 420523338
385641831 209608000
569111431 263850817
363864929 5306836
691715340 247135106
447323474 142962660
314223796 615177692
257789867 461674846
13914332 17674113
848791605 831892271
261052415 187342102
862856644 142662221
397306749 651842242
727228390 657769053
930397712 181878964
412917369 150710443
557660194 22409340
526342293 669201484
2435569 70955543
134108771 407514790
144365897 147561986
271406368 316776093
344769296 99088574
104720317 703763149
757241905 65234077
547292760 27971690
413340403 238009607
551949937 630176876
449369359 599218121
17229081 855146929
583101060 58523290
436504159 100782269
196736930 326248066
986007169 147853798
195031652 574704299
631658654 22380868
973469721 488489698
714491515 796308545
628825513 474581130
689281902 598768628
612443320 936930872
725803051 633094530
114530897 817042974
84868262 689281902
77594661 599257069
323703305 739533419
466966072 684311731
612850411 506319183
290152644 231536397
47815425 746229405
927871931 641210169
686011229 759892878
10881164 654541854
100756003 645394502
412714633 24216125
56274220 180921757
190198939 912554931
281323305 644949928
133863887 217656938
692430746 357536049
25688201 67585476
171291479 16417574
788054416 334790810
718346339 3189572
490979083 188060802
348077206 34241365
189202713 65146755
85135293 73125414
659627164 600684266
85175568 168426615
788140025 82825690
88450198 295673894
436504159 582854621
796393191 202574073
117840883 61920951
152683463 705248167
315117575 65153858
457161277 815631000
482308865 871394568
707888245 112874029
844260949 477866243
187131074 94184735
95851940 797806122
879820101 659812505
82382735 231030763
6411777 707683869
245944332 644118321
200016309 840881860
15619118 476839714
560104498 519853984
628644218 558304589
939939626 193539426
289319572 904055203
127546900 540082247
556427431 206850924
12961290 649536716
435684191 842364687
756996807 142739029
54405699 812855930
174921970 30998080
143768411 705248167
473760167 164762491
675610664 84571915
436960150 298916133
585554213 1090860
720069986 199233982
105750946 464497350
122997981 514744555
643970570 214588905
641326433 122627056
972270170 329462752
270820356 846253413
355155392 223074977
73872134 423520469
84418017 932062042
489835550 67626317
804517730 232247431
23516170 319804934
429261442 340373164
790761570 142855686
658017963 295155530
633758903 181841770
377519548 477618002
468029265 833752505
152092810 458788273
258334977 783457445
625820460 20795266
623940322 70630948
735879368 560813277
19869032 88696931
192796578 735343969
10863887 12924466
296247115 262448669
484332237 606252838
54405699 111018726
752439900 153458481
59431882 958673458
899413915 582101297
104655323 724625651
71400887 928700488
864649054 357483560
915576669 114055704
797046752 224820682
740902048 306915083
87826616 863828702
406538562 152699310
29532751 210325017
30911133 501309284
33082898 569459167
225073946 855146929
76617771 131104279
679978434 101753246
662427287 249330608
146866342 373371013
30978934 524115726
889649819 692745968
494466674 310929014
911084045 568169634
905287452 84345032
84200098 744425192
99882554 454263336
671986542 509247884
528577934 33961082
288661299 123457604
91039173 504794159
742209345 693270041
132461710 433606883
148493879 627712900
36759971 168205863
586037903 327162679
3416248 407763296
126492209 727425695
243379952 370324175
121969067 236083691
260520251 885930055
481177072 128443234
86429144 785053447
523601425 11800788
741696659 632667035
608797309 218588592
446072475 62528233
239491647 313163003
708458914 690707351
80989212 585554213
552791680 480315136
382519754 300164520
80453663 765870035
842906248 170378544
355989450 182251089
672896938 196735034
461674846 584508586
19559900 725777866
525800376 982412736
601052111 126443305
637468 619130423
196483038 707683869
851130323 112659492
592577311 317327891
961706901 25254077
527372991 427639062
741496046 462295534
90235781 165240192
432505741 468961439
312099650 581939952
610298070 590189635
630052098 270534868
631193624 277756
162772235 400632036
236620626 737565996
33784289 642592453
371191147 396358467
914594707 337445441
757408336 741638193
697005617 86341260
366428774 314668092
498285559 327435939
450543560 190608044
38931160 7891168
292883009 17523904
113359815 148318275
67451163 164486612
126492209 34030080
796393191 93877801
62690180 917557770
180921757 212095456
215831616 71936077
172368561 888116122
418751689 80948868
518679921 338162119
628914606 393540509
354818234 199420289
10189945 852852876
53195625 417321965
28257451 196643152
67994653 690422913
663374555 144952944
24028278 419416829
441485435 964769251
759892878 75444546
948223619 983910
466425862 795540106
763213419 665925091
520850244 583491050
852605357 70485660
766909060 282983646
679978274 821469673
106032360 562606302
523382939 3830489
433042359 431165229
623032516 538096716
262448669 204759
578619462 182828144
366117848 435990941
671986542 119669687
965745893 670162364
101582120 800015894
560263191 907579899
33305144 109935653
773766850 555041324
233590426 450143558
171228499 489242976
955479929 616330983
79945725 171455647
257668990 753234484
140408548 530400816
168205863 354577179
43640539 575629639
124836224 67570998
606733385 6288678
198555296 669104188
739353286 815689344
54707719 449828636
947493428 590737030
834167668 144969828
529462589 296670875
588680659 741697389
445963646 782678791
693184617 834579
643824291 421197190
8426004 814439392
544255434 294102817
977805947 375852348
200080018 407502942
791026526 503528434
294854225 145238283
477158344 13507169
684436398 725777866
75295445 357536049
642537896 592577311
449582441 245187714
921531598 763044674
290811682 25370867
285832965 591986967
220801002 827754384
161684179 993756182
332967516 86912001
773683961 468400121
132037103 927701283
19939369 766368901
339075256 490845962
541628080 980425115
103125684 315055306
89878280 875711852
50700809 112815457
571798669 360329848
476809605 71558721
757307624 65422808
852516197 101510370
218588592 74839581
841765460 641492586
466745919 338400253
442822370 648078448
127316741 532035748
138555287 429553260
879820101 193718466
449288823 12379558
421649096 500033033
117344732 22107865
662427287 354644603
97221329 87311720
505441002 669104188
111582742 78059149
982412736 327730595
567697858 597644551
865871646 575552529
567540408 5857065
677727773 261131782
872641165 75905075
380097693 327447202
314637050 92403490
729394614 654420800
75851739 26896578
387357367 464244619
929803758 233482102
718941858 76562309
891467944 768688320
220979074 449732411
175064409 326882222
529124417 996462432
767271575 4302608
440018706 272798171
409679699 96460601
147661129 625419257
285702577 769417082
60638475 123451779
458328413 119823518
60505087 157930159
475456023 521488881
238714993 141693120
339243313 674579889
75851739 6659878
160892332 868979267
494002071 322509274
186681136 663628682
264537007 596172587
65471926 186289961
958795448 90901461
340548368 761755843
112428803 558512063
354129535 492861980
261260248 35381
282493263 175378378
559271361 339270648
394942483 512138973
143964499 150710443
864789145 65223087
120286864 147357228
672713205 182701592
851003197 637154449
146345293 149907778
597138956 88078618
22822913 976610255
837769500 16113920
575221658 706023472
117846397 364284565
242539388 823936250
236690563 426975457
606120706 115591031
148806755 643347389
276868771 602957359
7796425 149698488
141259577 650878529
139637336 115718688
599750653 80765131
132409155 852605357
250264485 719989919
62509114 709191887
747143172 65079926
797112972 162731660
249428830 122280092
150967664 670520082
730765738 549417598
29657779 54909654
885496862 581169710
198876137 85713388
444653996 889687606
754314758 492101592
489100468 995665881
465471386 906698061
184646399 208843530
791895335 404712267
612850411 50562685
6185309 889903277
157855048 929803758
101091071 153458481
572895313 152973179
398282910 459593611
699238519 629384322
625497284 32482818
453931741 444868289
436960150 543382320
472309953 675610664
23118191 185938700
617067783 153918629
871085336 304140251
384569532 432505741
31978776 30588916
239430498 1439477
268309841 769120341
558927872 634076302
399236859 620365357
17627913 222370865
244122329 250437038
107314919 135035511
884009785 316792378
127893302 385790728
552714263 980282088
961571336 119229089
131278899 551949937
502990275 299786350
586322800 27110941
320979685 939968522
119033158 885930055
880814352 892575763
78973912 713886753
340761293 164229344
175840125 837408043
14819657 387960832
542990151 250614553
5538645 616506114
955479929 249396781
993756182 762190477
983445648 393268046
64267224 831527594
887951004 195677805
560105247 582774515
111270883 264502398
380076215 265795467
571838685 377236970
475292353 739533419
23467912 112876799
222572707 609182211
189466550 157724939
305966231 16753375
150967664 171778371
273959762 78088631
210385432 585666422
85033743 529278375
234666496 952334030
361673229 393834761
198352353 62509114
667354164 271854270
165007261 119066567
194202039 879183018
35515381 248196606
931546028 659849942
733692528 144547134
516307278 504983956
471229301 701206294
815689344 220512501
851599301 485345642
959615890 721472189
827754384 170536148
438890203 692401102
561011822 413439113
171833895 72348875
340761293 38665471
276367912 9254245
351867724 682947528
9829259 10162259
964681271 274523754
235118572 286624632
639745229 344114332
519435332 476809605
376572466 176397568
445591381 290165066
251546669 499505574
122346556 33487814
969442560 174172094
214588905 155025088
542290821 22544635
622138934 31634695
132687716 390148686
737535059 81471833
387960832 67260415
436059023 722767224
784260870 704183620
518961437 390731298
47581083 564398749
54907299 924986008
129197977 880811470
760218535 189479808
191624137 722552960
269508852 181727129
944746308 487781827
324834092 95237223
128490132 108506359
241702633 729847276
400743771 577609678
321878071 27638508
355989450 421724122
623865916 936154897
950732425 428729793
34437896 728634237
878011489 210325017
328916654 36059941
176299857 231710594
915844554 245136377
14281875 392493406
355155392 333806891
239430498 295012397
17269135 812265233
83717774 377928111
876500563 156307500
972792874 107429809
681494807 614179221
880811470 250355432
326799317 129410275
200326739 460708371
387374495 513381054
118549783 905287452
786083157 178346298
44733442 151016982
977537460 200301424
190705986 748992173
120228430 4586468
216413736 284257904
98147035 115756348
841264334 71391382
470425336 240983872
100198690 151244312
86767020 337539544
382519754 256717348
514439588 391564702
326882222 33442991
113359815 796905156
506563634 362785178
492266961 649888459
525079486 399502389
213661957 449828636
248987083 444842911
156898936 350414261
159949634 859355691
389553589 589398797
376854108 444533773
53746288 186148292
221298607 655941340
347381979 42049480
498120398 693891737
125759193 374350423
62988328 424024765
301765973 245229276
248519471 497536794
550821710 449894380
362508306 359360113
740075022 140507511
108679440 124267882
449369359 308326119
620718685 753311851
541587477 583255916
184618028 473673803
384191364 23516170
352462903 67626317
676658256 580969893
30794873 570705193
772422441 592936269
161705122 80765131
972128118 384383865
785348064 26598003
194164068 359410917
318681327 31239203
840173365 192270126
501993210 82771509
374457058 730765738
132073833 195794481
813421791 6298198
6599709 679485312
35442739 489795330
703763149 486273736
469511450 11135015
41923140 633094530
59670732 557660194
43783471 490176374
27709514 143370329
407129744 300400623
20595166 649536716
92939207 164852653
99139132 485679288
119963189 841765460
252623394 184975696
376572466 710871689
216617844 464244619
460708371 118679085
878870307 129314342
13821654 662534434
614686649 624087809
67570998 117466803
397848095 137845237
94662852 745666045
85175568 739117625
839496179 46874906
661653092 770703503
711423289 519204488
11808762 789074236
51285199 570705193
134392273 757884350
65753773 16139170
744286047 702578613
367492491 266214083
93850832 769417082
897346374 134386836
466069080 64622229
470287535 741532626
574842800 386450487
300069957 78971067
515458026 309335845
964489613 279353866
115630922 716108419
233590426 495079873
397335344 392120472
299830481 468649602
562606302 96862455
103812371 259345604
491082374 548442373
293834649 791210253
595143821 90460053
27709514 59524486
71924483 842906248
183374997 805979808
331260368 507333867
595121766 136376811
961571336 149140587
306726961 734323879
627673046 178256598
803016951 232225110
214333806 128888002
146762626 513456564
657919931 26556410
276551373 162772891
396423295 339075256
112874029 134410208
184606435 872641165
516014495 56430392
468303965 660210520
791210253 410161649
784105987 297697895
224507411 611709915
77308762 373566444
631816893 213433810
616074905 315514699
484332237 97743460
417068363 30822988
810867565 12177885
648007982 144476864
981556431 82422196
816482554 755328789
123978892 7808651
449075881 584186609
225396938 496640619
639164645 82841671
652657560 684104586
31239203 310236244
385428221 294973207
500467286 152074197
959448338 169117528
511869038 172208037
367492491 495241692
741638193 168433321
743827862 222370865
135509129 974714456
904055203 552978881
160692280 425059494
394141953 82596277
467876444 788730820
93989349 614324187
36454731 219893590
395268062 114574548
200081396 814439392
440011803 560104498
176024582 625497284
655395828 442943174
144365897 120807690
389790101 175237999
331079696 430550353
107765533 388538304
156424500 910631043
716296607 143122526
450543560 513388254
399758799 620365357
276551373 474772247
186148292 337590862
837375568 308410941
316470299 964681271
459770706 874136930
172809982 433042359
986528245 51693464
17561043 700287361
797204110 419800200
48617706 326005039
837265667 248918205
744783582 857365859
211041819 655192494
470560191 577137637
501993210 56663607
31905171 256914044
332306466 312660460
398520796 335317930
790761570 153596188
128006740 499505574
318601163 955583083
531676460 437896413
88584978 448442974
118411700 384312901
94645828 47205699
82584779 126443305
15652499 941116093
339116591 769865860
241861848 936154897
5527410 293453591
99139132 218317010
223569936 879655784
838860602 769262383
146970740 600103726
757241905 16845995
292449414 657919931
481177072 74451581
352657605 947779713
11041753 267268012
326005039 911248081
54074841 662216250
790010692 93677310
223080204 882205381
335000580 833755367
351408635 407702329
228534178 856187122
740256220 782642013
948223619 378569499
231245008 510507625
232539820 547292760
127220262 65581398
108418700 458788273
244372395 673627563
637228635 49543357
278809271 751071974
408658105 887449093
788140025 56609426
27172773 924986008
4925222 429037821
189107402 417321965
354388195 919576217
848599429 207029640
263368976 569459167
355902533 450911000
663374555 57941871
313696500 775528057
237313607 981106427
71890127 852852876
395433925 304032479
739382394 825948583
60638475 730079192
422710778 468941111
499100364 53709772
128002334 274570861
207612295 82581845
782584763 107865698
17386153 11127231
269508852 422248082
885254844 103432732
85410055 655192494
509846819 359961680
139818485 993448272
357092930 213317144
115995912 81471833
434444395 778568522
86475439 123956221
299775581 97949273
498224265 464497350
396358467 516078110
263978694 77308762
639745229 581727325
885254844 487561321
910858628 924235332
644118321 73061492
147754357 817623040
8185589 290811682
667395583 310375097
319953290 419032787
862856644 153789653
734534667 299652394
708899975 89176287
253068887 428966624
502848199 516576149
13881044 104141416
621283540 804517730
717345301 912554931
932543086 3123489
785082648 980390
332306466 244221408
718861422 373371013
849986208 324834092
532637666 919954569
394141953 296957132
11127231 301619671
617533711 380918571
197821330 917557770
424897384 65469486
754862418 625790491
297119805 780627061
226869039 86341260
94169224 162634548
231522766 260086228
70955543 31120887
890090367 642592453
24917274 764106848
214799246 121777385
269522644 180133477
295135392 932062042
627673046 82254912
292078807 384997445
213334387 263068938
811466366 327064558
508944912 179577472
502273961 292764253
247217121 162171743
769878611 227738420
170810973 566198366
784821420 330721660
370501937 483365586
953345632 327653939
286993460 23704943
480423692 627712900
485043346 69791664
180133120 354818234
394150208 797112972
755212593 854199257
475456023 365780376
856187122 658735079
29254726 408507567
196178412 805979808
415408490 31993742
374350423 116543834
440563512 586037903
93698228 590189635
443251464 792663229
613388375 21769164
268589141 106727395
482300218 699581906
40164528 195179605
127220262 16498674
316776093 47599456
619130423 81442604
3325105 721059400
727360120 30853518
449582441 358787497
269871241 996462432
918006435 827260347
849481001 15503219
419205314 542278974
322908088 92403490
60255670 395911999
628567250 100871839
286067684 191543025
103985794 126189830
622185666 315376718
784331099 868979267
433606883 135907966
533975455 124584489
899413915 216894361
334586937 245669158
773723097 5127582
395302058 218784416
847306343 764156458
879655784 155983473
270016695 622379861
871394568 383418899
823118653 645394502
581939952 455626541
121218432 783457445
468303965 263664136
580507299 112876799
223801217 764187848
892575763 6454905
248918205 50003590
665683066 2598430
90661003 364284565
329405712 789834113
523180480 211741450
601471186 92692869
616506114 236764382
27227567 563344116
679727586 772497650
228387573 337931620
262629762 535815283
17826027 282820315
32536715 637228635
766801420 578320936
556556895 52040894
931071071 175452170
427639062 326157980
115939032 597644551
590901189 35737888
217364902 105839858
228768595 375123393
20149569 412561787
88220536 147357228
334134132 202791493
563344116 269224307
770703503 42343206
19775604 335000580
162575297 128914294
13975560 68855335
271939872 615482476
114263102 139416465
630098949 743378936
502543855 295673894
888250331 701072901
89477629 111598394
69746600 163222234
85927420 250614553
149907778 62162107
182265449 634627818
383984496 734534667
575629639 809890432
111607731 457118148
99882554 471578321
315117575 525840195
609419946 36249514
965488006 574846750
912556395 366471019
222434175 113950916
470560191 60407501
624479213 560100617
385015397 280069633
834244458 449558563
276367912 72825827
75001513 385790728
91267404 769878611
756526513 170399731
643824291 524026241
58920636 140507511
576451969 741881922
74812887 466069080
217656938 470111324
41599723 816611190
107314919 161416363
559135338 470920250
739728740 65119850
160717376 762846496
76773236 363864929
17239851 245229276
80911826 583101060
708899975 594460603
11449124 623940322
109404952 25124044
134392273 3571425
64833705 887951004
57477033 330721660
564931337 830347702
85135293 8954658
135532065 122444392
488490794 571838685
228573315 851003197
207423082 78059149
233167305 708458914
172438 181259698
203568876 886919038
691715340 13376404
274435701 652412991
60504812 869508693
719284443 171904318
781784291 84195571
440018706 318195882
447323474 125407016
919576217 36948955
124378802 148806755
682720904 25292765
56375428 885496862
542290821 901330021
769865860 52220559
3917094 553898349
280069633 298621493
754613158 489242976
188365640 73612071
762131702 201187165
29497738 170167794
328075408 559135338
131992865 595121766
33782900 422960994
696099583 912882874
878870307 139055334
568263625 275365348
136110011 721059400
760172016 151502515
282231851 444383275
65146755 756020718
445963646 104590466
68709807 889649819
690463538 76110706
174447609 188375151
143165699 837408043
124189157 188247567
556556895 208470616
244324135 537114885
958795448 48533655
8587662 592493887
55744860 677927779
83080063 384429952
725845836 558289743
348927467 350849661
206230386 122421798
392368640 289195079
557100305 839496179
43405733 444107136
662158888 886919038
944746308 116193384
407502942 96371856
745666045 113844548
137394019 246787487
317165871 912556395
821747479 236208373
477904604 102622999
567540408 236445962
524945357 885740859
43454894 968638830
586557113 615454645
231710594 427675354
766138440 681687357
524650617 439746000
188761865 758181896
862604275 932543086
161485429 763900709
692595441 17769087
36160878 348307223
125002381 974714456
5299005 196643152
236988147 114309041
155516295 507452606
346967337 362785178
868074431 138986379
214664519 321878071
209608000 456656622
263452239 4693182
693081901 240791858
117087924 291086841
303278241 161319917
645824853 716108419
502990275 645437081
895125028 268257447
216670818 684311731
905879539 278451592
239590931 660908726
125190645 20269427
168627092 520665818
832267792 107027582
226613062 272600811
273916172 399502389
449525468 770464079
80004602 51320999
571981030 723395495
504059036 104355499
926546705 803794051
137677572 799564457
994070893 587446349
558512063 811445853
558289743 127685135
817042974 24904219
659849942 13677403
261827629 773493828
350206042 500377946
746446513 797806122
244886324 978369011
794884748 851130323
126402739 407514790
13507169 448683313
655395828 422784590
19719661 801825488
55149840 645879854
64056348 34281109
936930872 311431336
684356694 130492585
975305366 109679861
833308461 239686381
459481401 482609554
384312901 84483115
603440456 214846312
663025291 249633689
214275426 394219124
574842800 539391170
723591400 113901880
209810290 120992905
606355344 304197308
539914816 688149351
568390363 297224050
58486248 418751689
185537349 368123990
131626465 123978892
74159908 675782104
503875374 569111431
624574118 393595743
846253413 490635419
13288381 637801955
28428874 773723097
695997116 130313987
96395097 51539114
716998127 184646399
61810645 125190645
442039764 285021197
130814581 959265753
544600558 784105987
69902187 810867565
359961680 251608956
842800817 147688951
693184617 81245493
388037311 330219063
512438343 513174483
264502398 131032144
554055400 595209838
235147417 861672559
965488006 186609025
248101829 93866590
906025685 475231194
10733543 976610255
370324175 17131558
151244312 39236426
690422913 140512747
478599360 496640619
587276172 905879539
494002071 68827876
808853131 987874421
693359203 888116122
206573594 875711852
340874263 529462589
186709614 229069636
213735166 164621599
533975455 83922911
53365042 865871646
773766850 310686440
695997116 460680066
889913574 528577934
458967116 76713333
685458656 715966352
420873771 71201830
148444670 995665881
786787237 18578906
631658654 186126532
164989627 754272856
457118148 184844143
101921193 26598003
271194671 453829005
151832070 124267882
798236803 56123152
226455663 477618002
219315019 744688960
465053990 235184069
162855280 219315019
455887520 573111291
617067783 165087195
830347702 322337920
589940594 915576669
586557113 146001130
788730820 374422009
158106424 19791495
517289153 244122329
816611190 161295092
491702882 559933761
980515123 5594874
983445648 374458145
214122634 917804020
151502515 199693771
288971465 32586496
283116598 249381869
153419216 592936269
910303930 156849671
912882874 157431388
598361521 58519362
246787487 130975657
273512863 835740001
696335925 739728740
921374479 239383048
244116632 569367454
112259088 161215388
216577867 366257935
907599005 40023175
134495640 196991996
65079926 160401068
847306343 161685199
878726567 863966633
906025685 208405696
89805574 291129335
19073436 631082131
194442077 955308922
164621599 82716708
229225075 104686200
234304469 87174770
467764195 754314758
698876975 283892625
126510650 10863887
195555202 214846312
121702518 889010724
559271361 264704563
638886102 939968522
43874594 624479213
160717376 144697744
108456182 524115726
638264909 517475112
212246355 270534868
957114920 292182219
792241669 525878586
704578538 900219
753234484 38782884
454282686 89248075
417063250 713204821
406538562 55808090
179194240 706423540
19143596 465471386
95030644 219194989
457943977 393451422
204813680 109057331
104995215 507452606
578892356 144281248
324276777 362508306
200631164 748992173
115756348 663308740
764106848 57162798
383632358 304723672
939939626 435378145
109957138 727228390
629778121 249698268
121749649 824947977
126647504 108221011
641326433 196378768
364019127 493075500
150427989 801214416
585366724 78426554
12374591 182828144
9078799 444556169
350030944 556427431
740991652 406040764
813421791 202209202
719113650 664634178
77632918 669201484
14207551 84354043
296448650 524065740
87174770 356689584
708328061 568752067
846142191 75521447
150545292 693081901
910261969 150714678
741696659 4878103
912142833 61836226
822678315 178460216
651842242 456224222
552791680 287411055
782028128 220442807
319834984 708767470
31993742 529814941
694739453 809253896
770991520 201637659
328215093 325581068
257169598 912142833
47205699 850577603
974443169 123302114
202402467 959615890
538096716 14512622
586231688 298902676
225749409 179263468
920388001 653036282
132919966 884510389
297596449 552655650
366117848 417540030
943913574 775696970
970945947 717680440
480363079 501346138
514783638 464211962
284724715 64056348
308008059 747792754
424493150 4925222
959953888 439373967
540220640 19869032
412561787 583825642
49039627 414136624
183262452 89248075
580993738 233217792
390069128 638264909
758817478 127904848
253252051 16139170
877443591 981556431
846352123 8506562
241855263 77453090
109404952 354429365
441196782 62528233
537621786 362410378
681687357 32857218
103799887 113967404
136472495 413811038
22952212 599420060
842835474 723681926
27523242 741881922
685343456 231030763
18066952 168600590
99769131 315055306
945300483 429462808
938451423 492636968
762640710 68376424
308598191 123947587
346799420 167254175
359972884 94842848
74011760 196991996
867089774 619506417
133832776 815631000
49475750 280479957
594196624 93866590
301798974 392368640
118329876 210385432
851599301 438529014
331572165 412650870
57745576 35381
625820460 61284806
104188061 568263625
392493406 589693336
470425336 558011786
10384190 191543025
21317541 260554882
128592180 731629921
696369085 495599822
453556711 668329340
241029305 85334902
447178752 66111258
660500816 506386588
702371398 309890254
364019127 305920158
337931620 409157565
512276178 114574548
357880663 13006272
959265753 668181077
565240780 21463005
18632610 304098956
419416829 9528178
346450679 32093586
751503613 148658032
919766665 332931722
243185368 775528057
34625569 145631352
141693120 57736881
745590361 394219124
95479099 852976954
801825488 62360411
484353831 40640005
860988862 237540239
264276195 58599786
301847824 295155530
558304589 297197439
294143513 241866580
424024765 145519072
332130418 874955145
444868289 150043470
66427573 941116093
79530792 400632036
713653567 500467286
178830350 371489272
530799076 225387780
189863800 970945947
411423414 491082374
80602552 758817478
89939311 191923282
621770040 508521619
639374368 482272351
559387458 241866580
766909060 604285611
105983497 69825896
684104586 200873411
302574777 339417650
86061270 28835591
202993850 347147545
494005151 497840990
154608916 112026309
159001140 852516197
458932595 299775581
787430828 227777088
489621586 203856211
14670369 769262383
578354638 558448802
17581634 102663899
668074268 95030644
223021100 13921752
989267219 101149429
598361521 237932512
569612003 331263267
539399326 475626866
614324187 202462525
482982306 209810290
477866243 115604838
721162016 805329704
144749376 714178567
46621687 919766665
700899296 537114885
710208900 882532312
830386728 604159829
22892290 723681926
353121071 691994944
402619971 355902533
644385757 770279156
717004715 409088367
129259547 92311317
449429457 487703217
710435760 570122242
189407501 847774268
202081280 288206752
334970361 339417650
220488335 907599005
429334968 540082247
204012962 964365730
112657712 986007169
122761500 464211962
94605520 723591400
251312 109935653
502807027 662216250
267880679 96084611
907272970 164401966
172709072 833955611
751503613 93644995
189025810 154106148
803744353 113967404
93430622 647258089
953345632 276321272
313163003 56960227
172257886 609419946
490043914 664402666
666158384 834713589
259596332 475626866
256319527 845596616
128888002 177003344
968638830 660541404
890398918 489795330
661061247 452387635
694739453 56473868
38290065 964365730
886325361 284473103
518321700 903122147
234078327 834244458
427023845 129608554
384734214 586231688
377928111 176793736
23317343 508944912
778568522 419086576
31936511 885740859
303278241 107049759
363310884 553966321
129479059 604159829
51960945 205873219
88783895 20454257
492636968 21414364
372102959 538252520
749979130 6518701
179194240 147107431
126428844 357880663
770306876 635197831
205308272 612022490
28447206 188375151
732741209 773319820
473777717 652615909
320922990 47375845
842989163 671015695
362936635 722767224
652668049 188790655
296851494 426992386
785122442 206230386
12288408 485043346
846352123 790489096
389790101 428737212
160939867 972792874
673891315 387040702
13881044 803402824
321942290 5776554
60907262 267005850
177539840 124516396
785053447 675026631
617935028 28835591
338484930 183409462
464173151 995011893
9340331 412714633
79375216 337249425
233972081 529278375
419747099 961536739
770306876 290643826
206671937 194098582
936635769 592493887
261826305 145631352
848599429 111976184
807096330 652679185
750467841 825242300
565013553 960274919
506373571 789087519
975305366 132623166
666493782 720069986
327180681 612497106
709249723 578892356
251961396 573588261
950053873 92521088
219591346 972128118
648078448 481052286
213344027 519190863
635794936 640987041
866437643 205902838
540007905 920443589
397848095 661150421
189140885 845436356
393385756 129531791
286122787 647258089
863828702 231179208
433883887 514744555
555645661 543059425
817623040 456220854
879829 429553260
282952997 881580260
580558900 668153305
135826664 911084045
621637290 993448272
343084606 591986967
231417094 71523856
116549949 994070893
17138882 171291479
61840455 599257069
260936493 248196606
473579521 676830478
300019479 419205314
677927779 26335212
741496046 391235437
65312679 169030198
729095518 898374274
203995048 261052415
398245954 493495462
459593611 230634661
141092159 471229301
628825513 229415168
77313400 754272856
465873352 848041127
101753246 243896222
427622321 92311317
103583209 680165965
422960994 765212758
73963857 108447430
35851907 680165965
233729146 106632599
554109334 978369011
506006772 810751764
756996807 764805211
566198366 37696427
964489613 39651958
256613045 129608554
503706340 640253423
837769500 123321196
407702329 556135605
515458026 374301045
481680811 624463791
644870031 207742414
572895313 238363971
789087519 261352620
434703244 994878547
852394400 645879854
346799420 41253225
23727197 10162259
101600273 885049155
88078618 310405284
634627818 501371441
439520258 569367454
852976954 461402769
179993111 42362993
180654968 214846464
803996698 373561921
782028128 47926869
290432641 183409462
76562309 240923929
168600590 665569938
254110911 22952212
958004666 415913922
622008205 260086228
346766327 390731298
115259923 825242300
30990497 719284443
979638419 465130405
626750508 814901189
4586468 271108720
91588349 910261969
75561371 749979130
326799317 112892752
223837135 54991407
484356222 964769251
641664507 596673704
43975714 258468929
75819684 390148686
84284206 487021378
596172587 31914867
740991652 297955534
776867373 795869440
249006834 107765533
437197751 732410474
136983544 231417094
957114920 336735352
30888806 582774515
19716745 652668049
88783895 240057253
812265233 243242375
731629921 10842936
38563277 628567250
70702465 179263468
194161436 114127267
24009726 600684266
660772530 124262487
862560050 2299099
32656237 704578538
840881860 118989515
756526513 755441926
552670473 621456542
491277157 6075829
491467149 459287662
328672163 277756
708767470 237046884
188247567 172262717
544633365 487021378
803794051 33319082
91230494 278585110
673627563 146964755
347381979 595495658
423015965 7908452
490979083 20446598
872554067 97221329
228768595 423872265
21575260 869508693
291536447 453556711
40293759 805329704
781784291 124311829
43975714 686754502
209728682 198978150
516014495 152077008
484474753 290284284
539089756 733692528
980425115 62347131
910303930 696681300
361140553 326346061
17732598 889010724
740256220 16353645
521465357 254912721
425059494 543304018
102564631 200474624
327823016 560119129
552655650 293397604
459287662 137450422
881580260 96600412
660957472 78441786
806394811 989267219
86490712 930397712
501346138 123612132
788054416 369205488
741664280 158106424
283455277 275416918
991353960 31004054
74951250 363310884
624574118 243949395
776867373 91399817
523446168 413340403
232863045 540586460
39746379 463523164
526484451 674579889
168627092 183330480
165101667 444107136
825682702 380144834
73306424 539914816
828090902 84354043
644870031 764986
816688137 414136624
418897965 327447202
113479398 296448650
955583083 449125028
964952669 537812489
653018433 165867382
134741934 263452239
575972075 412650870
130966417 621456542
963708453 336655642
920388001 30600608
961706901 934611710
629778121 387846870
476839714 192888282
529239638 863381209
814901189 226780463
506006772 115089893
469511450 692861283
8369383 982941275
662534434 68258418
778815763 332967516
606733385 27267778
708328061 198974124
699310905 21317541
30588916 571996435
22672080 382481196
368122191 616074905
154608916 847839478
436899214 452311036
206406270 154987306
79909050 907124231
2712096 660908726
348307223 817370093
2616646 833308461
445591381 633709590
572971157 991353960
35560573 210130819
194016060 368123990
394864038 655257783
792241669 157758304
277629150 361140553
660772530 172189387
515767753 214799246
416420560 444903634
760218535 129526016
82581845 895105
550821710 187650758
121316100 562460015
915844554 134417032
576699511 158491027
117344732 274344009
444556169 251432711
174554337 348899130
958673458 149075518
293853444 665683066
370137721 59754116
186289961 16608146
26268525 261131782
426975457 467305735
931071071 748422486
44329497 568351989
895125028 28194427
525354600 429261442
109937378 170167794
99026081 763900709
57712511 521820059
33230185 831313065
39300040 186709614
384881369 299830481
496918301 626568823
486454023 155834321
789834113 61931438
106315953 442039764
30911133 458556503
852831361 728634237
227777088 99838429
786787237 360974503
546561178 377303745
140931324 245451767
698362035 307279107
63514134 560119129
868510098 458967116
663025291 10877821
293453591 678109480
962704547 724137601
513198883 139637336
27340371 85334902
845436356 129864939
803016951 10077917
3856946 282033793
175676807 601471186
17753319 256423765
803996698 533982319
416898923 152145213
373089906 418479078
299655309 730665985
666158384 72830651
204813680 270496078
201870600 157724939
395911999 577289468
89805574 312845876
816482554 189894642
423143310 977805947
245451767 178074500
322960726 762640710
207268475 500033033
33193729 108298971
611255309 126576933
624463791 279774964
961536739 445980665
145177035 658869570
660500816 438836843
719529307 653147743
151408003 419729777
702024463 476439574
59407992 382481196
16767393 169030198
7956741 215782624
305717443 637801955
154060635 236988147
842800817 651306707
278809271 10383801
222434175 154418760
492912395 436899214
195179605 802133925
208327379 374554126
668484841 395302058
202769160 165731923
109383061 884510389
521820059 81722605
573607878 530799076
124568191 795540106
615482476 365605266
122346556 670508484
167138422 15321187
492813479 744555931
382234143 135588857
945300483 412835645
456718904 331079696
25599715 215782624
136395809 492861396
126189830 192466080
146111006 600604130
392029562 503157061
192796578 32382222
158929390 800015894
57496517 939474974
69746600 228114916
664634178 134417321
19246430 693270041
738898216 73425700
181259698 853358533
509580717 579107242
797204110 445927564
713204821 508778407
437896413 105868678
25648004 423015965
166192321 690463538
524729681 50700809
54289222 541587477
473673803 111833846
254864655 413811038
21769164 273880882
711194174 76617771
161880594 96453290
38931160 25665288
22568700 23118191
220226226 963708453
95933344 654440322
243896382 821469673
203996669 109824814
842563292 104713126
36454731 336988278
334134132 93660381
269522644 62169550
9827242 235118572
644208808 740038685
964952669 66162722
897346374 5048280
337539544 52668096
473777717 271258747
42107968 914594707
824764576 993996762
198978150 109277142
492861396 131973867
386551941 157193746
120395952 621770040
32175679 58599786
15321187 129313452
328843981 571889660
613960781 468023602
161447943 304032479
862560050 31257357
686464132 486454023
974443169 195703710
985537644 22696653
860168395 320922990
179993111 218148517
91499192 327180681
757307624 195088702
326905108 487566511
281455900 770279156
658869570 123192641
47464791 444842911
468029265 73791735
265426142 194161436
291086841 22347192
104695029 259345604
434551288 347147545
698362035 249602761
376161489 514439588
532035748 671678917
27846479 713582478
200474624 526352940
364101053 205348779
123236460 165007261
208094469 35737888
669023152 52193313
234949353 772911205
79727730 128914294
304098956 14923846
185795900 494005151
283892625 224997681
468023602 69676109
673683467 402333326
297248250 734323879
416298307 487703217
70814054 325553693
539357964 292883009
205048376 786100642
309695435 681494807
25187073 982941275
543218780 611709915
241875837 799564457
31283093 182701592
154106148 676701954
368672245 654541854
335317930 443777657
772788557 164852653
155291937 920520762
188037068 696369085
617605769 766368901
715966352 156839797
595775287 126647504
59613264 825948583
233510493 864649054
787576148 729074357
35630455 910858628
750887011 853074511
571798669 493201123
339148664 972639974
463523164 551247674
319953290 171961266
553898349 204590306
417068363 51257084
303897281 881908237
655941340 407618964
906567128 451476121
122444392 106770962
162634548 108725591
736896052 374554126
54608672 866437643
973540553 502265028
300069957 123923748
275416918 307538776
106329824 150427989
987874421 78416126
718010524 77453090
590186351 124516396
467474379 273189752
502420149 356683586
172894818 600604130
296851494 340733805
33707733 554055400
604879412 13918889
121365657 459481401
784260870 203360620
187131074 166326775
155798384 842563292
301662972 673683467
132985160 298876508
2558376 174921970
673891315 520503538
444533773 2699301
766801420 287406828
5709977 713582478
648199871 206671937
199773959 13410941
424897384 618167404
180654968 414071107
385428221 296020846
510507625 452391882
126652543 973540553
60617067 565240780
360760850 773735678
522041712 626569225
663962620 820924633
612022490 91143602
299834960 871085336
426353797 959953888
404696041 516576149
859355691 108420042
606120706 844274756
829117686 585366724
569770583 104686200
562460015 802558556
843703231 839534352
80131284 247217121
119922422 448442974
313732930 666149557
851359428 128490132
286993460 179189872
65989614 558018131
294330634 245669158
467474379 569108701
254447924 223021100
886325361 95080306
759266923 274570861
3120856 13410941
45426521 520850244
283501772 296272976
703566757 584341759
1595256 389553589
523601425 21755668
139416465 94244298
722552960 50678890
684635666 31401873
89477629 130704633
8198886 753311851
90235781 633755466
104355499 383210221
771780934 282152718
518344322 283116598
443251464 131211427
21176898 449288823
393385756 736195973
11992039 497536794
305941338 188365640
625419257 243676021
378602075 321929002
28370300 499100364
125427337 384429952
570122242 57290431
282493263 623617280
64030536 648007982
85713388 192461013
380076215 325198586
243148938 666149557
449813842 958004666
883806255 463749322
267880679 172285065
664090105 770991520
109824814 56514841
498285559 434019836
370137721 644242182
215831616 196433599
411705085 840173365
866781645 660957472
171492942 684635666
460852685 716296607
663628682 81688540
157193746 539289716
657279755 719989919
16750425 79909050
87156074 528343834
397335344 567745315
723416905 598905939
773683961 160517450
225060492 841264334
737565996 392296945
558018131 73445502
541286305 216577867
923874656
590994053
798995658
925841657
202894815
296451874
319005824
391337150
260511510
379553409
82080072
842298453
208507400
865727764
242303027
853530971
887269257
907544240
767726191
603975211
761455775
628917571
703996298
959865787
683636890
556881868
637545138
33556456
268369676
139435116
945223431
