4 5
35 53 51 13
72 91 88 52 21
5 10
92 19 26 22 59
93 25 90 41 60 85 78 20 10 47
4 4
97 70 93 32
23 44 89 48
1 5
90
99 98 84 53 16
4 10
65 56 44 17
50 58 55 27 68 56 28 43 75 24
4 10
100 80 65 88
81 52 27 34 14 78 17 20 85 39
2 2
74 67
85 28
5 2
37 11 49 12 80
15 70
5 2
88 67 28 93 47
15 97
5 9
17 62 84 46 28
10 73 92 67 57 19 13 63 47
5 7
12 85 70 35 26
71 22 46 52 14 83 58
2 9
71 72
76 17 71 94 98 85 74 54 58
4 1
58 46 34 23
84
3 10
100 81 60
46 33 27 82 81 96 14 16 72 21
4 7
29 75 13 56
82 24 87 15 35 86 93
2 5
32 84
99 31 16 79 66
1 6
62
54 30 87 29 61 14
1 5
71
57 71 85 98 39
4 7
31 74 69 34
22 54 18 20 75 24 90
5 1
13 18 35 33 95
54
1 6
55
36 70 66 60 18 63
3 8
99 20 55
67 44 30 74 52 41 11 84
5 8
50 13 36 99 81
74 98 35 10 67 91 60 38
3 5
19 69 59
27 89 56 47 63
5 2
64 45 78 59 46
27 26
2 5
24 52
81 75 41 95 85
5 9
92 43 96 23 55
76 11 64 27 25 71 82 60 48
4 1
29 73 31 36
50
4 9
24 67 14 73
52 99 59 97 95 54 19 12 83
2 1
58 92
45
2 7
58 30
83 17 12 56 38 92 96
4 5
74 31 28 46
73 80 58 69 37
1 10
39
47 14 59 95 57 77 85 68 60 75
4 8
66 53 72 30
67 99 14 49 98 77 28 55
3 2
19 39 48
56 43
1 7
93
70 44 40 38 94 98 12
5 6
69 24 100 52 44
61 56 83 59 86 65
5 7
20 77 22 21 86
18 72 53 64 41 87 95
3 6
55 35 14
83 57 82 45 99 26
1 9
62
54 93 26 21 76 90 88 51 11
1 8
73
80 23 67 66 17 36 63 25
4 3
98 71 12 42
69 28 38
3 10
45 68 60
56 97 49 47 50 33 59 22 12 72
1 7
42
69 84 58 83 14 55 53
1 3
75
88 79 50
3 10
71 80 33
30 29 83 67 69 15 25 45 71 51
1 7
46
100 39 94 82 97 12 88
2 10
62 16
85 65 37 61 89 16 47 18 84 38
2 9
16 56
23 20 87 69 57 86 61 50 30
1 5
17
77 21 32 84 96
3 6
20 38 80
20 100 69 94 91 80
1 5
89
22 17 75 44 27
5 10
30 80 69 36 50
46 47 72 83 97 21 56 70 12 89
3 10
20 37 55
90 51 41 11 21 15 99 92 28 56
4 1
25 48 10 24
48
2 2
44 100
15 67
3 3
10 66 14
37 20 57
4 9
89 81 90 57
42 82 76 88 57 36 12 95 91
4 6
79 76 94 81
60 43 38 63 96 50
1 3
29
14 94 100
3 2
95 39 26
83 86
5 8
38 57 85 70 92
99 66 29 58 28 24 55 81
4 5
44 16 64 38
99 43 74 47 11
1 8
61
94 35 52 50 19 21 41 17
2 9
29 96
91 81 13 20 61 25 33 95 86
2 8
47 83
60 85 84 72 27 44 65 52
4 4
25 60 63 86
37 77 14 86
3 9
52 40 100
30 63 57 69 12 43 16 85 94
3 4
65 71 29
84 77 69 15
3 7
31 40 18
98 99 57 28 46 21 45
1 8
56
51 77 89 20 25 82 64 47
1 5
29
47 28 88 15 73
1 7
12
78 88 10 35 69 87 80
5 7
17 54 74 48 97
84 63 41 11 95 90 82
2 7
33 100
80 39 90 45 16 77 100
0
