1000
6845799 9646830
3556458 212915
1701844 8757947
9980516 4559024
219143 3535961
1803793 1154969
9726442 3368820
1647113 8709198
9342221 2521065
8998225 1997635
3126284 364357
7576545 714978
6751013 9683370
550267 7280323
7810107 864386
3633771 190279
5913051 84073
7924539 944501
587322 7351228
5129426 1675
1256 5112043
4537588 9978572
4927186 530
4800924 3965
9809392 3632613
3701 4807649
8955417 8058541
7821656 9127742
2263623 815237
361297 6866128
8333836 1273670
7436897 9365952
4625268 9985938
8680993 8383828
3137485 9640155
7484595 9338985
6855792 357152
45455 4327327
1974029 8980389
7212914 9483638
9946625 5728629
6201066 9853601
106009 3975867
909358 7875178
8382109 1317428
54983 5739466
83203 5908354
2892915 9534335
15067 5387865
2820316 500114
9236595 7655421
116219 6071766
454159 7082145
9489657 7200677
1441893 8512816
7950195 963126
686603 7528755
1071406 8092919
1417393 8487825
3565449 9789787
7773506 839752
7786704 848581
94522 4032379
53528 4270336
8116581 8909850
8028049 1021191
7682940 780778
2262338 9183922
5289807 8406
9235012 7657946
582722 7342575
9766711 3490541
488330 7155188
122249 6098883
385661 3074416
3020600 9591511
3626326 9807600
9922539 5876701
7193739 506949
73201 5852440
1932673 1051392
4397576 36424
4285488 51316
4855836 9997921
7074660 9549262
6898969 374644
8726406 1666249
67865 5820999
254876 3423994
6453293 215866
8986837 1982530
9460918 2741636
830151 7759050
4352253 42135
5810048 66054
4892172 1163
3532813 9779891
5007531 6
9383904 2595549
1107560 8138297
7785223 9152413
9393099 7387610
3806128 144625
6143014 9867599
2281176 9196188
9751743 6555937
432224 7033573
5642731 41482
1243817 1699835
152273 3775440
4672994 10705
5613805 37819
2576965 9373660
7675881 776297
1447109 8518091
7408071 9381917
9571702 2975267
277706 6643149
6369106 191097
7660758 766755
8844249 1802853
2324910 9224203
820027 2256311
8608914 8460598
1305101 1631362
9656790 6820525
70296 5835476
3832241 138278
5630439 9960095
81012 5896411
406932 3024215
280322 6650647
7223175 521441
9999853 5038301
6392813 9802090
415369 3004717
9151396 2213261
2269825 811188
8059833 1045582
3771288 9846676
2320180 778796
453284 7080233
9226148 7672017
2198528 9141468
7459220 9353417
8758300 1702246
2373502 745413
25379 4496860
8069127 1052791
9032923 7955593
6298298 9828501
7140704 9518560
7210657 9484751
350708 6839587
7509389 9324692
7706761 9203980
49214 4300203
29746 5544584
104840 6018533
582077 7341359
4854100 2129
56340 4251519
139087 6171122
4527319 22393
4180917 9932454
6577648 255421
6576400 255007
9963848 4399824
1903764 1074019
9933005 4184244
3330549 9713060
171978 6300078
8212735 1168769
3017283 9590080
1446928 1482091
510437 2799131
9996644 4816827
5876769 77473
63945 4202902
5466963 21853
7497462 9331591
1304371 8367838
9693970 3277604
4765582 5498
1038114 8050157
786900 2307457
2358066 9245019
9189 5302992
4965490 119
201397 3595220
362651 6869491
1939247 8953706
5851675 9926931
7888030 9081578
7488493 9336750
1090094 1883491
2559121 636274
8170760 8866042
2075898 944186
3848827 134324
9975370 5495674
4639409 13020
3197692 336130
3988358 9896589
9845179 3765398
2763279 9471809
3866509 130175
1426597 8497255
9098192 7864406
9841215 3749944
7656985 764386
3823156 9859531
706830 2437054
4185502 9933213
9953241 4317793
8631480 8436910
8089198 1068480
2286094 800630
212744 3557022
39463 5626957
5835518 9929697
7097150 9538938
6770582 9676007
992996 7990638
9995915 4797940
6081151 118288
5233024 5433
1864791 1105072
71630 5843308
9598608 6962856
2856753 9517355
7601694 9269799
396991 3047487
2930410 448429
5780707 9938674
15014 5387193
4294641 50003
8137670 1107054
9999323 4917702
7929457 948052
1442561 8513492
8426 5290159
872257 2178345
4360676 9958958
9073100 7899976
6074870 9883099
7048552 438922
83645 5910745
203649 3587548
8036392 8972446
9998941 4897094
6846822 9646423
1665965 1273848
6255752 9839740
9994293 4761176
841983 2223150
8610934 8458490
1122443 8156667
9392741 7388268
7962613 9027769
9949837 5706479
6602369 263713
62579 4211410
5120668 1456
6367508 190642
9855671 6192671
9898916 6000313
7785355 847676
4692041 9493
4303389 48765
9999862 5037127
3146007 9643566
1216839 8269204
6734414 310458
1613165 8678226
2067851 9050000
5730064 9946414
6684657 292354
609931 7393177
764677 2342550
509186 7198314
9518575 2859328
2639545 9407749
2008381 9006272
4693415 9990592
411610 6986624
6285593 168101
3553886 9786309
6758041 319264
9857938 6183401
8285767 8768785
9849462 6217670
3635520 189782
1924090 8941925
151654 3777895
9409231 2642315
9195408 7720028
7348962 9413884
8157212 8877114
5156859 9997539
7578724 9283712
9154482 7782136
1479009 8550017
272973 3370517
1309018 1627071
8648590 8418742
7823172 873294
180293 3669428
4192007 9934283
9099621 2137639
842583 2222252
787967 2305788
2922911 9548154
6596623 9738227
5266488 9992893
1810444 8850549
9454926 2729838
403688 6968227
5718986 51964
234018 3488241
9978839 5459527
9354450 2542610
6530710 9759929
8008746 8993426
9025049 2033692
745398 2373527
2780825 519457
40716 5636789
7194767 9492549
204121 6414051
611032 7395196
7576196 9285232
4558096 19566
9781798 6460962
9595738 6969567
5491992 24264
566965 2687382
7747360 822439
5837268 9929400
9843977 3760692
9616282 3079079
1992773 8994569
9560507 7049823
5259349 9993269
663902 7489629
4615408 14813
8982307 8023447
468530 2886762
8778465 8274630
5310316 9990361
793397 7702681
4641424 9987126
637312 7442735
380793 3086124
9998699 5114043
3032641 403317
5414617 9982780
1241543 8297575
9564463 2959001
9348265 7468318
163859 6269542
3822917 9859473
9964796 4407718
7182661 501557
4889920 1212
5414033 17172
468868 2886036
3649955 9814289
1756435 8805166
6704505 299504
7219992 519862
5334053 9988828
1547813 1383039
4971227 9999917
9608188 6940259
9965320 5587875
3012658 411921
2359793 9246093
8910307 1883994
11938 4654686
3535491 9780713
7818877 9129640
2564117 633482
3932401 9884694
1800996 8842704
21149 4540609
380345 6912797
9770950 3503995
8888657 8142984
9977267 5476246
4890956 1189
579139 2664195
8298314 1242192
1336310 1597446
8768135 8286512
203107 3589392
8202488 1160199
9864085 6157874
9849124 3780986
2422 4844394
2851522 9514869
6430101 208882
9409936 2643633
1848463 1118271
5324 5230677
9732178 3385536
9893027 3971270
9941101 4234809
168750 6288032
9240838 2351360
7611541 9263784
2194336 9138629
9307351 2460960
2156481 887288
14759 5383889
9053552 2072764
2134053 9097115
223086 3523147
9339210 7484201
5811041 9933783
7646265 757680
8621053 8447894
8401181 8664965
7680380 779151
4711796 9991687
2461394 9307607
3027733 405420
9528415 7119778
20136 4551722
214849 3550059
5318968 10184
311699 6737767
681524 7520072
708323 7565445
7790645 851229
7910956 9065259
383 5061882
32907 5572700
1945898 1041154
9777661 3525567
9999530 4931426
1406919 1522965
2354516 757192
4759101 5807
5147042 2163
212373 3558256
7779462 9156271
8873202 1837991
3864691 130598
8144799 8887189
46127 4322397
8076849 1058808
1393830 8463457
6544340 9755525
7282733 9448498
826537 7753581
548337 7276553
9669985 3213596
2147375 893599
9444317 2709138
123540 3895401
2007995 9005984
3917999 9881524
1092080 8119000
4645382 9987409
8089455 8931319
40651 4363717
1368966 8437381
7999961 9000029
109111 3961152
65475 4193487
2968504 431299
628175 2573656
4708787 9991512
6955546 9601721
1636409 8699494
6977137 9592486
6407445 202178
3818079 9858298
3384477 9731816
5092614 9999142
9948758 5713999
5788448 9937444
5817861 9932657
1298093 8360935
5584429 34273
9704578 3306793
14650 5382479
9851226 3789376
1273328 8333454
9488092 7203866
9316816 2477085
9359406 7448588
9240121 7649787
9118655 7834903
50375 5707966
6298218 171478
9908195 5953739
9996430 4811096
8613878 1544586
9157756 7777240
4812642 3512
25582 4494860
9920529 4112083
6268474 9836422
3217530 328512
7741057 9181699
5140858 9998016
2720450 9450129
8946048 8070620
5222212 9995060
9769050 6502052
331466 6790193
865959 7812420
6156062 135483
2489128 9323832
7943351 958133
4270125 9946441
537 4926696
431482 2968093
2906839 459221
1244 4888484
176890 6318183
393411 3055949
2264288 814802
9993509 4745315
4426309 33021
9357460 2547952
6734253 9689602
5513374 9973575
8606098 8463532
9978169 5466731
9429554 7319279
2373907 745164
9611146 3066782
1401283 1528799
2457562 694654
9721044 6646739
573551 7325199
3937629 9885833
897907 7858817
938570 7916297
5002092 10000000
2225756 9159756
1698142 1245305
5799946 64406
6858153 9641904
6919099 382960
6838306 350201
6726662 9692402
9866900 6145986
8213611 1169503
6909711 379069
6431505 209301
9976217 5487100
9670524 6784995
335969 6801891
21636 4535362
9845359 6233894
5304371 9990727
734601 2391098
467029 2889983
9877290 3899070
341727 3183275
1295977 8358603
103826 3986354
9958656 5641665
2208121 852059
2797613 511181
4956092 9999807
9843130 6242614
8767244 8287532
3803998 9854851
9973758 4488407
2085565 937234
1299538 1637474
8960918 1948585
9158965 2224571
548378 2723366
9616655 6920025
1893369 8917760
8085276 1065401
7898318 9074279
8399179 1333178
7555433 702354
3103085 373801
49511 4298106
8880986 1847549
1331338 8397193
196108 3613412
3613541 9803929
7746864 9177887
9376443 7418005
5975681 9903881
1833853 8869821
8863594 1826258
1959020 8968934
8805939 8242657
4299313 49340
1022599 1970102
268102 3384715
6880243 9633000
7763783 833286
3789240 148808
5463782 21556
54261 4265383
9982098 4577270
1299784 1637204
8079601 1060957
8711928 8349864
11116 5333222
1389527 1541028
174737 6310283
3651384 185311
605603 2614781
8557987 1487063
151182 6220233
3975939 9894007
318038 3245227
9609644 6936797
77819 4121287
1273697 1666133
6503073 9768728
9252684 2370422
2556894 9362480
6026073 106415
35253 4407304
6678658 9709788
3421106 255836
40297 5633519
2897943 463332
6406253 9798172
3514286 9774165
1614905 8679828
9525531 2874072
33320 5576272
834983 2233660
5688534 47635
3784199 150069
8106817 1082387
9938578 4218691
936571 2086490
4557719 9980400
7792850 9147287
4487915 26292
9999613 4937823
4457176 29553
9751010 3441827
3645841 186866
4493114 9974240
3751817 158302
2723558 9451720
1084694 1890277
9988114 5344563
4704155 9991240
5412600 9982947
4916210 9999298
2403056 727310
9922444 4122761
9361186 7445415
111561 6050318
9945315 4262533
7658882 765576
3782552 150482
3412688 9741354
5582342 34028
9817236 6339492
2642549 590643
6739930 9687499
3023726 9592858
1183433 1769858
9256185 7623907
3651180 9814632
2869581 9523418
9901528 4012565
555323 7290162
9651561 6833842
9257719 2378583
1229299 8283567
9391388 2609244
9827662 6301415
7211179 515506
9909392 4052438
9977449 5474348
6156205 9864483
7959766 9029862
6257918 160822
4874638 1572
1621521 1314097
6102548 123076
9001481 2001976
9985357 5382387
9305779 2458295
334262 3202532
9392725 2611701
8727013 8333073
533968 7248235
8959062 1946179
9503871 2828561
6619072 9730603
636932 7442057
4641826 12845
1910120 8930985
9832686 3717367
8067530 8948450
4776 5218499
6620969 270047
6043823 110170
1879490 1093286
7793939 9146553
3714094 168184
174197 6308291
9543994 2913826
8740531 8317896
6113656 125600
955377 2060437
49385 5701004
4089141 83666
8938695 1919954
9999993 5008197
6702754 298870
9005046 7993260
7731084 811781
224885 3517342
334735 6798694
6106852 9875949
8898560 8130692
9360455 2553282
972012 7962315
1936119 8951282
7963758 973073
7315668 568558
67576 4180736
9269347 7602437
3820150 9858802
9941293 5763956
3481617 9763876
6669636 9712994
7197378 9491272
3902672 121899
2328462 773549
9757847 6537170
7142916 9517512
2284104 9198084
9697068 3286072
249208 6558838
3700490 9828175
4806 5219183
9157512 7777606
9875900 3892931
6620660 269941
7872723 907634
2660643 9418983
8144056 8887790
9308275 2462528
9172765 7754639
458835 7092323
8289882 8765193
9534119 2892451
614259 7401099
9008127 7989133
7124448 9526226
601299 7377274
937255 2085535
8625120 1556382
8529184 8541872
6415216 9795536
6679923 290662
2205255 853990
20186 5448838
7884188 915705
9856676 6188569
7073799 450345
6015031 9895887
1404792 1525165
164992 6273852
17364 5416342
2022301 983371
6887805 370077
45965 4323581
6357009 187669
3527139 9778146
348508 3165981
1247900 8304806
8835598 8207520
1223598 1722991
2582454 9376697
74085 5857530
9896676 3988780
8294050 1238453
6437039 9789042
4662882 9988622
9255688 7624713
170266 6293706
4146146 73446
8181946 8856840
9206764 7702432
6870079 9637112
1043015 1943488
249003 6558212
710092 7568402
9303251 7545984
8607972 8461580
122060 3901956
1667887 1272129
8886444 8145720
9384277 7403771
4911707 780
9984051 5399041
177568 3679336
2476335 9316378
1932754 1051329
1765 4867174
9136521 7808771
8123831 1095940
6513110 234447
6758516 319442
7064137 9554046
4628666 13808
2045335 966397
9438505 2697899
2072771 946442
10494 4676223
9508978 7160815
9998490 4877111
9996595 4815518
9985520 5380246
5659175 9956358
2915 5170705
1149733 1810103
8129598 1100562
9752478 6553691
947466 2071354
9932771 4182828
3193204 337867
9676944 6768105
1810207 8850353
7846866 9110396
428739 2974271
9842589 6244721
9242970 7645223
3544494 216539
4698751 9990917
1694456 8751450
113167 6057763
4013865 98211
9924315 4133327
9975718 5492172
7371366 9401889
972080 2037593
1148371 8188252
9362162 2556327
2276401 806910
9110732 7846381
8456490 8612848
1236170 8291441
8272129 1219369
1486151 1442913
3270444 9691336
8328306 8731271
3097860 375947
5650037 9957565
30288 4450493
41168 5640300
5631730 40069
8905781 1878321
2308058 9213484
8261830 8789520
3751089 158490
24735 4503269
5529272 9971908
225863 6485804
1385626 1545105
2651693 585767
193544 3622329
1927163 8944321
9999709 4946021
42680 5651906
7697628 790154
3985673 103967
9810724 6362696
94347 4033270
8031946 8975840
9718239 3345244
772950 2329411
5593843 9964610
107627 3968165
5782363 61589
271676 6625717
3797220 146824
1085912 8111256
1884459 1089322
14164 5376086
21822 5466629
9276447 2409247
2126104 908457
8939285 8079292
141887 6182681
6744175 9685921
7478350 657445
6073278 116551
3735523 9837468
374608 6898881
42424 4350047
1380592 8449621
183997 6343918
4497415 9974677
993910 2008137
1401387 8471309
7408910 618545
5366567 9986545
5063871 408
9998594 5118556
9576654 7013513
6783205 328793
3308077 9705040
7572202 9287630
2201215 9143284
4325667 45681
9996936 4824980
4033096 94381
9900541 5992317
4581915 17510
430367 7029398
2005 5141580
9373507 7423310
8778633 8274436
9843433 6241432
8607344 8462235
7873348 908072
7490958 9335335
6731363 9690670
8989050 8014544
4156963 9928416
8960378 8052115
7822670 872951
2283432 9197649
6335914 181771
6406302 9798157
8086436 8933690
8082528 8936753
19317 5439082
9155734 7780265
357664 3142929
1221369 1725561
7516790 679610
6307869 174083
9983271 5408664
123550 6104640
8159962 8874873
468943 7114124
6657117 9717411
3282378 9695719
8254399 8795904
2944102 9557772
3479633 9763243
562113 7303294
148654 6210141
58885 5765105
1669208 8729051
2201023 9143154
1114382 8146740
7452426 642752
9975608 5493282
2011304 9008453
4981374 35
2838167 9508490
9199581 2286419
3584761 204471
2468358 9311704
813724 7734062
108467 3964188
7368124 9403633
7370671 597737
9522443 2867511
6213148 9850595
5216828 9995296
780969 7683239
6720809 9694552
462668 2899376
8566191 8504608
9917854 4097387
9942943 4246796
6395894 9801196
1964905 1026564
1515121 8585473
1641922 1295501
1561224 8629713
3122458 365905
9752493 6553645
8875418 1840707
2155894 9112306
7986913 990218
3696016 9826969
3194073 9662470
60178 5773407
9363837 7440682
9376739 2582530
9576518 2986176
9964161 5597586
