1576 1766 2765
2 510
3 361
5 1013
5 1591
6 1356
7 1346
7 1570
8 1272
9 520
9 1122
9 1315
9 1730
10 1422
11 263
11 1343
12 504
12 1357
12 1695
13 100
14 1025
14 1205
15 1638
16 73
19 662
19 1351
19 1465
20 454
20 846
21 1049
21 1487
22 28
22 548
22 1068
23 1647
24 254
24 298
24 458
25 77
25 871
25 1546
26 380
26 954
28 1258
29 1063
29 1558
30 468
31 1322
32 1173
32 1738
34 677
34 1436
34 1719
35 1571
35 1598
35 1737
36 571
37 257
38 986
39 266
39 276
39 308
39 884
39 1034
39 1358
39 1614
39 1719
40 284
40 1116
43 827
43 1270
44 1054
44 1236
45 1513
46 1226
46 1419
46 1715
48 317
48 1291
48 1627
48 1740
49 244
50 690
50 1183
51 1633
52 28
52 1384
54 1297
56 584
57 1007
57 1377
58 675
59 467
60 1100
61 1266
62 1173
62 1543
63 715
64 565
64 1165
64 1264
64 1382
65 1292
66 483
66 822
66 1752
68 602
68 1611
69 530
69 759
69 1486
70 384
71 17
71 896
71 1340
71 1744
72 290
72 1649
73 1298
74 57
74 1560
75 240
75 1027
75 1596
76 663
77 1361
78 1353
79 7
79 996
79 1496
80 697
80 1091
81 80
81 496
81 1438
81 1630
82 495
82 837
83 3
84 929
85 288
85 710
85 1380
85 1491
86 924
86 1478
86 1521
88 4
88 137
88 489
88 859
88 1389
90 1013
90 1734
92 765
92 1575
92 1703
93 266
94 139
95 91
95 1089
95 1423
96 58
96 352
96 1474
99 442
99 691
99 1196
101 336
102 1681
105 195
105 334
105 1041
106 55
106 131
106 971
106 1377
107 408
108 391
108 422
108 632
108 1268
108 1700
109 1247
109 1550
110 54
110 167
110 371
111 35
111 1338
112 649
113 1534
113 1701
114 271
114 1001
114 1131
114 1446
114 1554
114 1557
114 1758
115 1733
117 155
117 1063
118 144
118 736
118 1350
119 48
120 396
120 1545
121 1023
122 1001
124 31
124 1716
126 447
126 659
126 952
126 1419
127 89
127 1225
127 1582
130 1089
130 1112
131 21
131 1052
131 1308
133 122
133 779
134 916
134 1330
134 1678
135 810
137 206
137 972
138 80
138 133
138 329
138 914
139 81
139 318
139 896
139 1634
140 2
140 220
140 1288
140 1611
141 518
141 1636
142 401
142 1095
142 1518
144 44
144 345
144 1637
145 303
145 1355
145 1695
146 288
146 1287
147 246
148 94
148 994
149 619
149 643
150 426
150 795
150 1110
152 304
152 641
152 1119
152 1727
154 1026
155 548
155 1241
155 1267
156 29
157 1115
157 1726
159 206
159 1327
160 559
161 945
161 1644
162 349
163 1740
164 1315
164 1693
165 211
165 941
165 1746
166 729
166 1486
167 266
167 500
167 1501
168 856
168 976
168 1040
168 1237
168 1514
169 671
172 317
172 953
173 8
174 43
174 191
174 1012
174 1034
174 1189
175 1062
176 576
178 548
179 226
179 834
180 217
180 1390
180 1580
181 964
181 1264
182 175
182 945
182 1275
184 801
185 10
185 517
185 1449
185 1497
186 188
186 393
187 693
188 366
190 478
191 295
191 309
191 1322
192 1057
193 407
194 748
195 1255
197 775
198 1225
198 1763
199 624
199 1288
200 322
200 1633
204 249
204 1253
204 1256
204 1301
205 186
205 1359
207 1378
208 1415
208 1726
210 584
210 1157
210 1481
211 20
211 1327
211 1334
211 1483
212 1592
213 1347
214 562
214 837
214 1071
214 1112
215 205
215 226
215 593
215 687
216 901
217 33
217 1408
218 1266
218 1565
219 754
221 401
221 1441
223 423
223 1476
224 885
226 1313
227 552
227 1303
228 242
228 1430
229 698
229 874
229 1540
230 199
230 475
230 1498
230 1699
231 1249
232 785
232 910
234 663
234 789
235 96
235 100
235 1036
236 1601
237 385
237 622
238 977
238 1748
239 701
239 1001
242 437
242 834
243 193
243 207
243 809
243 930
244 133
244 1269
244 1693
246 761
249 339
250 1019
250 1071
250 1590
251 1452
252 91
253 526
254 99
254 1214
255 1698
256 710
256 1625
257 554
257 1156
258 597
258 1012
259 836
261 552
261 660
261 1051
265 641
265 1066
265 1131
267 637
267 666
267 746
268 779
269 2
269 1284
270 871
271 601
271 622
271 1305
271 1732
273 1066
273 1164
274 1548
275 561
275 893
275 1013
278 184
278 419
279 18
280 217
280 274
280 625
281 456
281 1101
282 83
282 936
282 1223
282 1513
283 474
283 959
284 1632
285 101
286 1099
286 1334
287 628
287 1184
287 1571
289 1099
289 1548
290 1326
290 1455
290 1568
291 480
291 775
291 1338
292 240
292 298
292 528
292 1451
293 692
293 1377
294 317
294 1009
295 315
295 1498
297 218
297 314
297 1098
297 1397
298 796
298 1231
298 1429
298 1760
299 62
299 776
299 1035
300 469
300 904
300 1494
302 348
302 889
302 1615
303 388
303 1238
303 1464
304 869
305 895
305 1477
306 179
306 1208
306 1691
307 294
307 1273
308 49
308 201
308 492
308 520
308 705
308 711
308 1676
309 495
309 577
310 803
310 832
311 106
312 1358
313 838
314 841
314 1669
315 205
315 418
315 894
315 1033
317 640
317 1252
317 1464
317 1470
317 1603
318 642
319 1393
321 607
321 1226
322 336
323 1351
324 778
325 686
326 251
326 1498
328 146
328 1482
328 1728
329 603
330 117
330 1115
331 35
332 1062
332 1118
332 1211
333 626
334 10
334 839
335 536
335 1438
336 134
336 1201
336 1559
337 527
338 1157
339 338
339 540
339 1344
340 889
340 942
340 1445
340 1598
341 860
341 1259
341 1390
343 1108
343 1154
345 956
347 803
348 451
350 270
350 620
350 1030
351 1519
352 602
354 864
356 885
357 756
357 766
357 868
357 1098
359 274
359 925
361 1759
362 803
363 493
363 899
364 104
364 1706
365 78
365 887
365 1318
366 90
367 210
369 1394
370 55
370 135
370 207
370 1352
371 731
371 1559
372 262
373 294
373 970
374 509
374 569
374 1511
375 551
375 758
375 1654
376 888
376 1655
377 38
377 601
377 1620
378 946
380 1526
381 1158
383 1105
383 1665
384 398
384 1686
385 365
385 505
385 518
386 130
386 693
387 1397
388 1711
389 270
389 1272
389 1594
391 170
391 871
392 299
392 988
393 185
393 997
394 1016
395 144
396 259
396 1037
396 1067
396 1669
396 1691
397 612
397 1537
398 256
398 370
398 841
398 889
398 1326
400 318
401 1399
402 1306
402 1674
403 441
405 367
406 1259
407 812
408 386
409 855
409 1083
409 1627
410 289
411 457
412 1110
412 1290
413 66
413 1279
414 1475
415 690
417 1172
417 1666
418 825
418 1648
419 1341
420 686
420 819
420 873
420 1121
421 290
422 922
423 787
425 120
425 123
426 201
426 838
427 518
428 663
429 175
429 503
430 1080
430 1469
432 651
432 897
432 1548
434 539
434 598
434 984
434 1132
434 1540
435 595
435 660
435 1640
437 1760
438 103
438 104
438 871
440 335
440 1283
440 1356
440 1423
440 1533
441 75
441 440
441 652
441 1400
442 286
442 370
442 1244
442 1439
443 229
444 331
444 992
444 1220
444 1372
445 1681
446 911
446 1140
446 1706
447 146
447 1139
447 1582
448 118
448 597
448 1649
449 648
449 1226
450 313
451 599
451 847
451 885
451 1262
451 1520
452 1597
452 1725
453 51
453 115
453 1134
454 24
454 1041
454 1229
455 132
455 1508
456 849
456 1442
457 543
457 563
457 934
458 552
458 948
458 1137
458 1405
458 1569
459 455
459 1166
459 1518
459 1651
460 1448
461 1266
462 1594
463 326
463 468
464 5
466 573
466 1606
467 709
467 1550
470 496
470 870
471 779
472 999
473 90
473 713
475 580
476 1358
477 1603
480 220
480 295
481 88
483 437
484 1355
485 159
485 254
486 428
486 783
486 1496
488 1359
488 1743
489 991
489 1515
490 205
491 810
491 1066
492 489
492 793
493 1362
493 1710
493 1750
494 92
494 1061
495 495
495 853
495 1296
496 699
496 1087
497 1206
497 1292
499 512
500 810
500 982
500 1315
500 1629
501 514
501 1416
502 830
503 349
504 560
504 1557
505 30
506 183
506 1453
507 180
507 435
507 488
507 715
508 874
508 1275
509 1662
510 733
510 1198
511 5
511 215
511 217
513 19
513 238
513 974
513 1114
514 956
514 1241
515 1752
516 597
516 975
516 1717
518 1329
519 632
519 868
519 1362
520 8
520 342
520 609
521 867
521 960
521 1493
522 222
522 787
522 791
522 827
522 1184
524 82
524 1087
524 1380
525 1660
526 705
526 1051
527 26
528 1545
530 1451
531 287
531 879
531 1240
531 1388
532 1626
533 1669
534 242
535 1005
536 1226
538 1022
539 84
539 1756
541 1078
542 567
542 1130
542 1321
543 434
543 1376
543 1479
543 1749
544 140
544 716
544 1133
544 1206
545 582
546 673
546 1198
548 880
549 1421
549 1585
550 392
550 1764
551 855
552 72
552 1290
553 459
554 788
554 1631
554 1749
555 451
555 1348
555 1560
556 139
557 917
557 1116
558 28
558 114
558 839
558 1647
559 904
560 326
560 1253
561 1569
562 1304
563 1187
564 1469
565 884
565 1040
565 1499
566 163
566 299
566 733
566 1432
567 1667
568 734
569 133
569 474
570 807
570 1513
571 523
571 749
571 780
571 906
572 128
572 624
572 1575
573 1021
573 1430
573 1715
574 1309
575 116
575 367
575 1426
576 57
576 1352
576 1524
578 36
578 413
579 1173
580 1536
582 646
583 768
583 1414
584 1751
585 667
585 766
585 893
586 1614
587 500
588 795
589 522
589 1372
591 328
592 1493
593 801
593 1111
596 472
596 598
597 279
597 474
597 951
597 1749
598 918
599 886
599 917
599 1090
600 947
601 899
601 1469
602 557
603 824
604 1289
608 583
608 1361
609 953
611 26
611 871
611 1171
612 388
612 1060
612 1395
614 1560
615 354
615 544
615 591
616 478
616 596
616 1123
617 812
617 1285
618 127
618 278
618 568
618 1028
619 323
619 801
619 1608
620 585
620 682
620 886
622 919
622 1034
622 1160
623 386
623 443
623 822
623 1379
623 1486
623 1631
623 1654
625 1327
628 1199
631 74
631 1030
632 392
632 480
632 899
633 1672
633 1760
635 611
635 1169
636 561
637 1729
637 1751
638 1359
638 1612
639 460
639 576
641 441
641 456
641 603
641 1628
642 768
643 361
643 651
643 1081
644 1379
645 9
645 71
645 275
645 438
648 1610
648 1678
649 347
649 854
649 1112
650 261
650 1659
650 1763
651 1021
652 236
653 3
653 1553
653 1683
654 33
655 489
655 1589
656 458
656 1256
657 226
657 527
657 1610
658 343
658 912
658 1350
659 574
659 1422
659 1507
660 174
660 896
661 922
662 869
662 1461
663 371
663 423
663 1735
664 1386
665 228
665 432
665 1264
665 1299
666 248
666 1139
667 225
667 302
667 486
667 562
668 47
668 191
668 450
668 1211
671 376
672 199
672 826
672 848
672 1385
673 181
673 1045
673 1704
674 456
674 1258
675 85
675 872
675 874
675 1347
675 1672
676 860
677 15
677 1370
678 115
678 949
678 1228
679 653
679 813
679 1302
679 1425
682 177
682 885
683 720
683 880
683 1094
684 1138
685 246
685 1591
686 76
686 330
686 429
686 741
686 1051
687 17
687 1039
688 302
688 1360
689 1033
690 332
691 985
692 272
692 476
693 1310
693 1328
693 1403
694 205
694 647
695 90
695 925
695 944
695 1462
696 217
696 301
696 303
696 1058
696 1310
697 844
697 1520
698 208
698 544
698 1654
700 80
700 788
700 1079
701 812
701 1436
703 874
703 880
704 34
704 503
705 786
706 681
706 1125
707 4
707 1191
708 143
708 213
709 996
709 1570
710 217
714 928
715 457
715 683
716 1385
716 1617
717 567
717 894
718 1756
719 248
720 1417
721 475
721 669
722 114
722 139
722 850
723 869
723 1551
724 711
724 758
725 767
725 1555
726 89
726 1549
727 157
727 371
728 857
728 1647
730 998
730 1153
730 1182
730 1532
731 735
731 1394
732 782
733 680
733 759
734 1387
734 1598
735 1756
736 984
737 788
737 1672
738 190
739 280
740 926
741 451
741 1004
742 121
742 364
742 950
742 1753
743 133
744 483
745 314
745 1729
746 115
747 331
747 1052
747 1068
748 133
748 239
749 191
749 544
750 457
750 536
751 426
753 285
753 322
753 667
753 691
754 331
754 1396
754 1629
755 933
756 204
756 1538
758 631
760 389
760 623
760 1317
761 398
762 396
762 1676
768 488
768 832
768 913
768 1328
770 371
770 1214
771 162
774 1452
774 1597
775 194
776 644
776 1316
776 1762
777 1485
778 437
778 482
778 1539
779 346
779 422
780 340
780 749
780 1168
782 430
782 705
782 975
782 1658
783 1086
783 1186
784 222
784 1440
785 147
787 114
787 367
789 915
789 1180
790 1394
790 1530
790 1662
791 1141
793 1192
796 707
797 469
798 20
798 388
798 641
799 90
799 156
800 1103
802 29
802 1742
803 1064
803 1693
805 1030
805 1210
806 329
808 305
808 599
809 367
810 163
810 454
810 476
810 511
810 1373
811 1023
813 608
813 780
813 1249
814 707
814 1159
814 1490
814 1575
814 1749
815 1234
815 1252
815 1516
815 1743
817 1033
819 1201
820 105
820 1268
822 608
824 751
824 1032
825 841
826 616
826 1060
827 1757
828 179
829 1660
830 368
830 1265
831 148
831 989
831 1455
833 159
833 200
833 466
833 1757
834 764
835 1458
835 1732
836 1037
836 1669
837 47
837 265
837 944
837 1435
838 87
838 435
838 570
838 1351
838 1386
838 1720
839 367
839 1468
840 900
840 976
840 998
841 1033
841 1521
842 262
842 972
843 439
844 306
844 1003
844 1150
844 1270
846 856
847 557
847 1158
849 21
849 1213
849 1508
850 1308
850 1458
850 1632
851 1348
852 173
853 338
853 799
853 1458
854 362
854 1505
856 1160
857 421
858 14
858 287
858 1301
861 537
862 48
862 609
862 658
862 817
863 509
863 996
864 788
864 1273
864 1577
866 373
866 1017
867 20
867 1668
868 1039
870 504
871 473
872 708
872 912
873 410
873 999
874 959
875 1350
876 1346
876 1633
877 899
877 919
878 1257
878 1522
879 576
880 1305
880 1591
880 1708
881 910
883 1419
884 849
885 68
885 331
885 1205
886 192
886 1231
886 1486
887 1281
888 295
889 621
889 749
889 801
889 1146
891 426
891 765
891 1437
891 1703
892 186
892 1108
892 1458
892 1658
893 830
893 1245
895 149
895 1506
895 1575
896 433
896 1172
896 1493
896 1530
896 1583
897 651
897 1694
898 1019
898 1196
898 1251
898 1766
900 1351
901 841
901 1078
901 1276
903 190
903 680
904 1121
904 1632
905 43
905 1087
906 1653
907 165
908 1432
909 29
909 494
909 1649
910 88
911 164
911 1225
912 1042
912 1448
912 1603
914 229
914 330
914 1171
915 477
916 155
917 864
918 179
918 613
918 1526
919 1552
921 874
921 1625
923 1301
925 581
926 782
926 1115
927 316
928 1722
929 100
929 306
930 672
930 1606
931 538
932 489
932 1329
932 1682
933 139
934 207
934 326
934 423
934 457
934 1358
935 1336
935 1666
936 149
936 972
936 1475
936 1617
937 103
937 699
938 214
938 421
938 1212
938 1377
939 1126
940 1330
941 1351
941 1502
942 1620
943 124
945 175
945 180
945 1270
946 1174
947 853
950 612
950 1094
951 557
951 1425
952 273
952 724
953 481
953 1170
953 1237
953 1737
954 591
954 798
955 435
955 896
955 1248
955 1278
956 661
956 832
957 210
957 857
957 1318
958 424
958 1750
959 300
959 949
960 36
960 1443
960 1547
962 12
962 520
962 890
962 986
962 1257
963 190
963 224
964 236
964 955
965 32
965 1222
965 1732
966 601
966 1107
966 1721
967 652
968 1290
968 1351
969 623
970 1114
971 1512
972 108
972 113
973 223
973 416
973 964
973 1429
974 677
974 1631
975 368
975 1205
975 1326
976 156
976 465
977 469
977 1538
978 240
978 806
979 274
979 842
979 1196
979 1421
980 782
984 357
984 469
984 1275
984 1587
986 506
987 1093
988 1419
989 336
990 445
991 1225
992 509
993 408
993 987
994 294
994 763
995 853
995 869
996 160
996 171
996 954
996 1371
997 138
997 168
997 1376
998 1430
999 1007
1001 264
1002 1151
1003 174
1003 195
1003 322
1004 609
1004 947
1004 1381
1005 1498
1006 162
1006 377
1006 737
1007 651
1007 1102
1008 717
1009 987
1009 1373
1010 558
1010 781
1011 433
1011 1517
1012 1392
1013 293
1013 1017
1013 1331
1013 1473
1014 105
1014 178
1014 472
1015 1738
1016 271
1016 828
1017 820
1018 78
1018 382
1018 1149
1019 1234
1020 775
1020 1096
1020 1581
1021 767
1022 1502
1023 62
1024 949
1024 1664
1025 396
1026 1629
1027 463
1027 484
1028 158
1029 75
1029 336
1029 1421
1030 841
1030 1488
1031 503
1032 10
1032 243
1032 1331
1032 1599
1033 321
1034 42
1034 1019
1035 117
1035 647
1035 651
1035 980
1035 1738
1036 815
1036 1037
1037 263
1037 343
1037 1598
1038 162
1038 1442
1039 592
1039 1050
1040 558
1040 1149
1040 1242
1040 1310
1043 1656
1044 1355
1045 58
1045 901
1046 391
1046 404
1046 538
1046 934
1046 1066
1047 79
1047 100
1048 255
1048 1640
1049 690
1049 736
1050 1059
1050 1136
1052 443
1052 604
1053 1597
1053 1722
1054 822
1056 241
1056 1008
1056 1123
1056 1404
1056 1654
1058 461
1058 828
1060 762
1061 109
1061 1052
1061 1371
1062 998
1063 444
1064 562
1064 616
1065 563
1065 948
1067 119
1067 181
1067 244
1068 155
1069 32
1069 223
1069 651
1069 1687
1070 666
1070 749
1070 1437
1071 67
1071 635
1071 1319
1072 870
1072 1193
1072 1479
1073 324
1074 1345
1074 1459
1075 1106
1075 1534
1075 1580
1076 20
1076 883
1076 1528
1078 423
1078 1229
1080 700
1080 1115
1081 74
1082 1025
1083 170
1083 897
1085 913
1086 1434
1087 611
1087 833
1087 985
1088 607
1088 1262
1089 362
1089 765
1089 1740
1090 29
1090 1133
1090 1597
1091 218
1091 359
1091 1701
1091 1707
1092 245
1092 815
1092 1257
1092 1454
1094 485
1094 1516
1095 40
1095 556
1096 1574
1097 367
1097 759
1097 1230
1099 88
1099 1161
1099 1437
1099 1712
1100 762
1101 1376
1102 1519
1103 482
1103 1207
1104 160
1104 237
1104 1353
1105 1131
1105 1424
1106 33
1106 518
1106 1537
1108 1687
1109 662
1110 217
1110 1718
1111 1669
1112 1252
1112 1264
1112 1382
1113 978
1113 1280
1114 1134
1116 1185
1116 1394
1117 62
1117 1026
1117 1312
1118 116
1118 311
1118 1019
1119 771
1119 1027
1119 1127
1119 1409
1120 1668
1121 909
1121 1467
1122 183
1122 1377
1123 307
1124 384
1124 616
1124 658
1124 1069
1124 1195
1125 1446
1125 1609
1126 910
1127 1504
1129 1037
1130 573
1130 1640
1131 458
1131 1524
1131 1563
1132 1284
1133 104
1133 1431
1134 239
1134 1172
1135 1521
1136 429
1136 676
1138 853
1139 16
1140 1183
1142 652
1142 1402
1142 1416
1143 495
1143 547
1145 262
1145 785
1145 884
1145 1309
1146 1173
1146 1254
1146 1408
1146 1437
1148 677
1150 200
1150 1528
1150 1629
1152 321
1152 1163
1153 708
1153 888
1154 468
1155 601
1155 977
1156 1627
1157 614
1158 1764
1159 167
1159 1298
1159 1759
1160 973
1160 1628
1161 28
1161 798
1162 1356
1163 652
1163 998
1163 1765
1165 494
1165 787
1166 339
1166 659
1166 1078
1167 346
1167 1456
1168 588
1168 1537
1169 245
1169 586
1169 1152
1169 1343
1170 651
1170 1485
1170 1619
1171 729
1172 870
1172 1188
1172 1633
1173 335
1173 1081
1173 1419
1174 230
1174 1085
1174 1438
1176 1600
1176 1656
1177 1025
1177 1369
1179 12
1179 1463
1180 539
1180 1040
1180 1093
1180 1443
1181 794
1181 1346
1182 1261
1184 227
1184 1029
1185 440
1186 977
1188 253
1188 774
1188 873
1188 1251
1189 1085
1189 1132
1189 1604
1190 287
1191 1153
1192 685
1193 648
1194 443
1194 1038
1194 1187
1195 418
1195 1175
1195 1336
1196 1362
1198 395
1198 1219
1198 1248
1198 1284
1198 1517
1201 501
1201 1227
1201 1317
1201 1471
1202 836
1203 1689
1205 1
1205 259
1206 393
1207 966
1208 745
1209 248
1209 739
1210 1708
1211 477
1211 674
1211 916
1211 1132
1212 216
1212 424
1216 469
1216 568
1216 975
1218 127
1218 321
1218 788
1219 273
1220 112
1221 815
1221 826
1221 1414
1221 1492
1222 259
1222 285
1223 325
1223 1575
1224 453
1224 515
1226 197
1226 484
1226 983
1226 1500
1226 1693
1228 32
1229 623
1229 1038
1229 1215
1230 841
1230 1321
1230 1697
1232 1510
1233 291
1233 585
1233 995
1235 632
1239 959
1241 1239
1242 595
1242 1663
1243 1380
1243 1594
1245 1702
1246 263
1247 216
1249 1651
1251 233
1252 729
1252 998
1252 1463
1253 238
1253 1041
1253 1294
1254 862
1254 1758
1256 214
1256 388
1256 824
1257 180
1257 1229
1261 312
1261 351
1261 1248
1261 1279
1262 710
1262 1443
1262 1580
1263 1401
1264 894
1264 1217
1264 1316
1265 110
1265 653
1265 866
1265 1245
1265 1257
1265 1344
1267 272
1267 389
1267 1172
1267 1183
1268 232
1268 415
1268 443
1268 795
1268 1533
1268 1546
1269 570
1269 1024
1272 163
1272 763
1272 873
1273 681
1275 872
1275 1129
1276 568
1276 1555
1277 949
1279 796
1279 1634
1280 634
1281 439
1281 515
1281 985
1281 1104
1283 34
1283 171
1283 1217
1283 1361
1284 799
1284 1001
1285 515
1285 1200
1286 905
1286 1623
1286 1741
1287 1417
1288 424
1289 619
1289 1152
1289 1720
1290 1400
1291 1329
1293 600
1294 66
1294 171
1294 971
1294 1389
1296 72
1296 1754
1297 85
1297 341
1297 823
1297 1141
1297 1329
1297 1585
1298 441
1299 589
1299 601
1299 1204
1299 1619
1299 1658
1300 946
1301 1090
1302 252
1305 503
1305 976
1305 1474
1307 104
1308 35
1309 673
1309 956
1309 1433
1309 1716
1310 1286
1311 711
1311 1361
1312 217
1313 1206
1313 1667
1314 796
1315 1533
1315 1691
1316 1054
1317 1184
1318 1
1318 841
1319 1136
1320 1062
1321 689
1321 1578
1321 1609
1322 1176
1323 1157
1323 1751
1324 146
1325 683
1326 626
1326 1483
1327 75
1327 187
1327 938
1327 1049
1328 574
1328 643
1329 263
1329 382
1329 1646
1329 1752
1330 197
1330 1213
1330 1464
1331 356
1332 1177
1333 500
1333 599
1333 730
1335 18
1335 377
1335 1157
1337 54
1337 122
1337 717
1337 1120
1337 1336
1337 1401
1338 924
1340 1579
1341 476
1341 830
1342 353
1342 486
1342 633
1343 9
1343 349
1343 1136
1343 1474
1344 125
1344 971
1344 1078
1346 457
1347 414
1347 440
1347 708
1347 1370
1348 293
1348 543
1348 561
1348 825
1348 962
1350 1430
1351 956
1351 1266
1353 49
1353 1709
1354 660
1354 978
1354 1649
1354 1657
1355 4
1355 888
1356 859
1356 1765
1357 409
1357 1382
1358 855
1359 282
1359 328
1361 1673
1362 87
1363 253
1363 645
1364 205
1364 1005
1365 284
1365 452
1365 778
1365 1087
1367 230
1367 1337
1368 975
1368 994
1369 392
1369 1157
1370 568
1370 1720
1371 265
1371 1108
1371 1175
1372 409
1372 632
1373 340
1373 712
1373 790
1373 1320
1374 724
1374 1353
1375 112
1375 1469
1376 611
1376 1619
1376 1672
1378 1422
1379 74
1379 609
1379 1189
1380 485
1380 949
1380 1384
1381 510
1381 1273
1382 321
1382 564
1382 789
1382 1117
1382 1442
1383 1081
1386 52
1386 594
1386 902
1386 1078
1386 1170
1387 439
1387 1468
1388 1358
1389 618
1390 176
1392 550
1392 1614
1393 251
1393 268
1393 275
1393 308
1393 1273
1393 1334
1393 1748
1394 797
1395 1142
1395 1153
1395 1637
1396 1195
1397 264
1397 1266
1398 260
1398 1071
1398 1569
1399 968
1400 507
1401 107
1401 825
1401 1368
1402 90
1402 109
1402 1255
1402 1272
1405 609
1405 925
1405 1548
1406 143
1408 60
1408 395
1408 444
1408 445
1408 1246
1408 1440
1409 105
1409 855
1409 1538
1409 1565
1410 529
1411 341
1411 544
1412 435
1412 1452
1413 1009
1413 1542
1415 107
1415 702
1415 880
1415 1641
1416 202
1416 379
1417 12
1418 906
1418 1143
1418 1755
1419 571
1419 848
1420 770
1420 842
1420 861
1421 485
1421 1566
1423 268
1423 408
1424 34
1424 1575
1425 149
1426 53
1427 1135
1427 1336
1428 181
1428 269
1428 474
1428 1296
1428 1761
1429 1292
1431 823
1431 1185
1432 690
1432 1130
1432 1402
1433 158
1434 258
1434 265
1434 426
1434 956
1436 1407
1436 1725
1437 474
1437 1678
1438 249
1438 285
1438 373
1438 1669
1439 1733
1440 586
1441 758
1441 1035
1442 583
1442 722
1442 1256
1442 1336
1443 52
1444 117
1444 540
1444 1037
1444 1521
1445 325
1446 402
1448 123
1450 393
1451 1682
1452 418
1452 940
1452 997
1452 1291
1453 890
1453 1695
1454 948
1455 914
1455 1614
1456 80
1456 512
1456 843
1456 1402
1457 214
1457 1557
1458 350
1459 162
1459 1212
1461 1023
1461 1318
1461 1506
1462 141
1462 1141
1462 1565
1463 483
1463 1419
1464 1745
1466 276
1466 493
1466 752
1467 799
1467 1615
1468 102
1468 870
1469 865
1469 1307
1469 1669
1470 899
1471 601
1471 991
1472 54
1472 118
1472 403
1472 868
1473 998
1474 451
1474 1124
1474 1488
1475 1031
1475 1443
1475 1628
1476 716
1477 1156
1478 974
1478 1519
1478 1565
1478 1654
1479 567
1479 1283
1479 1540
1480 93
1480 401
1480 1187
1480 1562
1481 732
1481 906
1482 1614
1483 369
1484 73
1484 1190
1484 1581
1485 305
1485 516
1485 1048
1485 1091
1485 1243
1485 1527
1485 1570
1486 274
1486 338
1486 1754
1487 342
1487 965
1488 1419
1488 1484
1488 1663
1488 1700
1489 1524
1489 1548
1489 1655
1491 591
1491 944
1491 1031
1492 729
1492 954
1493 84
1493 861
1493 1737
1495 945
1495 1351
1495 1653
1496 227
1497 974
1497 1048
1497 1325
1498 507
1498 887
1499 1020
1500 116
1500 613
1501 1154
1502 1177
1504 260
1504 499
1505 69
1505 1025
1506 157
1506 1214
1508 981
1508 1271
1508 1372
1508 1553
1508 1631
1509 648
1510 612
1510 1373
1510 1482
1511 695
1512 1757
1513 959
1514 145
1514 778
1515 914
1515 1331
1516 999
1516 1199
1516 1386
1516 1496
1516 1504
1517 3
1517 1035
1517 1069
1517 1230
1517 1752
1518 315
1518 882
1519 243
1519 598
1520 739
1520 881
1521 1382
1522 1483
1523 82
1524 593
1524 807
1524 1414
1526 1003
1527 638
1528 1049
1529 299
1529 402
1529 949
1530 515
1530 1007
1532 507
1533 1004
1533 1385
1534 1497
1535 21
1535 945
1536 322
1536 954
1537 1128
1538 43
1538 995
1539 13
1539 1595
1540 26
1540 319
1541 34
1541 141
1541 1236
1541 1723
1543 433
1543 1524
1544 250
1544 632
1544 715
1544 937
1544 1160
1544 1212
1545 126
1545 1611
1546 31
1546 140
1546 301
1546 541
1546 1628
1547 110
1547 653
1548 1027
1548 1183
1548 1210
1548 1296
1549 353
1550 1062
1552 1498
1553 1219
1554 556
1554 781
1555 212
1555 776
1556 64
1556 793
1557 426
1557 1263
1557 1314
1557 1490
1559 586
1560 1314
1560 1598
1560 1698
1561 153
1561 1179
1564 168
1564 553
1564 1032
1564 1654
1565 76
1565 205
1565 248
1565 290
1566 455
1566 872
1566 1687
1569 261
1569 537
1569 862
1569 956
1569 1110
1570 811
1571 32
1571 335
1571 486
1571 934
1571 1624
1572 514
1572 780
1572 1522
1573 301
1573 1761
1574 79
1574 479
1574 842
1574 1555
1575 1214
1576 1232

