5
0 1 2
-60 1 3
-60 1 4
20 1 5
0 0
5
0 1 2
20 1 3
-60 1 4
-60 1 5
0 0
5
0 1 2
21 1 3
-60 1 4
-60 1 5
0 0
5
0 1 2
20 2 1 3
-60 1 4
-60 1 5
0 0
5
0 1 2
1 2 1 3
-100 1 4
-100 1 5
0 0
7
0 1 2
0 2 3 5
-100 1 4
-100 1 7
1 1 6
0 1 2
0 0
7
0 1 2
0 2 3 5
-100 1 4
-100 1 7
1 1 6
0 1 5
0 0
100
0 1 2
0 1 3
47 1 4
84 1 5
55 1 6
-3 2 2 7
-33 1 8
29 1 9
5 1 10
-93 1 11
-47 1 12
72 2 11 13
34 1 14
-15 1 15
43 1 16
0 1 17
98 1 18
-73 1 19
-9 1 20
-18 1 21
-44 1 22
67 1 23
86 1 24
-94 1 25
-77 2 15 26
-59 1 27
82 1 28
-90 1 29
60 1 30
-21 1 31
61 1 32
29 2 18 33
80 2 30 34
-43 1 35
-38 1 36
-16 1 37
54 1 38
30 2 29 39
63 1 40
-42 1 41
-13 3 23 30 42
-85 1 43
80 1 44
-80 2 12 45
-50 3 20 27 46
-27 1 47
-29 1 48
-53 1 49
-50 2 12 50
62 1 51
-100 1 52
-100 1 53
-100 1 54
-100 1 55
-100 1 56
-100 2 5 57
-100 1 58
-100 1 59
-100 1 60
-100 2 37 61
-100 1 62
-100 2 31 63
-100 2 25 64
-100 1 65
-100 2 29 66
-100 1 67
-100 1 68
-100 3 2 57 69
-100 1 70
-100 2 18 71
-100 2 69 72
-100 1 73
-100 2 26 74
-100 2 32 75
-100 2 22 76
-100 2 8 77
-100 2 5 78
-100 1 79
-100 2 6 80
-100 2 51 81
-100 1 82
-100 3 31 76 83
-100 2 59 84
-100 1 85
-100 2 41 86
-100 1 87
-100 3 42 66 88
-100 2 57 89
-100 1 90
-100 1 91
-100 1 92
-100 1 93
-100 1 94
-100 2 1 95
-100 1 96
-100 2 71 97
-100 2 24 98
-100 5 3 8 54 72 99
-100 1 100
0 3 44 82 97
100
0 1 2
88 1 3
53 1 4
53 1 5
68 1 6
93 1 7
53 1 8
-10 1 9
-81 1 10
-70 1 11
22 1 12
16 1 13
27 1 14
60 1 15
-61 1 16
-52 1 17
91 1 18
13 1 19
29 1 20
55 1 21
89 1 22
95 1 23
45 1 24
-7 1 25
-24 1 26
27 1 27
-20 1 28
-69 1 29
-16 3 4 28 30
37 1 31
-9 1 32
45 1 33
-26 1 34
94 1 35
-53 1 36
92 2 35 37
37 2 9 38
100 1 39
-19 1 40
6 2 3 41
80 1 42
54 1 43
72 1 44
7 2 36 45
13 1 46
-90 1 47
5 1 48
-47 2 39 49
24 1 50
-67 2 38 51
-100 2 49 52
-100 1 53
-100 1 54
-100 2 49 55
-100 1 56
-100 2 42 57
-100 3 3 18 58
-100 4 15 28 30 59
-100 1 60
-100 2 52 61
-100 3 5 18 62
-100 2 43 63
-100 1 64
-100 1 65
-100 1 66
-100 1 67
-100 1 68
-100 2 47 69
-100 2 30 70
-100 1 71
-100 1 72
-100 2 30 73
-100 2 9 74
-100 3 38 59 75
-100 2 34 76
-100 1 77
-100 1 78
-100 3 1 35 79
-100 2 30 80
-100 1 81
-100 1 82
-100 2 10 83
-100 2 41 84
-100 1 85
-100 1 86
-100 2 30 87
-100 2 26 88
-100 1 89
-100 1 90
-100 3 75 84 91
-100 4 26 27 55 92
-100 1 93
-100 1 94
-100 2 59 95
-100 1 96
-100 1 97
-100 2 68 98
-100 1 99
-100 1 100
0 1 44
100
0 1 2
-84 1 3
78 1 4
-75 1 5
49 1 6
-60 1 7
96 1 8
-45 1 9
-60 1 10
-15 1 11
80 1 12
36 1 13
-46 1 14
-5 1 15
-98 1 16
27 1 17
88 1 18
71 1 19
1 1 20
-62 1 21
-27 1 22
91 1 23
-18 1 24
99 1 25
44 1 26
-93 1 27
-5 1 28
40 1 29
14 2 7 30
4 1 31
-44 2 5 32
19 1 33
-30 3 5 23 34
-66 1 35
-6 1 36
69 1 37
-76 1 38
-10 1 39
-77 1 40
-36 1 41
25 1 42
54 1 43
50 1 44
80 1 45
-52 1 46
2 1 47
6 2 36 48
86 3 24 25 49
-28 1 50
57 2 21 51
-100 3 31 32 52
-100 1 53
-100 1 54
-100 3 34 44 55
-100 3 36 44 56
-100 1 57
-100 1 58
-100 2 9 59
-100 1 60
-100 2 23 61
-100 1 62
-100 1 63
-100 1 64
-100 3 48 56 65
-100 1 66
-100 3 48 61 67
-100 1 68
-100 2 27 69
-100 2 4 70
-100 2 19 71
-100 2 19 72
-100 2 62 73
-100 3 23 28 74
-100 3 15 29 75
-100 1 76
-100 1 77
-100 1 78
-100 1 79
-100 1 80
-100 2 22 81
-100 1 82
-100 4 4 15 76 83
-100 3 36 82 84
-100 3 73 77 85
-100 2 9 86
-100 2 7 87
-100 1 88
-100 3 16 32 89
-100 2 20 90
-100 3 60 74 91
-100 3 55 59 92
-100 2 77 93
-100 2 52 94
-100 1 95
-100 3 18 82 96
-100 2 40 97
-100 3 26 82 98
-100 3 21 33 99
-100 4 16 31 87 100
0 0
100
0 1 2
-95 1 3
-94 1 4
-94 1 5
-75 1 6
57 1 7
-67 1 8
-64 1 9
-72 1 10
30 1 11
19 1 12
-45 1 13
-4 1 14
-70 1 15
20 1 16
57 2 7 17
15 1 18
72 1 19
41 2 17 20
77 1 21
56 1 22
66 1 23
13 1 24
-67 1 25
91 1 26
74 1 27
10 1 28
97 1 29
-14 1 30
-6 1 31
-64 1 32
89 2 3 33
-1 1 34
93 1 35
96 1 36
-26 1 37
49 1 38
-72 1 39
11 1 40
28 2 35 41
8 1 42
-71 3 3 17 43
83 2 25 44
54 1 45
-91 1 46
2 1 47
11 1 48
-25 1 49
-77 1 50
-99 2 15 51
-100 1 52
-100 2 13 53
-100 3 22 51 54
-100 1 55
-100 1 56
-100 1 57
-100 1 58
-100 1 59
-100 1 60
-100 3 20 29 61
-100 2 34 62
-100 1 63
-100 3 25 26 64
-100 1 65
-100 2 36 66
-100 3 12 15 67
-100 2 12 68
-100 2 13 69
-100 2 57 70
-100 5 18 36 37 39 71
-100 3 53 57 72
-100 2 59 73
-100 1 74
-100 2 58 75
-100 2 8 76
-100 2 65 77
-100 1 78
-100 3 14 41 79
-100 1 80
-100 2 42 81
-100 1 82
-100 2 76 83
-100 1 84
-100 4 20 40 78 85
-100 1 86
-100 3 49 58 87
-100 1 88
-100 3 57 73 89
-100 1 90
-100 4 10 41 45 91
-100 3 42 64 92
-100 2 73 93
-100 2 30 94
-100 4 32 35 91 95
-100 1 96
-100 1 97
-100 2 19 98
-100 1 99
-100 2 61 100
0 1 18
100
0 1 2
48 1 3
35 1 4
3 1 5
-46 1 6
47 1 7
-43 1 8
-26 1 9
-61 1 10
-25 1 11
-40 1 12
-30 1 13
75 1 14
14 1 15
-79 1 16
47 1 17
13 1 18
-64 2 13 19
-35 1 20
-51 1 21
64 1 22
-13 2 21 23
7 1 24
-59 1 25
-87 1 26
-40 1 27
-29 1 28
25 1 29
40 2 28 30
61 1 31
-41 1 32
-53 2 18 33
8 1 34
45 1 35
0 1 36
12 2 5 37
-59 2 7 38
57 1 39
86 2 26 40
-70 3 3 5 41
83 2 26 42
97 1 43
-49 2 40 44
7 2 39 45
10 1 46
-28 1 47
-47 2 40 48
73 2 8 49
8 1 50
18 1 51
-100 1 52
-100 3 31 50 53
-100 1 54
-100 3 27 36 55
-100 1 56
-100 1 57
-100 3 9 53 58
-100 1 59
-100 2 26 60
-100 1 61
-100 1 62
-100 2 20 63
-100 1 64
-100 1 65
-100 2 24 66
-100 1 67
-100 1 68
-100 1 69
-100 1 70
-100 3 46 60 71
-100 1 72
-100 1 73
-100 1 74
-100 2 7 75
-100 2 45 76
-100 1 77
-100 2 41 78
-100 1 79
-100 2 13 80
-100 1 81
-100 2 67 82
-100 1 83
-100 1 84
-100 2 1 85
-100 3 2 32 86
-100 1 87
-100 1 88
-100 2 40 89
-100 1 90
-100 2 87 91
-100 1 92
-100 2 90 93
-100 2 10 94
-100 1 95
-100 4 20 55 69 96
-100 4 11 23 41 97
-100 3 31 41 98
-100 1 99
-100 4 26 87 91 100
0 2 52 71
100
0 1 2
17 1 3
17 1 4
69 1 5
-27 1 6
94 1 7
14 1 8
52 1 9
-85 1 10
-16 1 11
82 1 12
70 2 1 13
-7 2 10 14
-22 1 15
-32 1 16
-50 1 17
-15 1 18
-17 1 19
-30 1 20
-99 1 21
25 1 22
-78 1 23
31 1 24
-66 1 25
44 1 26
-28 1 27
-7 1 28
-77 1 29
98 1 30
59 1 31
66 1 32
-23 1 33
-75 1 34
-18 1 35
-55 2 33 36
-52 4 9 15 23 37
-74 1 38
59 1 39
100 1 40
-59 1 41
93 3 12 22 42
31 1 43
61 1 44
-65 2 38 45
60 1 46
80 1 47
-15 2 8 48
-56 1 49
-38 1 50
5 2 30 51
-100 1 52
-100 1 53
-100 2 21 54
-100 1 55
-100 1 56
-100 2 48 57
-100 1 58
-100 4 5 33 37 59
-100 1 60
-100 1 61
-100 1 62
-100 1 63
-100 2 43 64
-100 1 65
-100 1 66
-100 2 52 67
-100 1 68
-100 2 24 69
-100 1 70
-100 1 71
-100 1 72
-100 2 19 73
-100 1 74
-100 2 2 75
-100 2 36 76
-100 2 24 77
-100 1 78
-100 1 79
-100 2 29 80
-100 2 21 81
-100 2 72 82
-100 3 21 43 83
-100 2 45 84
-100 3 17 65 85
-100 2 56 86
-100 1 87
-100 1 88
-100 3 62 84 89
-100 1 90
-100 1 91
-100 2 51 92
-100 1 93
-100 2 48 94
-100 3 34 40 95
-100 2 94 96
-100 1 97
-100 4 16 35 45 98
-100 1 99
-100 2 61 100
0 2 23 78
100
0 1 2
67 1 3
10 1 4
-77 1 5
-80 1 6
-68 1 7
-93 1 8
95 1 9
-38 1 10
-65 1 11
79 1 12
89 1 13
-8 1 14
38 1 15
58 1 16
28 1 17
-54 1 18
78 1 19
-57 1 20
82 1 21
77 1 22
-93 1 23
-93 1 24
-50 1 25
-84 1 26
-10 1 27
45 1 28
-87 1 29
-26 2 17 30
-43 2 3 31
99 2 23 32
-42 1 33
-76 1 34
9 2 3 35
-69 2 34 36
95 3 3 32 37
-9 4 16 28 36 38
-62 1 39
89 2 1 40
53 1 41
-77 2 18 42
68 2 22 43
-9 1 44
-35 1 45
-45 2 3 46
-52 1 47
94 2 20 48
1 1 49
77 1 50
-64 1 51
-100 3 32 37 52
-100 2 36 53
-100 1 54
-100 1 55
-100 2 39 56
-100 2 48 57
-100 1 58
-100 1 59
-100 2 18 60
-100 2 37 61
-100 3 40 47 62
-100 1 63
-100 1 64
-100 1 65
-100 2 24 66
-100 1 67
-100 1 68
-100 2 13 69
-100 1 70
-100 2 62 71
-100 2 68 72
-100 2 10 73
-100 1 74
-100 1 75
-100 2 2 76
-100 1 77
-100 3 38 64 78
-100 3 24 67 79
-100 1 80
-100 1 81
-100 2 9 82
-100 2 40 83
-100 1 84
-100 1 85
-100 1 86
-100 1 87
-100 1 88
-100 1 89
-100 1 90
-100 3 14 55 91
-100 3 3 48 92
-100 1 93
-100 2 49 94
-100 2 38 95
-100 1 96
-100 3 64 75 97
-100 3 35 87 98
-100 3 17 21 99
-100 1 100
0 2 29 48
100
0 1 2
-28 1 3
-21 1 4
-81 1 5
39 1 6
61 1 7
33 1 8
85 1 9
-34 1 10
84 1 11
-2 1 12
35 1 13
-5 1 14
67 1 15
32 1 16
-7 1 17
-70 1 18
21 1 19
-81 1 20
-94 1 21
-42 1 22
-93 1 23
-52 1 24
16 2 5 25
-96 1 26
-99 1 27
70 3 2 3 28
4 1 29
-38 1 30
-40 2 12 31
100 2 22 32
65 1 33
32 1 34
-72 1 35
84 1 36
-80 1 37
90 1 38
-33 1 39
-96 2 24 40
-95 2 34 41
-50 1 42
-48 1 43
40 2 35 44
45 1 45
70 3 11 24 46
-29 2 26 47
89 1 48
100 2 8 49
92 1 50
58 1 51
-100 2 9 52
-100 2 38 53
-100 1 54
-100 2 20 55
-100 1 56
-100 2 11 57
-100 4 1 48 51 58
-100 1 59
-100 4 1 11 53 60
-100 2 37 61
-100 3 29 41 62
-100 2 36 63
-100 1 64
-100 2 5 65
-100 2 44 66
-100 1 67
-100 1 68
-100 2 45 69
-100 1 70
-100 1 71
-100 1 72
-100 2 56 73
-100 2 56 74
-100 2 49 75
-100 1 76
-100 2 11 77
-100 1 78
-100 1 79
-100 3 30 38 80
-100 1 81
-100 2 25 82
-100 2 57 83
-100 4 56 66 73 84
-100 2 45 85
-100 3 4 26 86
-100 1 87
-100 4 42 71 86 88
-100 1 89
-100 2 36 90
-100 1 91
-100 3 9 69 92
-100 1 93
-100 2 70 94
-100 3 35 56 95
-100 5 25 31 46 67 96
-100 3 27 91 97
-100 1 98
-100 2 76 99
-100 2 6 100
0 0
100
0 1 2
60 1 3
100 1 4
-20 1 5
26 1 6
-14 1 7
37 1 8
-19 1 9
-22 1 10
-18 1 11
-47 2 3 12
10 1 13
50 1 14
52 1 15
-100 1 16
65 1 17
-86 1 18
79 1 19
-17 1 20
-33 1 21
-28 1 22
43 1 23
-28 1 24
-94 1 25
32 2 7 26
45 2 25 27
70 2 4 28
55 1 29
-92 2 25 30
42 1 31
51 1 32
-89 1 33
-49 2 32 34
50 1 35
-9 1 36
77 1 37
86 1 38
78 1 39
-93 1 40
-87 2 20 41
-41 1 42
-39 3 3 28 43
-27 1 44
-91 1 45
63 2 7 46
-26 1 47
24 3 29 40 48
27 1 49
-48 2 43 50
57 1 51
-100 3 43 49 52
-100 1 53
-100 2 43 54
-100 1 55
-100 2 9 56
-100 1 57
-100 1 58
-100 2 33 59
-100 2 15 60
-100 3 27 51 61
-100 1 62
-100 1 63
-100 2 45 64
-100 2 16 65
-100 1 66
-100 1 67
-100 1 68
-100 2 59 69
-100 2 20 70
-100 1 71
-100 4 8 29 39 72
-100 2 3 73
-100 1 74
-100 1 75
-100 1 76
-100 1 77
-100 3 31 58 78
-100 1 79
-100 2 23 80
-100 2 49 81
-100 3 7 23 82
-100 1 83
-100 1 84
-100 1 85
-100 3 60 83 86
-100 1 87
-100 2 72 88
-100 1 89
-100 3 62 78 90
-100 2 75 91
-100 1 92
-100 1 93
-100 2 19 94
-100 3 10 50 95
-100 2 40 96
-100 1 97
-100 1 98
-100 1 99
-100 3 57 87 100
0 1 5
100
0 1 2
-1 1 3
-89 1 4
77 1 5
52 1 6
28 1 7
-44 1 8
-59 1 9
-75 1 10
55 1 11
56 1 12
12 1 13
90 1 14
-65 1 15
67 1 16
70 1 17
86 1 18
-36 1 19
-18 1 20
58 1 21
35 1 22
-89 1 23
31 1 24
47 1 25
41 2 10 26
83 1 27
38 1 28
-28 2 5 29
61 1 30
11 3 25 28 31
-27 1 32
3 1 33
-91 2 28 34
-16 1 35
-21 1 36
11 1 37
63 3 10 32 38
-15 1 39
52 2 1 40
88 1 41
-61 1 42
8 1 43
-1 2 26 44
79 1 45
-7 1 46
-84 3 12 16 47
49 2 31 48
-21 2 1 49
-20 2 38 50
81 2 13 51
-100 1 52
-100 1 53
-100 2 4 54
-100 1 55
-100 4 27 40 49 56
-100 1 57
-100 1 58
-100 2 4 59
-100 2 39 60
-100 2 3 61
-100 3 48 51 62
-100 1 63
-100 1 64
-100 2 37 65
-100 1 66
-100 1 67
-100 3 38 60 68
-100 2 35 69
-100 2 43 70
-100 1 71
-100 2 59 72
-100 2 18 73
-100 1 74
-100 2 36 75
-100 1 76
-100 3 47 56 77
-100 1 78
-100 4 3 22 62 79
-100 3 3 65 80
-100 2 14 81
-100 1 82
-100 1 83
-100 1 84
-100 2 40 85
-100 2 49 86
-100 2 65 87
-100 1 88
-100 3 83 87 89
-100 1 90
-100 1 91
-100 4 61 88 89 92
-100 1 93
-100 1 94
-100 3 26 93 95
-100 3 1 18 96
-100 1 97
-100 3 10 20 98
-100 1 99
-100 2 69 100
0 1 41
100
0 1 2
46 1 3
-11 1 4
64 1 5
58 1 6
-57 1 7
9 1 8
51 1 9
0 1 10
4 1 11
0 1 12
-57 1 13
64 1 14
-39 1 15
52 1 16
-64 2 13 17
-95 1 18
-51 1 19
-46 1 20
8 1 21
27 2 2 22
4 2 17 23
-56 1 24
71 1 25
57 2 7 26
32 1 27
49 1 28
-50 2 8 29
-68 2 27 30
10 2 9 31
-46 1 32
83 1 33
-44 1 34
-7 1 35
46 1 36
-87 1 37
36 1 38
-96 2 29 39
14 2 32 40
86 1 41
-42 1 42
-87 1 43
80 2 39 44
-78 1 45
-26 1 46
31 2 44 47
-42 1 48
-71 2 44 49
30 1 50
12 2 10 51
-100 1 52
-100 1 53
-100 2 17 54
-100 1 55
-100 1 56
-100 2 40 57
-100 3 39 47 58
-100 1 59
-100 2 42 60
-100 1 61
-100 1 62
-100 2 13 63
-100 1 64
-100 2 15 65
-100 1 66
-100 1 67
-100 2 30 68
-100 2 51 69
-100 1 70
-100 2 53 71
-100 2 52 72
-100 1 73
-100 4 31 60 67 74
-100 2 57 75
-100 2 12 76
-100 1 77
-100 1 78
-100 2 57 79
-100 1 80
-100 3 32 64 81
-100 2 18 82
-100 3 3 8 83
-100 3 9 51 84
-100 2 63 85
-100 1 86
-100 1 87
-100 1 88
-100 3 1 41 89
-100 1 90
-100 2 19 91
-100 3 36 70 92
-100 4 9 45 89 93
-100 1 94
-100 2 23 95
-100 2 85 96
-100 1 97
-100 1 98
-100 4 14 31 66 99
-100 1 100
0 0
100
0 1 2
46 1 3
-11 1 4
64 1 5
58 1 6
-57 1 7
9 1 8
51 1 9
0 1 10
4 1 11
0 1 12
-57 1 13
64 1 14
-39 1 15
52 1 16
-64 2 13 17
-95 1 18
-51 1 19
-46 1 20
8 1 21
27 2 2 22
4 2 17 23
-56 1 24
71 1 25
57 2 7 26
32 1 27
49 1 28
-50 2 8 29
-68 2 27 30
10 2 9 31
-46 1 32
83 1 33
-44 1 34
-7 1 35
46 1 36
-87 1 37
36 1 38
-96 2 29 39
14 2 32 40
86 1 41
-42 1 42
-87 1 43
80 2 39 44
-78 1 45
-26 1 46
31 2 44 47
-42 1 48
-71 2 44 49
30 1 50
12 2 10 51
-100 0
-100 1 53
-100 2 17 54
-100 1 55
-100 1 56
-100 2 40 57
-100 3 39 47 58
-100 1 59
-100 2 42 60
-100 1 61
-100 1 62
-100 2 13 63
-100 1 64
-100 2 15 65
-100 1 66
-100 1 67
-100 2 30 68
-100 2 51 69
-100 1 70
-100 2 53 71
-100 2 52 72
-100 1 73
-100 4 31 60 67 74
-100 2 57 75
-100 2 12 76
-100 1 77
-100 1 78
-100 2 57 79
-100 1 80
-100 3 32 64 81
-100 2 18 82
-100 3 3 8 83
-100 3 9 51 84
-100 2 63 85
-100 1 86
-100 1 87
-100 1 88
-100 3 1 41 89
-100 1 90
-100 2 19 91
-100 3 36 70 92
-100 4 9 45 89 93
-100 1 94
-100 2 23 95
-100 2 85 96
-100 1 97
-100 1 98
-100 4 14 31 66 99
-100 1 100
0 0
100
0 1 2
-87 1 3
-80 1 4
-39 1 5
-2 1 6
-94 1 7
37 1 8
33 1 9
22 2 1 10
83 1 11
-27 1 12
56 1 13
65 1 14
46 1 15
40 2 13 16
92 1 17
19 1 18
-83 1 19
-10 2 1 20
33 1 21
-85 2 11 22
-40 1 23
-69 1 24
42 1 25
57 1 26
-69 2 5 27
71 3 2 20 28
11 1 29
-91 1 30
-70 1 31
97 1 32
31 1 33
-56 1 34
-83 1 35
92 2 4 36
42 1 37
74 1 38
-21 1 39
-76 1 40
-4 1 41
-39 1 42
-3 1 43
-99 1 44
-74 2 27 45
-57 1 46
42 1 47
68 1 48
12 2 2 49
9 1 50
-43 3 1 9 51
-100 1 52
-100 4 16 33 48 53
-100 1 54
-100 2 31 55
-100 1 56
-100 3 2 24 57
-100 2 18 58
-100 1 59
-100 1 60
-100 1 61
-100 1 62
-100 1 63
-100 2 53 64
-100 3 21 37 65
-100 1 66
-100 2 23 67
-100 1 68
-100 1 69
-100 2 42 70
-100 2 67 71
-100 1 72
-100 2 53 73
-100 3 26 44 74
-100 1 75
-100 1 76
-100 1 77
-100 1 78
-100 2 76 79
-100 3 9 56 80
-100 1 81
-100 1 82
-100 1 83
-100 2 47 84
-100 2 51 85
-100 1 86
-100 1 87
-100 3 31 38 88
-100 3 5 44 89
-100 2 8 90
-100 2 85 91
-100 4 17 48 71 92
-100 2 25 93
-100 1 94
-100 2 5 95
-100 1 96
-100 1 97
-100 5 19 31 52 93 98
-100 3 41 95 99
-100 3 5 38 100
0 0
100
0 1 2
64 1 3
76 1 4
82 1 5
-94 1 6
-35 1 7
-54 1 8
-93 1 9
47 1 10
76 1 11
53 1 12
-55 1 13
10 1 14
-72 1 15
92 1 16
-50 1 17
-81 1 18
-59 2 14 19
-60 1 20
-39 1 21
-27 1 22
-41 1 23
-11 1 24
0 2 4 25
-39 1 26
17 1 27
83 2 9 28
100 2 7 29
-5 1 30
91 1 31
85 1 32
-28 2 3 33
54 1 34
60 1 35
-47 1 36
60 1 37
-76 2 16 38
-51 3 11 26 39
68 2 12 40
71 1 41
-76 1 42
-30 2 39 43
66 1 44
-15 2 10 45
-2 1 46
57 1 47
35 2 18 48
-33 1 49
49 1 50
76 2 33 51
-100 1 52
-100 1 53
-100 1 54
-100 1 55
-100 1 56
-100 1 57
-100 4 15 29 32 58
-100 1 59
-100 2 40 60
-100 1 61
-100 2 21 62
-100 1 63
-100 1 64
-100 1 65
-100 1 66
-100 1 67
-100 2 16 68
-100 1 69
-100 1 70
-100 1 71
-100 2 12 72
-100 2 55 73
-100 3 33 61 74
-100 2 30 75
-100 3 17 68 76
-100 3 12 29 77
-100 1 78
-100 1 79
-100 1 80
-100 3 28 57 81
-100 1 82
-100 2 64 83
-100 1 84
-100 1 85
-100 1 86
-100 1 87
-100 2 57 88
-100 1 89
-100 1 90
-100 1 91
-100 4 3 48 83 92
-100 2 90 93
-100 1 94
-100 2 86 95
-100 1 96
-100 1 97
-100 1 98
-100 3 5 76 99
-100 2 2 100
0 1 82
100
0 1 2
41 1 3
58 1 4
77 1 5
66 1 6
-100 1 7
-49 1 8
99 1 9
-39 1 10
-84 1 11
-72 1 12
-63 1 13
1 1 14
77 1 15
22 1 16
33 1 17
58 1 18
52 1 19
19 2 10 20
-52 1 21
99 1 22
87 2 1 23
25 1 24
70 2 1 25
46 1 26
87 1 27
92 1 28
59 1 29
50 1 30
88 1 31
-74 1 32
64 2 7 33
29 1 34
34 1 35
-10 1 36
-56 1 37
34 1 38
41 1 39
-58 1 40
46 1 41
7 2 21 42
-29 2 4 43
83 2 7 44
59 1 45
98 1 46
-46 2 12 47
-9 1 48
56 3 17 28 49
-95 1 50
-91 1 51
-100 1 52
-100 2 8 53
-100 1 54
-100 1 55
-100 2 52 56
-100 2 12 57
-100 1 58
-100 2 36 59
-100 1 60
-100 3 5 37 61
-100 1 62
-100 2 10 63
-100 2 14 64
-100 1 65
-100 2 16 66
-100 2 52 67
-100 3 26 54 68
-100 1 69
-100 1 70
-100 3 11 46 71
-100 3 48 59 72
-100 1 73
-100 2 50 74
-100 3 2 69 75
-100 1 76
-100 1 77
-100 1 78
-100 3 29 73 79
-100 2 7 80
-100 2 62 81
-100 3 23 41 82
-100 2 46 83
-100 3 59 79 84
-100 2 73 85
-100 2 70 86
-100 4 38 65 69 87
-100 3 51 57 88
-100 2 42 89
-100 3 18 42 90
-100 2 58 91
-100 2 43 92
-100 1 93
-100 3 42 51 94
-100 2 56 95
-100 1 96
-100 2 36 97
-100 2 2 98
-100 1 99
-100 1 100
0 0
100
0 1 2
10 1 3
-5 1 4
88 1 5
-84 1 6
-84 1 7
59 1 8
-30 1 9
12 1 10
44 1 11
79 1 12
-23 1 13
-39 1 14
53 1 15
70 1 16
1 1 17
-15 1 18
-1 1 19
75 1 20
-78 1 21
5 2 1 22
-60 1 23
-3 1 24
43 1 25
25 1 26
12 1 27
85 1 28
-69 1 29
38 1 30
73 1 31
88 1 32
79 1 33
-18 1 34
-18 1 35
16 1 36
-52 1 37
-52 1 38
-75 1 39
19 3 13 35 40
60 1 41
69 1 42
-3 1 43
-63 2 5 44
-71 1 45
-100 1 46
57 2 14 47
-19 1 48
-65 1 49
-45 1 50
-45 1 51
-100 1 52
-100 1 53
-100 1 54
-100 2 6 55
-100 1 56
-100 2 20 57
-100 1 58
-100 1 59
-100 3 38 54 60
-100 1 61
-100 1 62
-100 2 42 63
-100 2 26 64
-100 1 65
-100 1 66
-100 1 67
-100 3 34 65 68
-100 3 46 51 69
-100 2 53 70
-100 2 16 71
-100 3 25 29 72
-100 2 8 73
-100 3 24 49 74
-100 1 75
-100 1 76
-100 1 77
-100 1 78
-100 1 79
-100 2 11 80
-100 2 58 81
-100 2 38 82
-100 2 78 83
-100 2 59 84
-100 4 18 24 56 85
-100 2 83 86
-100 3 5 20 87
-100 1 88
-100 2 46 89
-100 1 90
-100 2 19 91
-100 2 71 92
-100 3 4 68 93
-100 2 16 94
-100 1 95
-100 3 31 72 96
-100 2 22 97
-100 2 10 98
-100 2 90 99
-100 3 7 57 100
0 2 90 93
100
0 1 2
-73 1 3
-89 1 4
34 1 5
-11 1 6
11 1 7
-46 1 8
86 1 9
-98 1 10
-98 1 11
-25 1 12
83 1 13
75 1 14
-57 1 15
-58 1 16
92 1 17
99 2 9 18
67 2 7 19
-56 1 20
-12 1 21
-24 1 22
69 2 10 23
-16 1 24
76 1 25
-12 1 26
-69 1 27
51 2 2 28
-3 2 3 29
0 1 30
-25 2 15 31
51 1 32
61 1 33
2 1 34
12 1 35
-56 1 36
92 1 37
73 1 38
-1 1 39
77 1 40
75 1 41
-49 1 42
-99 1 43
8 1 44
77 2 37 45
95 3 5 22 46
0 1 47
68 1 48
94 1 49
-84 1 50
62 1 51
-100 1 52
-100 1 53
-100 1 54
-100 2 8 55
-100 1 56
-100 3 19 31 57
-100 3 38 56 58
-100 1 59
-100 1 60
-100 1 61
-100 3 9 40 62
-100 1 63
-100 2 47 64
-100 1 65
-100 2 11 66
-100 1 67
-100 1 68
-100 2 13 69
-100 2 48 70
-100 1 71
-100 1 72
-100 2 12 73
-100 1 74
-100 1 75
-100 2 19 76
-100 3 30 37 77
-100 2 74 78
-100 1 79
-100 1 80
-100 1 81
-100 1 82
-100 2 50 83
-100 2 63 84
-100 2 16 85
-100 3 46 80 86
-100 2 25 87
-100 3 16 78 88
-100 2 33 89
-100 1 90
-100 4 1 38 50 91
-100 1 92
-100 4 17 27 52 93
-100 2 75 94
-100 1 95
-100 3 19 88 96
-100 1 97
-100 3 66 67 98
-100 1 99
-100 1 100
0 0
100
0 1 2
94 1 3
95 2 2 4
72 1 5
53 1 6
57 1 7
60 1 8
81 1 9
-48 1 10
13 1 11
-43 1 12
66 1 13
-13 2 9 14
-8 1 15
76 1 16
72 1 17
10 1 18
66 2 16 19
91 2 12 20
-48 1 21
75 1 22
-29 1 23
-28 1 24
-21 1 25
25 1 26
-56 1 27
-19 3 5 18 28
-94 2 5 29
-50 1 30
-22 1 31
-65 1 32
-39 2 12 33
-28 1 34
-71 1 35
83 1 36
75 2 29 37
87 1 38
42 1 39
55 2 2 40
89 2 2 41
-46 1 42
-89 1 43
4 3 10 24 44
41 1 45
3 1 46
-71 1 47
-38 1 48
64 1 49
96 1 50
-47 3 27 32 51
-100 2 17 52
-100 1 53
-100 1 54
-100 2 30 55
-100 2 23 56
-100 2 31 57
-100 1 58
-100 3 3 30 59
-100 1 60
-100 1 61
-100 2 60 62
-100 1 63
-100 1 64
-100 3 30 60 65
-100 1 66
-100 1 67
-100 1 68
-100 2 49 69
-100 2 6 70
-100 1 71
-100 3 50 58 72
-100 2 46 73
-100 1 74
-100 2 46 75
-100 1 76
-100 2 38 77
-100 2 60 78
-100 2 27 79
-100 2 6 80
-100 1 81
-100 4 41 47 78 82
-100 2 8 83
-100 2 67 84
-100 1 85
-100 4 10 20 57 86
-100 4 31 65 74 87
-100 5 11 32 84 86 88
-100 2 52 89
-100 3 58 69 90
-100 2 13 91
-100 2 6 92
-100 3 33 52 93
-100 2 31 94
-100 1 95
-100 3 23 66 96
-100 2 28 97
-100 1 98
-100 2 74 99
-100 1 100
0 0
100
0 1 2
-36 1 3
7 1 4
-70 1 5
-11 1 6
-67 1 7
10 1 8
52 1 9
29 1 10
46 1 11
36 1 12
1 1 13
22 1 14
44 1 15
83 1 16
-46 1 17
-100 1 18
-56 1 19
-23 1 20
18 1 21
0 1 22
-86 1 23
10 2 12 24
-17 1 25
-39 3 4 19 26
52 1 27
88 1 28
-39 2 5 29
41 1 30
-69 2 25 31
-77 1 32
26 2 20 33
-55 2 28 34
-20 1 35
57 2 28 36
34 2 11 37
14 1 38
-84 1 39
-65 2 30 40
93 1 41
12 1 42
71 2 39 43
-6 2 31 44
-66 1 45
-36 1 46
-74 1 47
-62 2 44 48
-86 3 8 37 49
-30 1 50
15 1 51
-100 1 52
-100 1 53
-100 1 54
-100 2 7 55
-100 2 22 56
-100 1 57
-100 1 58
-100 2 22 59
-100 1 60
-100 2 52 61
-100 5 2 40 51 57 62
-100 1 63
-100 2 61 64
-100 1 65
-100 1 66
-100 1 67
-100 1 68
-100 1 69
-100 1 70
-100 3 12 59 71
-100 2 39 72
-100 1 73
-100 2 54 74
-100 2 12 75
-100 2 19 76
-100 1 77
-100 2 40 78
-100 1 79
-100 2 38 80
-100 3 2 53 81
-100 2 16 82
-100 1 83
-100 3 14 28 84
-100 2 32 85
-100 2 10 86
-100 1 87
-100 2 77 88
-100 1 89
-100 1 90
-100 1 91
-100 1 92
-100 1 93
-100 1 94
-100 1 95
-100 3 21 62 96
-100 2 77 97
-100 2 79 98
-100 3 55 69 99
-100 1 100
0 0
100
0 1 2
-6 1 3
66 1 4
-10 1 5
8 1 6
6 1 7
-70 1 8
96 1 9
-45 1 10
-72 1 11
-87 1 12
-12 1 13
93 1 14
40 1 15
33 1 16
-25 1 17
-46 1 18
42 1 19
74 1 20
-68 1 21
74 1 22
90 1 23
93 1 24
-87 2 20 25
92 1 26
25 1 27
76 1 28
82 2 8 29
25 2 25 30
47 1 31
-86 1 32
67 1 33
91 1 34
80 1 35
-43 2 13 36
-2 1 37
-65 2 34 38
-63 1 39
-57 1 40
-10 1 41
-35 1 42
-44 1 43
78 1 44
-43 2 43 45
47 1 46
-39 2 21 47
-18 1 48
51 2 32 49
53 1 50
-94 1 51
-100 1 52
-100 2 42 53
-100 1 54
-100 1 55
-100 1 56
-100 1 57
-100 1 58
-100 2 25 59
-100 1 60
-100 1 61
-100 2 51 62
-100 3 4 33 63
-100 1 64
-100 2 41 65
-100 2 19 66
-100 2 60 67
-100 1 68
-100 3 35 51 69
-100 1 70
-100 3 38 64 71
-100 1 72
-100 3 15 67 73
-100 1 74
-100 1 75
-100 1 76
-100 1 77
-100 2 62 78
-100 2 44 79
-100 1 80
-100 2 13 81
-100 3 32 74 82
-100 2 54 83
-100 1 84
-100 1 85
-100 5 1 30 64 76 86
-100 1 87
-100 2 73 88
-100 2 5 89
-100 2 65 90
-100 1 91
-100 1 92
-100 3 21 30 93
-100 3 30 50 94
-100 4 23 37 43 95
-100 2 49 96
-100 4 29 58 95 97
-100 1 98
-100 2 61 99
-100 2 84 100
0 0
100
0 1 2
86 1 3
-65 1 4
94 1 5
31 1 6
-29 2 4 7
14 1 8
-93 1 9
-65 1 10
23 1 11
89 1 12
-88 1 13
-55 1 14
-84 1 15
-74 1 16
-81 1 17
-11 1 18
-82 1 19
-68 1 20
79 1 21
-38 2 2 22
27 1 23
18 1 24
81 2 13 25
97 1 26
74 2 7 27
78 2 24 28
-2 1 29
89 1 30
19 1 31
-72 1 32
-68 1 33
-46 1 34
-86 1 35
76 2 10 36
35 1 37
-15 2 31 38
-61 1 39
42 1 40
-29 1 41
62 1 42
-19 1 43
-67 1 44
57 3 16 37 45
-53 2 44 46
-40 1 47
77 3 28 45 48
36 2 41 49
-72 1 50
59 2 37 51
-100 1 52
-100 2 2 53
-100 3 24 35 54
-100 1 55
-100 1 56
-100 1 57
-100 1 58
-100 1 59
-100 2 25 60
-100 2 48 61
-100 2 55 62
-100 1 63
-100 3 11 62 64
-100 1 65
-100 1 66
-100 1 67
-100 1 68
-100 2 46 69
-100 1 70
-100 1 71
-100 1 72
-100 2 16 73
-100 1 74
-100 5 6 15 33 36 75
-100 3 18 22 76
-100 2 16 77
-100 3 4 28 78
-100 1 79
-100 1 80
-100 2 69 81
-100 1 82
-100 2 54 83
-100 1 84
-100 1 85
-100 2 65 86
-100 1 87
-100 2 28 88
-100 2 29 89
-100 1 90
-100 2 49 91
-100 2 15 92
-100 3 55 56 93
-100 2 16 94
-100 3 53 64 95
-100 4 43 44 83 96
-100 2 42 97
-100 1 98
-100 1 99
-100 3 42 48 100
0 1 42
100
0 1 2
-7 1 3
-31 1 4
-63 2 3 5
81 1 6
-8 2 5 7
-55 1 8
100 1 9
81 1 10
60 1 11
28 1 12
16 1 13
-73 2 10 14
81 1 15
-29 1 16
-55 1 17
-94 1 18
-14 2 6 19
-98 1 20
-3 1 21
-34 1 22
-25 2 2 23
-57 1 24
33 1 25
62 1 26
21 1 27
-85 1 28
87 2 12 29
16 1 30
36 3 4 11 31
-47 1 32
7 1 33
-72 1 34
22 2 18 35
-6 1 36
60 2 25 37
65 1 38
39 2 35 39
59 2 34 40
45 2 33 41
-2 1 42
-13 1 43
-40 1 44
-25 1 45
-83 2 38 46
-18 1 47
-30 2 5 48
-77 1 49
68 1 50
-28 3 1 15 51
-100 1 52
-100 2 51 53
-100 2 16 54
-100 2 31 55
-100 2 52 56
-100 1 57
-100 1 58
-100 1 59
-100 3 13 47 60
-100 1 61
-100 2 22 62
-100 2 21 63
-100 1 64
-100 1 65
-100 1 66
-100 3 32 51 67
-100 2 19 68
-100 1 69
-100 1 70
-100 2 50 71
-100 2 26 72
-100 1 73
-100 1 74
-100 1 75
-100 1 76
-100 2 29 77
-100 1 78
-100 3 37 76 79
-100 1 80
-100 1 81
-100 2 37 82
-100 2 27 83
-100 2 40 84
-100 2 61 85
-100 1 86
-100 1 87
-100 3 59 75 88
-100 2 85 89
-100 1 90
-100 3 12 19 91
-100 2 67 92
-100 1 93
-100 2 43 94
-100 3 49 92 95
-100 2 94 96
-100 1 97
-100 2 58 98
-100 1 99
-100 4 14 45 68 100
0 1 70
100
0 1 2
40 1 3
68 1 4
52 1 5
-17 1 6
-63 1 7
-73 1 8
13 1 9
-43 1 10
-31 1 11
17 1 12
-46 1 13
-90 2 6 14
13 1 15
-72 1 16
-5 2 6 17
75 2 15 18
48 2 1 19
-10 2 11 20
6 1 21
-36 1 22
-44 1 23
76 1 24
-30 1 25
-59 1 26
33 1 27
29 1 28
3 1 29
-94 1 30
4 1 31
96 1 32
-31 2 17 33
-56 2 20 34
14 1 35
72 1 36
27 1 37
51 2 20 38
49 1 39
90 2 8 40
-92 1 41
-83 3 1 18 42
-43 1 43
-88 1 44
-72 1 45
70 2 26 46
91 2 26 47
-27 4 2 27 31 48
44 2 1 49
38 2 45 50
63 1 51
-100 4 7 20 25 52
-100 2 25 53
-100 1 54
-100 2 37 55
-100 2 22 56
-100 1 57
-100 1 58
-100 2 46 59
-100 2 31 60
-100 2 3 61
-100 2 4 62
-100 2 42 63
-100 4 8 13 21 64
-100 1 65
-100 1 66
-100 1 67
-100 1 68
-100 1 69
-100 1 70
-100 1 71
-100 1 72
-100 1 73
-100 2 66 74
-100 3 4 60 75
-100 2 38 76
-100 2 51 77
-100 2 36 78
-100 1 79
-100 1 80
-100 3 74 77 81
-100 2 79 82
-100 2 17 83
-100 3 26 59 84
-100 2 44 85
-100 1 86
-100 1 87
-100 2 29 88
-100 3 35 67 89
-100 2 31 90
-100 1 91
-100 1 92
-100 1 93
-100 3 14 50 94
-100 2 5 95
-100 2 43 96
-100 2 41 97
-100 2 61 98
-100 3 4 26 99
-100 3 14 56 100
0 1 50
100
0 1 2
44 1 3
85 1 4
-56 1 5
-96 1 6
23 2 3 7
75 1 8
48 1 9
-80 1 10
-3 1 11
48 1 12
52 1 13
-21 1 14
52 1 15
-32 1 16
24 1 17
-71 1 18
-48 1 19
-37 1 20
2 2 1 21
6 1 22
27 1 23
55 1 24
-82 1 25
-59 3 5 18 26
-44 1 27
56 1 28
-14 3 2 6 29
67 2 24 30
-3 1 31
59 1 32
86 1 33
91 1 34
-7 1 35
81 1 36
95 1 37
-84 1 38
55 1 39
-7 2 29 40
87 2 36 41
-98 1 42
91 1 43
38 1 44
-69 1 45
42 2 38 46
56 2 10 47
55 1 48
71 2 4 49
-93 1 50
-83 1 51
-100 1 52
-100 1 53
-100 2 4 54
-100 2 9 55
-100 1 56
-100 1 57
-100 1 58
-100 3 8 46 59
-100 1 60
-100 1 61
-100 1 62
-100 2 56 63
-100 1 64
-100 2 40 65
-100 2 54 66
-100 1 67
-100 2 39 68
-100 3 37 51 69
-100 1 70
-100 1 71
-100 1 72
-100 2 55 73
-100 2 63 74
-100 1 75
-100 2 38 76
-100 1 77
-100 2 43 78
-100 1 79
-100 1 80
-100 2 33 81
-100 2 72 82
-100 2 81 83
-100 2 46 84
-100 2 42 85
-100 1 86
-100 2 26 87
-100 1 88
-100 2 3 89
-100 1 90
-100 4 53 67 88 91
-100 4 41 83 86 92
-100 1 93
-100 3 30 31 94
-100 1 95
-100 5 35 59 79 89 96
-100 2 76 97
-100 3 4 74 98
-100 4 1 62 84 99
-100 2 24 100
0 1 49
100
0 1 2
-81 1 3
97 1 4
-83 1 5
-47 1 6
66 1 7
-5 1 8
-69 1 9
44 1 10
80 1 11
-77 1 12
-92 1 13
-52 1 14
-92 1 15
-86 1 16
-48 1 17
31 1 18
-64 1 19
46 1 20
34 2 18 21
52 1 22
-40 1 23
41 1 24
10 1 25
47 1 26
-26 2 3 27
50 2 4 28
-6 2 24 29
-98 1 30
32 1 31
-44 1 32
3 1 33
1 2 15 34
-98 1 35
-30 1 36
55 1 37
18 1 38
15 1 39
86 1 40
-39 1 41
-6 1 42
60 1 43
-80 1 44
42 1 45
68 3 12 13 46
-66 1 47
45 2 40 48
-52 2 29 49
-80 1 50
-60 1 51
-100 2 27 52
-100 1 53
-100 1 54
-100 2 47 55
-100 1 56
-100 2 7 57
-100 1 58
-100 1 59
-100 2 8 60
-100 2 38 61
-100 2 24 62
-100 1 63
-100 1 64
-100 1 65
-100 2 7 66
-100 1 67
-100 3 39 42 68
-100 3 41 67 69
-100 2 34 70
-100 1 71
-100 2 22 72
-100 2 29 73
-100 4 23 26 37 74
-100 2 7 75
-100 1 76
-100 2 30 77
-100 1 78
-100 1 79
-100 2 13 80
-100 1 81
-100 1 82
-100 2 23 83
-100 1 84
-100 1 85
-100 3 3 41 86
-100 2 37 87
-100 2 60 88
-100 1 89
-100 2 11 90
-100 2 41 91
-100 1 92
-100 2 36 93
-100 3 6 72 94
-100 1 95
-100 1 96
-100 2 75 97
-100 1 98
-100 1 99
-100 2 3 100
0 1 21
100
0 1 2
-56 1 3
38 1 4
-78 1 5
77 1 6
79 1 7
81 1 8
-1 1 9
71 2 6 10
-95 1 11
-74 1 12
60 1 13
26 1 14
5 1 15
60 1 16
-22 1 17
-10 1 18
-43 2 9 19
-87 1 20
-86 1 21
-94 1 22
47 2 8 23
55 1 24
5 1 25
7 1 26
45 1 27
-84 1 28
-79 1 29
-15 2 13 30
-96 1 31
34 1 32
-73 2 30 33
-52 3 25 30 34
-29 2 5 35
100 1 36
75 1 37
-51 1 38
30 1 39
-76 1 40
-81 1 41
-14 1 42
-50 1 43
29 1 44
62 1 45
55 1 46
-61 3 1 31 47
-61 2 36 48
96 2 5 49
-54 1 50
-98 2 22 51
-100 1 52
-100 1 53
-100 2 32 54
-100 1 55
-100 1 56
-100 1 57
-100 1 58
-100 1 59
-100 1 60
-100 1 61
-100 1 62
-100 2 15 63
-100 2 27 64
-100 1 65
-100 1 66
-100 1 67
-100 1 68
-100 1 69
-100 1 70
-100 1 71
-100 1 72
-100 3 12 67 73
-100 1 74
-100 2 8 75
-100 5 10 50 72 74 76
-100 1 77
-100 1 78
-100 2 11 79
-100 2 73 80
-100 4 3 22 24 81
-100 2 1 82
-100 1 83
-100 4 28 60 71 84
-100 2 9 85
-100 4 47 81 82 86
-100 2 34 87
-100 3 28 77 88
-100 1 89
-100 2 41 90
-100 1 91
-100 1 92
-100 3 37 52 93
-100 2 63 94
-100 3 40 62 95
-100 1 96
-100 1 97
-100 1 98
-100 2 89 99
-100 2 68 100
0 0
100
0 1 2
-26 1 3
-18 1 4
96 1 5
-86 1 6
-30 1 7
2 1 8
71 1 9
-77 1 10
-43 1 11
-45 2 5 12
39 1 13
16 1 14
-72 2 1 15
55 1 16
-35 1 17
94 1 18
-67 1 19
-75 1 20
45 2 7 21
-57 1 22
-71 1 23
-71 1 24
11 3 9 14 25
40 2 14 26
-45 1 27
-75 1 28
5 2 14 29
33 1 30
39 1 31
-1 1 32
57 1 33
63 2 10 34
81 2 27 35
53 3 2 19 36
77 1 37
-49 1 38
-96 1 39
-2 4 3 12 28 40
-26 1 41
-89 2 40 42
3 1 43
64 1 44
27 1 45
-19 2 23 46
-32 1 47
92 1 48
-25 1 49
1 2 40 50
68 1 51
-100 1 52
-100 1 53
-100 2 4 54
-100 2 39 55
-100 2 7 56
-100 2 18 57
-100 1 58
-100 1 59
-100 3 41 50 60
-100 1 61
-100 2 23 62
-100 1 63
-100 1 64
-100 3 1 61 65
-100 1 66
-100 2 5 67
-100 1 68
-100 2 24 69
-100 2 67 70
-100 2 20 71
-100 1 72
-100 2 57 73
-100 1 74
-100 2 2 75
-100 1 76
-100 2 68 77
-100 3 7 39 78
-100 1 79
-100 1 80
-100 1 81
-100 3 23 30 82
-100 2 36 83
-100 1 84
-100 1 85
-100 2 36 86
-100 3 67 79 87
-100 3 38 64 88
-100 3 66 83 89
-100 1 90
-100 2 66 91
-100 2 65 92
-100 2 55 93
-100 1 94
-100 3 3 45 95
-100 1 96
-100 3 43 63 97
-100 1 98
-100 3 31 76 99
-100 1 100
0 0
100
0 1 2
55 1 3
-57 1 4
46 1 5
92 1 6
-1 1 7
-13 2 4 8
-87 1 9
34 1 10
-62 1 11
8 1 12
-5 1 13
-19 1 14
-59 1 15
50 1 16
0 1 17
42 1 18
-35 1 19
19 1 20
-55 1 21
27 1 22
-36 1 23
-58 1 24
-57 2 12 25
58 1 26
91 1 27
24 2 17 28
-20 2 5 29
28 3 18 23 30
-93 1 31
13 1 32
2 1 33
63 2 1 34
6 1 35
98 1 36
4 1 37
55 1 38
-65 1 39
-32 2 5 40
-11 3 7 29 41
-27 1 42
76 1 43
84 1 44
54 3 6 41 45
-84 1 46
-17 1 47
-97 1 48
9 2 10 49
-1 1 50
22 1 51
-100 1 52
-100 1 53
-100 2 32 54
-100 3 8 35 55
-100 1 56
-100 1 57
-100 1 58
-100 2 32 59
-100 2 35 60
-100 1 61
-100 1 62
-100 1 63
-100 1 64
-100 2 37 65
-100 1 66
-100 1 67
-100 3 17 18 68
-100 1 69
-100 2 50 70
-100 1 71
-100 2 29 72
-100 1 73
-100 2 16 74
-100 3 38 55 75
-100 2 52 76
-100 1 77
-100 2 6 78
-100 2 8 79
-100 1 80
-100 1 81
-100 3 57 76 82
-100 1 83
-100 1 84
-100 2 68 85
-100 1 86
-100 1 87
-100 2 70 88
-100 2 9 89
-100 2 84 90
-100 2 37 91
-100 2 74 92
-100 7 7 11 40 48 60 73 93
-100 2 19 94
-100 2 53 95
-100 2 52 96
-100 3 31 56 97
-100 3 17 74 98
-100 1 99
-100 3 5 51 100
0 1 58
100
0 1 2
16 1 3
92 1 4
98 1 5
-74 1 6
-29 1 7
54 1 8
-92 1 9
99 1 10
-65 1 11
49 1 12
46 1 13
-31 1 14
10 1 15
99 1 16
-24 1 17
20 2 7 18
57 1 19
29 2 13 20
22 1 21
40 1 22
-52 2 6 23
-13 1 24
14 1 25
-93 1 26
-71 1 27
51 1 28
49 2 5 29
10 2 20 30
-62 1 31
31 2 5 32
58 2 18 33
4 2 11 34
-28 1 35
5 1 36
-20 1 37
44 2 7 38
-41 2 23 39
-62 1 40
-8 1 41
-6 1 42
88 2 12 43
-63 3 29 39 44
13 1 45
-3 1 46
86 1 47
39 1 48
68 1 49
42 1 50
-33 2 38 51
-100 2 25 52
-100 2 23 53
-100 1 54
-100 2 35 55
-100 1 56
-100 3 8 28 57
-100 2 12 58
-100 4 15 30 55 59
-100 1 60
-100 1 61
-100 1 62
-100 2 16 63
-100 1 64
-100 1 65
-100 3 11 15 66
-100 3 5 47 67
-100 2 25 68
-100 2 13 69
-100 1 70
-100 2 29 71
-100 1 72
-100 1 73
-100 1 74
-100 2 41 75
-100 4 20 43 50 76
-100 2 67 77
-100 1 78
-100 1 79
-100 1 80
-100 1 81
-100 3 22 58 82
-100 2 31 83
-100 1 84
-100 1 85
-100 2 67 86
-100 3 25 74 87
-100 2 8 88
-100 1 89
-100 1 90
-100 1 91
-100 2 77 92
-100 2 72 93
-100 2 70 94
-100 1 95
-100 2 46 96
-100 1 97
-100 1 98
-100 1 99
-100 1 100
0 1 52
100
0 1 2
-53 1 3
52 1 4
-49 1 5
71 1 6
-16 1 7
40 1 8
-60 1 9
56 1 10
53 1 11
-2 1 12
91 1 13
-33 2 1 14
79 1 15
37 1 16
-46 1 17
-91 1 18
-83 2 9 19
74 1 20
85 1 21
56 1 22
17 2 1 23
-7 2 5 24
-49 1 25
98 1 26
-80 2 16 27
-98 1 28
81 2 22 29
-44 1 30
49 1 31
-27 1 32
-26 1 33
96 3 7 11 34
-76 2 9 35
-25 2 31 36
17 1 37
-41 1 38
-86 2 31 39
57 2 25 40
65 1 41
67 1 42
-96 1 43
55 2 20 44
84 2 36 45
33 1 46
-59 1 47
-62 1 48
-7 1 49
-92 2 33 50
62 1 51
-100 1 52
-100 1 53
-100 3 18 28 54
-100 1 55
-100 1 56
-100 1 57
-100 2 14 58
-100 2 18 59
-100 1 60
-100 1 61
-100 1 62
-100 1 63
-100 1 64
-100 1 65
-100 1 66
-100 1 67
-100 2 54 68
-100 1 69
-100 2 15 70
-100 2 15 71
-100 1 72
-100 1 73
-100 1 74
-100 1 75
-100 1 76
-100 2 2 77
-100 1 78
-100 1 79
-100 2 74 80
-100 5 10 19 65 66 81
-100 2 62 82
-100 2 25 83
-100 2 52 84
-100 2 68 85
-100 3 11 70 86
-100 2 74 87
-100 2 19 88
-100 2 17 89
-100 3 16 53 90
-100 1 91
-100 3 68 75 92
-100 1 93
-100 1 94
-100 3 3 20 95
-100 3 84 91 96
-100 1 97
-100 3 8 61 98
-100 4 19 83 90 99
-100 1 100
0 1 76
100
0 1 2
-76 1 3
28 1 4
94 1 5
-19 2 2 6
-81 1 7
-69 1 8
-71 1 9
-8 1 10
16 1 11
30 1 12
47 1 13
29 1 14
-55 1 15
78 1 16
71 1 17
53 1 18
-57 1 19
92 2 15 20
80 1 21
-23 3 2 9 22
64 1 23
96 1 24
40 1 25
9 1 26
97 2 21 27
51 1 28
-17 2 25 29
-35 1 30
-14 1 31
-6 2 9 32
63 2 24 33
-39 2 22 34
-79 1 35
56 1 36
-8 2 31 37
91 1 38
87 1 39
-29 3 4 24 40
-18 1 41
-47 1 42
-99 3 18 24 43
80 1 44
82 2 17 45
97 2 40 46
57 3 27 31 47
52 1 48
49 2 24 49
100 1 50
43 2 4 51
-100 1 52
-100 2 34 53
-100 2 10 54
-100 1 55
-100 2 11 56
-100 2 6 57
-100 1 58
-100 1 59
-100 1 60
-100 2 29 61
-100 1 62
-100 2 40 63
-100 2 43 64
-100 1 65
-100 2 13 66
-100 1 67
-100 1 68
-100 3 35 50 69
-100 1 70
-100 1 71
-100 2 33 72
-100 1 73
-100 1 74
-100 1 75
-100 1 76
-100 1 77
-100 1 78
-100 3 12 62 79
-100 2 6 80
-100 1 81
-100 3 20 48 82
-100 5 21 58 62 66 83
-100 2 12 84
-100 2 9 85
-100 2 21 86
-100 2 23 87
-100 2 71 88
-100 1 89
-100 3 73 88 90
-100 2 31 91
-100 2 80 92
-100 2 50 93
-100 2 8 94
-100 1 95
-100 1 96
-100 1 97
-100 1 98
-100 1 99
-100 1 100
0 0
2
0 0
0 1 1
2
0 1 2
0 0
3
0 1 2
-100 1 3
0 0
3
0 1 2
-99 1 3
0 0
100
0 1 3
100 1 1
-99 3 4 1 2
-100 4 3 1 2 5
-100 5 2 1 3 6 4
-100 6 5 4 3 7 1 2
-100 7 5 4 3 6 1 2 8
-100 8 1 7 6 3 2 5 9 4
-100 9 2 7 4 3 10 1 5 6 8
-100 10 2 5 7 1 8 4 6 11 9 3
-100 11 10 7 2 8 6 9 4 1 12 5 3
-100 12 5 1 10 4 2 7 6 8 3 9 13 11
-100 13 10 12 8 6 9 11 1 14 5 2 7 4 3
-100 14 4 6 13 5 3 11 8 1 9 15 12 2 10 7
-100 15 16 10 12 14 13 6 11 5 2 3 1 4 8 7 9
-100 16 11 8 7 3 6 5 17 10 4 2 1 9 13 15 12 14
-100 17 12 16 2 10 1 15 4 8 5 9 13 18 6 3 14 7 11
-100 18 8 15 6 13 2 5 11 14 12 19 17 3 16 9 7 1 4 10
-100 19 1 15 7 9 20 5 6 3 10 8 13 18 14 17 11 2 4 12 16
-100 20 11 19 21 2 14 15 18 17 6 3 9 1 16 12 5 13 4 10 8 7
-100 21 1 2 9 13 22 12 5 16 17 6 7 18 19 11 4 14 20 10 15 3 8
-100 22 5 8 15 20 4 10 14 7 2 23 6 21 18 12 13 11 1 9 3 16 19 17
-100 23 24 6 20 21 4 1 10 17 2 3 9 7 13 19 5 18 15 22 11 16 14 12 8
-100 24 4 22 2 11 13 9 16 19 21 3 6 23 5 7 8 14 20 25 10 1 15 18 17 12
-100 25 8 7 13 12 6 15 10 16 19 22 3 5 21 9 24 17 23 20 14 18 1 4 26 2 11
-100 26 16 21 18 6 13 2 9 19 7 5 11 25 27 22 24 4 8 15 1 20 17 10 14 23 3 12
-100 27 14 9 4 10 28 16 1 15 19 25 2 21 3 6 23 13 17 8 26 20 5 18 7 24 22 12
11
-100 28 17 18 27 12 6 3 13 19 10 21 22 26 24 15 1 11 23 4 16 8 20 7 5 29 2
25 9 14
-100 29 5 17 16 6 25 12 28 11 22 19 15 4 27 7 3 1 30 14 24 2 18 10 26 9 23
13 20 8 21
-100 30 17 11 6 15 20 7 1 19 3 18 5 8 27 2 13 14 16 12 26 9 28 31 22 4 25 23
24 29 10 21
-100 31 30 5 13 12 17 9 19 16 7 29 32 3 18 10 1 11 6 27 15 24 14 25 21 8 4
28 22 2 26 23 20
-100 32 13 15 10 5 30 1 2 19 18 16 17 9 23 7 33 6 24 31 29 20 4 12 11 22 14
25 28 26 8 21 3 27
-100 33 17 18 27 22 7 15 16 28 32 12 19 34 24 4 5 21 9 8 2 26 23 20 30 13 29
25 3 11 10 14 6 1 31
-100 34 15 28 9 3 8 31 32 16 26 14 1 7 20 10 18 30 11 33 21 29 17 25 4 2 27
23 12 13 35 24 19 22 5 6
-100 35 14 18 2 11 4 33 25 28 22 12 31 27 9 3 1 10 5 16 36 15 8 26 20 19 7
21 24 34 17 29 13 32 30 23 6
-100 36 18 25 7 10 6 22 1 31 16 23 2 17 35 34 13 9 12 5 3 32 24 29 15 21 37
33 27 28 4 30 19 14 26 20 11 8
-100 37 4 18 32 31 33 1 30 25 29 13 35 8 22 6 38 9 24 21 19 28 20 26 27 14
10 16 15 17 23 3 11 7 2 5 36 12 34
-100 38 8 1 4 21 26 19 29 3 28 22 24 6 13 39 23 30 18 11 32 9 7 14 33 34 35
27 5 37 20 16 10 12 17 2 36 31 25 15
-100 39 24 22 3 6 23 10 31 15 18 36 38 29 7 19 33 5 14 20 26 28 34 9 13 35
32 21 37 1 11 27 17 8 12 16 40 30 4 25 2
-100 40 32 37 20 24 38 30 2 26 33 35 25 4 27 9 29 31 22 39 12 13 11 19 10 1
36 17 28 14 8 3 6 5 18 21 41 34 7 15 23 16
-100 41 42 11 9 5 26 33 19 25 23 12 30 40 31 6 14 20 22 29 24 34 39 35 36 1
13 10 32 21 16 3 38 18 4 17 27 2 28 37 8 7 15
-100 42 19 16 12 27 24 6 10 11 7 20 1 3 35 38 23 18 25 17 2 41 22 32 36 37
14 28 21 4 31 30 15 34 5 29 39 33 26 8 43 9 40 13
-100 43 30 16 38 7 44 8 4 2 42 20 31 11 1 24 32 34 12 14 39 19 23 5 6 26 25
10 36 40 41 33 3 9 35 22 17 37 13 15 29 21 18 27 28
-100 44 28 41 25 29 32 9 39 13 8 36 12 26 22 3 15 10 42 43 17 7 38 1 37 23
21 5 6 31 14 4 18 45 20 24 27 30 35 2 11 34 40 19 16 33
-100 45 17 38 46 9 21 35 39 23 10 8 16 29 7 5 37 42 25 40 30 20 18 24 3 41
33 22 4 19 43 12 26 32 2 36 15 34 44 31 11 13 6 27 1 14 28
-100 46 39 21 11 27 13 10 1 45 23 41 2 22 24 47 7 35 34 16 3 42 26 32 5 15
40 6 14 33 37 30 28 12 4 18 8 19 29 31 36 44 9 38 17 25 43 20
-100 47 34 16 15 46 3 25 28 10 18 48 29 42 2 33 17 38 31 40 26 8 14 20 37 6
21 30 22 23 36 11 12 7 35 43 5 39 41 9 32 19 24 44 45 13 4 27 1
-100 48 42 8 47 5 4 19 17 21 39 1 32 33 23 14 9 11 30 45 28 7 29 44 18 20 27
2 3 49 13 6 12 41 31 43 25 15 34 35 40 36 26 38 22 46 24 10 37 16
-100 49 46 50 4 32 12 36 31 43 40 21 35 26 24 23 45 44 34 27 5 33 17 18 22
39 7 9 28 30 48 11 47 3 6 19 13 8 25 42 2 15 41 20 37 38 14 1 29 16 10
-100 50 21 44 31 7 16 15 9 25 12 18 29 41 51 13 1 26 35 33 19 45 27 37 17 43
39 48 47 10 3 22 11 8 46 49 30 14 2 6 40 38 20 23 4 28 5 34 32 36 42 24
-100 51 31 18 19 33 13 12 22 2 32 39 6 37 27 43 20 8 16 5 49 7 42 46 45 30
23 41 28 48 21 17 29 3 36 35 26 25 11 44 47 50 52 1 14 9 34 4 40 38 15 24 10
-100 52 28 48 2 41 53 13 50 1 20 11 34 17 45 29 38 15 32 47 35 37 23 27 6 49
21 14 46 16 30 5 25 8 43 22 7 10 26 9 42 3 4 12 44 31 18 19 24 40 36 33 39
51
-100 53 8 27 49 29 47 36 54 13 2 7 1 20 34 52 42 41 31 17 51 32 22 48 33 21
5 15 35 45 11 24 16 4 10 28 26 44 43 9 18 6 50 12 19 3 30 37 46 39 40 25 23
38 14
-100 54 10 37 19 9 36 43 27 46 11 17 31 49 45 47 39 30 2 44 16 6 13 23 42 52
22 40 1 34 28 26 55 4 20 48 32 14 25 50 41 15 5 24 33 38 21 29 51 8 53 12 35
3 7 18
-100 55 51 35 5 54 56 17 38 42 24 8 52 6 10 2 12 7 19 49 26 27 50 36 20 37
29 4 14 21 13 11 46 34 9 45 44 23 47 1 28 16 40 48 15 41 31 33 18 53 43 32 3
30 25 22 39
-100 56 42 50 31 53 46 44 52 13 18 6 5 33 14 30 9 38 17 27 26 37 57 25 40 12
23 16 49 29 3 11 24 36 15 28 51 7 8 34 32 47 1 43 4 21 10 22 45 41 19 54 48
20 2 35 39 55
-100 57 3 18 41 24 47 32 36 17 48 12 20 46 43 16 21 10 6 7 28 1 25 34 54 56
5 49 39 8 14 26 31 13 42 2 9 50 23 38 44 37 29 55 27 33 4 19 52 22 11 51 58
35 30 45 40 15 53
-100 58 48 11 52 6 41 10 47 20 17 25 57 27 42 32 3 13 46 31 22 39 29 16 28
45 1 34 14 38 40 7 49 18 56 37 50 44 24 26 4 2 23 8 35 43 19 9 36 55 12 51
33 59 30 21 54 5 53 15
-100 59 5 10 34 43 31 7 32 36 50 33 51 46 4 42 40 15 39 26 16 18 55 49 54 19
56 52 45 17 12 30 47 23 20 48 37 60 53 22 38 13 1 2 44 8 24 6 29 11 9 27 25
21 3 14 57 28 41 35 58
-100 60 58 59 52 2 11 51 21 54 48 20 37 38 19 42 46 53 17 47 55 3 30 18 23
49 13 50 25 22 8 9 15 57 28 24 41 40 6 5 26 16 36 43 31 32 29 1 39 12 14 34
45 33 61 4 7 56 44 35 10 27
-100 61 21 32 15 16 46 24 11 3 4 59 41 5 54 27 6 10 58 62 52 45 57 25 44 42
55 18 56 9 60 19 43 2 28 35 8 37 7 20 31 36 30 29 33 23 47 13 53 1 40 17 48
26 22 34 38 39 51 50 14 12 49
-100 62 30 19 3 55 12 52 21 31 51 22 32 60 7 40 10 14 25 39 15 26 9 17 2 36
11 28 61 42 29 53 27 48 34 33 1 58 57 6 50 4 54 16 43 23 37 44 35 24 8 45 38
20 18 49 13 63 59 46 5 47 56 41
-100 63 8 46 32 31 28 11 3 7 43 36 59 9 18 37 54 17 58 38 13 64 47 35 29 50
12 22 51 52 30 41 60 21 56 23 20 33 14 6 57 10 16 4 53 45 42 24 39 34 1 49
25 5 27 26 40 19 55 44 2 61 15 62 48
-100 64 40 56 62 58 16 32 41 20 45 5 4 36 25 42 28 44 29 43 18 27 53 52 8 10
34 55 31 60 49 38 46 13 61 33 51 26 7 65 39 19 35 22 63 48 47 17 14 3 15 21
59 12 1 54 6 37 24 2 11 50 57 9 30 23
-100 65 32 30 18 26 37 23 11 7 53 56 55 2 54 44 12 16 60 38 20 25 43 15 6 1
50 4 51 22 14 34 42 27 40 59 17 64 47 63 58 21 46 9 45 61 24 8 39 35 33 5 49
13 41 31 62 10 57 29 3 48 66 28 52 19 36
-100 66 65 18 7 36 34 9 48 35 62 42 64 55 23 40 54 53 26 13 12 10 20 31 56
43 22 30 52 16 57 3 58 47 51 19 1 11 39 15 14 49 28 45 44 17 59 27 67 60 25
32 29 50 41 37 8 24 33 4 63 38 2 6 46 61 5 21
-100 67 9 13 28 11 18 43 66 57 68 46 35 14 16 39 30 34 41 15 45 63 58 24 33
12 4 59 10 61 19 52 56 17 26 3 48 29 42 55 64 5 20 37 38 49 53 21 6 7 65 32
44 22 8 54 40 60 47 62 23 25 31 2 36 51 27 50 1
-100 68 5 39 60 29 18 24 35 63 26 43 12 15 4 20 23 34 58 54 9 19 65 11 45 33
27 64 13 51 66 67 8 7 57 59 38 52 55 42 53 22 49 62 41 37 46 69 16 2 36 14
30 47 31 56 25 40 48 61 21 10 6 17 44 50 1 32 3 28
-100 69 1 44 2 64 46 68 62 21 34 55 36 57 47 56 48 60 14 43 8 5 11 28 35 4
29 33 41 10 50 27 40 20 19 54 7 51 65 3 70 12 52 42 13 24 67 23 18 53 63 32
31 39 59 9 37 16 22 61 66 49 58 6 15 38 17 25 26 30 45
-100 70 20 59 47 61 58 53 44 63 43 67 60 2 26 35 36 3 9 54 45 10 48 29 5 28
6 49 12 11 52 40 41 1 42 24 27 22 51 7 39 69 8 31 65 4 33 50 25 15 38 55 17
16 46 71 68 14 21 62 19 56 30 66 32 57 13 23 37 64 34 18
-100 71 66 37 34 7 57 63 53 15 14 22 47 70 21 56 59 10 45 3 36 41 12 48 20
18 42 61 52 23 6 54 33 69 64 49 17 32 55 50 28 30 51 24 68 40 9 5 19 35 72
11 44 43 16 29 2 38 31 4 46 65 8 27 60 25 26 13 62 58 1 67 39
-100 72 45 42 56 14 46 2 13 64 59 61 68 34 39 16 51 24 33 40 73 23 54 37 43
5 20 18 11 49 53 28 63 52 50 29 7 17 4 57 35 44 58 27 9 22 62 48 12 19 47 32
65 3 55 66 60 1 6 10 69 15 30 67 70 31 21 38 25 71 26 36 8 41
-100 73 44 39 64 61 11 18 1 40 17 69 19 27 70 4 54 38 21 56 35 23 32 12 55
25 66 7 48 16 15 57 10 45 49 14 26 71 33 46 60 6 22 42 13 68 3 58 20 51 36
52 2 34 62 43 8 67 47 63 37 74 24 5 28 50 9 72 41 29 30 31 65 59 53
-100 74 30 61 45 42 71 34 38 72 4 70 36 12 51 3 17 24 13 67 57 27 75 40 37
52 1 29 33 55 58 64 32 43 28 39 15 22 41 48 16 60 19 68 18 6 44 14 7 35 10
56 63 9 49 2 59 46 26 31 62 23 20 54 50 21 11 8 5 73 53 65 69 47 25 66
-100 75 57 32 6 14 26 70 51 53 9 10 59 4 68 71 52 31 56 8 49 13 17 41 19 38
23 58 36 67 62 45 40 43 35 7 18 3 61 30 34 21 46 16 47 60 25 73 12 50 64 15
33 55 5 1 48 69 63 66 44 29 72 76 65 39 24 20 54 74 2 11 28 27 37 22 42
-100 76 17 72 13 43 6 36 14 51 70 31 39 73 8 37 54 29 68 67 26 64 48 25 71
65 35 66 53 15 45 20 32 46 16 30 40 49 47 62 56 77 57 12 10 5 34 55 28 27 2
44 50 69 1 38 74 61 24 59 52 63 23 33 9 3 18 41 58 21 19 22 11 60 42 4 7 75
-100 77 63 35 20 50 3 1 39 9 51 45 76 54 55 17 13 33 5 52 53 26 73 46 37 29
48 44 7 10 58 66 34 32 24 11 4 49 68 57 42 62 64 36 47 30 71 6 74 67 59 70
43 25 69 16 72 22 12 41 40 31 38 18 21 78 23 65 2 19 27 8 56 28 14 60 75 15
61
-100 78 66 3 37 77 22 41 33 47 75 42 61 9 63 20 1 62 4 40 72 71 7 5 55 44 16
54 21 13 46 79 24 18 30 69 28 74 38 12 56 60 68 11 49 59 6 29 65 36 35 57 23
52 15 32 2 25 27 53 8 39 76 26 51 14 70 73 43 45 48 31 10 17 58 34 19 64 67
50
-100 79 17 51 29 49 44 69 62 19 41 57 61 78 13 80 33 70 9 73 71 53 24 65 42
67 1 60 7 37 30 23 34 35 66 32 22 45 25 55 50 75 40 11 77 47 54 5 68 36 2 10
3 18 4 56 72 59 21 76 58 20 38 12 15 74 16 26 39 52 43 14 46 8 63 28 31 27
64 48 6
-100 80 57 58 44 19 31 50 65 79 32 64 69 27 38 20 25 75 21 28 59 71 39 62 56
10 4 8 36 43 81 51 40 63 72 23 61 52 29 37 16 24 7 46 41 60 68 18 70 78 49
17 5 42 74 13 67 35 77 66 2 26 6 73 34 53 48 22 1 14 54 15 11 55 45 30 33 3
76 12 47 9
-100 81 16 78 25 80 75 56 11 8 19 55 35 74 6 21 82 45 7 50 77 17 34 60 58 70
79 12 5 20 48 13 64 68 37 32 49 46 38 44 69 72 31 51 52 10 47 30 9 66 43 24
71 18 33 53 14 29 73 61 41 27 28 59 1 65 54 57 22 15 3 76 63 67 40 2 4 39 26
62 36 23 42
-100 82 44 5 29 60 66 33 57 67 8 10 40 53 35 30 32 76 24 75 9 28 65 59 14 22
54 39 16 73 64 49 25 45 52 51 58 61 13 83 47 71 74 19 2 7 36 80 4 56 77 55
48 18 17 42 72 37 31 23 20 11 62 3 6 34 15 70 50 68 26 1 27 79 12 69 78 38
46 81 63 43 21 41
-100 83 74 78 63 20 17 6 48 31 16 55 65 27 62 71 61 40 28 14 23 5 3 44 45 8
69 19 80 64 26 47 12 57 51 52 25 2 30 39 22 72 42 29 54 32 53 37 9 24 18 49
41 43 33 10 75 76 4 35 67 7 82 56 15 81 58 66 70 11 79 21 73 1 77 68 59 60
50 46 34 13 84 38 36
-100 84 12 36 61 54 32 50 3 14 5 53 41 56 21 35 28 38 40 34 46 85 31 39 58
79 11 72 15 6 49 83 20 29 80 75 13 9 42 7 17 22 59 65 51 10 66 82 67 47 45
63 16 23 19 48 30 27 81 43 57 68 60 33 64 55 62 26 44 69 24 52 18 74 4 37 1
71 78 25 70 77 2 76 73 8
-100 85 48 79 27 22 7 37 47 74 81 42 25 84 43 5 20 54 35 44 51 62 59 76 61
56 64 15 77 70 49 13 34 17 58 29 41 23 68 4 12 14 11 63 67 16 50 71 72 36 39
86 10 40 73 30 33 38 83 31 28 57 26 66 65 69 46 53 1 9 21 60 3 19 6 80 82 55
45 2 75 78 32 8 18 24 52
-100 86 29 55 45 57 78 53 56 28 34 58 68 74 76 1 73 23 16 77 31 64 40 49 2
24 80 3 6 9 59 25 20 19 35 84 65 79 4 54 44 10 32 82 12 36 50 70 63 15 30 13
66 39 8 85 87 21 27 38 42 37 7 14 48 33 62 41 17 51 72 60 47 5 67 83 46 22
52 61 69 18 81 43 71 11 75 26
-100 87 42 51 18 6 50 44 65 13 30 26 86 67 21 54 11 17 85 10 19 5 81 1 8 43
48 25 88 72 79 80 41 83 20 64 38 35 52 53 40 84 16 56 82 28 61 68 34 47 14
74 62 23 7 39 22 66 45 49 24 76 37 9 73 58 69 71 29 15 75 46 12 60 78 3 33
27 32 2 57 31 63 4 70 55 36 59 77
-100 88 69 67 15 51 29 1 32 87 12 41 89 72 57 18 9 76 30 7 62 45 33 81 22 60
43 68 48 47 83 74 37 61 24 59 54 31 82 13 35 86 58 40 70 49 25 21 73 28 20
80 85 42 8 84 77 52 36 19 6 4 5 66 53 17 27 16 38 44 34 39 26 23 46 75 78 65
50 56 71 2 14 63 64 55 3 11 79 10
-100 89 60 86 14 56 2 81 90 34 48 58 74 25 66 18 1 42 87 77 21 9 76 50 51 26
84 71 69 13 52 29 11 53 36 20 46 54 27 7 65 38 6 17 64 78 83 23 43 15 4 5 22
37 45 19 12 35 30 61 31 10 39 72 32 59 40 63 33 68 28 73 47 70 16 67 41 49
44 8 88 24 55 3 62 80 85 79 82 75 57
-100 90 65 4 76 19 63 17 1 8 12 62 82 69 37 71 30 85 51 89 3 21 13 46 83 70
10 80 79 43 64 28 22 66 72 35 52 81 58 9 5 20 38 32 7 31 36 91 49 47 39 48
88 41 23 18 50 24 74 42 25 57 60 2 78 16 33 77 45 53 44 34 54 68 67 29 55 75
26 86 84 56 15 61 11 87 59 40 27 6 14 73
-100 91 53 31 23 69 39 9 77 62 15 54 60 48 46 86 29 75 71 57 68 21 22 89 43
24 83 19 88 85 12 30 3 42 59 40 5 87 66 92 45 73 14 41 67 7 51 55 34 36 52
70 18 17 2 28 65 38 13 4 27 49 84 61 33 56 72 74 20 10 8 78 32 50 47 58 37 1
6 81 76 90 44 64 11 16 26 25 63 80 79 35 82
-100 92 49 40 3 23 69 15 31 57 18 51 88 64 81 84 61 63 55 59 37 10 13 35 53
14 1 25 24 12 28 89 26 52 72 75 38 43 2 83 4 76 47 77 9 7 22 86 85 44 8 33
78 39 54 42 50 5 70 87 68 16 20 79 30 29 36 21 93 90 27 62 74 82 65 48 73 60
80 91 17 41 6 45 56 32 66 67 46 11 34 58 19 71
-100 93 28 31 69 61 11 83 66 19 50 56 57 32 23 38 70 22 46 30 42 16 27 40 78
44 33 54 68 18 47 29 64 3 63 4 12 59 21 82 37 43 77 15 13 1 35 53 79 67 76
87 91 55 73 86 20 74 34 75 49 58 52 17 81 88 14 5 36 8 72 2 89 90 39 25 26 7
94 80 60 92 65 24 41 6 51 48 71 85 10 45 9 62 84
-100 94 18 84 20 50 56 48 10 3 14 95 19 22 41 29 68 89 11 73 43 35 72 1 64
67 23 55 52 4 82 71 80 53 70 13 51 78 62 85 79 42 88 33 32 83 26 44 54 61 36
69 47 77 9 8 16 28 30 66 49 15 75 37 60 59 5 2 17 34 92 63 21 81 76 31 90 86
91 25 7 93 45 12 6 27 58 74 38 46 24 57 39 87 65 40
-100 95 4 50 43 6 7 28 56 25 13 11 31 79 53 39 70 3 58 94 67 46 23 19 12 66
68 65 71 96 16 24 15 61 35 84 91 69 14 2 34 29 48 77 27 5 74 32 8 76 73 40
87 22 85 38 90 21 10 49 41 86 89 44 26 36 9 17 37 54 52 51 88 92 64 30 47 93
42 57 18 83 63 20 78 55 81 62 72 60 33 75 59 82 80 1 45
-100 96 27 71 94 84 80 51 52 4 44 24 57 59 23 47 79 35 28 68 39 92 49 36 41
90 34 42 74 48 55 67 56 87 32 29 75 69 30 62 58 10 13 89 25 63 60 45 93 26
73 85 53 38 83 17 81 50 65 76 33 11 43 82 22 5 14 88 66 7 91 2 6 37 18 1 61
70 19 31 9 72 40 78 86 21 97 20 46 12 8 54 16 95 3 15 77 64
-100 97 24 7 33 78 39 30 2 50 47 62 43 10 6 64 37 65 26 86 32 83 21 31 14 11
13 28 61 22 44 1 68 56 87 8 53 12 27 38 54 67 63 16 19 3 57 88 90 58 4 76 49
36 15 71 17 48 70 35 20 96 40 89 73 18 25 75 77 80 92 79 93 84 69 98 52 42
59 82 5 23 85 81 94 95 74 66 60 46 45 29 41 34 72 51 55 9 91
-100 98 52 29 85 88 51 27 69 86 97 21 99 79 3 25 17 92 24 49 43 63 81 53 2 8
56 60 59 11 65 76 80 10 23 89 4 55 78 39 87 48 7 96 90 84 44 6 14 67 34 41
74 42 33 47 37 15 83 28 54 5 91 73 75 64 38 30 66 22 68 18 70 77 26 72 32 40
82 46 16 94 62 36 71 57 31 45 13 12 58 61 1 20 93 35 19 95 9 50
-100 99 57 36 74 62 54 81 29 39 87 66 19 49 56 12 67 35 80 75 100 52 31 94
20 4 6 83 91 92 60 41 65 55 84 5 53 28 40 22 15 64 42 78 3 43 9 82 50 89 72
69 7 24 96 51 59 25 46 34 93 68 48 23 73 11 95 76 58 88 45 17 2 26 21 18 13
71 97 1 63 98 70 85 86 79 47 38 27 33 32 10 61 44 30 14 8 77 37 90 16
0 99 98 49 55 5 57 77 19 85 66 99 15 47 90 68 22 6 7 62 67 54 43 52 41 32 61
29 95 69 18 21 2 40 58 91 75 51 96 60 79 16 27 74 46 73 81 39 97 9 53 78 14
48 3 89 84 56 59 71 35 70 12 88 82 50 13 33 63 86 42 8 20 23 94 92 44 93 72
30 64 34 11 45 37 26 10 17 87 24 83 1 28 65 38 31 36 76 80 4 25
100
0 1 2
-2 2 3 1
-2 3 4 2 1
-2 4 3 1 2 5
-2 5 2 1 3 6 4
-2 6 5 4 3 7 1 2
-2 7 5 4 3 6 1 2 8
-2 8 1 7 6 3 2 5 9 4
-2 9 2 7 4 3 10 1 5 6 8
-2 10 2 5 7 1 8 4 6 11 9 3
-2 11 10 7 2 8 6 9 4 1 12 5 3
-2 12 5 1 10 4 2 7 6 8 3 9 13 11
-2 13 10 12 8 6 9 11 1 14 5 2 7 4 3
-2 14 4 6 13 5 3 11 8 1 9 15 12 2 10 7
-2 15 16 10 12 14 13 6 11 5 2 3 1 4 8 7 9
-2 16 11 8 7 3 6 5 17 10 4 2 1 9 13 15 12 14
-2 17 12 16 2 10 1 15 4 8 5 9 13 18 6 3 14 7 11
-2 18 8 15 6 13 2 5 11 14 12 19 17 3 16 9 7 1 4 10
-2 19 1 15 7 9 20 5 6 3 10 8 13 18 14 17 11 2 4 12 16
-2 20 11 19 21 2 14 15 18 17 6 3 9 1 16 12 5 13 4 10 8 7
-2 21 1 2 9 13 22 12 5 16 17 6 7 18 19 11 4 14 20 10 15 3 8
-2 22 5 8 15 20 4 10 14 7 2 23 6 21 18 12 13 11 1 9 3 16 19 17
-2 23 24 6 20 21 4 1 10 17 2 3 9 7 13 19 5 18 15 22 11 16 14 12 8
-2 24 4 22 2 11 13 9 16 19 21 3 6 23 5 7 8 14 20 25 10 1 15 18 17 12
-2 25 8 7 13 12 6 15 10 16 19 22 3 5 21 9 24 17 23 20 14 18 1 4 26 2 11
-2 26 16 21 18 6 13 2 9 19 7 5 11 25 27 22 24 4 8 15 1 20 17 10 14 23 3 12
-2 27 14 9 4 10 28 16 1 15 19 25 2 21 3 6 23 13 17 8 26 20 5 18 7 24 22 12
11
-2 28 17 18 27 12 6 3 13 19 10 21 22 26 24 15 1 11 23 4 16 8 20 7 5 29 2 25
9 14
-2 29 5 17 16 6 25 12 28 11 22 19 15 4 27 7 3 1 30 14 24 2 18 10 26 9 23 13
20 8 21
-2 30 17 11 6 15 20 7 1 19 3 18 5 8 27 2 13 14 16 12 26 9 28 31 22 4 25 23
24 29 10 21
-2 31 30 5 13 12 17 9 19 16 7 29 32 3 18 10 1 11 6 27 15 24 14 25 21 8 4 28
22 2 26 23 20
-2 32 13 15 10 5 30 1 2 19 18 16 17 9 23 7 33 6 24 31 29 20 4 12 11 22 14 25
28 26 8 21 3 27
-2 33 17 18 27 22 7 15 16 28 32 12 19 34 24 4 5 21 9 8 2 26 23 20 30 13 29
25 3 11 10 14 6 1 31
-2 34 15 28 9 3 8 31 32 16 26 14 1 7 20 10 18 30 11 33 21 29 17 25 4 2 27 23
12 13 35 24 19 22 5 6
-2 35 14 18 2 11 4 33 25 28 22 12 31 27 9 3 1 10 5 16 36 15 8 26 20 19 7 21
24 34 17 29 13 32 30 23 6
-2 36 18 25 7 10 6 22 1 31 16 23 2 17 35 34 13 9 12 5 3 32 24 29 15 21 37 33
27 28 4 30 19 14 26 20 11 8
-2 37 4 18 32 31 33 1 30 25 29 13 35 8 22 6 38 9 24 21 19 28 20 26 27 14 10
16 15 17 23 3 11 7 2 5 36 12 34
-2 38 8 1 4 21 26 19 29 3 28 22 24 6 13 39 23 30 18 11 32 9 7 14 33 34 35 27
5 37 20 16 10 12 17 2 36 31 25 15
-2 39 24 22 3 6 23 10 31 15 18 36 38 29 7 19 33 5 14 20 26 28 34 9 13 35 32
21 37 1 11 27 17 8 12 16 40 30 4 25 2
-2 40 32 37 20 24 38 30 2 26 33 35 25 4 27 9 29 31 22 39 12 13 11 19 10 1 36
17 28 14 8 3 6 5 18 21 41 34 7 15 23 16
-2 41 42 11 9 5 26 33 19 25 23 12 30 40 31 6 14 20 22 29 24 34 39 35 36 1 13
10 32 21 16 3 38 18 4 17 27 2 28 37 8 7 15
-2 42 19 16 12 27 24 6 10 11 7 20 1 3 35 38 23 18 25 17 2 41 22 32 36 37 14
28 21 4 31 30 15 34 5 29 39 33 26 8 43 9 40 13
-2 43 30 16 38 7 44 8 4 2 42 20 31 11 1 24 32 34 12 14 39 19 23 5 6 26 25 10
36 40 41 33 3 9 35 22 17 37 13 15 29 21 18 27 28
-2 44 28 41 25 29 32 9 39 13 8 36 12 26 22 3 15 10 42 43 17 7 38 1 37 23 21
5 6 31 14 4 18 45 20 24 27 30 35 2 11 34 40 19 16 33
-2 45 17 38 46 9 21 35 39 23 10 8 16 29 7 5 37 42 25 40 30 20 18 24 3 41 33
22 4 19 43 12 26 32 2 36 15 34 44 31 11 13 6 27 1 14 28
-2 46 39 21 11 27 13 10 1 45 23 41 2 22 24 47 7 35 34 16 3 42 26 32 5 15 40
6 14 33 37 30 28 12 4 18 8 19 29 31 36 44 9 38 17 25 43 20
-2 47 34 16 15 46 3 25 28 10 18 48 29 42 2 33 17 38 31 40 26 8 14 20 37 6 21
30 22 23 36 11 12 7 35 43 5 39 41 9 32 19 24 44 45 13 4 27 1
-2 48 42 8 47 5 4 19 17 21 39 1 32 33 23 14 9 11 30 45 28 7 29 44 18 20 27 2
3 49 13 6 12 41 31 43 25 15 34 35 40 36 26 38 22 46 24 10 37 16
-2 50 46 50 4 32 12 36 31 43 40 21 35 26 24 23 45 44 34 27 5 33 17 18 22 39
51 7 9 28 30 48 11 47 3 6 19 13 8 25 42 2 15 41 20 37 38 14 1 29 16 10
97 1 1
-100 51 31 18 19 33 13 12 22 2 32 39 6 37 27 43 20 8 16 5 49 7 42 46 45 30
23 41 28 48 21 17 29 3 36 35 26 25 11 44 47 50 52 1 14 9 34 4 40 38 15 24 10
-100 52 28 48 2 41 53 13 50 1 20 11 34 17 45 29 38 15 32 47 35 37 23 27 6 49
21 14 46 16 30 5 25 8 43 22 7 10 26 9 42 3 4 12 44 31 18 19 24 40 36 33 39
51
-100 53 8 27 49 29 47 36 54 13 2 7 1 20 34 52 42 41 31 17 51 32 22 48 33 21
5 15 35 45 11 24 16 4 10 28 26 44 43 9 18 6 50 12 19 3 30 37 46 39 40 25 23
38 14
-100 54 10 37 19 9 36 43 27 46 11 17 31 49 45 47 39 30 2 44 16 6 13 23 42 52
22 40 1 34 28 26 55 4 20 48 32 14 25 50 41 15 5 24 33 38 21 29 51 8 53 12 35
3 7 18
-100 55 51 35 5 54 56 17 38 42 24 8 52 6 10 2 12 7 19 49 26 27 50 36 20 37
29 4 14 21 13 11 46 34 9 45 44 23 47 1 28 16 40 48 15 41 31 33 18 53 43 32 3
30 25 22 39
-100 56 42 50 31 53 46 44 52 13 18 6 5 33 14 30 9 38 17 27 26 37 57 25 40 12
23 16 49 29 3 11 24 36 15 28 51 7 8 34 32 47 1 43 4 21 10 22 45 41 19 54 48
20 2 35 39 55
-100 57 3 18 41 24 47 32 36 17 48 12 20 46 43 16 21 10 6 7 28 1 25 34 54 56
5 49 39 8 14 26 31 13 42 2 9 50 23 38 44 37 29 55 27 33 4 19 52 22 11 51 58
35 30 45 40 15 53
-100 58 48 11 52 6 41 10 47 20 17 25 57 27 42 32 3 13 46 31 22 39 29 16 28
45 1 34 14 38 40 7 49 18 56 37 50 44 24 26 4 2 23 8 35 43 19 9 36 55 12 51
33 59 30 21 54 5 53 15
-100 59 5 10 34 43 31 7 32 36 50 33 51 46 4 42 40 15 39 26 16 18 55 49 54 19
56 52 45 17 12 30 47 23 20 48 37 60 53 22 38 13 1 2 44 8 24 6 29 11 9 27 25
21 3 14 57 28 41 35 58
-100 60 58 59 52 2 11 51 21 54 48 20 37 38 19 42 46 53 17 47 55 3 30 18 23
49 13 50 25 22 8 9 15 57 28 24 41 40 6 5 26 16 36 43 31 32 29 1 39 12 14 34
45 33 61 4 7 56 44 35 10 27
-100 61 21 32 15 16 46 24 11 3 4 59 41 5 54 27 6 10 58 62 52 45 57 25 44 42
55 18 56 9 60 19 43 2 28 35 8 37 7 20 31 36 30 29 33 23 47 13 53 1 40 17 48
26 22 34 38 39 51 50 14 12 49
-100 62 30 19 3 55 12 52 21 31 51 22 32 60 7 40 10 14 25 39 15 26 9 17 2 36
11 28 61 42 29 53 27 48 34 33 1 58 57 6 50 4 54 16 43 23 37 44 35 24 8 45 38
20 18 49 13 63 59 46 5 47 56 41
-100 63 8 46 32 31 28 11 3 7 43 36 59 9 18 37 54 17 58 38 13 64 47 35 29 50
12 22 51 52 30 41 60 21 56 23 20 33 14 6 57 10 16 4 53 45 42 24 39 34 1 49
25 5 27 26 40 19 55 44 2 61 15 62 48
-100 64 40 56 62 58 16 32 41 20 45 5 4 36 25 42 28 44 29 43 18 27 53 52 8 10
34 55 31 60 49 38 46 13 61 33 51 26 7 65 39 19 35 22 63 48 47 17 14 3 15 21
59 12 1 54 6 37 24 2 11 50 57 9 30 23
-100 65 32 30 18 26 37 23 11 7 53 56 55 2 54 44 12 16 60 38 20 25 43 15 6 1
50 4 51 22 14 34 42 27 40 59 17 64 47 63 58 21 46 9 45 61 24 8 39 35 33 5 49
13 41 31 62 10 57 29 3 48 66 28 52 19 36
-100 66 65 18 7 36 34 9 48 35 62 42 64 55 23 40 54 53 26 13 12 10 20 31 56
43 22 30 52 16 57 3 58 47 51 19 1 11 39 15 14 49 28 45 44 17 59 27 67 60 25
32 29 50 41 37 8 24 33 4 63 38 2 6 46 61 5 21
-100 67 9 13 28 11 18 43 66 57 68 46 35 14 16 39 30 34 41 15 45 63 58 24 33
12 4 59 10 61 19 52 56 17 26 3 48 29 42 55 64 5 20 37 38 49 53 21 6 7 65 32
44 22 8 54 40 60 47 62 23 25 31 2 36 51 27 50 1
-100 68 5 39 60 29 18 24 35 63 26 43 12 15 4 20 23 34 58 54 9 19 65 11 45 33
27 64 13 51 66 67 8 7 57 59 38 52 55 42 53 22 49 62 41 37 46 69 16 2 36 14
30 47 31 56 25 40 48 61 21 10 6 17 44 50 1 32 3 28
-100 69 1 44 2 64 46 68 62 21 34 55 36 57 47 56 48 60 14 43 8 5 11 28 35 4
29 33 41 10 50 27 40 20 19 54 7 51 65 3 70 12 52 42 13 24 67 23 18 53 63 32
31 39 59 9 37 16 22 61 66 49 58 6 15 38 17 25 26 30 45
-100 70 20 59 47 61 58 53 44 63 43 67 60 2 26 35 36 3 9 54 45 10 48 29 5 28
6 49 12 11 52 40 41 1 42 24 27 22 51 7 39 69 8 31 65 4 33 50 25 15 38 55 17
16 46 71 68 14 21 62 19 56 30 66 32 57 13 23 37 64 34 18
-100 71 66 37 34 7 57 63 53 15 14 22 47 70 21 56 59 10 45 3 36 41 12 48 20
18 42 61 52 23 6 54 33 69 64 49 17 32 55 50 28 30 51 24 68 40 9 5 19 35 72
11 44 43 16 29 2 38 31 4 46 65 8 27 60 25 26 13 62 58 1 67 39
-100 72 45 42 56 14 46 2 13 64 59 61 68 34 39 16 51 24 33 40 73 23 54 37 43
5 20 18 11 49 53 28 63 52 50 29 7 17 4 57 35 44 58 27 9 22 62 48 12 19 47 32
65 3 55 66 60 1 6 10 69 15 30 67 70 31 21 38 25 71 26 36 8 41
-100 73 44 39 64 61 11 18 1 40 17 69 19 27 70 4 54 38 21 56 35 23 32 12 55
25 66 7 48 16 15 57 10 45 49 14 26 71 33 46 60 6 22 42 13 68 3 58 20 51 36
52 2 34 62 43 8 67 47 63 37 74 24 5 28 50 9 72 41 29 30 31 65 59 53
-100 74 30 61 45 42 71 34 38 72 4 70 36 12 51 3 17 24 13 67 57 27 75 40 37
52 1 29 33 55 58 64 32 43 28 39 15 22 41 48 16 60 19 68 18 6 44 14 7 35 10
56 63 9 49 2 59 46 26 31 62 23 20 54 50 21 11 8 5 73 53 65 69 47 25 66
-100 75 57 32 6 14 26 70 51 53 9 10 59 4 68 71 52 31 56 8 49 13 17 41 19 38
23 58 36 67 62 45 40 43 35 7 18 3 61 30 34 21 46 16 47 60 25 73 12 50 64 15
33 55 5 1 48 69 63 66 44 29 72 76 65 39 24 20 54 74 2 11 28 27 37 22 42
-100 76 17 72 13 43 6 36 14 51 70 31 39 73 8 37 54 29 68 67 26 64 48 25 71
65 35 66 53 15 45 20 32 46 16 30 40 49 47 62 56 77 57 12 10 5 34 55 28 27 2
44 50 69 1 38 74 61 24 59 52 63 23 33 9 3 18 41 58 21 19 22 11 60 42 4 7 75
-100 77 63 35 20 50 3 1 39 9 51 45 76 54 55 17 13 33 5 52 53 26 73 46 37 29
48 44 7 10 58 66 34 32 24 11 4 49 68 57 42 62 64 36 47 30 71 6 74 67 59 70
43 25 69 16 72 22 12 41 40 31 38 18 21 78 23 65 2 19 27 8 56 28 14 60 75 15
61
-100 78 66 3 37 77 22 41 33 47 75 42 61 9 63 20 1 62 4 40 72 71 7 5 55 44 16
54 21 13 46 79 24 18 30 69 28 74 38 12 56 60 68 11 49 59 6 29 65 36 35 57 23
52 15 32 2 25 27 53 8 39 76 26 51 14 70 73 43 45 48 31 10 17 58 34 19 64 67
50
-100 79 17 51 29 49 44 69 62 19 41 57 61 78 13 80 33 70 9 73 71 53 24 65 42
67 1 60 7 37 30 23 34 35 66 32 22 45 25 55 50 75 40 11 77 47 54 5 68 36 2 10
3 18 4 56 72 59 21 76 58 20 38 12 15 74 16 26 39 52 43 14 46 8 63 28 31 27
64 48 6
-100 80 57 58 44 19 31 50 65 79 32 64 69 27 38 20 25 75 21 28 59 71 39 62 56
10 4 8 36 43 81 51 40 63 72 23 61 52 29 37 16 24 7 46 41 60 68 18 70 78 49
17 5 42 74 13 67 35 77 66 2 26 6 73 34 53 48 22 1 14 54 15 11 55 45 30 33 3
76 12 47 9
-100 81 16 78 25 80 75 56 11 8 19 55 35 74 6 21 82 45 7 50 77 17 34 60 58 70
79 12 5 20 48 13 64 68 37 32 49 46 38 44 69 72 31 51 52 10 47 30 9 66 43 24
71 18 33 53 14 29 73 61 41 27 28 59 1 65 54 57 22 15 3 76 63 67 40 2 4 39 26
62 36 23 42
-100 82 44 5 29 60 66 33 57 67 8 10 40 53 35 30 32 76 24 75 9 28 65 59 14 22
54 39 16 73 64 49 25 45 52 51 58 61 13 83 47 71 74 19 2 7 36 80 4 56 77 55
48 18 17 42 72 37 31 23 20 11 62 3 6 34 15 70 50 68 26 1 27 79 12 69 78 38
46 81 63 43 21 41
-100 83 74 78 63 20 17 6 48 31 16 55 65 27 62 71 61 40 28 14 23 5 3 44 45 8
69 19 80 64 26 47 12 57 51 52 25 2 30 39 22 72 42 29 54 32 53 37 9 24 18 49
41 43 33 10 75 76 4 35 67 7 82 56 15 81 58 66 70 11 79 21 73 1 77 68 59 60
50 46 34 13 84 38 36
-100 84 12 36 61 54 32 50 3 14 5 53 41 56 21 35 28 38 40 34 46 85 31 39 58
79 11 72 15 6 49 83 20 29 80 75 13 9 42 7 17 22 59 65 51 10 66 82 67 47 45
63 16 23 19 48 30 27 81 43 57 68 60 33 64 55 62 26 44 69 24 52 18 74 4 37 1
71 78 25 70 77 2 76 73 8
-100 85 48 79 27 22 7 37 47 74 81 42 25 84 43 5 20 54 35 44 51 62 59 76 61
56 64 15 77 70 49 13 34 17 58 29 41 23 68 4 12 14 11 63 67 16 50 71 72 36 39
86 10 40 73 30 33 38 83 31 28 57 26 66 65 69 46 53 1 9 21 60 3 19 6 80 82 55
45 2 75 78 32 8 18 24 52
-100 86 29 55 45 57 78 53 56 28 34 58 68 74 76 1 73 23 16 77 31 64 40 49 2
24 80 3 6 9 59 25 20 19 35 84 65 79 4 54 44 10 32 82 12 36 50 70 63 15 30 13
66 39 8 85 87 21 27 38 42 37 7 14 48 33 62 41 17 51 72 60 47 5 67 83 46 22
52 61 69 18 81 43 71 11 75 26
-100 87 42 51 18 6 50 44 65 13 30 26 86 67 21 54 11 17 85 10 19 5 81 1 8 43
48 25 88 72 79 80 41 83 20 64 38 35 52 53 40 84 16 56 82 28 61 68 34 47 14
74 62 23 7 39 22 66 45 49 24 76 37 9 73 58 69 71 29 15 75 46 12 60 78 3 33
27 32 2 57 31 63 4 70 55 36 59 77
-100 88 69 67 15 51 29 1 32 87 12 41 89 72 57 18 9 76 30 7 62 45 33 81 22 60
43 68 48 47 83 74 37 61 24 59 54 31 82 13 35 86 58 40 70 49 25 21 73 28 20
80 85 42 8 84 77 52 36 19 6 4 5 66 53 17 27 16 38 44 34 39 26 23 46 75 78 65
50 56 71 2 14 63 64 55 3 11 79 10
-100 89 60 86 14 56 2 81 90 34 48 58 74 25 66 18 1 42 87 77 21 9 76 50 51 26
84 71 69 13 52 29 11 53 36 20 46 54 27 7 65 38 6 17 64 78 83 23 43 15 4 5 22
37 45 19 12 35 30 61 31 10 39 72 32 59 40 63 33 68 28 73 47 70 16 67 41 49
44 8 88 24 55 3 62 80 85 79 82 75 57
-100 90 65 4 76 19 63 17 1 8 12 62 82 69 37 71 30 85 51 89 3 21 13 46 83 70
10 80 79 43 64 28 22 66 72 35 52 81 58 9 5 20 38 32 7 31 36 91 49 47 39 48
88 41 23 18 50 24 74 42 25 57 60 2 78 16 33 77 45 53 44 34 54 68 67 29 55 75
26 86 84 56 15 61 11 87 59 40 27 6 14 73
-100 91 53 31 23 69 39 9 77 62 15 54 60 48 46 86 29 75 71 57 68 21 22 89 43
24 83 19 88 85 12 30 3 42 59 40 5 87 66 92 45 73 14 41 67 7 51 55 34 36 52
70 18 17 2 28 65 38 13 4 27 49 84 61 33 56 72 74 20 10 8 78 32 50 47 58 37 1
6 81 76 90 44 64 11 16 26 25 63 80 79 35 82
-100 92 49 40 3 23 69 15 31 57 18 51 88 64 81 84 61 63 55 59 37 10 13 35 53
14 1 25 24 12 28 89 26 52 72 75 38 43 2 83 4 76 47 77 9 7 22 86 85 44 8 33
78 39 54 42 50 5 70 87 68 16 20 79 30 29 36 21 93 90 27 62 74 82 65 48 73 60
80 91 17 41 6 45 56 32 66 67 46 11 34 58 19 71
-100 93 28 31 69 61 11 83 66 19 50 56 57 32 23 38 70 22 46 30 42 16 27 40 78
44 33 54 68 18 47 29 64 3 63 4 12 59 21 82 37 43 77 15 13 1 35 53 79 67 76
87 91 55 73 86 20 74 34 75 49 58 52 17 81 88 14 5 36 8 72 2 89 90 39 25 26 7
94 80 60 92 65 24 41 6 51 48 71 85 10 45 9 62 84
-100 94 18 84 20 50 56 48 10 3 14 95 19 22 41 29 68 89 11 73 43 35 72 1 64
67 23 55 52 4 82 71 80 53 70 13 51 78 62 85 79 42 88 33 32 83 26 44 54 61 36
69 47 77 9 8 16 28 30 66 49 15 75 37 60 59 5 2 17 34 92 63 21 81 76 31 90 86
91 25 7 93 45 12 6 27 58 74 38 46 24 57 39 87 65 40
-100 95 4 50 43 6 7 28 56 25 13 11 31 79 53 39 70 3 58 94 67 46 23 19 12 66
68 65 71 96 16 24 15 61 35 84 91 69 14 2 34 29 48 77 27 5 74 32 8 76 73 40
87 22 85 38 90 21 10 49 41 86 89 44 26 36 9 17 37 54 52 51 88 92 64 30 47 93
42 57 18 83 63 20 78 55 81 62 72 60 33 75 59 82 80 1 45
-100 96 27 71 94 84 80 51 52 4 44 24 57 59 23 47 79 35 28 68 39 92 49 36 41
90 34 42 74 48 55 67 56 87 32 29 75 69 30 62 58 10 13 89 25 63 60 45 93 26
73 85 53 38 83 17 81 50 65 76 33 11 43 82 22 5 14 88 66 7 91 2 6 37 18 1 61
70 19 31 9 72 40 78 86 21 97 20 46 12 8 54 16 95 3 15 77 64
-100 97 24 7 33 78 39 30 2 50 47 62 43 10 6 64 37 65 26 86 32 83 21 31 14 11
13 28 61 22 44 1 68 56 87 8 53 12 27 38 54 67 63 16 19 3 57 88 90 58 4 76 49
36 15 71 17 48 70 35 20 96 40 89 73 18 25 75 77 80 92 79 93 84 69 98 52 42
59 82 5 23 85 81 94 95 74 66 60 46 45 29 41 34 72 51 55 9 91
-100 98 52 29 85 88 51 27 69 86 97 21 99 79 3 25 17 92 24 49 43 63 81 53 2 8
56 60 59 11 65 76 80 10 23 89 4 55 78 39 87 48 7 96 90 84 44 6 14 67 34 41
74 42 33 47 37 15 83 28 54 5 91 73 75 64 38 30 66 22 68 18 70 77 26 72 32 40
82 46 16 94 62 36 71 57 31 45 13 12 58 61 1 20 93 35 19 95 9 50
-100 99 57 36 74 62 54 81 29 39 87 66 19 49 56 12 67 35 80 75 100 52 31 94
20 4 6 83 91 92 60 41 65 55 84 5 53 28 40 22 15 64 42 78 3 43 9 82 50 89 72
69 7 24 96 51 59 25 46 34 93 68 48 23 73 11 95 76 58 88 45 17 2 26 21 18 13
71 97 1 63 98 70 85 86 79 47 38 27 33 32 10 61 44 30 14 8 77 37 90 16
0 99 98 49 55 5 57 77 19 85 66 99 15 47 90 68 22 6 7 62 67 54 43 52 41 32 61
29 95 69 18 21 2 40 58 91 75 51 96 60 79 16 27 74 46 73 81 39 97 9 53 78 14
48 3 89 84 56 59 71 35 70 12 88 82 50 13 33 63 86 42 8 20 23 94 92 44 93 72
30 64 34 11 45 37 26 10 17 87 24 83 1 28 65 38 31 36 76 80 4 25
100
0 8 2 3 4 5 6 7 8 9
1 7 3 4 5 6 7 8 9
2 6 4 5 6 7 8 9
4 5 5 6 7 8 9
8 4 6 7 8 9
16 3 7 8 9
32 2 8 9
64 1 9
-27 45 10 11 12 13 14 15 16 17 18 19 20 21 22 23 24 25 26 27 28 29 30 31 32 33 34 35 36 37 38 39 40 41 42 43 44 45 46 47 48 49 50 51 52 53 54
100 44 11 12 13 14 15 16 17 18 19 20 21 22 23 24 25 26 27 28 29 30 31 32 33 34 35 36 37 38 39 40 41 42 43 44 45 46 47 48 49 50 51 52 53 54
100 43 12 13 14 15 16 17 18 19 20 21 22 23 24 25 26 27 28 29 30 31 32 33 34 35 36 37 38 39 40 41 42 43 44 45 46 47 48 49 50 51 52 53 54
100 42 13 14 15 16 17 18 19 20 21 22 23 24 25 26 27 28 29 30 31 32 33 34 35 36 37 38 39 40 41 42 43 44 45 46 47 48 49 50 51 52 53 54
100 41 14 15 16 17 18 19 20 21 22 23 24 25 26 27 28 29 30 31 32 33 34 35 36 37 38 39 40 41 42 43 44 45 46 47 48 49 50 51 52 53 54
100 40 15 16 17 18 19 20 21 22 23 24 25 26 27 28 29 30 31 32 33 34 35 36 37 38 39 40 41 42 43 44 45 46 47 48 49 50 51 52 53 54
100 39 16 17 18 19 20 21 22 23 24 25 26 27 28 29 30 31 32 33 34 35 36 37 38 39 40 41 42 43 44 45 46 47 48 49 50 51 52 53 54
100 38 17 18 19 20 21 22 23 24 25 26 27 28 29 30 31 32 33 34 35 36 37 38 39 40 41 42 43 44 45 46 47 48 49 50 51 52 53 54
100 37 18 19 20 21 22 23 24 25 26 27 28 29 30 31 32 33 34 35 36 37 38 39 40 41 42 43 44 45 46 47 48 49 50 51 52 53 54
100 36 19 20 21 22 23 24 25 26 27 28 29 30 31 32 33 34 35 36 37 38 39 40 41 42 43 44 45 46 47 48 49 50 51 52 53 54
100 35 20 21 22 23 24 25 26 27 28 29 30 31 32 33 34 35 36 37 38 39 40 41 42 43 44 45 46 47 48 49 50 51 52 53 54
100 34 21 22 23 24 25 26 27 28 29 30 31 32 33 34 35 36 37 38 39 40 41 42 43 44 45 46 47 48 49 50 51 52 53 54
100 33 22 23 24 25 26 27 28 29 30 31 32 33 34 35 36 37 38 39 40 41 42 43 44 45 46 47 48 49 50 51 52 53 54
100 32 23 24 25 26 27 28 29 30 31 32 33 34 35 36 37 38 39 40 41 42 43 44 45 46 47 48 49 50 51 52 53 54
100 31 24 25 26 27 28 29 30 31 32 33 34 35 36 37 38 39 40 41 42 43 44 45 46 47 48 49 50 51 52 53 54
100 30 25 26 27 28 29 30 31 32 33 34 35 36 37 38 39 40 41 42 43 44 45 46 47 48 49 50 51 52 53 54
100 29 26 27 28 29 30 31 32 33 34 35 36 37 38 39 40 41 42 43 44 45 46 47 48 49 50 51 52 53 54
100 28 27 28 29 30 31 32 33 34 35 36 37 38 39 40 41 42 43 44 45 46 47 48 49 50 51 52 53 54
100 27 28 29 30 31 32 33 34 35 36 37 38 39 40 41 42 43 44 45 46 47 48 49 50 51 52 53 54
100 26 29 30 31 32 33 34 35 36 37 38 39 40 41 42 43 44 45 46 47 48 49 50 51 52 53 54
100 25 30 31 32 33 34 35 36 37 38 39 40 41 42 43 44 45 46 47 48 49 50 51 52 53 54
100 24 31 32 33 34 35 36 37 38 39 40 41 42 43 44 45 46 47 48 49 50 51 52 53 54
100 23 32 33 34 35 36 37 38 39 40 41 42 43 44 45 46 47 48 49 50 51 52 53 54
100 22 33 34 35 36 37 38 39 40 41 42 43 44 45 46 47 48 49 50 51 52 53 54
100 21 34 35 36 37 38 39 40 41 42 43 44 45 46 47 48 49 50 51 52 53 54
100 20 35 36 37 38 39 40 41 42 43 44 45 46 47 48 49 50 51 52 53 54
100 19 36 37 38 39 40 41 42 43 44 45 46 47 48 49 50 51 52 53 54
100 18 37 38 39 40 41 42 43 44 45 46 47 48 49 50 51 52 53 54
100 17 38 39 40 41 42 43 44 45 46 47 48 49 50 51 52 53 54
100 16 39 40 41 42 43 44 45 46 47 48 49 50 51 52 53 54
100 15 40 41 42 43 44 45 46 47 48 49 50 51 52 53 54
100 14 41 42 43 44 45 46 47 48 49 50 51 52 53 54
100 13 42 43 44 45 46 47 48 49 50 51 52 53 54
100 12 43 44 45 46 47 48 49 50 51 52 53 54
100 11 44 45 46 47 48 49 50 51 52 53 54
100 10 45 46 47 48 49 50 51 52 53 54
100 9 46 47 48 49 50 51 52 53 54
100 8 47 48 49 50 51 52 53 54
100 7 48 49 50 51 52 53 54
100 6 49 50 51 52 53 54
100 5 50 51 52 53 54
100 4 51 52 53 54
100 3 52 53 54
100 2 53 54
100 1 54
-100 1 55
-100 1 56
-100 1 57
-100 1 58
-100 1 59
-100 1 60
-100 1 61
-100 1 62
-100 1 63
-100 1 64
-100 1 65
-100 1 66
-100 1 67
-100 1 68
-100 1 69
-100 1 70
-100 1 71
-100 1 72
-100 1 73
-100 1 74
-100 1 75
-100 1 76
-100 1 77
-100 1 78
-100 1 79
-100 1 80
-100 1 81
-100 1 82
-100 1 83
-100 1 84
-100 1 85
-100 1 86
-100 1 87
-100 1 88
-100 1 89
-100 1 90
-100 1 91
-100 1 92
-100 1 93
-100 1 94
-100 1 95
-100 1 96
-100 1 97
-100 1 98
-100 1 99
-100 1 100
0 0
-1
