45 1 2 3 4 5 6 7 8 9 10 11 12 13 14 15 16 17 18 19 20 21 22 23 24 25 26 27 28 30 31 34 39 42 43 45 48 64 66 72 78 84 89 92 97 100
61 1 2 3 4 5 6 7 8 9 10 11 12 13 14 15 16 17 18 19 20 21 22 23 24 25 26 27 28 29 30 31 32 33 34 35 36 37 38 39 40 41 42 43 44 47 48 52 59 63 69 71 74 77 83 84 86 90 92 95 98 100
50 1 2 4 5 7 8 9 11 12 13 14 16 18 19 20 21 22 24 26 31 33 35 38 41 45 47 54 57 58 59 61 62 64 69 74 76 77 79 80 81 83 86 89 90 92 95 96 98 99 100
28 1 5 8 10 13 15 19 21 24 27 31 33 36 40 43 48 53 58 61 63 69 75 78 81 85 91 94 100
91 1 2 3 4 5 6 7 8 9 10 11 12 13 14 15 16 17 18 19 20 21 22 23 24 25 26 27 28 29 30 31 32 33 34 35 36 37 38 39 40 41 42 43 44 45 46 47 48 49 50 51 52 53 54 55 56 57 58 59 60 61 62 63 64 65 66 67 68 69 70 71 74 75 76 78 79 82 83 84 85 86 88 90 91 92 93 95 96 98 99 100
11 1 8 21 31 41 52 57 69 78 89 100
17 1 11 16 19 23 26 33 38 41 45 52 55 59 67 70 78 100
18 1 8 16 21 25 28 35 41 45 52 57 60 71 79 85 90 95 100
21 1 5 9 15 19 23 27 31 38 45 52 57 60 68 71 76 81 85 89 95 100
98 1 2 3 4 5 6 7 8 9 10 11 12 13 14 15 16 17 18 19 20 21 22 23 24 25 26 27 28 29 30 31 32 33 34 35 36 37 38 39 40 41 42 43 44 45 46 47 48 49 50 51 52 53 54 55 56 57 58 59 60 61 62 63 64 65 66 67 68 69 70 71 73 74 75 76 77 78 79 80 81 82 83 84 85 87 88 89 90 91 92 93 94 95 96 97 98 99 100
61 1 2 3 5 7 8 9 11 13 15 16 17 19 20 21 23 24 26 27 28 30 32 33 35 37 40 41 42 44 46 49 52 54 55 56 57 58 59 61 62 63 66 69 71 74 75 76 78 79 82 83 84 85 87 88 91 93 95 97 98 100
87 1 3 4 5 6 7 8 9 10 11 12 13 14 15 16 17 18 19 20 21 22 23 24 25 26 27 28 29 30 31 32 33 34 35 36 37 38 39 40 41 42 43 44 45 46 48 49 50 52 54 55 56 57 58 59 60 61 62 63 65 68 69 70 71 73 74 75 76 77 78 80 81 82 83 84 85 87 88 89 90 91 93 95 96 97 98 100
76 1 2 3 4 6 7 8 10 11 12 13 14 15 16 17 18 19 20 21 22 23 24 25 26 27 28 29 30 32 33 35 36 37 38 39 40 41 43 44 46 48 50 52 54 55 56 57 58 59 60 61 62 63 65 67 68 69 71 74 76 78 79 81 82 83 84 86 88 89 91 92 94 95 96 98 100
20 1 5 9 12 17 20 26 29 39 44 49 56 60 63 68 71 82 92 95 100
62 1 2 3 5 7 8 10 12 14 15 16 18 19 20 21 23 25 27 28 30 32 33 35 37 38 40 41 43 45 48 49 50 52 54 55 57 58 59 60 61 62 63 67 68 69 71 74 75 77 79 81 82 83 85 88 89 91 93 95 96 98 100
35 1 3 5 8 11 14 17 21 23 25 28 32 36 38 40 42 45 48 51 54 56 58 60 63 67 70 76 79 82 84 88 91 94 97 100
75 1 3 5 6 7 8 10 12 13 14 15 16 17 18 19 20 21 22 23 25 26 27 28 30 31 33 34 35 36 37 38 39 40 41 43 45 47 49 51 53 54 55 56 57 58 59 61 62 63 65 67 68 70 71 73 74 75 76 77 78 79 82 83 84 86 88 89 90 92 94 95 96 98 99 100
68 1 2 3 4 5 6 7 8 9 10 11 12 13 14 15 16 17 18 19 20 21 22 23 24 25 26 27 28 29 30 31 32 33 34 35 36 37 38 39 40 41 42 43 44 45 46 47 48 49 50 51 52 53 54 55 56 57 58 59 60 61 62 63 64 65 66 67 100
47 1 3 4 6 8 10 12 14 16 18 21 23 25 27 30 32 34 36 39 41 43 45 48 51 53 55 57 59 61 64 66 69 71 73 75 78 80 82 83 85 88 89 91 93 95 98 100
48 1 2 4 6 7 8 10 14 16 18 20 22 23 25 26 28 30 32 34 36 38 39 41 42 44 46 50 52 54 56 59 60 62 64 67 69 71 73 75 78 80 84 86 90 92 95 98 100
21 1 2 3 4 5 6 7 8 9 10 11 12 13 14 15 16 17 42 64 85 100
10 1 2 3 4 5 6 26 51 75 100
26 1 2 3 4 5 6 7 8 9 10 11 12 13 14 15 16 17 18 19 26 42 58 72 82 95 100
37 1 2 3 4 5 6 7 8 9 10 11 12 13 14 15 16 17 18 19 20 21 22 23 24 25 26 27 28 29 30 31 41 58 72 78 85 100
16 1 2 3 4 13 26 40 42 44 64 65 72 78 82 95 100
15 1 10 13 20 24 34 42 50 64 65 72 85 88 90 100
24 1 2 3 4 5 6 7 8 9 10 11 12 13 14 15 16 20 28 38 50 65 72 90 100
10 1 5 21 39 44 64 74 86 95 100
41 1 2 3 4 5 6 7 8 9 10 11 12 13 14 15 16 17 18 19 20 21 22 23 24 25 26 28 34 38 40 41 48 50 57 61 71 72 79 90 92 100
32 1 2 3 4 5 6 7 8 9 10 11 12 13 14 15 16 17 18 20 30 35 38 42 50 64 65 75 88 90 95 96 100
45 1 2 3 4 5 6 7 8 9 10 11 12 13 14 15 16 17 18 19 20 21 22 23 24 25 26 27 28 29 30 31 34 39 44 50 59 64 65 72 78 88 90 92 95 100
32 1 2 3 5 7 12 15 17 23 28 30 35 38 40 41 42 48 50 57 60 63 64 71 72 79 88 90 91 92 94 96 100
45 1 2 3 4 5 6 7 8 9 10 11 12 13 14 15 16 17 18 19 20 21 22 23 24 25 26 27 28 29 30 31 32 37 41 50 60 61 71 74 79 88 90 96 98 100
12 1 6 14 21 28 33 39 44 59 69 88 100
22 1 5 10 12 14 16 21 23 30 31 34 37 39 48 52 58 66 72 79 85 90 100
38 1 2 3 4 5 6 7 13 17 21 28 30 33 35 38 40 41 48 50 53 57 61 64 66 69 72 75 79 81 85 87 88 90 94 95 96 98 100
41 1 2 3 4 5 6 7 8 9 10 11 12 13 14 17 21 30 31 33 37 40 42 43 48 52 56 60 61 64 67 73 74 79 85 88 90 91 95 96 99 100
17 1 6 17 23 31 38 42 53 59 64 67 73 79 88 90 95 100
29 1 13 17 20 25 30 33 35 38 40 41 42 48 50 55 56 60 61 64 65 67 69 73 78 81 88 90 92 100
19 1 6 12 17 23 30 34 41 48 50 54 60 65 72 80 85 90 95 100
45 1 2 3 4 5 6 7 8 9 10 11 12 13 14 15 16 17 18 19 20 21 22 23 24 25 26 27 28 30 31 34 39 42 43 45 48 64 66 72 78 84 89 92 97 100
61 1 2 3 4 5 6 7 8 9 10 11 12 13 14 15 16 17 18 19 20 21 22 23 24 25 26 27 28 29 30 31 32 33 34 35 36 37 38 39 40 41 42 43 44 47 48 52 59 63 69 71 74 77 83 84 86 90 92 95 98 100
50 1 2 4 5 7 8 9 11 12 13 14 16 18 19 20 21 22 24 26 31 33 35 38 41 45 47 54 57 58 59 61 62 64 69 74 76 77 79 80 81 83 86 89 90 92 95 96 98 99 100
28 1 5 8 10 13 15 19 21 24 27 31 33 36 40 43 48 53 58 61 63 69 75 78 81 85 91 94 100
91 1 2 3 4 5 6 7 8 9 10 11 12 13 14 15 16 17 18 19 20 21 22 23 24 25 26 27 28 29 30 31 32 33 34 35 36 37 38 39 40 41 42 43 44 45 46 47 48 49 50 51 52 53 54 55 56 57 58 59 60 61 62 63 64 65 66 67 68 69 70 71 74 75 76 78 79 82 83 84 85 86 88 90 91 92 93 95 96 98 99 100
11 1 8 21 31 41 52 57 69 78 89 100
17 1 11 16 19 23 26 33 38 41 45 52 55 59 67 70 78 100
18 1 8 16 21 25 28 35 41 45 52 57 60 71 79 85 90 95 100
21 1 5 9 15 19 23 27 31 38 45 52 57 60 68 71 76 81 85 89 95 100
98 1 2 3 4 5 6 7 8 9 10 11 12 13 14 15 16 17 18 19 20 21 22 23 24 25 26 27 28 29 30 31 32 33 34 35 36 37 38 39 40 41 42 43 44 45 46 47 48 49 50 51 52 53 54 55 56 57 58 59 60 61 62 63 64 65 66 67 68 69 70 71 73 74 75 76 77 78 79 80 81 82 83 84 85 87 88 89 90 91 92 93 94 95 96 97 98 99 100
61 1 2 3 5 7 8 9 11 13 15 16 17 19 20 21 23 24 26 27 28 30 32 33 35 37 40 41 42 44 46 49 52 54 55 56 57 58 59 61 62 63 66 69 71 74 75 76 78 79 82 83 84 85 87 88 91 93 95 97 98 100
87 1 3 4 5 6 7 8 9 10 11 12 13 14 15 16 17 18 19 20 21 22 23 24 25 26 27 28 29 30 31 32 33 34 35 36 37 38 39 40 41 42 43 44 45 46 48 49 50 52 54 55 56 57 58 59 60 61 62 63 65 68 69 70 71 73 74 75 76 77 78 80 81 82 83 84 85 87 88 89 90 91 93 95 96 97 98 100
76 1 2 3 4 6 7 8 10 11 12 13 14 15 16 17 18 19 20 21 22 23 24 25 26 27 28 29 30 32 33 35 36 37 38 39 40 41 43 44 46 48 50 52 54 55 56 57 58 59 60 61 62 63 65 67 68 69 71 74 76 78 79 81 82 83 84 86 88 89 91 92 94 95 96 98 100
20 1 5 9 12 17 20 26 29 39 44 49 56 60 63 68 71 82 92 95 100
62 1 2 3 5 7 8 10 12 14 15 16 18 19 20 21 23 25 27 28 30 32 33 35 37 38 40 41 43 45 48 49 50 52 54 55 57 58 59 60 61 62 63 67 68 69 71 74 75 77 79 81 82 83 85 88 89 91 93 95 96 98 100
35 1 3 5 8 11 14 17 21 23 25 28 32 36 38 40 42 45 48 51 54 56 58 60 63 67 70 76 79 82 84 88 91 94 97 100
75 1 3 5 6 7 8 10 12 13 14 15 16 17 18 19 20 21 22 23 25 26 27 28 30 31 33 34 35 36 37 38 39 40 41 43 45 47 49 51 53 54 55 56 57 58 59 61 62 63 65 67 68 70 71 73 74 75 76 77 78 79 82 83 84 86 88 89 90 92 94 95 96 98 99 100
68 1 2 3 4 5 6 7 8 9 10 11 12 13 14 15 16 17 18 19 20 21 22 23 24 25 26 27 28 29 30 31 32 33 34 35 36 37 38 39 40 41 42 43 44 45 46 47 48 49 50 51 52 53 54 55 56 57 58 59 60 61 62 63 64 65 66 67 100
47 1 3 4 6 8 10 12 14 16 18 21 23 25 27 30 32 34 36 39 41 43 45 48 51 53 55 57 59 61 64 66 69 71 73 75 78 80 82 83 85 88 89 91 93 95 98 100
48 1 2 4 6 7 8 10 14 16 18 20 22 23 25 26 28 30 32 34 36 38 39 41 42 44 46 50 52 54 56 59 60 62 64 67 69 71 73 75 78 80 84 86 90 92 95 98 100
21 1 2 3 4 5 6 7 8 9 10 11 12 13 14 15 16 17 42 64 85 100
10 1 2 3 4 5 6 26 51 75 100
26 1 2 3 4 5 6 7 8 9 10 11 12 13 14 15 16 17 18 19 26 42 58 72 82 95 100
37 1 2 3 4 5 6 7 8 9 10 11 12 13 14 15 16 17 18 19 20 21 22 23 24 25 26 27 28 29 30 31 41 58 72 78 85 100
16 1 2 3 4 13 26 40 42 44 64 65 72 78 82 95 100
15 1 10 13 20 24 34 42 50 64 65 72 85 88 90 100
24 1 2 3 4 5 6 7 8 9 10 11 12 13 14 15 16 20 28 38 50 65 72 90 100
10 1 5 21 39 44 64 74 86 95 100
41 1 2 3 4 5 6 7 8 9 10 11 12 13 14 15 16 17 18 19 20 21 22 23 24 25 26 28 34 38 40 41 48 50 57 61 71 72 79 90 92 100
32 1 2 3 4 5 6 7 8 9 10 11 12 13 14 15 16 17 18 20 30 35 38 42 50 64 65 75 88 90 95 96 100
45 1 2 3 4 5 6 7 8 9 10 11 12 13 14 15 16 17 18 19 20 21 22 23 24 25 26 27 28 29 30 31 34 39 44 50 59 64 65 72 78 88 90 92 95 100
32 1 2 3 5 7 12 15 17 23 28 30 35 38 40 41 42 48 50 57 60 63 64 71 72 79 88 90 91 92 94 96 100
45 1 2 3 4 5 6 7 8 9 10 11 12 13 14 15 16 17 18 19 20 21 22 23 24 25 26 27 28 29 30 31 32 37 41 50 60 61 71 74 79 88 90 96 98 100
12 1 6 14 21 28 33 39 44 59 69 88 100
22 1 5 10 12 14 16 21 23 30 31 34 37 39 48 52 58 66 72 79 85 90 100
38 1 2 3 4 5 6 7 13 17 21 28 30 33 35 38 40 41 48 50 53 57 61 64 66 69 72 75 79 81 85 87 88 90 94 95 96 98 100
41 1 2 3 4 5 6 7 8 9 10 11 12 13 14 17 21 30 31 33 37 40 42 43 48 52 56 60 61 64 67 73 74 79 85 88 90 91 95 96 99 100
17 1 6 17 23 31 38 42 53 59 64 67 73 79 88 90 95 100
29 1 13 17 20 25 30 33 35 38 40 41 42 48 50 55 56 60 61 64 65 67 69 73 78 81 88 90 92 100
19 1 6 12 17 23 30 34 41 48 50 54 60 65 72 80 85 90 95 100
