1000
3111 -7232 3927 BAA
6651 -4443 4000 BAB
-3734 -8456 4628 BAC
8276 1329 4199 BAD
-3729 -1010 1929 BAE
-4707 -2625 2703 BAF
-1687 -5882 3055 BAG
2199 364 1124 BAH
7674 -9474 6104 BAI
-8668 -7683 5796 BAJ
-7980 -7148 5354 BBA
6354 -3413 3603 BBB
8565 -6511 5386 BBC
4868 1011 2494 BBD
-2639 -630 1352 BBE
-5153 2505 2871 BBF
4532 -9817 5407 BBG
2319 8981 4637 BBH
444 -659 404 BBI
-5806 8490 5145 BBJ
-8250 -5553 4964 BCA
1434 -5622 2901 BCB
-6018 -2192 3195 BCC
3166 -9407 4952 BCD
5385 -6683 4301 BCE
-8250 -8356 5872 BCF
4729 7395 4397 BCG
-3480 -2447 2130 BCH
8283 -382 4152 BCI
905 741 592 BCJ
-8945 -994 4505 BDA
-9317 -2030 4777 BDB
771 6493 3269 BDC
-3492 -5284 3174 BDD
-9009 3695 4875 BDE
-7096 1897 3668 BDF
-1727 -3128 1781 BDG
3937 -81 1969 BDH
-3116 -3047 2182 BDI
7630 9463 6073 BDJ
-341 6468 3234 BEA
6571 -7741 5081 BEB
-1984 -1892 1364 BEC
6217 -8824 5391 BED
4725 1816 2524 BEE
5239 1444 2725 BEF
7062 8439 5494 BEG
2317 8643 4473 BEH
7509 1524 3826 BEI
-1501 -2855 1607 BEJ
-7723 -7191 5284 BFA
-9024 -4440 5037 BFB
1709 -1330 1091 BFC
7042 3118 3850 BFD
1307 5269 2708 BFE
-2660 6420 3472 BFF
-7980 -4434 4568 BFG
8384 2391 4354 BFH
394 -4708 2364 BFI
-4778 4046 3124 BFJ
-4171 -3395 2694 BGA
-1962 2299 1512 BGB
4862 -3807 3082 BGC
-9 935 462 BGD
-3944 -6982 4017 BGE
-8289 -8638 5977 BGF
-9833 -4605 5426 BGG
5482 -4427 3528 BGH
-7564 7291 5245 BGI
7111 8492 5528 BGJ
-8146 -1232 4121 BHA
7773 9224 6027 BHB
-9919 8565 6561 BHC
4645 5236 3489 BHD
-4250 2759 2539 BHE
681 -6896 3469 BHF
6238 1711 3237 BHG
951 2930 1533 BHH
9382 3206 4967 BHI
7936 2851 4225 BHJ
-4093 10 2049 BIA
6450 -8768 5433 BIB
-8854 1725 4511 BIC
449 -4228 2118 BID
-4326 -680 2189 BIE
-4367 -1224 2267 BIF
1764 7613 3907 BIG
4443 7576 4398 BIH
6619 -4975 4137 BII
-4680 3306 2861 BIJ
-3075 -6044 3389 BJA
6090 -8061 5046 BJB
7586 1805 3899 BJC
-2631 -904 1399 BJD
7449 7134 5152 BJE
-368 -1909 962 BJF
9596 -8538 6421 BJG
-5215 -5094 3637 BJH
6957 -3341 3862 BJI
-2902 -3220 2160 BJJ
6889 9355 5816 CAA
6007 -8965 5396 CAB
-5672 -7341 4631 CAC
-1435 2066 1255 CAD
-6954 -4871 4244 CAE
1989 -4314 2381 CAF
-3739 -9430 5080 CAG
8644 -5297 5059 CAH
-2608 -7040 3747 CAI
-9850 -3755 5264 CAJ
922 -2832 1498 CBA
-4622 1861 2494 CBB
4337 5592 3546 CBC
5483 1613 2861 CBD
7492 -6358 4912 CBE
-3499 -6834 3832 CBF
3704 5295 3230 CBG
8837 -4107 4871 CBH
-9972 2279 5104 CBI
2831 2054 1740 CBJ
8667 -6241 5349 CCA
-9833 1828 4996 CCB
-1563 -4602 2438 CCC
7284 2247 3804 CCD
-5071 4664 3446 CCE
8830 9617 6522 CCF
-7601 -6627 5042 CCG
9521 9398 6680 CCH
-4427 5535 3539 CCI
-9903 1273 5002 CCJ
-6505 -2947 3565 CDA
820 -5116 2586 CDB
5236 9593 5474 CDC
5296 -7663 4658 CDD
-776 9230 4630 CDE
6172 -132 3077 CDF
1265 -2289 1315 CDG
-8221 8313 5854 CDH
2038 -7119 3710 CDI
7652 1890 3932 CDJ
8850 -1403 4483 CEA
-1459 -1995 1229 CEB
4792 -3401 2932 CEC
-7385 -4040 4216 CED
-9380 2066 4806 CEE
9718 82 4857 CEF
9287 -2163 4774 CEG
-4749 -3161 2855 CEH
955 2535 1353 CEI
-9920 -224 4963 CEJ
1153 6733 3422 CFA
3535 8399 4559 CFB
1643 -3544 1951 CFC
2984 87 1491 CFD
-9148 -4997 5214 CFE
8599 4694 4906 CFF
4712 -8982 5077 CFG
5736 -3233 3283 CFH
-4924 404 2478 CFI
8651 17 4334 CFJ
171 -1976 996 CGA
9553 7371 6026 CGB
-6912 -5367 4367 CGC
-1736 -3061 1766 CGD
-7201 2234 3774 CGE
5565 -8705 5165 CGF
8894 -5443 5215 CGG
7784 -5678 4819 CGH
2420 5961 3217 CGI
-1238 -6256 3181 CGJ
-186 4219 2101 CHA
-3691 2280 2166 CHB
-7350 -229 3680 CHC
-2162 -8064 4174 CHD
-7238 5703 4609 CHE
-7317 -8061 5435 CHF
5982 127 2989 CHG
2671 1421 1505 CHH
2997 -4778 2830 CHI
-4915 -7353 4417 CHJ
9617 3808 5178 CIA
36 2902 1450 CIB
763 5058 2560 CIC
-4689 34 2352 CID
-903 -1033 691 CIE
9165 4238 5057 CIF
-4398 -5493 3520 CIG
-8061 -5283 4819 CIH
4292 2058 2381 CII
-7736 4941 4598 CIJ
-6163 8794 5372 CJA
4563 2567 2610 CJB
-75 9117 4563 CJC
-8246 -4639 4729 CJD
830 -1310 774 CJE
3423 6552 3692 CJF
-15 3899 1956 CJG
-4313 -740 2198 CJH
-7911 6662 5165 CJI
6699 -3041 3669 CJJ
4031 -9753 5283 DAA
2097 6588 3450 DAB
6759 -3636 3834 DAC
-921 4253 2176 DAD
-7974 7605 5500 DAE
-5954 -8416 5144 DAF
5027 1931 2692 DAG
-7837 -341 3921 DAH
5288 -4782 3558 DAI
-9506 -4953 5364 DAJ
-9859 -1963 5024 DBA
8790 -2721 4601 DBB
-6510 -8839 5496 DBC
6050 8826 5357 DBD
3407 7819 4254 DBE
-5421 -8035 4855 DBF
-8774 -5313 5121 DBG
-8921 7593 5847 DBH
4069 -5933 3591 DBI
3950 3698 2708 DBJ
-9393 -8635 6371 DCA
632 -8970 4501 DCB
-6237 7163 4758 DCC
3252 8013 4322 DCD
-2401 -6608 3507 DCE
5735 9227 5432 DCF
6871 4042 3981 DCG
6669 6330 4598 DCH
4178 7269 4188 DCI
5978 -1392 3073 DCJ
4026 -5565 3437 DDA
-9436 -9664 6763 DDB
6609 -3057 3647 DDC
9547 9130 6606 DDD
-9716 8086 6318 DDE
-8562 7559 5708 DDF
-6808 8061 5269 DDG
1225 -1048 805 DDH
6869 -8198 5344 DDI
-2160 -1198 1237 DDJ
-1402 -6322 3232 DEA
380 1223 643 DEB
-3943 -3520 2644 DEC
8485 -8076 5863 DED
-9961 -8364 6502 DEE
-8976 -7726 5930 DEF
-3855 -3057 2451 DEG
1075 -3042 1617 DEH
-9094 8038 6067 DEI
3286 -3196 2286 DEJ
757 -1671 924 DFA
-5417 -7719 4723 DFB
558 -7372 3694 DFC
-60 -2793 1391 DFD
-9629 3619 5133 DFE
5175 3038 2992 DFF
-3016 32 1510 DFG
1176 -670 682 DFH
4839 6762 4153 DFI
-576 5620 2827 DFJ
6628 -9119 5638 DGA
1507 -8795 4451 DGB
3916 -1862 2163 DGC
5875 -5870 4148 DGD
-9330 -43 4672 DGE
1024 3375 1755 DGF
-8378 6886 5416 DGG
7760 3227 4193 DGH
-1568 5521 2864 DGI
5420 2866 3067 DGJ
5930 4732 3785 DHA
-9271 -4552 5159 DHB
-9593 6371 5757 DHC
-3712 -7362 4117 DHD
252 2807 1418 DHE
-8200 -4481 4668 DHF
162 6876 3436 DHG
7739 6805 5143 DHH
2976 5693 3213 DHI
1117 3308 1747 DHJ
6687 7860 5164 DIA
-3937 6721 3886 DIB
-7217 -7688 5278 DIC
7707 8934 5898 DID
-4613 5675 3646 DIE
2409 -5808 3134 DIF
3944 8077 4488 DIG
8017 -2099 4145 DIH
613 7441 3743 DII
-582 -9889 4962 DIJ
1054 -8145 4114 DJA
1317 6766 3443 DJB
-9946 5080 5582 DJC
-4379 608 2216 DJD
851 7752 3897 DJE
7694 -2369 4015 DJF
-7748 4896 4582 DJG
4271 8145 4604 DJH
-4845 4137 3194 DJI
6716 -8030 5233 DJJ
6702 7889 5169 EAA
1461 -8209 4173 EAB
4588 502 2305 EAC
-7037 7396 5099 EAD
2263 -6673 3530 EAE
-7522 -4493 4384 EAF
-7497 5113 4542 EAG
4846 9004 5102 EAH
6058 -7346 4769 EAI
1783 -2900 1699 EAJ
-7359 8293 5534 EBA
-897 4345 2211 EBB
-1709 -9569 4868 EBC
3787 -1169 1979 EBD
922 -8895 4477 EBE
-6341 -3935 3722 EBF
-190 -2364 1193 EBG
8886 -2265 4585 EBH
-4967 -4000 3180 EBI
733 4523 2290 EBJ
7770 -7195 5297 ECA
9565 -3679 5124 ECB
1056 -7911 3991 ECC
-6346 3256 3557 ECD
-1965 3886 2182 ECE
8020 1487 4084 ECF
6182 -5527 4142 ECG
-9544 2807 4971 ECH
4055 -2616 2409 ECI
-6948 -967 3497 ECJ
8837 -3457 4746 EDA
2312 8903 4597 EDB
8087 -424 4040 EDC
824 -4247 2172 EDD
-5392 9243 5346 EDE
-1096 4963 2550 EDF
-6632 6854 4776 EDG
2750 607 1411 EDH
-9171 1296 4634 EDI
2317 7676 4005 EDJ
8332 -4501 4730 EEA
8843 -2189 4560 EEB
4548 2132 2503 EEC
-9296 7530 5972 EED
7649 -3382 4172 EEE
8283 -8102 5785 EEF
-9014 5218 5217 EEG
-3830 -816 1965 EEH
-5333 -9714 5540 EEI
-7364 -858 3714 EEJ
-6761 2529 3607 EFA
8222 -6137 5129 EFB
-6961 4090 4043 EFC
9487 -2620 4929 EFD
-8520 -9626 6422 EFE
-7403 -1097 3748 EFF
940 -5364 2727 EFG
-3162 4382 2698 EFH
-9603 9311 6688 EFI
7761 2752 4111 EFJ
6189 4719 3894 EGA
1758 6630 3438 EGB
8643 -9199 6310 EGC
419 6777 3399 EGD
-8939 5830 5336 EGE
5689 -2861 3181 EGF
-5592 1866 2955 EGG
7628 8024 5526 EGH
-3876 3918 2755 EGI
-5793 -6805 4474 EGJ
-3843 -5602 3397 EHA
7306 5214 4486 EHB
-5666 -7482 4702 EHC
-4803 -4077 3149 EHD
9436 9521 6704 EHE
-1943 -6113 3213 EHF
-250 -7276 3643 EHG
-6911 3492 3862 EHH
6838 7714 5164 EHI
-2289 8126 4218 EHJ
3322 -2481 2063 EIA
-5138 -6643 4194 EIB
5642 3467 3321 EIC
-9631 -6221 5728 EID
-3356 9892 5219 EIE
9203 -7340 5881 EIF
6481 6144 4463 EIG
8170 9208 6160 EIH
3062 7778 4179 EII
9055 -1009 4555 EIJ
-6587 6367 4575 EJA
-7491 7297 5227 EJB
1648 1043 976 EJC
6999 -845 3514 EJD
3214 -5667 3253 EJE
3390 4449 2805 EJF
1719 -5466 2855 EJG
6802 -5236 4296 EJH
7980 5343 4800 EJI
997 8913 4475 EJJ
-5170 -3680 3163 FAA
-6119 -840 3088 FAB
-4235 3889 2867 FAC
3795 -8081 4458 FAD
2407 471 1225 FAE
-4098 9710 5268 FAF
-7995 -5473 4845 FAG
7906 9068 6011 FAH
8322 -9663 6370 FAI
-6036 1996 3179 FAJ
-1258 9568 4823 FBA
4444 -7770 4466 FBB
7808 1081 3947 FBC
3478 5810 3390 FBD
8736 -1537 4436 FBE
-2870 6509 3560 FBF
6080 -1294 3099 FBG
6870 2982 3751 FBH
4124 4283 2981 FBI
4451 1838 2411 FBJ
4203 -7969 4507 FCA
-8923 -652 4477 FCB
757 -3986 2035 FCC
-6874 -7873 5216 FCD
-3867 -8444 4642 FCE
2910 -24 1450 FCF
-8112 1449 4124 FCG
-6463 2436 3443 FCH
9723 4885 5445 FCI
-3712 -6288 3644 FCJ
-3249 830 1667 FDA
496 -2337 1190 FDB
-9556 3392 5080 FDC
8570 9579 6423 FDD
-5259 -1436 2719 FDE
-3363 9992 5268 FDF
5405 5944 4025 FDG
-1679 -5035 2659 FDH
6370 -8698 5384 FDI
-8462 7070 5517 FDJ
-226 1169 598 FEA
-3114 5701 3247 FEB
-4580 -9581 5299 FEC
-4068 -7833 4420 FED
3163 -2076 1890 FEE
-5171 -5523 3772 FEF
-2378 7597 3978 FEG
6209 8676 5329 FEH
9017 -7652 5905 FEI
3356 5131 3063 FEJ
430 -8239 4135 FFA
-3436 -2168 2031 FFB
3710 -7057 3996 FFC
-5602 1100 2864 FFD
2654 8481 4453 FFE
6984 8558 5533 FFF
4039 782 2056 FFG
-1528 5832 3006 FFH
-5903 -9850 5747 FFI
-2540 -6117 3312 FFJ
-6049 -7857 4953 FGA
7293 -4581 4303 FGB
1594 9942 5025 FGC
537 27 278 FGD
-6007 4784 3841 FGE
3716 8839 4802 FGF
-4134 6938 4031 FGG
-7608 -9125 5942 FGH
-3101 -6887 3783 FGI
-4524 -9420 5235 FGJ
-2277 -3384 2042 FHA
-2942 -6980 3789 FHB
8883 -4533 4987 FHC
-8811 9336 6413 FHD
137 -3913 1960 FHE
-1707 6240 3232 FHF
-1603 -4291 2293 FHG
-8541 -8692 6103 FHH
-2814 -8010 4234 FHI
823 -1282 768 FHJ
2794 8369 4420 FIA
-4256 3290 2683 FIB
1665 3221 1808 FIC
2122 1408 1266 FID
-1088 -3556 1853 FIE
1295 9181 4636 FIF
-982 8388 4214 FIG
5003 -7602 4557 FIH
-8155 6301 5149 FII
7452 -7503 5293 FIJ
-5520 6739 4359 FJA
-820 6665 3350 FJB
-7729 5986 4892 FJC
843 9480 4748 FJD
7080 -389 3547 FJE
3687 -8878 4810 FJF
-3793 838 1939 FJG
-2697 2345 1786 FJH
3665 9127 4925 FJI
2453 1670 1482 FJJ
-9517 -2381 4900 GAA
-4389 6544 3930 GAB
8319 -3844 4585 GAC
-3139 6073 3415 GAD
4222 8519 4761 GAE
-1964 539 1011 GAF
-4324 7828 4462 GAG
1055 -944 704 GAH
-6217 6695 4565 GAI
-8388 -516 4206 GAJ
-2108 4455 2454 GBA
2380 -7334 3858 GBB
-4054 -4968 3200 GBC
9213 466 4619 GBD
3077 -5024 2947 GBE
3034 -4787 2837 GBF
8848 -9447 6477 GBG
6670 -7943 5194 GBH
-2756 -4882 2808 GBI
9905 -7092 6096 GBJ
9184 -179 4585 GCA
-9516 -4713 5313 GCB
-2651 3570 2221 GCC
9084 -8683 6289 GCD
-497 5122 2570 GCE
5910 -2167 3149 GCF
8235 -1635 4200 GCG
7551 -6385 4939 GCH
-1209 -5747 2934 GCI
-6807 1430 3481 GCJ
3116 -1385 1710 GDA
-1526 -9189 4656 GDB
-9804 4318 5351 GDC
-2448 5951 3215 GDD
4623 -8877 5003 GDE
1463 223 741 GDF
5743 1689 3003 GDG
989 2102 1159 GDH
4122 -7426 4250 GDI
1436 -5622 2902 GDJ
-6251 3609 3610 GEA
7312 -8922 5769 GEB
-7755 561 3895 GEC
-2896 3770 2375 GED
-6997 -376 3505 GEE
2324 -5327 2910 GEF
-8215 -5513 4941 GEG
-2216 -983 1206 GEH
-9852 5062 5545 GEI
130 -1852 922 GEJ
-1509 763 850 GFA
-1811 302 920 GFB
2097 5196 2796 GFC
8296 2927 4399 GFD
-7613 9030 5905 GFE
-8875 -7986 5960 GFF
-1565 5046 2642 GFG
136 9604 4812 GFH
-9488 -7811 6152 GFI
-2027 -1486 1257 GFJ
-3435 4972 3025 GGA
5078 -3936 3203 GGB
2753 8542 4487 GGC
853 -1297 781 GGD
3813 -5922 3512 GGE
-2350 4269 2444 GGF
4722 3095 2819 GGG
2751 -6912 3712 GGH
8915 9220 6409 GGI
-6814 -2626 3649 GGJ
-554 5255 2639 GHA
-3550 8743 4708 GHB
-775 22 382 GHC
3204 6874 3793 GHD
-4457 1214 2299 GHE
2236 -1426 1327 GHF
-8810 -1463 4460 GHG
8854 3347 4723 GHH
5942 -2544 3236 GHI
-9619 -6242 5742 GHJ
2734 9076 4729 GIA
-2711 -3322 2146 GIB
-1365 -1488 1001 GIC
2731 6762 3643 GID
-1846 -8791 4496 GIE
-9199 9528 6625 GIF
5610 -5784 4019 GIG
5279 6575 4208 GIH
3456 -7510 4131 GII
5075 -6430 4091 GIJ
4422 -6807 4059 GJA
-7834 -1407 3984 GJB
-1518 6492 3335 GJC
-6428 3925 3757 GJD
-4134 -8976 4940 GJE
-3236 -7735 4182 GJF
-2379 6235 3333 GJG
7772 8524 5777 GJH
-5060 8238 4838 GJI
-9278 -2070 4746 GJJ
9311 7478 5978 HAA
577 5901 2965 HAB
-1462 1519 1057 HAC
-6936 -7490 5100 HAD
3676 3654 2601 HAE
105 -4536 2277 HAF
-1955 -9924 5063 HAG
-3119 8337 4457 HAH
-2093 -6550 3437 HAI
6889 3689 3900 HAJ
-6856 3841 3938 HBA
-3906 2798 2409 HBB
6049 7013 4622 HBC
2018 -3278 1928 HBD
-6278 8398 5237 HBE
-2672 4141 2466 HBF
7389 4198 4239 HBG
-2533 9614 4967 HBH
-3274 8259 4442 HBI
2411 -2082 1590 HBJ
-7131 9889 6090 HCA
7754 923 3897 HCB
6069 8920 5384 HCC
-4394 -8311 4708 HCD
2818 -1267 1544 HCE
-1624 2279 1389 HCF
1167 6481 3285 HCG
-9250 3311 4904 HCH
-3748 -448 1883 HCI
147 -9907 4944 HCJ
-3117 6046 3410 HDA
-2184 4745 2604 HDB
-2058 -7587 3921 HDC
6072 8524 5240 HDD
3204 -4228 2656 HDE
2339 -1981 1531 HDF
-4470 3955 2987 HDG
-8643 9431 6386 HDH
-7130 -9279 5840 HDI
-4653 9321 5211 HDJ
-5317 3850 3288 HEA
-4290 9460 5194 HEB
-6590 1496 3379 HEC
-8774 -218 4384 HED
4993 -1955 2674 HEE
-7604 -4865 4522 HEF
-4435 -4184 3040 HEG
-9524 -9018 6566 HEH
-6038 1652 3124 HEI
-7448 -3956 4217 HEJ
-2812 -2071 1740 HFA
73 88 53 HFB
-6639 -47 3313 HFC
-7715 7416 5344 HFD
-3074 1487 1702 HFE
-8765 6440 5443 HFF
150 -9638 4815 HFG
317 -9500 4760 HFH
-8929 932 4485 HFI
-5184 -4646 3472 HFJ
-2834 4023 2450 HGA
-9094 4852 5158 HGB
6621 -23 3301 HGC
6777 3947 3917 HGD
-3554 474 1787 HGE
7422 -5850 4727 HGF
-7375 2172 3851 HGG
241 -8647 4335 HGH
4019 -6370 3762 HGI
1966 -3416 1979 HGJ
-5289 5678 3876 HHA
2943 -4881 2858 HHB
-5569 -3941 3403 HHC
12 5916 2965 HHD
7599 -9538 6092 HHE
3144 -3028 2190 HHF
4734 8464 4849 HHG
-3581 2800 2278 HHH
7133 -6672 4874 HHI
3789 -3350 2525 HHJ
4366 -574 2211 HIA
6176 -9977 5868 HIB
-1264 3197 1708 HIC
7493 8692 5735 HID
9760 -2775 5077 HIE
5651 -3914 3431 HIF
1153 9819 4933 HIG
-6210 8083 5091 HIH
7590 6705 5055 HII
2844 -7508 4005 HIJ
6290 1514 3239 HJA
3488 -9151 4894 HJB
-3508 6115 3528 HJC
-6273 -1854 3277 HJD
-7614 -9461 6075 HJE
8797 6707 5524 HJF
1822 4636 2492 HJG
3139 -6269 3498 HJH
-2985 7188 3890 HJI
-7214 128 3611 HJJ
-8222 559 4119 IAA
7570 2221 3946 IAB
3440 -6837 3835 IAC
-3133 9736 5120 IAD
-2394 9879 5074 IAE
3215 4449 2743 IAF
-523 -7312 3671 IAG
-8759 7637 5815 IAH
-9375 -3522 5002 IAI
-6472 1310 3306 IAJ
9155 -3252 4848 IBA
-1845 -3253 1868 IBB
8367 2786 4408 IBC
1879 5706 3003 IBD
6565 -8580 5411 IBE
-6310 9662 5779 IBF
-9552 -8776 6477 IBG
-3605 -3277 2435 IBH
953 2833 1496 IBI
-4856 1100 2491 IBJ
9863 1607 4991 ICA
3544 -4960 3046 ICB
-9216 -7295 5867 ICC
-8998 -6213 5473 ICD
5473 -5976 4042 ICE
9332 5790 5492 ICF
3161 7715 4163 ICG
1553 5340 2785 ICH
4775 7632 4499 ICI
574 9109 4564 ICJ
-3840 -5523 3363 IDA
-7901 -4794 4626 IDB
-1848 2710 1630 IDC
7036 3046 3838 IDD
8847 -9056 6338 IDE
-8469 -6047 5199 IDF
-8004 -9362 6163 IDG
8348 2528 4360 IDH
3384 8637 4643 IDI
592 7294 3667 IDJ
-2935 -6482 3551 IEA
-4599 9573 5304 IEB
3501 9504 5055 IEC
-6943 -9373 5834 IED
2452 -5558 3038 IEE
-5396 564 2704 IEF
-2654 4692 2695 IEG
-8674 1237 4374 IEH
8204 -6894 5365 IEI
6547 2564 3514 IEJ
5091 3579 3112 IFA
-2023 7397 3842 IFB
5265 4520 3475 IFC
-6927 -7992 5281 IFD
7255 3098 3950 IFE
9516 -2365 4910 IFF
9825 8877 6613 IFG
-8490 -7515 5662 IFH
-8270 -2095 4271 IFI
-6095 8828 5373 IFJ
3847 2219 2220 IGA
2663 9367 4860 IGB
7592 4987 4540 IGC
-6783 5680 4417 IGD
1594 906 923 IGE
8513 8939 6171 IGF
-9449 -4847 5301 IGG
8921 2177 4585 IGH
-1035 1325 834 IGI
4938 9471 5336 IGJ
6402 267 3210 IHA
3877 -741 1977 IHB
-321 8135 4062 IHC
7523 -4801 4460 IHD
7267 -7821 5335 IHE
1469 570 796 IHF
7617 -8979 5885 IHG
-320 -1626 824 IHH
-2797 9026 4729 IHI
-7667 7739 5454 IHJ
3521 -9923 5268 IIA
9890 9064 6697 IIB
6400 -6391 4514 IIC
8669 -9271 6342 IID
8110 9605 6282 IIE
2385 -1401 1373 IIF
-8338 -2671 4374 IIG
-9494 3168 5005 IIH
-488 -1630 853 III
-3737 -9681 5184 IIJ
-4943 -1017 2528 IJA
3578 6491 3708 IJB
9851 2500 5086 IJC
9925 169 4967 IJD
-3144 -1252 1697 IJE
7595 -9946 6264 IJF
-4585 8371 4768 IJG
6429 -2758 3495 IJH
2970 -4117 2538 IJI
1821 4384 2366 IJJ
382 9217 4621 JAA
-7016 9418 5867 JAB
2753 5221 2951 JAC
7229 9878 6128 JAD
5542 -6160 4134 JAE
6347 5083 4065 JAF
9683 -2658 5018 JAG
-3625 962 1870 JAH
9591 6277 5737 JAI
145 -6772 3385 JAJ
5817 -1334 2987 JBA
-9851 9223 6745 JBB
4200 -8970 4945 JBC
-9979 403 4984 JBD
-6144 -7761 4952 JBE
-2344 6798 3601 JBF
4690 3901 3046 JBG
3633 6082 3535 JBH
6824 5354 4326 JBI
-6940 8452 5461 JBJ
9599 -3806 5167 JCA
-7889 4805 4628 JCB
6801 3552 3832 JCC
-5770 1352 2967 JCD
102 -7666 3841 JCE
-6709 2603 3597 JCF
9442 -7527 6043 JCG
9369 2308 4830 JCH
8169 6592 5251 JCI
821 -7969 4015 JCJ
8695 5877 5253 JDA
-8603 -8631 6102 JDB
8478 -35 4232 JDC
-3005 6397 3540 JDD
7706 2294 4019 JDE
2230 9130 4691 JDF
5249 -903 2653 JDG
3617 -3256 2439 JDH
838 1181 729 JDI
5447 -6218 4128 JDJ
-3606 2742 2261 JEA
1810 8641 4414 JEB
813 2721 1429 JEC
-2683 5190 2923 JED
-908 -4933 2512 JEE
9093 1775 4627 JEF
-4491 6400 3906 JEG
-5135 -9777 5519 JEH
601 -1129 630 JEI
7988 -329 3987 JEJ
2888 -675 1487 JFA
7890 9222 6077 JFB
13 -6420 3215 JFC
4411 -9187 5101 JFD
4179 5178 3329 JFE
4745 -2426 2670 JFF
9050 4471 5054 JFG
4910 2755 2822 JFH
-9614 -1930 4908 JFI
3389 9078 4849 JFJ
-2095 9456 4850 JGA
-2991 -7674 4108 JGB
-8217 2791 4343 JGC
-3042 -7591 4089 JGD
9162 8528 6254 JGE
6264 9190 5554 JGF
-6207 2526 3354 JGG
-9149 4021 4992 JGH
-263 2175 1090 JGI
5242 -6809 4286 JGJ
2384 -241 1201 JHA
-552 -5979 3002 JHB
2912 1953 1746 JHC
4864 730 2454 JHD
-6873 -2316 3617 JHE
-9078 -1708 4613 JHF
-3087 9466 4980 JHG
-141 6719 3361 JHH
-7889 2153 4080 JHI
-9147 6425 5588 JHJ
1581 -1732 1170 JIA
-3996 9639 5211 JIB
-209 -2560 1285 JIC
-5110 -8107 4798 JID
3488 -2579 2175 JIE
-4863 7552 4490 JIF
-6126 9805 5779 JIG
-3038 3281 2241 JIH
-700 -3310 1683 JII
-3018 -4504 2715 JIJ
5733 9180 5412 JJA
6062 8100 5049 JJB
890 6185 3123 JJC
-3411 6544 3683 JJD
5602 -6338 4232 JJE
-452 4731 2372 JJF
7590 -8129 5569 JJG
3967 5811 3507 JJH
5694 4081 3504 JJI
1683 9064 4600 JJJ
282 5598 2808 BAAA
2350 -2770 1816 BAAB
-8955 3733 4843 BAAC
6085 -5297 4041 BAAD
1237 -2872 1555 BAAE
-6546 -4576 3987 BAAF
-1458 -9630 4874 BAAG
-8962 8045 6025 BAAH
9985 -3420 5280 BAAI
4544 -5645 3633 BAAJ
9320 1095 4691 BABA
2357 5457 2980 BABB
4533 1467 2391 BABC
9370 -8784 6425 BABD
127 6125 3065 BABE
9858 621 4928 BABF
1109 456 594 BABG
-4058 4367 2986 BABH
7297 -5624 4612 BABI
7525 2743 4008 BABJ
5636 -5961 4099 BACA
8881 -4040 4871 BACB
-6262 -9125 5533 BACC
-7442 -4775 4426 BACD
5565 7626 4716 BACE
-3715 7188 4054 BACF
4158 -6701 3948 BACG
-79 -6805 3403 BACH
4272 1812 2312 BACI
9531 5938 5612 BACJ
789 -7262 3647 BADA
8512 8538 6028 BADB
-405 -5479 2741 BADC
158 -7470 3731 BADD
-815 5224 2635 BADE
6217 -1211 3171 BADF
-5343 -6796 4317 BADG
5933 8429 5158 BADH
7625 -8662 5763 BADI
-2648 2867 1951 BADJ
6979 -3717 3960 BAEA
-1578 -7682 3926 BAEB
-7121 7050 5012 BAEC
6764 3751 3872 BAED
-7117 -8964 5721 BAEE
3891 2782 2398 BAEF
4266 -8266 4660 BAEG
4058 -767 2073 BAEH
-8866 2885 4655 BAEI
-9441 2991 4951 BAEJ
2202 5384 2910 BAFA
4416 2501 2527 BAFB
-1046 6391 3228 BAFC
-1752 1429 1121 BAFD
-5802 -7851 4888 BAFE
-1583 7260 3705 BAFF
-7014 7034 4958 BAFG
-7083 -9153 5781 BAFH
4044 7376 4202 BAFI
6548 3462 3710 BAFJ
4990 -5310 3640 BAGA
-5135 -461 2580 BAGB
4812 1720 2559 BAGC
7787 -3562 4272 BAGD
-4067 3556 2702 BAGE
-7874 1500 4009 BAGF
341 -6647 3326 BAGG
2156 -1817 1401 BAGH
3115 6178 3462 BAGI
-2168 -6444 3391 BAGJ
-4815 8357 4828 BAHA
-6509 -5502 4258 BAHB
-1854 1673 1258 BAHC
-1184 -6261 3193 BAHD
-9228 8958 6426 BAHE
6304 -1804 3274 BAHF
3440 3749 2554 BAHG
7786 4280 4449 BAHH
-8970 -7326 5794 BAHI
-4298 -8970 4973 BAHJ
-7833 1256 3956 BAIA
5895 -4389 3678 BAIB
3907 7372 4163 BAIC
7140 314 3567 BAID
-1567 3543 1936 BAIE
4958 1381 2563 BAIF
3812 -4741 3047 BAIG
-4784 -4951 3437 BAIH
9895 -1847 5040 BAII
7144 565 3577 BAIJ
-8034 7796 5607 BAJA
-3316 307 1659 BAJB
-3989 7830 4383 BAJC
1850 -382 946 BAJD
-9611 4910 5402 BAJE
-233 7074 3544 BAJF
4080 2410 2361 BAJG
9123 6706 5653 BAJH
-5787 6061 4191 BAJI
-6352 2549 3430 BAJJ
