200
999 999 999 BAA
9726 2910 2911 BAB
8272 1860 1859 BAC
8771 2153 2154 BAD
9189 614 613 BAE
9778 5934 5935 BAF
9617 6340 6341 BAG
9851 1517 1519 BAH
2519 8648 2519 BAI
8829 6940 6940 BAJ
6643 9743 6644 BBA
9355 2527 2528 BBB
8913 7439 7441 BBC
9343 3499 3499 BBD
5579 9807 5580 BBE
8873 1985 1988 BBF
1659 8396 1661 BBG
8400 661 663 BBH
9449 4417 4420 BBI
8392 3931 3933 BBJ
3181 8259 3184 BCA
8506 2737 2740 BCB
4434 8454 4434 BCC
8551 4891 4892 BCD
8043 1788 1790 BCE
9610 7760 7760 BCF
8601 2262 2264 BCG
9986 5990 5992 BCH
9504 6632 6632 BCI
8973 7164 7163 BCJ
9076 924 925 BDA
8208 72 72 BDB
8344 108 111 BDC
8504 4173 4176 BDD
9658 58 60 BDE
9611 8561 8561 BDF
9344 4788 4788 BDG
8979 2128 2131 BDH
8960 9163 8961 BDI
8116 6088 6087 BDJ
6559 8889 6558 BEA
4190 8113 4193 BEB
5893 9086 5896 BEC
9624 3987 3988 BED
2339 8560 2339 BEE
6380 8829 6383 BEF
8962 6038 6040 BEG
8430 4583 4583 BEH
9486 4677 4679 BEI
9554 3197 3200 BEJ
3817 8144 3819 BFA
9671 722 724 BFB
5835 9947 5834 BFC
9744 4933 4934 BFD
9690 8607 8608 BFE
9322 2638 2639 BFF
1138 9365 1139 BFG
3854 9510 3854 BFH
1146 8320 1149 BFI
7455 8823 7456 BFJ
9917 7660 7659 BGA
8182 1142 1142 BGB
8548 8102 8102 BGC
8018 4853 4853 BGD
8245 743 743 BGE
9527 6366 6367 BGF
8435 5714 5713 BGG
8772 5720 5721 BGH
8450 4863 4862 BGI
8566 6897 6898 BGJ
9780 2019 2020 BHA
1540 9418 1543 BHB
8472 8277 8276 BHC
9680 5990 5991 BHD
8936 1888 1891 BHE
8678 7381 7381 BHF
9612 3322 3324 BHG
5753 7996 5752 BHH
9279 3301 3301 BHI
8302 1942 1943 BHJ
3838 8406 3840 BIA
4623 9349 4622 BIB
8547 5147 5148 BIC
9343 3277 3278 BID
9082 4636 4635 BIE
8258 275 278 BIF
9802 1130 1131 BIG
8116 2430 2431 BIH
9209 2082 2081 BII
9597 503 506 BIJ
9542 1488 1491 BJA
8660 4000 4002 BJB
9963 3127 3129 BJC
8159 693 694 BJD
8721 7843 7844 BJE
3139 8293 3141 BJF
8892 5901 5903 BJG
8256 3802 3801 BJH
9381 6145 6144 BJI
2251 9684 2252 BJJ
8169 5661 5661 CAA
4848 8365 4849 CAB
9526 3974 3977 CAC
8974 2634 2636 CAD
8125 7609 7608 CAE
8566 1057 1060 CAF
8688 7423 7423 CAG
9805 4622 4623 CAH
8776 3741 3742 CAI
9299 50 51 CAJ
8442 4715 4715 CBA
8058 4032 4034 CBB
9098 2404 2405 CBC
9751 7283 7283 CBD
8104 5816 5816 CBE
9745 6951 6952 CBF
6683 8183 6684 CBG
9385 4280 4280 CBH
9987 7052 7054 CBI
9582 394 397 CBJ
4472 8529 4471 CCA
9119 815 818 CCB
8286 121 123 CCC
9323 7044 7043 CCD
8398 4115 4115 CCE
2316 9424 2316 CCF
9759 4288 4289 CCG
9544 5567 5569 CCH
9531 7410 7410 CCI
3210 8492 3212 CCJ
9898 7342 7343 CDA
8675 4461 4462 CDB
8215 6008 6007 CDC
1977 9144 1980 CDD
8573 2380 2382 CDE
8818 7604 7604 CDF
9827 9580 9579 CDG
9323 3234 3234 CDH
9321 4629 4629 CDI
9833 6412 6412 CDJ
9979 3708 3710 CEA
1006 9682 1008 CEB
8811 6743 6743 CEC
4614 9961 4614 CED
8639 2226 2228 CEE
9649 1019 1021 CEF
8064 2881 2883 CEG
1740 8714 1742 CEH
3789 8554 3788 CEI
4380 8413 4382 CEJ
4636 9848 4638 CFA
9939 5909 5910 CFB
6591 9788 6591 CFC
9510 3452 3455 CFD
9723 7252 7253 CFE
8932 6515 6517 CFF
9073 6236 6235 CFG
8001 6796 6796 CFH
9765 339 340 CFI
9216 6512 6511 CFJ
8560 6733 6734 CGA
8057 7083 7083 CGB
9373 6302 6301 CGC
8846 6838 6839 CGD
7297 8310 7297 CGE
8764 2311 2312 CGF
9559 4695 4698 CGG
8162 545 546 CGH
8424 2695 2697 CGI
8589 3750 3751 CGJ
9356 7409 7408 CHA
9544 6968 6969 CHB
8173 300 301 CHC
9294 6985 6984 CHD
8874 4564 4567 CHE
4635 9319 4636 CHF
8840 5128 5129 CHG
8009 3714 3715 CHH
9319 16 18 CHI
979 9657 981 CHJ
6410 8268 6411 CIA
9490 2648 2651 CIB
8072 5335 5335 CIC
9999 7494 7495 CID
8804 4827 4828 CIE
8407 5391 5390 CIF
8548 3346 3348 CIG
8335 9106 8338 CIH
9360 7817 7816 CII
8928 6099 6101 CIJ
9083 4155 4154 CJA
7690 9039 7692 CJB
8097 6377 6376 CJC
1595 9861 1597 CJD
1032 8944 1034 CJE
9123 6324 6323 CJF
8528 346 349 CJG
8647 5619 5620 CJH
137 9171 140 CJI
9515 4118 4121 CJJ
