500
999 999 999 BAA
9561 2476 2479 BAB
9185 2386 2389 BAC
9902 1888 1891 BAD
9958 9500 9503 BAE
8399 5475 5474 BAF
8101 5389 5392 BAG
8650 698 700 BAH
9289 5452 5454 BAI
9390 7755 7755 BAJ
6765 8482 6764 BBA
8010 7104 7105 BBB
8746 3297 3296 BBC
9501 4327 4330 BBD
9258 7821 7821 BBE
8062 6298 6299 BBF
3815 8156 3814 BBG
8486 610 610 BBH
9007 9804 9010 BBI
8053 6735 6735 BBJ
9729 1694 1694 BCA
6929 8118 6928 BCB
1935 9474 1935 BCC
8237 3822 3821 BCD
9870 6142 6144 BCE
8702 1650 1650 BCF
8386 626 629 BCG
9562 7833 7832 BCH
7025 9116 7025 BCI
8054 652 655 BCJ
9260 5361 5364 BDA
8462 3400 3399 BDB
9581 5026 5026 BDC
8920 7115 7115 BDD
8830 5934 5934 BDE
254 9563 254 BDF
8242 7916 7915 BDG
8781 55 56 BDH
3933 8344 3935 BDI
9175 8718 8720 BDJ
5444 8611 5447 BEA
1833 8128 1832 BEB
9532 6139 6139 BEC
8942 9394 8942 BED
8447 673 675 BEE
8922 7099 7099 BEF
9515 3913 3916 BEG
8814 1692 1693 BEH
8893 7392 7391 BEI
8576 209 212 BEJ
9331 5457 5458 BFA
8840 5671 5671 BFB
2127 8293 2130 BFC
8202 2058 2060 BFD
8885 397 400 BFE
9732 5791 5790 BFF
8599 3461 3461 BFG
9712 5077 5077 BFH
8069 9977 8071 BFI
8902 1878 1880 BFJ
8564 547 550 BGA
7723 9134 7723 BGB
9950 4914 4917 BGC
4042 8961 4041 BGD
8357 866 866 BGE
9976 7782 7785 BGF
8882 2039 2042 BGG
9573 3660 3662 BGH
9173 975 978 BGI
8892 4514 4516 BGJ
2395 9185 2395 BHA
8514 4927 4926 BHB
9808 7888 7888 BHC
4791 8575 4794 BHD
9210 6715 6717 BHE
8258 8813 8258 BHF
8797 997 998 BHG
9772 1389 1390 BHH
9099 893 896 BHI
8566 1839 1841 BHJ
9447 4544 4544 BIA
9721 1269 1271 BIB
8933 7091 7090 BIC
978 8085 979 BID
8250 3736 3737 BIE
8307 235 237 BIF
8298 1514 1516 BIG
8982 943 944 BIH
9011 5285 5286 BII
9885 4274 4277 BIJ
9394 2369 2370 BJA
8105 938 941 BJB
4710 8267 4712 BJC
9484 4829 4831 BJD
2897 9123 2897 BJE
9126 4662 4664 BJF
8267 6583 6582 BJG
9911 5998 6001 BJH
97 8125 98 BJI
9190 3969 3972 BJJ
9016 6772 6771 CAA
2403 9178 2404 CAB
1918 9323 1921 CAC
8604 5038 5037 CAD
7999 4352 4355 CAE
8453 2334 2334 CAF
8977 1732 1733 CAG
7240 8423 7239 CAH
9352 4936 4937 CAI
9671 7092 7091 CAJ
3430 9816 3433 CBA
8763 7326 7325 CBB
9094 6913 6915 CBC
9665 3462 3462 CBD
8145 6855 6854 CBE
8590 4867 4866 CBF
3293 8272 3296 CBG
9223 6168 6171 CBH
8171 5483 5482 CBI
2783 9559 2783 CBJ
376 9609 377 CCA
4989 8681 4991 CCB
9467 4811 4810 CCC
8518 2336 2336 CCD
9587 5286 5285 CCE
9669 3277 3278 CCF
8935 53 56 CCG
9933 6907 6910 CCH
5731 9535 5731 CCI
8229 2749 2751 CCJ
8646 1834 1835 CDA
7106 8908 7105 CDB
8137 5311 5313 CDC
8843 917 920 CDD
9660 5686 5685 CDE
8187 3140 3142 CDF
9138 6067 6069 CDG
8927 4243 4244 CDH
8601 5957 5956 CDI
5172 9869 5175 CDJ
1071 8088 1072 CEA
9329 5356 5357 CEB
3918 7993 3920 CEC
9257 4988 4991 CED
8930 6209 6210 CEE
8305 8640 8307 CEF
8254 2032 2034 CEG
8676 5069 5068 CEH
8757 3017 3018 CEI
8128 286 289 CEJ
8578 8827 8578 CFA
9554 4627 4627 CFB
9545 4427 4429 CFC
8079 1753 1756 CFD
8621 1496 1498 CFE
8982 4961 4961 CFF
1332 8826 1334 CFG
1689 9073 1690 CFH
9229 2665 2668 CFI
8814 7692 7691 CFJ
9984 7998 8001 CGA
9022 6545 6544 CGB
9491 4868 4868 CGC
8029 4662 4665 CGD
9986 5125 5128 CGE
9503 5451 5451 CGF
3765 9262 3767 CGG
1809 8839 1809 CGH
8995 3965 3966 CGI
9789 1333 1335 CGJ
1452 9027 1454 CHA
9288 7041 7042 CHB
8956 6659 6658 CHC
9395 6274 6274 CHD
8668 1469 1471 CHE
8556 835 838 CHF
5958 8478 5959 CHG
5769 9979 5772 CHH
2951 9074 2952 CHI
8553 2668 2668 CHJ
6441 8593 6444 CIA
6163 8517 6164 CIB
8603 323 325 CIC
8943 7580 7579 CID
7831 9880 7832 CIE
8347 6255 6254 CIF
9846 2619 2622 CIG
8783 2149 2150 CIH
8439 805 805 CII
1419 9236 1422 CIJ
8059 5300 5302 CJA
9656 4443 4443 CJB
9374 2817 2818 CJC
8020 4381 4384 CJD
3517 9029 3517 CJE
9040 7469 7468 CJF
8310 9348 8311 CJG
9363 305 308 CJH
8158 9896 8159 CJI
9642 6435 6434 CJJ
4153 8335 4154 DAA
5824 8645 5826 DAB
9655 665 666 DAC
9327 423 426 DAD
9281 2193 2196 DAE
9975 1715 1718 DAF
8571 999 1001 DAG
3841 9372 3842 DAH
3313 8581 3316 DAI
9508 4768 4768 DAJ
9202 2295 2298 DBA
8573 3210 3210 DBB
8792 693 694 DBC
8594 3799 3798 DBD
8014 4392 4395 DBE
9669 9747 9670 DBF
8380 9281 8379 DBG
8866 7760 7759 DBH
8633 4238 4237 DBI
9329 6775 6775 DBJ
8455 931 931 DCA
8587 3157 3158 DCB
8189 6981 6980 DCC
9332 3171 3174 DCD
9092 7484 7485 DCE
9279 6581 6582 DCF
8971 8511 8510 DCG
9382 3604 3605 DCH
8345 4183 4182 DCI
9583 4568 4569 DCJ
4769 9023 4768 DDA
6889 9510 6888 DDB
9771 2453 2454 DDC
9468 69 72 DDD
9403 7745 7744 DDE
8010 4281 4284 DDF
8537 7534 7533 DDG
9244 1283 1286 DDH
9417 1429 1432 DDI
8392 688 689 DDJ
422 9070 424 DEA
9129 7668 7669 DEB
9143 1475 1478 DEC
9209 165 168 DED
8616 8533 8532 DEE
9382 7825 7825 DEF
4512 9311 4513 DEG
8730 6473 6472 DEH
6707 8290 6708 DEI
7997 7842 7842 DEJ
7348 9099 7347 DFA
9667 5504 5504 DFB
9974 600 603 DFC
237 9119 238 DFD
8321 826 828 DFE
9310 789 792 DFF
8049 1930 1933 DFG
6403 8161 6402 DFH
6168 9913 6171 DFI
2563 8451 2564 DFJ
9419 5898 5898 DGA
8831 4421 4421 DGB
9510 4460 4462 DGC
9032 1137 1140 DGD
8951 966 968 DGE
8036 7222 7222 DGF
8299 8034 8033 DGG
9349 5873 5873 DGH
9396 2283 2284 DGI
9185 5533 5535 DGJ
8668 5500 5499 DHA
8608 6202 6201 DHB
9761 73 76 DHC
101 8955 102 DHD
8233 1242 1244 DHE
8474 4068 4067 DHF
2655 8969 2654 DHG
8066 8300 8065 DHH
9440 1023 1026 DHI
6284 9292 6285 DHJ
9245 9369 9245 DIA
9552 5453 5453 DIB
9760 26 29 DIC
6007 9019 6006 DID
8268 1789 1791 DIE
8835 9065 8834 DIF
9133 6955 6957 DIG
8356 3045 3045 DIH
9813 218 221 DII
9270 7707 7708 DIJ
4811 8990 4810 DJA
8871 9610 8870 DJB
9230 8786 8785 DJC
8393 1993 1993 DJD
8944 5676 5677 DJE
6083 9275 6084 DJF
9670 6085 6084 DJG
1236 8304 1239 DJH
3467 9815 3470 DJI
8228 3698 3699 DJJ
8757 9185 8756 EAA
9981 6389 6392 EAB
9819 8460 8459 EAC
8241 4352 4351 EAD
8912 7957 7956 EAE
6529 8534 6529 EAF
1817 9593 1817 EAG
9154 2820 2823 EAH
423 8303 426 EAI
5699 9686 5700 EAJ
9289 761 764 EBA
9414 3581 3582 EBB
9543 1477 1480 EBC
8012 5756 5758 EBD
9623 4214 4215 EBE
9824 815 818 EBF
8338 2526 2526 EBG
6139 9977 6142 EBH
8562 5436 5435 EBI
9391 5948 5948 EBJ
8224 1498 1500 ECA
9180 4820 4823 ECB
1340 9884 1343 ECC
9721 3107 3107 ECD
8165 7771 7770 ECE
4811 8672 4813 ECF
8442 2680 2680 ECG
4913 9842 4916 ECH
8468 7962 7961 ECI
9098 8050 8050 ECJ
9951 7621 7624 EDA
2691 8152 2690 EDB
8804 3925 3926 EDC
2529 9281 2531 EDD
7331 9238 7330 EDE
8402 3074 3074 EDF
8853 818 821 EDG
8850 4670 4670 EDH
9865 8499 8498 EDI
9271 3187 3190 EDJ
8899 4835 4836 EEA
9727 631 634 EEB
8355 3620 3620 EEC
8906 948 951 EED
8100 5268 5271 EEE
8731 5272 5271 EEF
8168 2357 2360 EEG
9674 4007 4007 EEH
8969 930 933 EEI
324 9639 327 EEJ
8022 7195 7195 EFA
2271 8730 2273 EFB
5775 9164 5775 EFC
9158 347 350 EFD
9463 963 966 EFE
8910 7244 7244 EFF
8388 814 815 EFG
9293 7609 7609 EFH
7306 8202 7305 EFI
8596 2845 2846 EFJ
8546 9663 8545 EGA
8685 3500 3499 EGB
2775 8400 2776 EGC
8364 804 804 EGD
9077 803 805 EGE
9661 4922 4922 EGF
8514 67 70 EGG
3351 9777 3354 EGH
1208 8967 1209 EGI
5011 8022 5010 EGJ
8098 6289 6290 EHA
347 8718 350 EHB
8214 222 225 EHC
9407 4174 4174 EHD
9095 1455 1457 EHE
9278 6104 6106 EHF
9034 855 858 EHG
8393 167 170 EHH
8576 1948 1950 EHI
8782 1400 1401 EHJ
8444 2731 2731 EIA
6093 9525 6093 EIB
8413 4379 4378 EIC
8841 4056 4057 EID
8218 771 774 EIE
6124 9547 6124 EIF
9835 6951 6952 EIG
9175 3013 3016 EIH
9731 7264 7263 EII
8485 4156 4155 EIJ
392 9083 393 EJA
8472 3665 3664 EJB
9293 1349 1352 EJC
5011 8470 5012 EJD
8069 4305 4308 EJE
8231 3362 3364 EJF
8409 473 476 EJG
8548 3660 3660 EJH
9357 6053 6053 EJI
9559 6653 6652 EJJ
1628 8100 1629 FAA
2267 9363 2269 FAB
8209 3709 3710 FAC
3902 9900 3905 FAD
9269 8653 8653 FAE
8664 4466 4465 FAF
4412 9936 4415 FAG
8929 5593 5594 FAH
8839 3290 3291 FAI
9905 3491 3494 FAJ
8347 1074 1074 FBA
8329 4289 4288 FBB
8280 5053 5052 FBC
8439 375 377 FBD
9959 754 757 FBE
8645 2230 2231 FBF
9859 7251 7252 FBG
9319 2941 2944 FBH
8116 6255 6255 FBI
8221 3619 3621 FBJ
8513 7272 7271 FCA
8606 2160 2162 FCB
9536 6856 6855 FCC
8712 1230 1232 FCD
7526 8971 7525 FCE
9482 3157 3160 FCF
8096 2286 2289 FCG
8672 3507 3506 FCH
9537 2036 2039 FCI
8037 5136 5138 FCJ
6286 9176 6286 FDA
9653 230 232 FDB
5172 9560 5172 FDC
8809 2776 2777 FDD
6880 8029 6879 FDE
8545 8380 8379 FDF
8038 2555 2558 FDG
9326 1748 1751 FDH
8610 2906 2906 FDI
8489 3825 3824 FDJ
6719 9920 6720 FEA
9422 2183 2186 FEB
8390 662 664 FEC
422 8078 423 FED
8047 3762 3765 FEE
9256 6374 6376 FEF
9018 4493 4494 FEG
8016 6021 6022 FEH
8345 844 845 FEI
9580 7391 7390 FEJ
9287 4118 4121 FFA
4433 8673 4435 FFB
8051 2586 2589 FFC
9922 9924 9923 FFD
9806 532 535 FFE
9486 3597 3600 FFF
8529 5947 5946 FFG
7714 9028 7713 FFH
1002 8979 1003 FFI
8247 5509 5508 FFJ
2192 8893 2193 FGA
9342 7489 7489 FGB
8718 4949 4948 FGC
9672 7066 7065 FGD
9238 7037 7038 FGE
8877 429 432 FGF
8204 1530 1533 FGG
8158 7799 7798 FGH
8903 7331 7330 FGI
9549 5951 5951 FGJ
9600 6113 6112 FHA
9664 753 754 FHB
9696 528 531 FHC
9233 6548 6551 FHD
5443 8529 5444 FHE
7061 9559 7060 FHF
8315 3974 3974 FHG
8368 3430 3430 FHH
9918 2536 2539 FHI
8618 237 240 FHJ
6882 9259 6881 FIA
9524 751 754 FIB
9918 9459 9459 FIC
8477 500 500 FID
1211 8714 1214 FIE
8619 2188 2189 FIF
8774 4528 4527 FIG
8576 1966 1967 FIH
3019 9408 3021 FII
5392 9009 5391 FIJ
8199 6731 6730 FJA
9894 4948 4951 FJB
9161 3374 3377 FJC
8381 4669 4669 FJD
9456 4047 4049 FJE
1430 8738 1432 FJF
9334 9261 9261 FJG
404 8541 407 FJH
8370 775 778 FJI
3421 8815 3421 FJJ
