999
999 999 999 BAA
8542 5797 5797 BAB
8042 5238 5239 BAC
8302 6705 6705 BAD
9303 2740 2739 BAE
8594 1212 1212 BAF
9541 1997 1996 BAG
9059 6750 6752 BAH
9733 7777 7777 BAI
3145 9626 3146 BAJ
9373 2375 2376 BBA
9467 9185 9184 BBB
7467 8593 7468 BBC
8321 1398 1399 BBD
3399 8187 3399 BBE
8362 1321 1322 BBF
9091 7233 7233 BBG
9047 1987 1989 BBH
2101 9034 2101 BBI
9808 5225 5226 BBJ
9988 4181 4180 BCA
9764 4641 4643 BCB
8221 2691 2692 BCC
8260 6048 6047 BCD
3824 9575 3825 BCE
8529 604 606 BCF
8992 5327 5328 BCG
8812 2874 2874 BCH
8168 3165 3168 BCI
8624 5937 5937 BCJ
9039 8247 8248 BDA
9501 957 960 BDB
855 9844 856 BDC
9535 1249 1249 BDD
8122 7000 6999 BDE
8330 1356 1359 BDF
9722 5541 5543 BDG
9716 7684 7683 BDH
2973 9289 2973 BDI
535 9220 537 BDJ
9915 518 519 BEA
1910 9771 1909 BEB
9917 2432 2431 BEC
9711 6612 6613 BED
9782 6657 6656 BEE
9336 2189 2189 BEF
5613 9898 5613 BEG
9481 1624 1627 BEH
9426 4794 4793 BEI
9003 5349 5350 BEJ
4477 8835 4479 BFA
2429 8866 2431 BFB
2499 8037 2502 BFC
9975 3919 3919 BFD
8366 5376 5375 BFE
8055 2799 2800 BFF
9140 6815 6814 BFG
8540 2001 2002 BFH
8849 2785 2788 BFI
8906 5963 5962 BFJ
9273 5616 5615 BGA
8723 6397 6398 BGB
9614 7668 7667 BGC
9674 4204 4207 BGD
8737 5626 5627 BGE
145 8064 148 BGF
8122 4400 4401 BGG
9437 2147 2149 BGH
9980 1072 1073 BGI
9490 1652 1652 BGJ
2321 8321 2320 BHA
8516 7526 7526 BHB
9904 7168 7167 BHC
8119 2773 2776 BHD
9236 9062 9061 BHE
8235 4937 4937 BHF
8790 1482 1484 BHG
8650 6944 6944 BHH
9649 5859 5858 BHI
8752 1759 1761 BHJ
9809 6195 6195 BIA
8240 2759 2762 BIB
9848 2713 2715 BIC
8530 676 677 BID
8398 3366 3366 BIE
8971 1697 1699 BIF
9745 2562 2565 BIG
8969 9615 8968 BIH
9152 5727 5729 BII
8414 3614 3613 BIJ
9147 416 419 BJA
6315 8490 6315 BJB
9820 6307 6306 BJC
4599 8228 4598 BJD
8004 6021 6021 BJE
4455 8337 4454 BJF
5344 8122 5343 BJG
3694 9936 3696 BJH
8084 5228 5229 BJI
2023 8612 2024 BJJ
8154 7175 7176 CAA
8929 919 922 CAB
1288 8559 1290 CAC
8916 2054 2057 CAD
1527 8436 1528 CAE
8353 7521 7520 CAF
336 8493 339 CAG
4833 8471 4834 CAH
8151 5489 5490 CAI
8765 2441 2442 CAJ
9203 342 345 CBA
9632 7308 7307 CBB
8141 7576 7575 CBC
8676 547 550 CBD
9295 2646 2645 CBE
9105 5301 5303 CBF
7952 8916 7952 CBG
7874 9138 7874 CBH
8070 3021 3022 CBI
9475 4044 4044 CBJ
8371 294 297 CCA
9979 5661 5660 CCB
1607 9525 1610 CCC
818 9641 820 CCD
9096 6154 6155 CCE
8079 2496 2499 CCF
8879 2893 2895 CCG
8708 2273 2275 CCH
9620 4399 4399 CCI
8864 2481 2484 CCJ
8535 2797 2798 CDA
2323 9411 2325 CDB
8165 7125 7125 CDC
9159 3766 3769 CDD
2235 9304 2238 CDE
9692 2753 2756 CDF
9623 3930 3930 CDG
2503 9634 2504 CDH
9859 5371 5370 CDI
8777 578 580 CDJ
8090 916 919 CEA
8668 9324 8667 CEB
5971 9592 5970 CEC
8087 6020 6021 CED
8558 6555 6555 CEE
9350 7600 7599 CEF
9796 6260 6260 CEG
9612 1824 1827 CEH
9746 4382 4384 CEI
969 8728 970 CEJ
2991 8622 2992 CFA
9343 2209 2209 CFB
9114 6129 6130 CFC
8399 1185 1187 CFD
9913 9537 9536 CFE
9944 3706 3705 CFF
1990 9574 1991 CFG
9623 2383 2386 CFH
3102 8114 3103 CFI
8620 7145 7145 CFJ
8569 4098 4098 CGA
8559 6847 6847 CGB
5458 9490 5459 CGC
8599 4145 4145 CGD
9654 5656 5656 CGE
9305 1398 1399 CGF
9746 6905 6905 CGG
9410 1813 1815 CGH
2100 9023 2100 CGI
8775 7769 7768 CGJ
8961 7249 7248 CHA
8736 1015 1018 CHB
9658 1112 1115 CHC
8266 3271 3272 CHD
3795 8729 3795 CHE
8795 1687 1689 CHF
1148 8424 1149 CHG
1682 8529 1683 CHH
8030 9738 8029 CHI
7411 8856 7413 CHJ
2295 9431 2296 CIA
9303 9548 9302 CIB
9789 2014 2017 CIC
9476 5087 5086 CID
1842 8870 1844 CIE
388 9191 390 CIF
9730 2796 2799 CIG
8156 5497 5498 CIH
4544 8085 4543 CII
1465 9125 1468 CIJ
8319 6789 6788 CJA
8885 3025 3024 CJB
6656 9284 6655 CJC
6034 8859 6036 CJD
660 9846 662 CJE
4971 9902 4972 CJF
9772 8333 8332 CJG
9761 8600 8599 CJH
4346 8041 4347 CJI
8296 1248 1251 CJJ
9747 6884 6884 DAA
8661 1275 1276 DAB
2188 8311 2191 DAC
8618 607 608 DAD
9758 3948 3950 DAE
9385 2907 2908 DAF
9485 1255 1258 DAG
9098 7351 7351 DAH
8950 3531 3533 DAI
8984 4436 4438 DAJ
9603 7352 7351 DBA
8011 2199 2200 DBB
9787 7175 7174 DBC
8401 3677 3677 DBD
8081 9066 8081 DBE
8411 2224 2226 DBF
8667 7788 7787 DBG
9184 7003 7003 DBH
8096 4462 4463 DBI
3167 9650 3168 DBJ
9887 6911 6910 DCA
8073 7421 7422 DCB
8511 7227 7227 DCC
8056 6562 6563 DCD
9459 4731 4730 DCE
9483 4795 4794 DCF
8404 2293 2294 DCG
9909 3762 3761 DCH
2706 9323 2706 DCI
9000 5905 5906 DCJ
9627 5812 5811 DDA
9991 6512 6511 DDB
5154 8877 5156 DDC
8677 7519 7518 DDD
8445 3478 3479 DDE
8890 7727 7726 DDF
9877 228 231 DDG
8625 7995 7994 DDH
9357 940 943 DDI
9151 5509 5511 DDJ
9443 2170 2172 DEA
9112 161 164 DEB
8804 8965 8803 DEC
9320 5214 5213 DED
9364 7702 7701 DEE
889 8676 892 DEF
9801 4911 4912 DEG
9510 6172 6171 DEH
8221 86 89 DEI
8702 6121 6122 DEJ
8875 2642 2644 DFA
8698 2969 2970 DFB
4358 8511 4359 DFC
9068 4364 4366 DFD
8627 1030 1031 DFE
8448 1089 1092 DFF
8425 456 459 DFG
9952 6045 6044 DFH
9172 3963 3966 DFI
8583 709 710 DFJ
9314 626 628 DGA
8025 1649 1652 DGB
9421 2034 2035 DGC
9819 2420 2422 DGD
5994 9867 5993 DGE
8732 6677 6676 DGF
8603 8172 8172 DGG
6978 9486 6977 DGH
9520 945 947 DGI
120 9519 123 DGJ
8986 8844 8843 DHA
9608 9979 9608 DHB
1041 8208 1042 DHC
2444 8651 2446 DHD
8319 5285 5286 DHE
9390 1943 1944 DHF
1850 9612 1851 DHG
658 9747 658 DHH
9287 6174 6173 DHI
8333 5541 5541 DHJ
8526 2177 2178 DIA
9868 4687 4686 DIB
9406 174 176 DIC
9339 4227 4226 DID
9368 4909 4908 DIE
9332 3484 3483 DIF
8054 2642 2644 DIG
9187 6564 6564 DIH
8112 4603 4604 DII
8435 5580 5579 DIJ
528 8056 531 DJA
4652 8893 4654 DJB
5970 9594 5970 DJC
8760 7523 7522 DJD
8943 1263 1266 DJE
9492 3961 3960 DJF
8266 6939 6938 DJG
8340 1436 1437 DJH
8705 1912 1914 DJI
398 8407 400 DJJ
9152 3394 3397 EAA
9964 4430 4429 EAB
9460 4679 4678 EAC
8938 1095 1098 EAD
5710 9348 5709 EAE
8680 7497 7496 EAF
7186 8465 7186 EAG
9968 2585 2585 EAH
1941 9473 1943 EAI
8120 8262 8119 EAJ
8734 2006 2007 EBA
8252 8298 8251 EBB
8902 4787 4786 EBC
9122 4759 4761 EBD
8316 1370 1373 EBE
1590 7993 1592 EBF
2788 8581 2789 EBG
8464 1327 1328 EBH
9708 345 348 EBI
8410 298 301 EBJ
9855 7172 7171 ECA
8034 5793 5794 ECB
8799 4311 4311 ECC
9380 2047 2048 ECD
8140 7081 7081 ECE
788 9745 788 ECF
9609 771 774 ECG
8001 3547 3548 ECH
8126 2334 2337 ECI
4871 9204 4871 ECJ
9232 1212 1215 EDA
9244 6065 6064 EDB
9018 6124 6125 EDC
8039 1939 1942 EDD
7433 9019 7432 EDE
3153 9363 3154 EDF
9394 2382 2383 EDG
8388 585 587 EDH
9349 439 442 EDI
2078 8583 2080 EDJ
8979 6487 6487 EEA
9750 4747 4749 EEB
4451 8076 4451 EEC
9525 6828 6827 EED
9071 2616 2618 EEE
8612 76 78 EEF
4568 9988 4571 EEG
9960 818 821 EEH
8738 3655 3656 EEI
8068 7408 7409 EEJ
8990 317 319 EFA
5771 9318 5770 EFB
8072 2485 2486 EFC
339 8106 342 EFD
9835 667 670 EFE
9106 1865 1868 EFF
8294 4427 4428 EFG
9263 7770 7769 EFH
4396 8190 4396 EFI
6111 9816 6110 EFJ
9340 6844 6843 EGA
3303 9594 3304 EGB
9382 2045 2046 EGC
711 9258 714 EGD
7050 8542 7049 EGE
9929 2088 2088 EGF
8791 4540 4540 EGG
9394 5998 5997 EGH
8502 599 602 EGI
8963 2062 2064 EGJ
9406 4257 4256 EHA
8975 7795 7794 EHB
9787 5054 5054 EHC
9185 4600 4602 EHD
9163 6469 6469 EHE
9818 4858 4859 EHF
9727 1626 1629 EHG
2194 8260 2196 EHH
9076 6078 6080 EHI
9367 3054 3054 EHJ
8298 1397 1399 EIA
8525 7669 7669 EIB
8254 1180 1183 EIC
9011 9693 9010 EID
8326 9372 8325 EIE
8661 728 731 EIF
8104 2743 2745 EIG
9931 5847 5846 EIH
9391 8457 8456 EII
8167 3585 3586 EIJ
8860 1894 1897 EJA
8796 2203 2205 EJB
9685 1624 1627 EJC
9193 2933 2936 EJD
8519 65 68 EJE
8901 2994 2994 EJF
8748 3629 3630 EJG
1160 8139 1161 EJH
9524 4923 4922 EJI
9409 4016 4015 EJJ
8424 2465 2466 FAA
8626 9750 8625 FAB
83 9513 86 FAC
8859 2971 2973 FAD
9360 4244 4243 FAE
9107 3279 3281 FAF
8154 9845 8153 FAG
809 8376 811 FAH
9780 4843 4845 FAI
8867 4747 4746 FAJ
9222 2090 2093 FBA
5954 9449 5953 FBB
9416 7717 7716 FBC
8133 712 715 FBD
9192 7048 7047 FBE
5655 8944 5655 FBF
8641 6457 6457 FBG
9945 3723 3722 FBH
7551 8356 7550 FBI
9002 2573 2575 FBJ
9300 6670 6669 FCA
9478 6713 6712 FCB
8471 1520 1521 FCC
8362 5237 5236 FCD
8040 3808 3809 FCE
9700 5408 5409 FCF
8342 297 300 FCG
2082 9074 2084 FCH
8467 4661 4661 FCI
9381 7558 7557 FCJ
8999 8073 8072 FDA
2576 8954 2579 FDB
8678 7078 7078 FDC
2449 9366 2450 FDD
9569 7288 7287 FDE
9480 1894 1894 FDF
8686 7748 7747 FDG
9342 3184 3184 FDH
8239 2585 2588 FDI
9509 6694 6693 FDJ
8749 6292 6292 FEA
8325 3060 3061 FEB
9188 2746 2749 FEC
9756 6162 6162 FED
6163 9766 6162 FEE
7140 8452 7139 FEF
3385 9984 3388 FEG
1292 8174 1293 FEH
8279 6960 6959 FEI
9998 7906 7905 FEJ
9930 4202 4201 FFA
8908 5235 5234 FFB
8733 5778 5779 FFC
3715 9133 3715 FFD
2698 9689 2698 FFE
8946 192 195 FFF
8151 920 923 FFG
2555 9100 2557 FFH
8278 7322 7321 FFI
8267 1351 1354 FFJ
8669 1532 1533 FGA
8021 1924 1927 FGB
8772 6164 6164 FGC
8598 3387 3387 FGD
8739 3985 3986 FGE
9851 442 445 FGF
9536 5204 5203 FGG
9432 6951 6950 FGH
8295 1121 1124 FGI
2605 9412 2606 FGJ
8974 4843 4844 FHA
9161 5871 5872 FHB
7186 8161 7185 FHC
3990 9829 3989 FHD
8337 1620 1621 FHE
3806 8993 3806 FHF
749 8717 750 FHG
6718 9998 6720 FHH
9742 3604 3606 FHI
8927 2026 2028 FHJ
4333 8333 4332 FIA
8673 8862 8673 FIB
9884 6406 6405 FIC
8186 918 921 FID
8507 4912 4913 FIE
2986 9488 2987 FIF
8648 711 714 FIG
4439 8476 4440 FIH
9482 2641 2641 FII
9953 1795 1796 FIJ
8733 140 143 FJA
8840 5177 5176 FJB
8019 4224 4225 FJC
9346 7531 7530 FJD
6779 8418 6779 FJE
8282 4263 4264 FJF
9164 1674 1677 FJG
1204 9365 1206 FJH
9270 1672 1673 FJI
8585 4896 4896 FJJ
8252 974 977 GAA
6742 8699 6741 GAB
8891 6049 6048 GAC
1925 9576 1927 GAD
9311 284 286 GAE
8359 1308 1310 GAF
8589 9586 8588 GAG
3282 8574 3283 GAH
9862 1055 1057 GAI
8841 3017 3019 GAJ
3674 8402 3675 GBA
8198 2783 2785 GBB
9387 2017 2018 GBC
9377 5642 5641 GBD
9427 4323 4322 GBE
8783 8829 8782 GBF
2231 9289 2232 GBG
8483 5327 5327 GBH
8335 880 883 GBI
8261 4756 4756 GBJ
751 8661 754 GCA
9910 3363 3362 GCB
9195 2400 2403 GCC
9151 7345 7344 GCD
850 9801 850 GCE
9620 9582 9581 GCF
9487 5616 5615 GCG
8171 6677 6678 GCH
8655 2095 2096 GCI
9455 4429 4428 GCJ
9490 4954 4953 GDA
8925 3276 3277 GDB
8006 2977 2978 GDC
8208 3545 3546 GDD
8725 4075 4076 GDE
9351 1735 1737 GDF
2452 9389 2453 GDG
5597 9330 5597 GDH
1087 9472 1089 GDI
9897 6241 6240 GDJ
9177 4858 4860 GEA
2573 9280 2573 GEB
9205 371 374 GEC
8646 940 942 GED
4380 9684 4379 GEE
8021 7209 7208 GEF
8214 4532 4533 GEG
7904 9383 7903 GEH
8567 3449 3449 GEI
9334 1655 1656 GEJ
8385 4463 4462 GFA
8591 2097 2097 GFB
9631 6803 6802 GFC
8573 4376 4376 GFD
5596 9169 5596 GFE
6464 8460 6464 GFF
9954 7679 7678 GFG
9949 4538 4537 GFH
9256 188 191 GFI
8566 43 45 GFJ
9965 5020 5019 GGA
8640 7373 7373 GGB
8873 7552 7551 GGC
8954 4128 4129 GGD
8259 6414 6413 GGE
8488 13 16 GGF
2726 9138 2727 GGG
9561 8279 8278 GGH
8479 4622 4622 GGI
9144 3525 3528 GGJ
830 9094 833 GHA
1272 9858 1273 GHB
9530 1062 1063 GHC
9434 5558 5557 GHD
4538 8124 4538 GHE
3989 8942 3990 GHF
1079 9292 1082 GHG
8161 4284 4285 GHH
8480 5620 5620 GHI
9099 6355 6356 GHJ
9250 602 605 GIA
7926 9781 7925 GIB
8017 5460 5461 GIC
6230 9536 6230 GID
8985 4246 4248 GIE
8221 6670 6670 GIF
8565 1420 1421 GIG
9957 4473 4472 GIH
9142 4005 4007 GII
8630 4955 4955 GIJ
8255 7910 7909 GJA
9156 2587 2590 GJB
9500 6931 6930 GJC
8483 4588 4589 GJD
8880 5807 5806 GJE
6528 8713 6528 GJF
822 8599 825 GJG
8582 6055 6055 GJH
9145 6297 6298 GJI
4284 8218 4283 GJJ
8071 6917 6918 HAA
4978 8295 4977 HAB
8548 4857 4857 HAC
8156 1971 1974 HAD
9072 1251 1254 HAE
8394 1000 1002 HAF
9866 6211 6210 HAG
9178 2565 2568 HAH
9172 7158 7157 HAI
8898 2099 2102 HAJ
9063 2807 2809 HBA
13 9420 15 HBB
9310 2080 2080 HBC
9182 7177 7176 HBD
8251 1497 1500 HBE
4494 8508 4494 HBF
4169 9982 4172 HBG
7286 8355 7285 HBH
9256 9607 9255 HBI
508 8332 511 HBJ
8972 7204 7203 HCA
9764 6773 6773 HCB
9817 1751 1753 HCC
9611 1679 1682 HCD
8840 3079 3080 HCE
8797 5718 5718 HCF
9891 7430 7429 HCG
1175 8163 1177 HCH
9511 4156 4155 HCI
8729 3287 3288 HCJ
9531 6067 6066 HDA
8052 4228 4229 HDB
9437 2401 2401 HDC
8477 5009 5009 HDD
9425 5063 5062 HDE
9760 534 537 HDF
8386 5235 5234 HDG
9037 947 950 HDH
9707 5013 5015 HDI
8396 7122 7121 HDJ
6159 8575 6160 HEA
1568 8948 1571 HEB
600 9782 600 HEC
8555 735 737 HED
8549 7873 7873 HEE
8843 19 22 HEF
9210 532 535 HEG
8083 2528 2529 HEH
9290 63 65 HEI
2729 9753 2728 HEJ
9353 7360 7359 HFA
9488 2491 2491 HFB
8753 1610 1612 HFC
8403 4791 4790 HFD
8059 802 805 HFE
9721 3237 3239 HFF
2090 9785 2089 HFG
9086 8379 8378 HFH
9171 3341 3344 HFI
8577 6520 6520 HFJ
8003 1874 1877 HGA
7099 9814 7098 HGB
8389 1618 1620 HGC
8039 2845 2846 HGD
9527 5776 5775 HGE
2230 8894 2232 HGF
9294 993 995 HGG
9363 3643 3643 HGH
8178 5438 5439 HGI
8835 1373 1376 HGJ
155 9674 158 HHA
2847 9150 2847 HHB
9590 5699 5698 HHC
9056 366 369 HHD
8510 936 937 HHE
9745 4821 4823 HHF
8454 1019 1022 HHG
9542 3563 3562 HHH
9088 7807 7806 HHI
6924 9905 6923 HHJ
8041 5498 5499 HIA
9373 304 307 HIB
9728 656 659 HIC
8607 1974 1974 HID
8523 2542 2543 HIE
8449 1024 1027 HIF
8355 1639 1640 HIG
3505 8266 3505 HIH
8727 3689 3690 HII
9379 1603 1604 HIJ
8005 773 776 HJA
8270 252 255 HJB
9090 850 853 HJC
8997 5265 5266 HJD
9643 7688 7687 HJE
8996 1066 1068 HJF
9564 732 734 HJG
9802 221 224 HJH
7812 9840 7811 HJI
8106 1441 1444 HJJ
1629 8467 1630 IAA
5333 8408 5333 IAB
9338 9869 9337 IAC
8822 7433 7432 IAD
8696 1297 1299 IAE
9361 3784 3784 IAF
8499 7957 7956 IAG
8792 2235 2236 IAH
8530 7249 7249 IAI
9108 7060 7061 IAJ
3806 9389 3806 IBA
7997 5878 5879 IBB
9805 5141 5142 IBC
9744 2779 2782 IBD
8440 3761 3762 IBE
8814 5044 5044 IBF
8064 7517 7516 IBG
469 9327 472 IBH
9136 5048 5050 IBI
146 9439 148 IBJ
8589 4624 4624 ICA
8601 4899 4899 ICB
8903 1719 1722 ICC
1800 8555 1801 ICD
8220 7151 7150 ICE
8457 2838 2839 ICF
8453 2086 2087 ICG
9554 5073 5072 ICH
9072 2691 2693 ICI
8461 4467 4467 ICJ
9299 5903 5902 IDA
630 9720 631 IDB
8363 9460 8362 IDC
8280 227 230 IDD
8313 3515 3516 IDE
9615 44 47 IDF
8327 1356 1358 IDG
9939 2312 2312 IDH
9861 1032 1035 IDI
8960 5304 5304 IDJ
9302 2799 2798 IEA
8822 3658 3658 IEB
9151 3495 3498 IEC
8495 7382 7381 IED
9294 7001 7000 IEE
8637 6121 6121 IEF
8869 425 428 IEG
4027 9891 4028 IEH
9521 5939 5938 IEI
9907 15 18 IEJ
9153 6423 6424 IFA
9040 1015 1018 IFB
9331 814 816 IFC
8369 5254 5253 IFD
8749 2955 2956 IFE
9231 706 709 IFF
8459 6893 6892 IFG
9367 1645 1647 IFH
8868 6825 6824 IFI
9319 1295 1296 IFJ
774 8500 775 IGA
8051 5398 5399 IGB
9621 7449 7448 IGC
5068 8465 5069 IGD
8425 7321 7320 IGE
9981 3975 3974 IGF
8782 6809 6809 IGG
165 9767 165 IGH
9438 153 156 IGI
9784 4977 4977 IGJ
9901 5317 5316 IHA
8351 3733 3734 IHB
2334 9481 2336 IHC
9091 6811 6812 IHD
496 9738 496 IHE
9965 790 793 IHF
9457 2645 2645 IHG
8791 2458 2459 IHH
8787 3045 3046 IHI
9848 6221 6220 IHJ
9294 9665 9293 IIA
4786 8603 4787 IIB
782 8630 785 IIC
9318 7576 7575 IID
9803 4951 4952 IIE
5249 9454 5250 IIF
8600 6884 6884 IIG
9898 6214 6213 IIH
9920 3819 3818 III
270 8888 273 IIJ
8644 7223 7223 IJA
9662 3254 3257 IJB
9003 637 639 IJC
9269 2384 2385 IJD
9953 5011 5010 IJE
8026 5095 5096 IJF
5070 9996 5073 IJG
9932 6566 6565 IJH
8703 1470 1472 IJI
9772 1776 1779 IJJ
3042 8264 3043 JAA
1460 8036 1463 JAB
8135 6061 6062 JAC
8832 4140 4140 JAD
3393 8673 3394 JAE
9519 6922 6921 JAF
9863 1350 1352 JAG
4610 8289 4609 JAH
234 9630 237 JAI
8841 7084 7083 JAJ
9791 7823 7822 JBA
8181 2821 2824 JBB
2954 9723 2954 JBC
9931 1823 1824 JBD
60 8261 63 JBE
9947 3585 3584 JBF
8378 1151 1153 JBG
7537 8010 7536 JBH
1216 9662 1218 JBI
9438 2902 2902 JBJ
8850 6773 6772 JCA
9148 5327 5329 JCB
9146 3718 3721 JCC
9470 7629 7628 JCD
7215 9523 7214 JCE
3420 9220 3421 JCF
8501 2064 2065 JCG
1049 8531 1050 JCH
8756 4070 4071 JCI
8498 4367 4368 JCJ
8640 9173 8640 JDA
9324 3447 3446 JDB
9075 6905 6906 JDC
9791 245 248 JDD
9797 620 623 JDE
9751 3548 3550 JDF
9555 5537 5536 JDG
9563 3644 3643 JDH
8105 3962 3963 JDI
8643 4941 4941 JDJ
9635 5257 5257 JEA
8045 707 710 JEB
4312 8101 4311 JEC
9721 8637 8636 JED
9386 3595 3595 JEE
9740 6538 6538 JEF
6738 9495 6738 JEG
8277 472 475 JEH
9599 9500 9499 JEI
4484 8940 4485 JEJ
8642 7749 7748 JFA
8660 928 931 JFB
8951 7357 7356 JFC
8978 4901 4902 JFD
206 8437 207 JFE
9560 165 168 JFF
9087 9020 9019 JFG
8495 5048 5048 JFH
8155 5322 5323 JFI
9862 6043 6042 JFJ
9919 7627 7626 JGA
9584 4427 4426 JGB
8218 3081 3082 JGC
9665 1678 1681 JGD
1494 9489 1496 JGE
8486 7974 7973 JGF
9096 2744 2747 JGG
8280 6520 6519 JGH
2376 9590 2377 JGI
8617 3844 3844 JGJ
8762 9625 8761 JHA
8407 3554 3554 JHB
8173 832 835 JHC
9314 8047 8046 JHD
1508 9081 1510 JHE
7528 8061 7527 JHF
6633 8776 6632 JHG
6 8762 9 JHH
8998 2853 2855 JHI
8907 7827 7826 JHJ
9160 5814 5815 JIA
1078 8779 1081 JIB
8663 1162 1164 JIC
8197 7183 7182 JID
8742 8876 8742 JIE
8623 4793 4793 JIF
8143 2088 2091 JIG
7335 8031 7334 JIH
9419 3644 3644 JII
8673 2082 2083 JIJ
3139 9557 3140 JJA
9746 2978 2981 JJB
8263 4205 4205 JJC
8150 6127 6128 JJD
8412 7989 7988 JJE
8459 273 276 JJF
8595 7045 7045 JJG
8139 995 998 JJH
832 9833 834 JJI
8118 6994 6995 JJJ
8482 4583 4584 BAAA
213 8735 216 BAAB
653 8561 655 BAAC
1700 9512 1702 BAAD
8650 2349 2350 BAAE
9762 3477 3479 BAAF
9196 9612 9195 BAAG
3532 9512 3533 BAAH
9277 5800 5799 BAAI
8207 1423 1426 BAAJ
9292 6675 6674 BABA
8615 5249 5249 BABB
8583 458 460 BABC
9737 6393 6393 BABD
9591 5289 5288 BABE
8117 166 169 BABF
9184 3929 3931 BABG
9562 3221 3220 BABH
9395 3657 3657 BABI
4051 9273 4050 BABJ
8340 6006 6005 BACA
4127 9496 4128 BACB
2149 8865 2151 BACC
8904 1012 1015 BACD
8974 6237 6237 BACE
7297 9881 7296 BACF
9693 4288 4290 BACG
8499 3353 3354 BACH
9306 7240 7239 BACI
3671 8684 3672 BACJ
390 8146 393 BADA
9905 4754 4753 BADB
918 9837 919 BADC
9872 7170 7169 BADD
8644 2290 2291 BADE
6796 8247 6795 BADF
5411 9438 5410 BADG
8397 3226 3226 BADH
9750 2802 2805 BADI
9342 8631 8630 BADJ
8215 7177 7176 BAEA
9797 7354 7353 BAEB
8699 4283 4284 BAEC
9701 1192 1195 BAED
5441 8493 5441 BAEE
8495 64 67 BAEF
8387 2992 2993 BAEG
8379 1081 1083 BAEH
8249 1491 1494 BAEI
8401 2028 2030 BAEJ
9683 6883 6882 BAFA
9505 6192 6191 BAFB
8803 103 106 BAFC
6318 9485 6318 BAFD
8703 5314 5315 BAFE
8238 8128 8127 BAFF
8609 394 396 BAFG
9139 4235 4237 BAFH
9354 1440 1442 BAFI
9234 1564 1567 BAFJ
7886 8296 7885 BAGA
8725 7504 7503 BAGB
9335 1174 1176 BAGC
8638 5918 5918 BAGD
2734 8094 2735 BAGE
9284 1085 1087 BAGF
5074 8461 5074 BAGG
9675 1065 1068 BAGH
9551 4791 4790 BAGI
8812 8197 8196 BAGJ
7999 5568 5569 BAHA
8355 7099 7098 BAHB
9818 7789 7788 BAHC
8803 4071 4071 BAHD
8870 6357 6356 BAHE
9049 2522 2524 BAHF
8183 7256 7256 BAHG
9126 1864 1867 BAHH
9653 4106 4107 BAHI
9312 4836 4835 BAHJ
8672 1087 1090 BAIA
9327 3810 3809 BAIB
8026 7589 7588 BAIC
8390 1015 1017 BAID
9150 2615 2618 BAIE
9847 4564 4564 BAIF
254 9124 257 BAIG
8129 7601 7600 BAIH
8659 1274 1275 BAII
9087 5346 5348 BAIJ
8142 3053 3056 BAJA
9973 2464 2464 BAJB
9302 1074 1076 BAJC
8394 3226 3226 BAJD
8882 3263 3262 BAJE
5923 9371 5923 BAJF
8493 8381 8380 BAJG
9892 2458 2459 BAJH
8015 7110 7109 BAJI
