1000
961792 491 728
824378 702 970
647023 949 816
248997 223 28
271058 168 419
536188 939 457
50943 953 38
858986 380 741
63633 327 70
330460 220 167
374965 790 441
993924 985 90
149982 27 806
63572 917 898
267601 800 902
260976 673 570
769314 505 748
381702 36 621
11374 880 842
882827 727 490
221281 44 44
167041 996 772
518766 240 545
718316 735 306
724645 426 320
236618 307 771
908644 329 529
29433 769 709
171843 587 21
146330 230 318
946661 606 999
513026 659 403
31700 695 43
185512 2 744
293670 608 46
911866 734 488
916747 430 111
648718 387 6
102398 242 637
26451 382 604
483720 639 58
793809 423 675
704508 645 415
59244 709 123
850259 564 993
349931 449 605
373654 300 235
521052 958 941
19870 795 333
111819 816 492
80136 142 660
479449 668 334
125552 605 307
417032 552 367
616230 961 281
299024 899 925
874698 528 771
286562 302 985
471982 299 132
606874 852 262
602717 582 570
533867 670 702
371991 289 492
597265 859 873
245108 454 146
648769 639 641
737690 699 405
134164 506 323
476943 720 536
837574 11 639
427552 747 885
979973 173 707
562390 379 59
946910 194 3
905025 419 871
319571 990 516
263285 433 505
642823 230 370
302922 215 346
723556 153 775
241973 759 459
306496 518 423
560063 381 256
133016 735 952
76743 376 542
644715 77 142
654224 194 897
746689 181 887
693383 425 522
127277 738 426
97794 533 264
659020 420 214
835584 821 29
171922 712 145
837591 428 275
937668 888 879
27115 136 359
767386 445 757
921200 732 77
208126 867 893
422064 661 174
119855 989 219
639108 524 470
335104 34 920
413410 610 897
575294 663 838
894388 609 48
361587 429 396
363207 265 942
154801 588 451
795252 297 753
439467 785 273
957698 999 767
372660 189 716
736922 154 197
779332 639 418
471235 623 902
506187 100 216
814161 633 499
358658 388 512
609009 382 879
514013 487 719
461599 687 533
207179 97 974
266178 758 237
732229 843 712
598027 101 515
220139 915 588
226673 405 257
794051 285 373
199709 94 415
711850 282 223
532710 518 33
533028 904 603
872814 499 528
434127 75 925
290235 733 572
641112 772 268
418909 574 906
303783 960 548
829802 828 785
281238 692 327
160785 130 346
626266 510 514
241058 114 111
966426 477 982
707320 343 884
776766 116 667
155029 873 428
505563 996 893
292273 321 502
916278 208 384
130172 310 793
344601 766 63
189440 343 196
120834 555 69
943022 67 186
198801 599 90
171456 94 85
929882 850 193
966614 398 689
985566 542 951
876116 430 986
285238 758 184
137234 441 705
471260 861 405
322379 522 260
542999 178 977
906891 842 109
420250 996 390
622084 618 477
445950 818 426
426322 611 465
24012 932 607
515618 274 12
540852 776 330
82902 849 949
334036 159 2
906488 715 155
164486 902 332
763019 670 591
988007 765 133
125687 511 626
353538 106 944
352284 833 320
941111 438 954
677354 303 276
758863 395 595
19896 387 821
249093 348 823
828410 646 375
294419 703 668
217811 626 565
342169 552 77
243344 733 319
952940 807 808
555804 304 623
745563 795 531
135396 848 673
587102 287 461
93144 851 579
291998 724 827
275117 189 954
602723 488 568
370389 828 94
697049 511 978
748788 786 495
530440 215 25
67122 794 280
858608 345 33
113876 102 540
13124 406 563
788562 231 200
938096 663 760
301733 805 56
750406 713 751
337938 456 437
613358 111 824
762759 502 373
669269 912 353
785489 710 188
473037 27 919
778671 662 11
919599 721 87
885777 433 295
672910 267 950
768052 980 828
103944 477 951
945190 442 610
896333 634 564
111510 621 935
769746 592 472
797300 767 718
636870 670 907
693902 280 959
657326 571 293
249849 985 800
479668 146 327
959536 521 140
556135 60 319
88577 967 953
897301 437 428
444288 960 70
882567 347 826
685514 843 573
620510 795 959
161785 513 559
427124 293 254
127208 161 847
294271 425 770
635914 148 848
808858 50 589
279097 573 505
402535 771 443
525597 884 864
128817 88 529
111256 260 694
722257 352 827
893970 514 91
314190 384 597
132178 872 986
90241 850 897
99360 106 39
770576 663 362
276655 838 486
130034 768 862
283525 802 135
994980 924 714
373291 130 224
179519 390 49
72632 656 305
259429 982 565
790695 583 791
982570 690 850
887391 362 218
383466 885 88
954418 82 568
696482 95 465
860179 381 519
473517 886 667
543679 822 198
896999 924 647
456317 74 404
76301 954 265
118671 111 155
347318 732 345
223773 594 279
94562 829 731
446758 18 730
548763 861 547
242229 8 483
160174 561 499
812080 328 336
970119 667 264
304718 197 231
756845 795 859
717120 409 428
800328 421 717
217324 3 951
476137 378 805
445921 677 252
690858 740 165
925355 669 720
249230 965 562
668629 107 730
969201 233 964
614194 811 374
684549 188 62
188176 324 528
508710 717 406
119023 161 288
157961 388 888
815394 454 370
78571 905 767
727512 358 289
731367 398 557
429126 804 171
547256 14 947
495308 424 902
527938 759 107
213165 851 156
527491 228 998
64407 972 284
132855 583 856
289461 652 882
641777 158 971
76095 240 113
338414 780 595
435487 623 991
83701 402 142
293313 923 24
889250 870 616
828099 244 310
518866 163 77
46045 330 257
441908 122 686
862638 809 882
922955 544 944
167641 123 340
576519 817 131
513333 129 54
811207 421 303
634878 859 187
218752 472 652
879856 322 355
361826 303 10
2727 98 511
470801 424 47
322140 756 39
67654 170 313
544769 380 359
611331 254 75
916924 791 155
889865 661 836
163134 688 15
100976 858 981
767281 891 642
618954 106 945
12638 58 813
42371 106 811
484496 704 959
274327 793 907
77264 683 275
132802 982 90
81200 966 382
71266 899 440
431226 374 602
924032 740 618
830095 435 647
471268 961 400
415371 443 699
590707 211 422
908615 842 960
258564 997 715
146173 749 15
769316 537 111
320330 368 978
432296 110 289
210864 814 982
343109 239 897
248079 408 785
932553 999 561
255196 48 169
997800 698 882
848694 446 615
488168 174 997
735177 995 875
871938 731 840
849006 502 680
865811 783 507
763610 452 289
434700 182 874
133451 516 68
262001 144 396
557528 106 735
605905 92 307
946434 411 914
51265 885 158
895075 889 477
868814 19 149
867374 232 618
522491 92 35
867239 289 396
487263 818 874
335656 678 712
668347 63 618
5181 558 452
720614 240 362
618598 898 238
462435 343 19
558952 416 479
400837 356 898
715086 751 840
851976 541 181
802009 139 525
173520 60 321
331807 777 72
722686 961 98
719749 709 384
971831 337 123
141035 955 306
164109 822 167
971673 941 599
464542 887 336
81881 524 535
332177 834 591
637721 416 789
5779 935 436
690466 979 236
620866 312 287
233824 732 393
745716 39 247
869733 521 746
9361 751 458
393571 151 462
61879 734 820
741511 173 229
388222 98 956
155507 175 370
633420 699 956
140755 704 327
171267 465 432
657207 98 953
39636 286 474
662078 241 581
671962 869 932
585092 845 761
252819 859 510
858959 175 903
585238 781 778
64521 119 846
665551 12 909
440165 852 714
142518 341 199
648771 333 326
89632 645 389
329506 846 599
258459 588 910
882159 157 707
587308 63 900
63164 407 579
255096 836 548
116696 565 702
888655 40 696
724209 332 679
995528 164 339
147871 756 816
871231 720 998
427300 752 48
830539 167 9
203720 286 954
488283 4 869
596386 816 918
498211 604 273
590216 483 532
263940 213 402
344494 94 743
636410 437 502
967581 46 743
467544 591 323
693686 600 115
420340 763 637
759273 944 93
536589 540 350
800029 152 191
918716 94 826
282649 164 270
707757 16 482
853926 612 308
898278 800 704
292028 146 795
977824 837 611
513561 550 727
446097 585 212
599217 623 84
57951 287 168
610966 707 305
29682 130 264
454476 81 645
580455 743 791
556549 702 375
6126 884 402
597771 237 490
854518 154 205
676459 164 266
348762 856 180
685534 387 969
449634 233 632
205587 663 222
600549 991 212
785020 199 830
723493 696 639
468349 629 4
502653 217 380
678287 944 774
747806 977 175
922236 816 817
367985 329 777
897392 194 519
765568 425 710
389287 558 519
711733 884 101
953701 46 148
161736 600 265
688359 832 457
905580 304 959
847485 871 476
765136 739 608
296321 749 1
752428 969 616
342597 445 906
518506 171 431
167377 423 556
893576 491 782
350378 555 612
382502 117 661
7018 19 219
695341 461 51
312000 803 734
924397 970 990
410509 947 42
231300 690 869
435816 815 487
441441 231 27
286641 245 994
931233 833 565
742305 567 16
7145 140 327
128087 123 321
379402 212 106
737020 520 498
433440 623 505
821856 810 214
781558 267 54
387876 689 735
867608 832 23
809768 462 64
954938 263 165
855157 646 613
2933 484 351
531897 451 782
676746 953 315
117264 640 473
8678 549 46
106492 403 46
734425 43 205
790429 593 840
362701 398 988
323747 301 665
671895 92 749
662895 537 853
567812 681 35
146681 530 763
280181 71 233
484092 510 288
724913 83 365
967168 200 910
1950 146 554
482577 774 955
701486 164 222
177422 264 133
67392 81 591
751685 85 102
786585 322 364
176116 746 179
571940 954 858
963396 292 418
829756 709 980
934029 974 684
7426 232 991
708477 397 783
182093 171 678
884310 635 448
292477 187 74
360137 338 841
794290 275 365
395784 59 694
493056 813 640
784645 133 212
827937 380 866
561137 618 324
250463 540 307
501327 175 509
812573 837 416
504070 212 410
952387 284 776
690698 868 811
813234 884 719
613407 70 222
490398 860 26
964203 476 368
65330 641 172
407696 330 815
972585 983 351
816564 281 667
939816 338 973
436006 877 341
45606 515 721
517881 565 527
786667 480 88
832338 970 597
564818 635 316
57119 227 923
618653 486 235
113250 103 176
462236 486 676
736315 427 954
832546 383 331
73650 437 106
612489 799 558
842014 553 714
498325 455 535
41616 395 245
947113 549 995
219687 309 887
524998 950 564
501999 242 126
747870 731 883
83521 994 175
226861 578 832
94529 823 252
522597 416 198
439423 489 918
73987 556 633
422466 174 998
921711 550 59
533392 805 161
696116 592 406
547630 643 605
585890 380 275
422632 998 629
432050 200 251
487289 162 940
428077 878 644
473259 384 328
639489 847 104
761878 214 604
23487 434 769
571542 220 644
71890 856 384
652890 915 764
199349 435 623
984482 820 817
352373 839 284
989015 775 659
963217 16 711
159371 281 938
652522 461 127
434136 634 919
519875 499 361
893094 255 477
242193 806 601
524061 924 16
510354 589 525
848045 117 581
741257 236 686
654075 118 139
24109 654 681
171009 335 457
365374 267 703
149192 429 561
427789 360 328
443240 526 132
647752 709 30
844133 172 295
782583 675 48
722171 189 702
604187 606 316
443601 353 78
534762 312 137
530039 180 944
818156 159 180
460312 573 947
280004 784 675
240045 351 225
403201 245 975
627755 550 263
313629 708 646
97949 421 990
643606 736 993
276434 254 693
592990 861 194
788878 219 787
724287 975 985
19051 700 360
259208 395 47
968337 857 901
661625 545 602
481911 745 53
513297 792 587
931612 377 66
689247 755 198
73372 138 339
564102 620 89
711818 478 541
956517 847 768
774678 34 560
129764 969 998
542847 225 437
772665 817 279
375094 494 406
417806 630 405
247374 259 133
90353 2 72
117755 505 888
337194 566 266
159727 40 267
98507 207 330
863674 976 551
431306 489 553
102808 688 251
631882 521 962
651680 150 337
283658 791 438
653686 150 859
281185 637 79
676340 71 302
552812 82 28
790522 739 391
176912 811 406
219374 15 756
615173 779 336
279269 683 252
272601 609 77
430290 562 490
82107 130 837
830336 652 559
444351 391 953
839675 35 287
875407 776 232
421001 700 749
491652 866 194
201099 111 306
350087 726 492
655956 873 787
295335 235 731
674952 465 249
174084 758 741
552015 433 222
343285 575 501
992496 342 581
947238 935 454
556345 178 769
133045 967 859
660347 808 226
742621 955 909
793423 577 900
155387 824 950
759434 214 825
835896 603 172
796661 277 945
902202 763 688
805114 560 736
887191 519 201
853146 811 600
895666 315 699
569793 989 207
14715 896 988
5405 26 858
596469 595 881
164852 79 362
873318 113 253
756973 790 375
822336 696 259
284724 451 252
683920 959 326
375857 695 770
274395 497 989
959505 316 744
954663 71 195
761917 689 506
989719 533 46
954994 303 416
644683 846 935
549006 364 361
875969 611 219
378383 78 832
786664 425 840
624315 955 223
101198 713 547
249807 752 786
260634 108 312
681006 975 573
576449 671 178
439699 173 609
477967 341 644
188103 899 748
819237 763 976
853192 692 488
215173 273 71
395366 647 502
760418 830 385
925634 70 19
102180 691 78
437799 392 634
78503 619 972
35330 747 987
527046 978 251
947305 772 315
550898 573 967
510195 330 44
456449 209 76
902313 224 287
286921 127 639
248449 803 160
885385 15 475
291084 772 666
186299 84 954
119201 399 963
392141 663 958
419994 244 122
145502 951 648
866422 581 847
608900 615 335
546124 799 59
310061 257 43
590830 845 304
965428 867 667
124157 938 42
110013 512 724
965836 750 151
372825 26 365
413096 260 708
406315 573 176
202792 937 713
117930 238 970
95745 760 854
953845 332 517
513490 837 151
660052 173 556
206259 1000 613
390079 429 559
757899 500 53
793494 12 761
412047 263 934
315171 239 239
165875 219 726
141561 585 99
4733 316 20
947925 994 321
653115 100 284
916067 231 8
235964 213 863
371756 970 339
633642 981 338
175385 20 505
820065 631 929
491180 25 755
242043 808 236
114697 267 557
65101 648 161
523573 923 528
261816 347 203
500530 781 774
235668 983 203
162943 497 534
154559 615 108
270685 474 961
400651 632 916
821482 537 852
216054 75 304
41920 514 879
53554 348 792
222580 955 719
642177 177 172
874809 561 472
896566 613 846
228208 252 63
873461 53 824
438750 36 429
987531 828 504
707538 741 94
632573 531 738
976245 776 252
268711 76 349
217425 50 319
328474 240 602
151832 753 863
287874 446 537
904963 445 707
172839 102 525
180963 581 443
1362 774 2
738408 715 331
652256 747 821
598078 888 810
90539 746 427
544756 883 763
590503 816 941
172371 127 371
81903 568 203
950518 652 59
559660 372 711
7170 921 535
30724 294 500
715389 174 134
850942 745 200
34009 231 571
263086 682 863
897649 86 693
33660 747 848
867751 177 675
705409 42 844
62449 653 515
536670 350 269
579690 578 788
246255 67 597
539744 112 449
992811 87 175
784396 296 495
177483 453 594
27839 783 754
9201 1000 540
354074 511 651
7233 418 412
289089 767 909
152993 350 155
490577 966 514
45607 220 372
522577 114 864
240420 77 475
783984 590 280
88725 286 35
454593 725 345
644047 705 19
825363 136 881
665535 320 18
733401 103 845
381719 372 601
654413 774 890
60206 422 961
355520 806 227
724193 476 526
381868 183 356
764244 648 178
411435 107 208
670730 220 750
985804 149 143
433542 969 509
520387 379 51
806324 937 354
447317 112 763
501086 842 724
608767 142 880
887595 109 488
410321 59 679
950434 430 903
602117 890 703
495207 229 759
105271 652 572
790951 238 935
748888 999 363
347224 580 374
645285 606 993
667469 500 108
197189 2 478
601789 696 532
879913 721 942
695463 882 945
397168 924 250
352232 82 207
299707 46 627
889371 322 692
862965 123 624
444306 161 960
919519 166 65
279763 325 458
699001 646 147
311043 542 771
744175 778 645
482912 279 719
118518 955 947
914062 934 290
225261 618 458
387521 895 808
465199 602 965
857824 941 649
509387 264 382
486261 449 43
167694 905 967
