436 100
4449 4494
4449 4494
4449 4494
4449 4494
4449 4494
4449 4494
4449 4494
4449 4494
4449 4494
4449 4494
4449 4494
4449 4494
4449 4494
4449 4494
4449 4494
4449 4494
4449 4494
4449 4494
4449 4494
4449 4494
4449 4494
4449 4494
4449 4494
4449 4494
4449 4494
4449 4494
4449 4494
4449 4494
4449 4494
4449 4494
4449 4494
4449 4494
4449 4494
4449 4494
4449 4494
4449 4494
4449 4494
4449 4494
4449 4494
4449 4494
4449 4494
4449 4494
4449 4494
4449 4494
4449 4494
4449 4494
4449 4494
4449 4494
4449 4494
4449 4494
4449 4494
4449 4494
4449 4494
4449 4494
4449 4494
4449 4494
4449 4494
4449 4494
4449 4494
4449 4494
4449 4494
4449 4494
4449 4494
4449 4494
4449 4494
4449 4494
4449 4494
4449 4494
4449 4494
4449 4494
4449 4494
4449 4494
4449 4494
4449 4494
4449 4494
4449 4494
4449 4494
4449 4494
4449 4494
4449 4494
4449 4494
4449 4494
4449 4494
4449 4494
4449 4494
4449 4494
4449 4494
4449 4494
4449 4494
4449 4494
4449 4494
4449 4494
4449 4494
4449 4494
4449 4494
4449 4494
4449 4494
4449 4494
4449 4494
4449 4494
