1000 1000
-2056 2056
-3996 3996
-1716 1716
-1176 1176
-4216 4216
-1796 1796
-1696 1696
-4101 4101
-4091 4091
-886 886
-2131 2131
-4596 4596
-3481 3481
-3856 3856
-3541 3541
-4476 4476
-1376 1376
-1061 1061
-1926 1926
-256 256
-2756 2756
-21 21
-3546 3546
-211 211
-146 146
-521 521
-1571 1571
-2736 2736
-231 231
-2986 2986
-821 821
-611 611
-2471 2471
-86 86
-4371 4371
-2031 2031
-4641 4641
-2931 2931
-4536 4536
-1306 1306
-3871 3871
-2651 2651
-3596 3596
-3176 3176
-3221 3221
-2626 2626
-3686 3686
-4266 4266
-4521 4521
-726 726
-1136 1136
-171 171
-2946 2946
-1646 1646
-4036 4036
-1996 1996
-3216 3216
-4881 4881
-1336 1336
-4431 4431
-1406 1406
-671 671
-4056 4056
-656 656
-3741 3741
-311 311
-4931 4931
-796 796
-4906 4906
-956 956
-4896 4896
-1141 1141
-3236 3236
-2781 2781
-2591 2591
-1861 1861
-4391 4391
-4686 4686
-356 356
-1826 1826
-3046 3046
-1911 1911
-2926 2926
-1166 1166
-4911 4911
-3771 3771
-2306 2306
-3106 3106
-2126 2126
-1666 1666
-2771 2771
-3796 3796
-3066 3066
-3371 3371
-2441 2441
-2601 2601
-126 126
-4106 4106
-2921 2921
-486 486
-2696 2696
-326 326
-3231 3231
-1041 1041
-2281 2281
-2711 2711
-3496 3496
-4546 4546
-4416 4416
-3706 3706
-1026 1026
-2401 2401
-2776 2776
-4551 4551
-3256 3256
-3266 3266
-4331 4331
-1126 1126
-2226 2226
-2871 2871
-4186 4186
-2486 2486
-1326 1326
-2086 2086
-2341 2341
-4336 4336
-4141 4141
-881 881
-4976 4976
-366 366
-1686 1686
-271 271
-4576 4576
-2841 2841
-4721 4721
-4076 4076
-286 286
-2151 2151
-4701 4701
-1091 1091
-181 181
-931 931
-641 641
-2991 2991
-3456 3456
-806 806
-2311 2311
-4851 4851
-3941 3941
-3141 3141
-2446 2446
-4136 4136
-4456 4456
-1891 1891
-4946 4946
-4741 4741
-4351 4351
-2041 2041
-4791 4791
-26 26
-3646 3646
-4396 4396
-336 336
-2026 2026
-4871 4871
-4411 4411
-891 891
-3776 3776
-2701 2701
-3351 3351
-4071 4071
-4956 4956
-1261 1261
-496 496
-1956 1956
-4776 4776
-1881 1881
-3246 3246
-136 136
-376 376
-1511 1511
-3516 3516
-2801 2801
-141 141
-3611 3611
-4666 4666
-4126 4126
-4356 4356
-4561 4561
-306 306
-2111 2111
-4491 4491
-71 71
-251 251
-4406 4406
-4496 4496
-2061 2061
-3876 3876
-766 766
-3056 3056
-1981 1981
-1621 1621
-1551 1551
-1111 1111
-756 756
-3971 3971
-2981 2981
-1021 1021
-1466 1466
-2616 2616
-3561 3561
-3891 3891
-1031 1031
-761 761
-1691 1691
-4016 4016
-751 751
-331 331
-2276 2276
-1801 1801
-3016 3016
-2136 2136
-3531 3531
-4206 4206
-4606 4606
-1886 1886
-2906 2906
-506 506
-2786 2786
-681 681
-4181 4181
-4306 4306
-161 161
-2246 2246
-1556 1556
-2506 2506
-2836 2836
-536 536
-926 926
-2366 2366
-3131 3131
-1346 1346
-3421 3421
-4436 4436
-4226 4226
-2011 2011
-2296 2296
-3206 3206
-2091 2091
-2286 2286
-4211 4211
-1056 1056
-4601 4601
-1871 1871
-116 116
-2546 2546
-741 741
-301 301
-1401 1401
-2236 2236
-1836 1836
-3311 3311
-596 596
-2641 2641
-1106 1106
-3006 3006
-2706 2706
-1081 1081
-3446 3446
-2541 2541
-2096 2096
-6 6
-991 991
-606 606
-706 706
-3816 3816
-1766 1766
-576 576
-1066 1066
-3361 3361
-2466 2466
-2576 2576
-1841 1841
-4786 4786
-531 531
-3161 3161
-2376 2376
-4586 4586
-2521 2521
-2551 2551
-431 431
-2916 2916
-1591 1591
-2416 2416
-616 616
-3071 3071
-3506 3506
-196 196
-1481 1481
-2116 2116
-2846 2846
-3166 3166
-1416 1416
-1121 1121
-771 771
-4041 4041
-1711 1711
-1941 1941
-1641 1641
-2496 2496
-4241 4241
-1236 1236
-2491 2491
-2436 2436
-1486 1486
-3676 3676
-1651 1651
-3761 3761
-3906 3906
-2671 2671
-1256 1256
-1501 1501
-1036 1036
-3436 3436
-4886 4886
-4096 4096
-61 61
-1546 1546
-31 31
-2536 2536
-1966 1966
-3736 3736
-4581 4581
-1491 1491
-2316 2316
-866 866
-3936 3936
-4941 4941
-1811 1811
-3126 3126
-4656 4656
-4006 4006
-3291 3291
-3051 3051
-986 986
-581 581
-1046 1046
-4191 4191
-3146 3146
-896 896
-2666 2666
-3336 3336
-4061 4061
-41 41
-1076 1076
-3431 3431
-3581 3581
-1986 1986
-4156 4156
-4321 4321
-4671 4671
-1266 1266
-3441 3441
-4001 4001
-4526 4526
-1586 1586
-1506 1506
-1906 1906
-81 81
-4346 4346
-4066 4066
-1636 1636
-2816 2816
-4176 4176
-1086 1086
-2461 2461
-2971 2971
-786 786
-4381 4381
-1561 1561
-2566 2566
-2531 2531
-3286 3286
-2451 2451
-3401 3401
-121 121
-4746 4746
-2761 2761
-936 936
-811 811
-4026 4026
-4246 4246
-946 946
-1396 1396
-1156 1156
-716 716
-1931 1931
-856 856
-3566 3566
-666 666
-2896 2896
-571 571
-4506 4506
-3786 3786
-2511 2511
-4816 4816
-3526 3526
-1936 1936
-4196 4196
-1921 1921
-4441 4441
-1071 1071
-3671 3671
-2271 2271
-4921 4921
-3281 3281
-4751 4751
-566 566
-3571 3571
-2186 2186
-4631 4631
-3751 3751
-3501 3501
-2051 2051
-3026 3026
-876 876
-781 781
-386 386
-1856 1856
-591 591
-3881 3881
-2516 2516
-1776 1776
-1876 1876
-3766 3766
-4251 4251
-3846 3846
-3426 3426
-3451 3451
-206 206
-1821 1821
-456 456
-3111 3111
-2636 2636
-2176 2176
-4326 4326
-511 511
-2081 2081
-3961 3961
-1291 1291
-3636 3636
-2066 2066
-4806 4806
-3031 3031
-841 841
-1316 1316
-4716 4716
-2221 2221
-951 951
-446 446
-3081 3081
-3811 3811
-1186 1186
-1226 1226
-186 186
-3651 3651
-551 551
-2156 2156
-651 651
-4151 4151
-221 221
-2391 2391
-2936 2936
-1746 1746
-1611 1611
-2171 2171
-3116 3116
-1011 1011
-846 846
-826 826
-3931 3931
-3021 3021
-3381 3381
-2686 2686
-2596 2596
-4171 4171
-2206 2206
-921 921
-466 466
-1831 1831
-2481 2481
-4861 4861
-3391 3391
-4051 4051
-2211 2211
-471 471
-1916 1916
-4086 4086
-1541 1541
-3896 3896
-1661 1661
-3406 3406
-1731 1731
-4866 4866
-3196 3196
-2851 2851
-871 871
-4201 4201
-1901 1901
-451 451
-396 396
-2191 2191
-4951 4951
-3721 3721
-3271 3271
-371 371
-1201 1201
-351 351
-1251 1251
-3806 3806
-1596 1596
-816 816
-4696 4696
-1231 1231
-2556 2556
-3951 3951
-1531 1531
-3211 3211
-3861 3861
-3821 3821
-4736 4736
-2721 2721
-3321 3321
-3756 3756
-91 91
-4646 4646
-4281 4281
-1761 1761
-3076 3076
-4826 4826
-646 646
-3701 3701
-1671 1671
-1461 1461
-1241 1241
-2216 2216
-2071 2071
-1741 1741
-3576 3576
-1786 1786
-1016 1016
-1161 1161
-691 691
-1211 1211
-4676 4676
-2976 2976
-966 966
-2876 2876
-3711 3711
-2261 2261
-236 236
-1151 1151
-2891 2891
-3301 3301
-2856 2856
-861 861
-3916 3916
-2431 2431
-1866 1866
-241 241
-4421 4421
-1331 1331
-166 166
-4031 4031
-1736 1736
-4781 4781
-911 911
-2256 2256
-2036 2036
-1456 1456
-4616 4616
-3791 3791
-631 631
-4301 4301
-3036 3036
-281 281
-3186 3186
-2351 2351
-436 436
-1296 1296
-4831 4831
-1656 1656
-3536 3536
-51 51
-561 561
-2456 2456
-1971 1971
-461 461
-636 636
-2941 2941
-2166 2166
-2586 2586
-4116 4116
-3681 3681
-3826 3826
-176 176
-2676 2676
-1751 1751
-4796 4796
-16 16
-1311 1311
-3491 3491
-2411 2411
-4291 4291
-4161 4161
-3866 3866
-4046 4046
-1431 1431
-4556 4556
-1896 1896
-4801 4801
-4021 4021
-2146 2146
-1366 1366
-621 621
-746 746
-4311 4311
-1521 1521
-1566 1566
-3261 3261
-2006 2006
-3696 3696
-2046 2046
-1616 1616
-4426 4426
-1961 1961
-3551 3551
-3156 3156
-321 321
-4761 4761
-1631 1631
-2021 2021
-1096 1096
-2241 2241
-2406 2406
-1361 1361
-1221 1221
-3831 3831
-4966 4966
-3476 3476
-2911 2911
-3411 3411
-2996 2996
-2796 2796
-4401 4401
-3621 3621
-246 246
-4636 4636
-1206 1206
-56 56
-3376 3376
-2426 2426
-4446 4446
-2966 2966
-4316 4316
-4986 4986
-4501 4501
-4111 4111
-1706 1706
-3086 3086
-2691 2691
-3486 3486
-106 106
-1676 1676
-3306 3306
-2581 2581
-3901 3901
-391 391
-3241 3241
-2731 2731
-4936 4936
-201 201
-4991 4991
-3521 3521
-3396 3396
-131 131
-1436 1436
-3991 3991
-4681 4681
-4541 4541
-2291 2291
-1271 1271
-261 261
-1681 1681
-216 216
-3001 3001
-4531 4531
-4081 4081
-2661 2661
-3641 3641
-11 11
-501 501
-1471 1471
-4756 4756
-546 546
-556 556
-111 111
-2421 2421
-3136 3136
-906 906
-3656 3656
-4661 4661
-4811 4811
-4256 4256
-2821 2821
-1181 1181
-2526 2526
-276 276
-1051 1051
-4691 4691
-941 941
-1976 1976
-3836 3836
-1131 1131
-2571 2571
-541 541
-4996 4996
-3886 3886
-1851 1851
-191 191
-3986 3986
-76 76
-3061 3061
-1451 1451
-4981 4981
-4236 4236
-2811 2811
-4706 4706
-1191 1191
-3326 3326
-831 831
-4771 4771
-4916 4916
-3586 3586
-4461 4461
-2621 2621
-1101 1101
-1001 1001
-2901 2901
-696 696
-3386 3386
-2826 2826
-3851 3851
-2631 2631
-776 776
-4271 4271
-3946 3946
-2356 2356
-4341 4341
-4361 4361
-4971 4971
-2121 2121
-2656 2656
-981 981
-2326 2326
-3346 3346
-2231 2231
-1426 1426
-971 971
-2181 2181
-3151 3151
-2606 2606
-1781 1781
-1951 1951
-1756 1756
-316 316
-1411 1411
-1536 1536
-1476 1476
-4651 4651
-4841 4841
-151 151
-601 601
-3841 3841
-1721 1721
-4731 4731
-3461 3461
-4626 4626
-586 586
-2951 2951
-381 381
-2141 2141
-2741 2741
-4571 4571
-3956 3956
-2746 2746
-4566 4566
-901 901
-1791 1791
-1301 1301
-2161 2161
-3716 3716
-4386 4386
-441 441
-2361 2361
-3251 3251
-836 836
-1626 1626
-3606 3606
-516 516
-2001 2001
-3746 3746
-731 731
-3091 3091
-3466 3466
-4926 4926
-1991 1991
-1446 1446
-1421 1421
-4766 4766
-1816 1816
-1341 1341
-2201 2201
-3726 3726
-4166 4166
-66 66
-2766 2766
-416 416
-4836 4836
-2301 2301
-4466 4466
-421 421
-4261 4261
-1276 1276
-4121 4121
-526 526
-1526 1526
-3966 3966
-961 961
-4621 4621
-2791 2791
-2101 2101
-3096 3096
-2956 2956
-1171 1171
-3921 3921
-2886 2886
-4471 4471
-3911 3911
-4486 4486
-4286 4286
-4846 4846
-226 226
-491 491
-1726 1726
-2016 2016
-481 481
-2866 2866
-3781 3781
-2561 2561
-2331 2331
-1771 1771
-3121 3121
-2381 2381
-3201 3201
-3316 3316
-4726 4726
-2076 2076
-1381 1381
-3926 3926
-3011 3011
-2861 2861
-4366 4366
-1371 1371
-3661 3661
-1601 1601
-1116 1116
-2501 2501
-996 996
-2961 2961
-851 851
-4481 4481
-296 296
-411 411
-626 626
-4611 4611
-3631 3631
-1516 1516
-2196 2196
-3296 3296
-1946 1946
-2726 2726
-1701 1701
-3601 3601
-3556 3556
-476 476
-266 266
-341 341
-361 361
-3356 3356
-3331 3331
-2751 2751
-701 701
-1286 1286
-2251 2251
-2611 2611
-4961 4961
-1216 1216
-711 711
-4876 4876
-4376 4376
-2476 2476
-1246 1246
-736 736
-4856 4856
-1281 1281
-2881 2881
-426 426
-1321 1321
-3171 3171
-3981 3981
-2716 2716
-3616 3616
-4221 4221
-661 661
-916 916
-3471 3471
-3591 3591
-4591 4591
-3276 3276
-36 36
-1576 1576
-3191 3191
-4451 4451
-2681 2681
-2386 2386
-4891 4891
-2321 2321
-3626 3626
-401 401
-1391 1391
-3181 3181
-1146 1146
-4821 4821
-3041 3041
-4516 4516
-2806 2806
-3226 3226
-976 976
-2646 2646
-3366 3366
-3666 3666
-3101 3101
-3691 3691
-46 46
-2831 2831
-101 101
-2396 2396
-686 686
-676 676
-96 96
-3976 3976
-4276 4276
-2371 2371
-4711 4711
-3731 3731
-1386 1386
-4231 4231
-721 721
-2336 2336
-1351 1351
-4011 4011
-1196 1196
-2266 2266
-4901 4901
-791 791
-1496 1496
-3511 3511
-4131 4131
-3416 3416
-1606 1606
-3801 3801
-1806 1806
-4511 4511
-1441 1441
-291 291
-4146 4146
-346 346
-2346 2346
-406 406
-2106 2106
-1846 1846
-801 801
-1581 1581
-3341 3341
-1356 1356
-1006 1006
-4296 4296
-156 156
-1 1
