2 1000
2056 2065
3996 4005
1716 1725
1176 1185
4216 4225
1796 1805
1696 1705
4101 4110
4091 4100
886 895
2131 2140
4596 4605
3481 3490
3856 3865
3541 3550
4476 4485
1376 1385
1061 1070
1926 1935
256 265
2756 2765
21 30
3546 3555
211 220
146 155
521 530
1571 1580
2736 2745
231 240
2986 2995
821 830
611 620
2471 2480
86 95
4371 4380
2031 2040
4641 4650
2931 2940
4536 4545
1306 1315
3871 3880
2651 2660
3596 3605
3176 3185
3221 3230
2626 2635
3686 3695
4266 4275
4521 4530
726 735
1136 1145
171 180
2946 2955
1646 1655
4036 4045
1996 2005
3216 3225
4881 4890
1336 1345
4431 4440
1406 1415
671 680
4056 4065
656 665
3741 3750
311 320
4931 4940
796 805
4906 4915
956 965
4896 4905
1141 1150
3236 3245
2781 2790
2591 2600
1861 1870
4391 4400
4686 4695
356 365
1826 1835
3046 3055
1911 1920
2926 2935
1166 1175
4911 4920
3771 3780
2306 2315
3106 3115
2126 2135
1666 1675
2771 2780
3796 3805
3066 3075
3371 3380
2441 2450
2601 2610
126 135
4106 4115
2921 2930
486 495
2696 2705
326 335
3231 3240
1041 1050
2281 2290
2711 2720
3496 3505
4546 4555
4416 4425
3706 3715
1026 1035
2401 2410
2776 2785
4551 4560
3256 3265
3266 3275
4331 4340
1126 1135
2226 2235
2871 2880
4186 4195
2486 2495
1326 1335
2086 2095
2341 2350
4336 4345
4141 4150
881 890
4976 4985
366 375
1686 1695
271 280
4576 4585
2841 2850
4721 4730
4076 4085
286 295
2151 2160
4701 4710
1091 1100
181 190
931 940
641 650
2991 3000
3456 3465
806 815
2311 2320
4851 4860
3941 3950
3141 3150
2446 2455
4136 4145
4456 4465
1891 1900
4946 4955
4741 4750
4351 4360
2041 2050
4791 4800
26 35
3646 3655
4396 4405
336 345
2026 2035
4871 4880
4411 4420
891 900
3776 3785
2701 2710
3351 3360
4071 4080
4956 4965
1261 1270
496 505
1956 1965
4776 4785
1881 1890
3246 3255
136 145
376 385
1511 1520
3516 3525
2801 2810
141 150
3611 3620
4666 4675
4126 4135
4356 4365
4561 4570
306 315
2111 2120
4491 4500
71 80
251 260
4406 4415
4496 4505
2061 2070
3876 3885
766 775
3056 3065
1981 1990
1621 1630
1551 1560
1111 1120
756 765
3971 3980
2981 2990
1021 1030
1466 1475
2616 2625
3561 3570
3891 3900
1031 1040
761 770
1691 1700
4016 4025
751 760
331 340
2276 2285
1801 1810
3016 3025
2136 2145
3531 3540
4206 4215
4606 4615
1886 1895
2906 2915
506 515
2786 2795
681 690
4181 4190
4306 4315
161 170
2246 2255
1556 1565
2506 2515
2836 2845
536 545
926 935
2366 2375
3131 3140
1346 1355
3421 3430
4436 4445
4226 4235
2011 2020
2296 2305
3206 3215
2091 2100
2286 2295
4211 4220
1056 1065
4601 4610
1871 1880
116 125
2546 2555
741 750
301 310
1401 1410
2236 2245
1836 1845
3311 3320
596 605
2641 2650
1106 1115
3006 3015
2706 2715
1081 1090
3446 3455
2541 2550
2096 2105
6 15
991 1000
606 615
706 715
3816 3825
1766 1775
576 585
1066 1075
3361 3370
2466 2475
2576 2585
1841 1850
4786 4795
531 540
3161 3170
2376 2385
4586 4595
2521 2530
2551 2560
431 440
2916 2925
1591 1600
2416 2425
616 625
3071 3080
3506 3515
196 205
1481 1490
2116 2125
2846 2855
3166 3175
1416 1425
1121 1130
771 780
4041 4050
1711 1720
1941 1950
1641 1650
2496 2505
4241 4250
1236 1245
2491 2500
2436 2445
1486 1495
3676 3685
1651 1660
3761 3770
3906 3915
2671 2680
1256 1265
1501 1510
1036 1045
3436 3445
4886 4895
4096 4105
61 70
1546 1555
31 40
2536 2545
1966 1975
3736 3745
4581 4590
1491 1500
2316 2325
866 875
3936 3945
4941 4950
1811 1820
3126 3135
4656 4665
4006 4015
3291 3300
3051 3060
986 995
581 590
1046 1055
4191 4200
3146 3155
896 905
2666 2675
3336 3345
4061 4070
41 50
1076 1085
3431 3440
3581 3590
1986 1995
4156 4165
4321 4330
4671 4680
1266 1275
3441 3450
4001 4010
4526 4535
1586 1595
1506 1515
1906 1915
81 90
4346 4355
4066 4075
1636 1645
2816 2825
4176 4185
1086 1095
2461 2470
2971 2980
786 795
4381 4390
1561 1570
2566 2575
2531 2540
3286 3295
2451 2460
3401 3410
121 130
4746 4755
2761 2770
936 945
811 820
4026 4035
4246 4255
946 955
1396 1405
1156 1165
716 725
1931 1940
856 865
3566 3575
666 675
2896 2905
571 580
4506 4515
3786 3795
2511 2520
4816 4825
3526 3535
1936 1945
4196 4205
1921 1930
4441 4450
1071 1080
3671 3680
2271 2280
4921 4930
3281 3290
4751 4760
566 575
3571 3580
2186 2195
4631 4640
3751 3760
3501 3510
2051 2060
3026 3035
876 885
781 790
386 395
1856 1865
591 600
3881 3890
2516 2525
1776 1785
1876 1885
3766 3775
4251 4260
3846 3855
3426 3435
3451 3460
206 215
1821 1830
456 465
3111 3120
2636 2645
2176 2185
4326 4335
511 520
2081 2090
3961 3970
1291 1300
3636 3645
2066 2075
4806 4815
3031 3040
841 850
1316 1325
4716 4725
2221 2230
951 960
446 455
3081 3090
3811 3820
1186 1195
1226 1235
186 195
3651 3660
551 560
2156 2165
651 660
4151 4160
221 230
2391 2400
2936 2945
1746 1755
1611 1620
2171 2180
3116 3125
1011 1020
846 855
826 835
3931 3940
3021 3030
3381 3390
2686 2695
2596 2605
4171 4180
2206 2215
921 930
466 475
1831 1840
2481 2490
4861 4870
3391 3400
4051 4060
2211 2220
471 480
1916 1925
4086 4095
1541 1550
3896 3905
1661 1670
3406 3415
1731 1740
4866 4875
3196 3205
2851 2860
871 880
4201 4210
1901 1910
451 460
396 405
2191 2200
4951 4960
3721 3730
3271 3280
371 380
1201 1210
351 360
1251 1260
3806 3815
1596 1605
816 825
4696 4705
1231 1240
2556 2565
3951 3960
1531 1540
3211 3220
3861 3870
3821 3830
4736 4745
2721 2730
3321 3330
3756 3765
91 100
4646 4655
4281 4290
1761 1770
3076 3085
4826 4835
646 655
3701 3710
1671 1680
1461 1470
1241 1250
2216 2225
2071 2080
1741 1750
3576 3585
1786 1795
1016 1025
1161 1170
691 700
1211 1220
4676 4685
2976 2985
966 975
2876 2885
3711 3720
2261 2270
236 245
1151 1160
2891 2900
3301 3310
2856 2865
861 870
3916 3925
2431 2440
1866 1875
241 250
4421 4430
1331 1340
166 175
4031 4040
1736 1745
4781 4790
911 920
2256 2265
2036 2045
1456 1465
4616 4625
3791 3800
631 640
4301 4310
3036 3045
281 290
3186 3195
2351 2360
436 445
1296 1305
4831 4840
1656 1665
3536 3545
51 60
561 570
2456 2465
1971 1980
461 470
636 645
2941 2950
2166 2175
2586 2595
4116 4125
3681 3690
3826 3835
176 185
2676 2685
1751 1760
4796 4805
16 25
1311 1320
3491 3500
2411 2420
4291 4300
4161 4170
3866 3875
4046 4055
1431 1440
4556 4565
1896 1905
4801 4810
4021 4030
2146 2155
1366 1375
621 630
746 755
4311 4320
1521 1530
1566 1575
3261 3270
2006 2015
3696 3705
2046 2055
1616 1625
4426 4435
1961 1970
3551 3560
3156 3165
321 330
4761 4770
1631 1640
2021 2030
1096 1105
2241 2250
2406 2415
1361 1370
1221 1230
3831 3840
4966 4975
3476 3485
2911 2920
3411 3420
2996 3005
2796 2805
4401 4410
3621 3630
246 255
4636 4645
1206 1215
56 65
3376 3385
2426 2435
4446 4455
2966 2975
4316 4325
4986 4995
4501 4510
4111 4120
1706 1715
3086 3095
2691 2700
3486 3495
106 115
1676 1685
3306 3315
2581 2590
3901 3910
391 400
3241 3250
2731 2740
4936 4945
201 210
4991 5000
3521 3530
3396 3405
131 140
1436 1445
3991 4000
4681 4690
4541 4550
2291 2300
1271 1280
261 270
1681 1690
216 225
3001 3010
4531 4540
4081 4090
2661 2670
3641 3650
11 20
501 510
1471 1480
4756 4765
546 555
556 565
111 120
2421 2430
3136 3145
906 915
3656 3665
4661 4670
4811 4820
4256 4265
2821 2830
1181 1190
2526 2535
276 285
1051 1060
4691 4700
941 950
1976 1985
3836 3845
1131 1140
2571 2580
541 550
4996 5005
3886 3895
1851 1860
191 200
3986 3995
76 85
3061 3070
1451 1460
4981 4990
4236 4245
2811 2820
4706 4715
1191 1200
3326 3335
831 840
4771 4780
4916 4925
3586 3595
4461 4470
2621 2630
1101 1110
1001 1010
2901 2910
696 705
3386 3395
2826 2835
3851 3860
2631 2640
776 785
4271 4280
3946 3955
2356 2365
4341 4350
4361 4370
4971 4980
2121 2130
2656 2665
981 990
2326 2335
3346 3355
2231 2240
1426 1435
971 980
2181 2190
3151 3160
2606 2615
1781 1790
1951 1960
1756 1765
316 325
1411 1420
1536 1545
1476 1485
4651 4660
4841 4850
151 160
601 610
3841 3850
1721 1730
4731 4740
3461 3470
4626 4635
586 595
2951 2960
381 390
2141 2150
2741 2750
4571 4580
3956 3965
2746 2755
4566 4575
901 910
1791 1800
1301 1310
2161 2170
3716 3725
4386 4395
441 450
2361 2370
3251 3260
836 845
1626 1635
3606 3615
516 525
2001 2010
3746 3755
731 740
3091 3100
3466 3475
4926 4935
1991 2000
1446 1455
1421 1430
4766 4775
1816 1825
1341 1350
2201 2210
3726 3735
4166 4175
66 75
2766 2775
416 425
4836 4845
2301 2310
4466 4475
421 430
4261 4270
1276 1285
4121 4130
526 535
1526 1535
3966 3975
961 970
4621 4630
2791 2800
2101 2110
3096 3105
2956 2965
1171 1180
3921 3930
2886 2895
4471 4480
3911 3920
4486 4495
4286 4295
4846 4855
226 235
491 500
1726 1735
2016 2025
481 490
2866 2875
3781 3790
2561 2570
2331 2340
1771 1780
3121 3130
2381 2390
3201 3210
3316 3325
4726 4735
2076 2085
1381 1390
3926 3935
3011 3020
2861 2870
4366 4375
1371 1380
3661 3670
1601 1610
1116 1125
2501 2510
996 1005
2961 2970
851 860
4481 4490
296 305
411 420
626 635
4611 4620
3631 3640
1516 1525
2196 2205
3296 3305
1946 1955
2726 2735
1701 1710
3601 3610
3556 3565
476 485
266 275
341 350
361 370
3356 3365
3331 3340
2751 2760
701 710
1286 1295
2251 2260
2611 2620
4961 4970
1216 1225
711 720
4876 4885
4376 4385
2476 2485
1246 1255
736 745
4856 4865
1281 1290
2881 2890
426 435
1321 1330
3171 3180
3981 3990
2716 2725
3616 3625
4221 4230
661 670
916 925
3471 3480
3591 3600
4591 4600
3276 3285
36 45
1576 1585
3191 3200
4451 4460
2681 2690
2386 2395
4891 4900
2321 2330
3626 3635
401 410
1391 1400
3181 3190
1146 1155
4821 4830
3041 3050
4516 4525
2806 2815
3226 3235
976 985
2646 2655
3366 3375
3666 3675
3101 3110
3691 3700
46 55
2831 2840
101 110
2396 2405
686 695
676 685
96 105
3976 3985
4276 4285
2371 2380
4711 4720
3731 3740
1386 1395
4231 4240
721 730
2336 2345
1351 1360
4011 4020
1196 1205
2266 2275
4901 4910
791 800
1496 1505
3511 3520
4131 4140
3416 3425
1606 1615
3801 3810
1806 1815
4511 4520
1441 1450
291 300
4146 4155
346 355
2346 2355
406 415
2106 2115
1846 1855
801 810
1581 1590
3341 3350
1356 1365
1006 1015
4296 4305
156 165
1 10
