2 1000
-1470 5512
-1741 4565
736 8916
-8027 -9286
9986 700
3720 -743
-9815 -8780
-5638 -5097
1815 2508
7265 -4443
-5163 1605
-1245 3404
-2107 -4737
-4665 9692
-4058 6914
2307 -3365
-6443 1872
-6477 4895
6043 -8307
-3071 52
5576 -6372
-4403 -3472
-5444 6121
8938 2387
3351 6264
3772 -6556
-5386 184
9954 -9859
1387 2256
235 -4396
-8855 4113
-949 -1670
-7003 -622
9921 7948
-9789 -4946
-3848 -2529
5265 5512
-5470 -9493
9596 -9991
6683 -3170
-4745 -306
-2192 4779
-9364 5005
-2539 3909
7477 -574
2064 -3667
-8687 529
3856 192
-7410 -5773
-4054 -6311
585 -6793
8178 -6865
7372 5439
-6533 3429
-6026 -6265
9333 4413
-4076 -7722
4275 1561
-9600 -8945
3716 -5599
-7867 4147
-4826 1145
-9729 2791
-2637 2931
3387 -818
2906 -3848
-5183 -8081
9350 6272
-4474 9061
-1833 1588
6673 9707
6437 -9624
-935 -9942
882 9853
-8284 4887
8970 377
-3354 349
6731 3366
2159 -910
8029 6321
-8247 3564
4919 3430
873 8523
-6174 5167
-1328 -1407
7201 -4656
6986 -8104
-4646 -974
-6299 -4360
8157 9779
2707 4611
-8715 9656
7614 -1470
-3287 388
1425 -820
-7882 9198
-634 -6739
-1085 -2324
-2968 -8089
-6424 7174
-8938 2811
-8047 -881
-5480 -4160
1261 -6272
4164 8191
9436 -4474
1808 -96
6542 -881
-3055 -4254
-2090 -6338
2833 -5625
-6289 9458
3215 -9278
4639 -4889
-8114 2542
-1616 -1296
-7733 -2944
-3379 -8604
9196 -1367
-2860 -3089
-9901 3439
-9132 -4656
-2235 -7998
8426 -5289
1868 -4380
-4075 8705
1460 -2444
4702 4062
-4397 -5043
4646 6015
4338 -7567
-4155 -4764
7167 3229
-1787 -5278
-8756 -1064
3792 -9933
6468 -6321
1417 -8456
9641 -6293
8439 -8559
4917 8333
9175 -4909
-7308 3162
4793 9034
4144 1542
4305 -5269
3605 5168
-8635 1307
5953 9794
6552 -4294
1211 -3029
9826 -6249
3539 7767
-7143 503
6806 9382
-4104 -6622
-6059 -9369
8887 6465
-7769 7198
1501 -542
-8235 2610
-8202 -335
9215 -4112
8167 -9483
4132 -8223
4271 5020
-48 -5477
-8334 7579
6896 -8884
-224 -7346
8947 -5050
-2076 -6347
2104 5824
-900 526
-3909 7228
-9843 9484
-3293 6863
-1882 -6715
-8991 -8698
7281 5532
2521 -9231
6818 -2605
8637 -5061
-6451 -9771
-2565 5711
-426 -7500
6059 -2099
-539 -5537
7877 3779
-3331 -959
597 2381
-6097 -7681
-7479 -441
-2929 2122
9143 9679
7553 -1924
7250 -5078
2451 -8370
8748 3128
7522 -555
-8635 -9910
-7538 -1398
-1546 -2715
3258 7065
-4952 932
-8740 7837
2386 -6651
3694 241
8073 2524
5277 6770
-5920 848
5641 8940
9764 -1050
-7757 -9416
2078 5563
-6555 -7970
207 -638
1467 3584
-3246 3714
9880 -8223
-7283 278
5350 -3197
-1590 2385
-1705 4581
7539 -5857
2165 1883
6603 6205
-3984 7972
6815 4129
-9922 1178
-9264 -9722
-1006 3851
-9206 5192
-7576 -5868
1895 -636
-2297 -2017
-4706 -8625
-5772 -106
5932 -6696
4287 -4261
-9591 9366
9980 -3820
-2201 -1294
-9041 -5913
474 -1701
2653 -5606
-2860 6871
-347 9837
5274 -4190
-6015 -9002
5124 -2028
2916 4127
2505 -9657
6001 -4876
2527 -8515
-3938 3175
-8515 -297
-6223 -7558
9075 2872
567 -4739
-1881 -4139
9476 5282
4024 6502
-1280 3979
1102 -3991
-2388 8994
8001 4839
-480 -2283
-616 -134
1581 4570
6084 3870
-4176 -4588
884 -6772
1426 7513
-7856 -5219
-7254 8534
-7555 -2219
2869 -7053
-5571 1891
7308 -669
-8949 7146
-2421 -3009
2397 -3173
-670 -4678
-3718 9190
-5304 -5627
-5197 -1040
-6409 35
4031 -5421
3608 -7703
9040 2080
-6782 5
1457 -8416
7968 563
-8285 7324
4338 8012
3205 7135
-9026 -2071
-9501 2363
-8028 2575
8861 -5880
-8111 -5265
7198 6824
7193 3693
1665 4952
-6184 -8236
-7902 3974
5515 4839
8471 -8639
2718 -4638
-449 -1351
-3454 1200
959 -9543
-2303 8808
4805 1433
4885 -5830
-1906 -2969
-7488 -78
2094 -913
2271 -7905
9841 2110
8357 4944
3977 -8768
-9019 7261
2119 -2237
-2121 8643
1918 -6726
-1519 9136
3022 8156
460 687
8123 5588
3320 -6135
-9733 6854
8730 8261
-1370 8943
-7721 -9985
-79 376
6348 4930
-2359 6187
8776 559
-3656 -1995
-2977 -4238
3110 -9828
-7495 1124
3414 7836
4788 -1307
-6424 -2060
-9660 -5519
-3018 -917
5521 2142
-3745 -8857
-1514 1289
-1416 -9364
9722 -1122
-3631 2731
-4132 7087
-9600 5863
-3466 -3857
7735 9880
8790 5532
-8531 -6336
-982 2013
4602 -6834
6825 -2102
-4852 -4221
676 8018
-5266 2005
9971 8814
7819 340
3222 8007
-6248 6323
7042 -1745
8857 1677
5609 -6732
712 -5510
5322 9789
-8166 6371
-5699 3896
-5056 -2498
-8540 -4938
6990 5561
4798 -3597
-5858 -595
3624 -5450
4929 -6503
-5597 7596
-6306 -6021
-5110 -5459
1593 -7653
6257 -5316
7273 7667
7899 385
4468 3248
4600 -8348
8666 8750
750 5981
44 3613
1302 1877
-5133 2787
4153 -479
2528 -9317
-6364 6990
-9588 -5717
9823 5485
3802 -8660
-6701 -8000
-7038 -5372
-9869 2877
4640 -1848
6687 6660
138 -3729
9006 -277
7160 -8322
6417 3078
-2390 -6849
4072 3812
8543 9035
-5900 9594
8436 7379
59 9685
-4010 -1317
-5629 888
3637 2163
-6555 1879
2933 1499
152 4353
-5955 992
8356 -5578
6499 -1932
9182 2710
3384 -6934
3712 6571
6215 2248
-8210 -7124
2603 4972
-8369 -5195
3974 963
9919 1080
5467 -1385
7074 1072
5246 269
7394 -5769
5387 -4600
8738 -2728
1535 -2348
-8549 7538
-6485 6659
-8785 6008
-5906 585
5512 8368
-1929 -9669
8387 -2426
-1116 -8668
-6799 -3626
4933 -6105
8066 3197
-7216 -1995
-6376 -141
-528 3545
-2096 4531
1055 -8138
7891 8388
9641 -380
2537 -604
6048 -9129
-3116 1661
-9696 -1710
-8020 3778
-2836 9508
-9710 -5372
8830 -524
1282 -9943
2071 -5188
6870 -1142
-8077 1040
1418 1517
-841 8696
5977 152
-6289 -796
1443 3072
-8749 -3509
-9663 -7588
5082 -4760
1884 8268
569 1763
72 7765
4266 8393
-603 2522
4939 7358
-2033 2917
8676 -4940
2657 2615
-4744 2709
6001 1781
7992 -5773
-487 -7568
-5805 -2606
-6884 -5659
-1504 -860
-4620 -5042
-3834 939
-5760 -8233
-1341 -4759
2895 518
8535 8871
566 -2215
5977 4344
2810 -8733
-5927 -4977
1067 -3708
-4944 -4934
-3861 1938
-5319 -9909
-4725 -4774
-3051 -492
7564 -3175
-3663 6438
-2693 6682
-259 -3819
76 3039
-4685 9146
-8872 3274
-9614 -809
877 -17
5646 -6679
-2911 -9239
-2207 -6338
-1474 5111
7825 7657
9686 -3088
-2842 -2575
-8657 -4093
-1227 4223
6592 -3384
-4442 8936
7050 8137
3053 -5465
8931 -6742
-1222 1464
-6328 -9669
5323 -8150
-7205 -3670
-597 3521
1692 -5462
4053 -274
-7974 -4696
6153 5536
-2562 3306
6482 6823
-7770 9744
-5535 -7212
7740 -7071
4831 7959
-3941 -4325
-1665 4589
-4176 -7055
-6234 -8583
-272 8201
3400 -295
8465 1867
9105 -7502
792 371
1273 8047
-5620 -817
7779 -6676
-2831 -1702
5133 8587
-6119 -6404
9046 8896
-2587 -7477
6557 -6448
-230 7519
-3051 -608
2238 5638
-6391 -1154
9488 -2193
4033 8735
-2712 -3858
-9827 726
8517 -7234
-3705 9382
-2833 -1426
-3458 -1259
5024 5379
-596 -6613
706 -134
-8748 4907
-4239 2808
6160 9710
-2509 -8032
-5832 -868
3215 -7867
5203 7759
5634 713
-9181 -9094
4005 2343
-9027 7208
796 -9068
-2011 7224
8528 2582
-5071 -5960
-3537 7828
-9456 6763
-8138 -3365
-2004 2864
-4533 -5417
9529 319
-4086 -6321
4291 5458
-7240 6237
-8509 -2518
2813 -4734
-3930 5580
9441 -207
-921 -432
-434 -1429
9953 21
-1980 595
-7132 -1204
-6051 -4118
-5630 5914
-1045 4936
4453 3721
1664 -9657
8287 -5722
8412 -1066
-9221 -9092
4727 7948
1153 9837
-2703 -6359
9733 2872
1125 5776
-5878 -2939
1529 -3584
-3029 -7755
5712 -3508
2507 -7521
3558 -1459
4018 -7784
2356 9087
-507 3234
5143 -916
-2413 -6794
7339 5864
1102 -8119
-8625 5022
180 5796
4003 -4312
-7606 7451
5951 7606
-8087 9911
8652 3475
-5059 2744
-2309 -5025
-6390 -9753
7697 -4069
-4475 -2103
-1676 1031
-8869 -2045
6058 3554
-3891 -9822
-8503 -9455
968 -1440
6810 -1138
5042 -9955
-6940 536
-2932 6155
2081 -9103
9523 3454
2584 -2120
-1069 3818
-4798 -4036
9310 404
6135 -6821
942 -9701
-5896 4618
-8320 9753
-9704 -9119
2951 -7049
-4030 4914
7648 265
7446 -4355
2119 6903
3128 1894
9414 7917
-7724 -5043
5995 491
-9799 -6669
9086 9455
9570 -2001
6858 6947
2511 1721
-1365 2196
-6781 -9235
-2700 2315
5720 2524
-8893 -9914
-3493 7433
7064 9642
6731 8660
3088 -3998
-6380 -2028
1126 9399
5838 -8757
-1594 308
-7566 -7981
-965 -3834
123 -3413
-6899 5658
-1474 -1007
-4503 1562
-1894 -567
1631 8054
-9545 4460
2214 3423
5641 -7550
4333 -5855
6284 2752
-9038 1228
3065 -8025
-3864 4790
1348 5835
-2062 -2213
-6402 7
-3477 4855
-2711 8424
9337 7165
2991 2446
737 -729
2317 9353
8191 8859
-9578 3586
-7755 -4661
2742 9188
2456 8236
-9350 -3139
-3548 -8715
5742 4101
-5653 3207
7406 -8170
-4345 -8938
-6610 -4022
-9075 -2844
-1953 -2572
5261 5407
7929 -1204
-4070 -1875
9453 1450
-8761 -856
8287 1232
2869 4237
5173 6298
8845 4744
-2141 5535
9354 -4621
3830 972
2567 2120
3529 2641
-7319 -8866
8760 9311
7348 4691
5941 3541
6679 -5042
8919 -5513
-8962 -8320
1021 6900
-223 4608
-8975 -252
-1884 6676
-7244 2918
-5641 8825
2964 5406
-5363 2429
-2787 -6543
7339 -9740
8429 2084
-5545 -8086
-2186 8399
-8004 -5340
-7177 204
6679 5630
-8140 -1733
1069 6293
413 -4267
4380 -4845
8302 3094
-8917 9624
2718 -7828
-5441 2956
-3235 -2463
7941 -2746
-1837 -1198
9357 -1566
7827 -7756
-6243 4094
2981 5171
-1491 239
4533 -8524
-5055 7793
-6649 -8162
3064 4820
5176 6969
-8448 -4579
-1190 -2628
-9662 1225
-2682 8052
7845 -3598
6889 1583
-9866 -7834
3063 8015
4146 1683
-983 5020
-7809 1316
-4422 6730
9920 9175
-2329 4714
4908 6866
6874 9510
-1892 -4576
4775 6169
-4707 1327
6820 2234
720 -6451
-8662 -8396
-9817 -2408
-6577 2710
5659 -2584
-1630 4445
-1299 1232
-5649 8292
-5184 -7934
9015 -9933
-4035 9056
-299 -252
3406 -9600
-8045 -7212
8054 -6086
6030 1382
548 -3892
-3937 9109
-1786 -4248
-8379 -2610
-8894 -7157
-3707 -2795
-5678 -1082
3016 4490
-1226 -341
-9165 2673
-2402 -4287
-7224 778
-9591 -7318
9512 519
-7439 -3801
8519 -9147
1623 -6952
-6578 -6601
-1755 4254
-6818 7182
3612 1078
5850 6119
656 -128
-3450 7715
-8756 -3294
-5599 -3633
6487 7725
-1969 9754
-7600 6164
4412 1712
-1926 -8040
672 70
-1447 -5094
3589 2845
9613 -2737
-3559 1271
-3391 6795
-2085 3070
4614 -3849
2746 -5582
1989 9524
-1209 4046
-5381 2539
-9793 -2107
-7033 6301
1440 -2219
-842 -8463
1686 2515
6258 -6222
-5450 -5127
6961 5510
2550 2908
-6153 6233
1179 9002
-1581 6376
2206 5117
1085 5990
-9103 -2329
9298 -5834
6864 -9521
6016 113
3191 -798
-4307 -8170
3570 -4264
-32 3325
2104 5976
248 -3713
-4529 9404
9386 7190
2144 -6078
-391 -4271
8344 4388
-1080 -4454
5426 8265
-6863 -6819
8368 6854
-4238 6182
-9929 5515
-7126 -3695
-8855 1341
-4772 -1233
9861 -8293
-5254 -6551
1978 -7868
7597 9031
5122 -3099
-8969 -4044
7390 870
6195 9196
4892 5914
4066 6721
-2100 422
-3266 -5349
304 5319
1205 -5012
2047 5002
7896 -3111
9243 6685
-8961 -2586
-8341 -3467
3166 2680
-7760 6071
850 5367
-1617 7268
-6078 -496
-375 -236
-4679 -1518
1455 -1346
-6226 7228
9920 -3723
-3496 4469
6721 -3548
-5861 -3960
-512 4587
5022 5162
-3086 2104
1090 -9374
3439 -1374
2537 8831
-6822 345
-6571 599
7769 -1972
-4542 8728
7839 3079
2035 -2820
-7237 5118
-99 7899
8427 9489
-9558 -3872
7644 -1845
7904 -9765
-7045 2407
-3321 6919
-3532 824
-5120 -2220
-3561 930
-3648 8174
-4723 7977
8340 -5721
8669 9291
6984 9342
494 7629
-2160 -5008
3237 1970
-6402 -1373
8572 -806
6205 2739
-2192 5067
-4443 -2829
6893 7985
1979 -9789
5644 -6087
-5358 -521
-4083 -4053
-6857 8526
-1622 6946
4399 103
2581 8660
2076 2026
35 -4183
714 6570
4944 -1430
