14
8
20
10 20 30 40 50 50 50 50
50 50 50 50 50 50 40 50
2 3 7 8 300 320
8
2
10 20 20 30 10 20 10 10 
10 20 20 30 10 20 10 20 
6 8 2 4 10 39
10
10
30 20 20 10 10 20 10 10 20 20
40 20 10 20 10 20 20 10 10 20
1 1 10 10 100 500
8
10
10 20 30 40 50 50 50 50
50 50 50 50 50 50 40 50
2 3 7 8 300 320
8
2
10 20 20 30 10 20 10 10 
10 20 20 30 10 20 10 20 
1 1 8 8 60 180
8
2
10 20 20 30 10 20 10 10 
10 20 20 30 10 20 10 20 
8 8 1 1 60 180
10
10
30 20 20 10 10 20 10 10 20 20
40 20 10 20 10 20 20 10 10 20
1 1 10 10 100 500
10
2
30 20 20 10 20 20 10 10 20 10
40 20 10 20 20 20 20 10 10 10
10 10 1 1 0 200
10
10
50 50 50 50 50 50 50 50 50 50 
50 50 50 50 50 50 50 50 50 50 
1 1 10 10 1 200
10
10
40 20 20 10 10 20 10 10 20 20
40 20 10 20 10 20 20 10 10 20
1 1 10 10 499 500
10
10
40 20 20 10 10 20 10 10 20 20
40 20 10 20 10 20 20 10 10 20
10 10 1 1 499 500
8
20
10 20 30 40 50 50 50 50
50 50 50 50 50 50 40 50
2 3 3 3 1 320
8
20
10 20 30 40 50 50 50 50
50 50 50 50 50 50 40 50
2 3 2 4 1 320
10
10
50 50 50 50 50 50 50 50 50 50
50 50 50 50 50 50 50 50 50 50
10 10 1 1 1 1000
