-1 1
3 5
-1 1
1 1
-1 1
1000000000 1000000000
-1 1
1000000000 999999999
-1 9
1000000000 5 4 2 3 1
-3 3
4 3 2 1
-3 3
1 2 2 1
-3 5
1 2 2 1 1
-3 5
1 2 2 1 10
-5 5
1 3 1 1 3 2
-5 5
2 3 1 1 3 2
-5 5
2 3 1 1 3 4
-5 7
1 1 1 1 1 1 1
-11 9
100000000 99999 424242 7283942 1337 13371337
444444 394 1000000 666 123456789
-19 11
1 1 2 1 2 1 3 2 1 1 3 2 3 4 1 1
-19 11
1 1 2 1 2 1 3 2 1 1 3 2 3 1 4 1
-333 1665
1 1 1 1 1 1 1 1 1 1 1 1 1 1 1 1 1 1 1 1 1 1 1 1 1 1 1 1 1 1 1 1 1 1 1 1 1 1 
1 1
1 1 1 1 1 1 1 1 1 1 1 1 1 1 1 1 1 1 1 1 1 1 1 1 1 1 1 1 1 1 1 1 1 1 1 1 1 1 
1 1
1 1 1 1 1 1 1 1 1 1 1 1 1 1 1 1 1 1 1 1 1 1 1 1 1 1 1 1 1 1 1 1 1 1 1 1 1 1 
1 1
1 1 1 1 1 1 1 1 1 1 1 1 1 1 1 1 1 1 1 1 1 1 1 1 1 1 1 1 1 1 1 1 1 1 1 1 1 1 
1 1
1 1 1 1 1 1 1 1 1 1 1 1 1 1 1 1 1 1 1 1 1 1 1 1 1 1 1 1 1 1 1 1 1 1 1 1 1 1 
1 1
1 1 1 1 1 1 1 1 1 1 1 1 1 1 1 1 1 1 1 1 1 1 1 1 1 1 1 1 1 1 1 1 1 1 1 1 1 1 
1 1
1 1 1 1 1 1 1 1 1 1 1 1 1 1 1 1 1 1 1 1 1 1 1 1 1 1 1 1 1 1 1 1 1 1 1 1 1 1 
1 1
1 1 1 1 1 1 1 1 1 1 1 1 1 1 1 1 1 1 1 1 1 1 1 1 1 1 1 1 1 1 1 1 1 1 1 1 1 1 
1 1
1 1 1 1 1 1 1 1 1 1 1 1 1 1 1 1 1 1 1 1 1 1 1 1 1 1 1 1 1 1 1 1 1 1 1 1 1 1 
1 1
1 1 1 1 1 1 1 1 1 1 1 1 1 1 1 1 1 1 1 1 1 1 1 1 1 1 1 1 1 1 1 1 1 1 1 1 1 1 
1 1
1 1 1 1 1 1 1 1 1 1 1 1 1 1 1 1 1 1 1 1 1 1 1 1 1 1 1 1 1 1 1 1 1 1 1 1 1 1 
1 1
1 1 1 1 1 1 1 1 1 1 1 1 1 1 1 1 1 1 1 1 1 1 1 1 1 1 1 1 1 1 1 1 1 1 1 1 1 1 
1 1
1 1 1 1 1 1 1 1 1 1 1 1 1 1 1 1 1 1 1 1 1 1 1 1 1 1 1 1 1 1 1 1 1 1 1 1 1 1 
1 1
1 1 1 1 1 1 1 1 1 1 1 1 1 1 1 1 1 1 1 1 1 1 1 1 1 1 1 1 1 1 1 1 1 1 1 1 1 1 
1 1
1 1 1 1 1 1 1 1 1 1 1 1 1 1 1 1 1 1 1 1 1 1 1 1 1 1 1 1 1 1 1 1 1 1 1 1 1 1 
1 1
1 1 1 1 1 1 1 1 1 1 1 1 1 1 1 1 1 1 1 1 1 1 1 1 1 1 1 1 1 1 1 1 1 1 1 1 1 1 
1 1
1 1 1 1 1 1 1 1 1 1 1 1 1 1 1 1 1 1 1 1 1 1 1 1 1 1 1 1 1 1 1 1 1 1 1 1 1 1 
1 1
1 1 1 1 1 1 1 1 1 1 1 1 1 1 1 1 1 1 1 1 1 1 1 1 1 1 1 1 1 1 1 1 1 1 1 1 1 1 
1 1
1 1 1 1 1 1 1 1 1 1 1 1 1 1 1 1 1 1 1 1 1 1 1 1 1 1 1 1 1 1 1 1 1 1 1 1 1 1 
1 1
1 1 1 1 1 1 1 1 1 1 1 1 1 1 1 1 1 1 1 1 1 1 1 1 1 1 1 1 1 1 1 1 1 1 1 1 1 1 
1 1
1 1 1 1 1 1 1 1 1 1 1 1 1 1 1 1 1 1 1 1 1 1 1 1 1 1 1 1 1 1 1 1 1 1 1 1 1 1 
1 1
1 1 1 1 1 1 1 1 1 1 1 1 1 1 1 1 1 1 1 1 1 1 1 1 1 1 1 1 1 1 1 1 1 1 1 1 1 1 
1 1
1 1 1 1 1 1 1 1 1 1 1 1 1 1 1 1 1 1 1 1 1 1 1 1 1 1 1 1 1 1 1 1 1 1 1 1 1 1 
1 1
1 1 1 1 1 1 1 1 1 1 1 1 1 1 1 1 1 1 1 1 1 1 1 1 1 1 1 1 1 1 1 1 1 1 1 1 1 1 
1 1
1 1 1 1 1 1 1 1 1 1 1 1 1 1 1 1 1 1 1 1 1 1 1 1 1 1 1 1 1 1 1 1 1 1 1 1 1 1 
1 1
-333 1665
1 1 1 1 1 1 1 1 1 1 1 1 1 1 1 1 1 1 1 1 1 1 1 1 1 1 1 1 1 1 1 1 1 1 1 1 1 1 
1 1
1 1 1 1 1 1 1 1 1 1 1 1 1 1 1 1 1 1 1 1 1 1 1 1 1 1 1 1 1 1 1 1 1 1 1 1 1 1 
1 1
1 1 1 1 1 1 1 1 1 1 1 1 1 1 1 1 1 1 1 1 1 1 1 1 1 1 1 1 1 1 1 1 1 1 1 1 1 1 
1 1
1 1 1 1 1 1 1 1 1 1 1 1 1 1 1 1 1 1 1 1 1 1 1 1 1 1 1 1 1 1 1 1 1 1 1 1 1 1 
1 1
1 1 1 1 1 1 1 1 1 1 1 1 1 1 1 1 1 1 1 1 1 1 1 1 1 1 1 1 1 1 1 1 1 1 1 1 1 1 
1 1
2 1 1 1 1 1 1 1 1 1 1 1 1 1 1 1 1 1 1 1 1 1 1 1 1 1 1 1 1 1 1 1 1 1 1 1 1 1 
1 1
1 1 1 1 1 1 1 1 1 1 1 1 1 1 1 1 1 1 1 1 1 1 1 1 1 1 1 1 1 1 1 1 1 1 1 1 1 1 
1 1
1 1 1 1 1 1 1 1 1 1 1 1 1 1 1 1 1 1 1 1 1 1 1 1 1 1 1 1 1 1 1 1 1 1 1 1 1 1 
1 1
1 1 1 1 1 1 1 1 1 1 1 1 1 1 1 1 1 1 1 1 1 1 1 1 1 1 1 1 1 1 1 1 1 1 1 1 1 1 
1 1
1 1 1 1 1 1 1 1 1 1 1 1 1 1 1 1 1 1 1 1 1 1 1 1 1 1 1 1 1 1 1 1 1 1 1 1 1 1 
1 1
1 1 1 1 1 1 1 1 1 1 1 1 1 1 1 1 1 1 1 1 1 1 1 1 1 1 1 1 1 1 1 1 1 1 1 1 1 1 
1 1
1 1 1 1 1 1 1 1 1 1 1 1 1 1 1 1 1 1 1 1 1 1 1 1 1 1 1 1 1 1 1 1 1 1 1 1 1 1 
1 1
1 1 1 1 1 1 1 1 1 1 1 1 1 1 1 1 1 1 1 1 1 1 1 1 1 1 1 1 1 1 1 1 1 1 1 1 1 1 
1 1
1 1 1 1 1 1 1 1 1 1 1 1 1 1 1 1 1 1 1 1 1 1 1 1 1 1 1 1 1 1 1 1 1 1 1 1 1 1 
1 1
1 1 1 1 1 1 1 1 1 1 1 1 1 1 1 1 1 1 1 1 1 1 1 1 1 1 1 1 1 1 1 1 1 1 1 1 1 1 
1 1
1 1 1 1 1 1 1 1 1 1 1 1 1 1 1 1 1 1 1 1 1 1 1 1 1 1 1 1 1 1 1 1 1 1 1 1 1 1 
1 1
1 1 1 1 1 1 1 1 1 1 1 1 1 1 1 1 1 1 1 1 1 1 1 1 1 1 1 1 1 1 1 1 1 1 1 1 1 1 
1 1
1 1 1 1 1 1 1 1 1 1 1 1 1 1 1 1 1 1 1 1 1 1 1 1 1 1 1 1 1 1 1 1 1 1 1 1 1 1 
1 1
1 1 1 1 1 1 1 1 1 1 1 1 1 1 1 1 1 1 1 1 1 1 1 1 1 1 1 1 1 1 1 1 1 1 1 1 1 1 
1 1
1 1 1 1 1 1 1 1 1 1 1 1 1 1 1 1 1 1 1 1 1 1 1 1 1 1 1 1 1 1 1 1 1 1 1 1 1 1 
1 1
1 1 1 1 1 1 1 1 1 1 1 1 1 1 1 1 1 1 1 1 1 1 1 1 1 1 1 1 1 1 1 1 1 1 1 1 1 1 
1 1
1 1 1 1 1 1 1 1 1 1 1 1 1 1 1 1 1 1 1 1 1 1 1 1 1 1 1 1 1 1 1 1 1 1 1 1 1 1 
1 1
1 1 1 1 1 1 1 1 1 1 1 1 1 1 1 1 1 1 1 1 1 1 1 1 1 1 1 1 1 1 1 1 1 1 1 1 1 1 
1 1
1 1 1 1 1 1 1 1 1 1 1 1 1 1 1 1 1 1 1 1 1 1 1 1 1 1 1 1 1 1 1 1 1 1 1 1 1 1 
1 1
1 1 1 1 1 1 1 1 1 1 1 1 1 1 1 1 1 1 1 1 1 1 1 1 1 1 1 1 1 1 1 1 1 1 1 1 1 1 
1 1
-83 87
6335 26501 19170 15725 11479 29359 26963 24465 5706 28146
23282 16828 9962 492 2996 11943 4828 5437 32392 14605
3903 154 293 12383 17422 18717 19719 19896 5448 21727
14772 11539 1870 19913 25668 26300 17036 9895 28704 23812
31323 30334 17674 4665 15142 7712 28254 6869 25548 27645
32663 32758 20038 12860 8724 9742 27530 779 12317 3036
22191 1843 289 30107 9041 8943 19265 22649 27447 23806
15891 6730 24371 15351 15007 31102 24394 3549 19630 12624
24085 19955 18757 11841 4967 7377
-91 71
16945 32440 24627 11324 5538 21539 16119 2083 22930 16542
4834 31116 4640 29659 22705 9931 13978 2307 31674 22387
5022 28746 26925 19073 6271 5830 26778 15574 5098 16513
23987 13291 9162 18637 22356 24768 23656 15575 4032 12053
27351 1151 16942 21725 13967 3431 31108 30192 18008 11338
15458 12288 27754 10384 14946 8910 32210 9759 24222 18589
6423 24947 27507 13031 16414 29169 901 32592 18763 1656
17411 6360 27625 20538 21549 6484 27596 4042 3603 24351
10292 30837
-93 45
4597 24022 27349 23200 19669 24485 8282 4735 54 2000
26419 27939 6901 3789 18128 468 3729 14894 24649 22484
17808 2422 14311 6618 22814 9515 14310 7617 18936 17452
20601 5250 16520 31557 22799 30304 6225 11009 5845 32610
14990 32703 3196 20486 3094 14344 30524 1588 29315 9504
7449 25201 13459 6619 20581 19797 14799 15282 19590 20799
28010 27158 20473 23623 18539 12293 6039 24180 18191 29658
-17 69
19816 22889 19157 11512 16203 2635 24273 20056 20329 22647
26363 4887 18876 28434 29870 20143 23845 1417 21882 31999
10323 18652 10022 5700 3558 28477 27893 24390 5076 10713
2601 2511 21004 26870 17862 14689 13402 9790 15256 16424
5003 10586 24183 10286
-11 61
28618 23758 9833 30933 4170 2155 25722 17190 19977 31330
2369 28693 21426 10556 3435 16550 7442 9513 30146 18061
21719 3754 16140 12424 16280 25997 16688 12530 22550 17438
19867 12950 194 23196 3298 20417 28287
-93 3
16283 12456 25735 18115 11702 31317 20672 5787 12264 4314
24356 31186 20054 913 10809 1833 20946 4314 27757 28322
19559 23647 27983 482 4145 23197 20223 7130 2162 5536
20451 11174 10467 12045 21660 26293 26440 17254 20025 26155
29511 4746 20650 13187 8314 4475 28023 2169 14019
-51 71
17959 7392 10203 3626 26478 4415 9315 25825 29335 25875
24373 20160 11834 28071 7488 28298 7519 8178 17774 32271
1764 2669 17193 13986 3103 8481 29214 7628 4803 4100
30528 2626 1544 1925 11024 29973 13062 14182 31004 27433
17506 27594 22726 13032 8493 143 17223 31287 13065 7901
19188 8361 22414 30975 14271 29171 236 30834 19712 25761
18897 4668
-49 3
141 13695 2696 21625 28020 2126 26577 21695 22659 26303
17372 22467 4679 22594 23852 25485 1019 28465 21120 23153
2801 18088 31061 1927 9011 4758 32171
-33 71
30228 12044 22759 7165 5110 7883 17087 29566 3488 29578
14475 2626 25628 5630 31929 25424 28521 6903 14963 124
24597 3738 13262 10196 32526 1265 8261 6203 8117 5031
20327 29012 30772 6412 25548 21154 21521 29791 14925 30189
21764 4941 20852 18663 13830 30901 17714 18959 17579 8366
13008 11478 1201
-71 1
2304 12761 19358 2325 6478 5109 21114 14888 19802 22851
14461 22429 12994 27385 19406 6541 31112 28705 12836 32357
6073 29351 18824 14486 20557 23217 1627 9358 8527 13358
29338 23272 23870 29362 12897 13023 29618
-85 55
18697 11586 24042 24424 24130 24230 4566 6560 8933 22297
29856 12054 16963 3585 29735 6655 16973 21458 14370 22533
2964 2608 2484 912 11636 10068 22849 4676 12939 2224
22143 23755 6512 22742 20176 21460 17826 3222 17871 1627
31935 15206 31784 23851 17399 22280 22702 12194 12735 1638
26535 5557 1994 10177 25706 6963 10549 15882 301 14414
16642 19856 24856 13143 11463 27612 30878 20425 32679 1753
18444
-95 61
10041 9314 876 20073 12819 611 1018 14933 28113 30696
13170 23832 20041 26489 28686 19091 19498 2590 25991 15146
19354 19315 18652 26741 22045 11259 336 8760 11193 7606
25265 12182 28504 3830 23776 20609 29293 5998 17550 29557
25562 31628 6468 29542 26130 31241 27814 29175 20602 6078
20216 8684 8214 23993 25825 5602 23393 15760 2671 26429
28028 4085 10076 18787 15499 24971 6288 23848 32605 504
21222 22664 5707 2364 9011 22172 27490 18241 12165
-99 11
20914 7592 6705 31819 9233 751 25206 4976 1540 304
11423 21099 11248 13585 13649 2972 17865 22914 11076 21546
28713 17547 18679 1770 15263 8520 13986 28290 15945 2866
18541 23246 25509 28319 27871 9602 28324 21133 24473 27153
25088 28571 29764 29902 17104 14424 3528 11601 26970 14016
5566 29 21544 25348 2089 2944
-47 75
26464 5050 4682 1589 11343 609 32061 21222 1759 29955
20889 14147 691 7950 12844 21431 25621 749 27068 4537
20784 18036 32227 15186 7039 9854 25630 11225 15749 19924
3360 32258 24767 4945 14956 23319 32727 25412 21026 20356
31002 22550 9497 18585 9516 17965 23343 8076 17914 16143
31197 21949 25073 20427 14607 26174 24430 32405 6706 20627
29813 19376
-85 43
16037 14737 29142 30815 5995 8257 6653 23937 30839 20483
1356 21016 1132 18231 17842 14626 2012 32638 4187 19691
1651 5663 21635 10894 10354 21417 13453 14009 7263 22234
5455 16304 16635 26304 14257 149 11125 12318 4214 27110
24029 29201 21081 21319 16859 24051 24156 31362 15265 11904
3677 29644 26910 14903 3562 28490 24949 1283 13654 30675
2221 5403 6924 3832 19370
-19 5
19009 22620 23972 30004 21946 9782 26505 12393 32686 25314
6699 5590 12723
-5 5
6411 31462 6235 12509 9962 3960
-55 23
25270 24938 28870 59 14701 13972 26265 15118 16216 24556
7816 18331 3040 30213 29289 28083 1955 16086 20711 24485
24775 8381 29816 25952 6542 18116 1680 17111 25899 23074
789 23978 18133 29957 28690 26114 10009 12942 15791 1724
-9 57
25185 24779 7201 5072 1886 21975 1072 11334 22868 26154
14296 32169 20826 9677 15630 28651 2599 3310 4694 4687
30081 10117 12250 26668 1529 26680 7865 29422 8406 8827
6817 7517 27727 28667
-87 91
19965 1341 5687 6022 11663 14722 6065 29310 20416 17903
29874 17125 23942 32746 31763 28424 27532 4807 12269 9319
5603 31908 24308 23482 1013 21137 26631 24115 26810 4085
23557 12291 21294 29997 29153 1055 25346 14709 249 7492
13713 5132 30115 16440 7959 24723 29705 6996 1053 25270
7480 18239 26424 27919 10867 17660 32499 28487 21197 7463
26634 12159 12023 1147 18393 13038 3926 10648 29459 6603
30808 4099 27831 29293 14601 7279 20800 18353 20449 13883
541 28316 4576 8763 9568 22337 18398 31419 19898 25829
-83 41
335 1 170 225 479 359 463 465 206 146
282 328 462 492 496 443 328 437 392 105
403 154 293 383 422 217 219 396 448 227
272 39 370 413 168 300 36 395 204 312
323 334 174 165 142 212 254 369 48 145
163 258 38 360 224 242 30 279 317 36
191 343 289
-185 107
443 265 149 447 306 391 230 371 351 7
102 394 49 130 124 85 455 257 341 467
377 432 309 445 440 127 324 38 39 119
83 430 42 334 116 140 159 205 431 478
307 174 387 22 246 425 73 271 330 278
74 98 13 487 291 162 137 356 268 156
75 32 53 351 151 442 225 467 431 108
192 8 338 458 288 254 384 446 410 210
259 222 89 423 447 7 31 414 169 401
92 263 156 411 360 125 38 49 484 96
42 103 351 292 337 375 21 97 22 349
200 169 485 282 235 54 500 419 439 401
289 128 468 229 394 149 484 308 422 311
118 314 15 310 117 436 452 101 250 20
57 299 304 225 9 345 110
-663 131
196 486 94 344 24 88 315 4 449 201
459 119 81 297 299 282 90 299 10 158
473 123 39 293 39 180 191 158 459 192
316 389 157 12 203 135 273 56 329 147
363 387 376 434 370 143 345 417 382 499
323 152 22 200 58 477 393 390 76 213
101 11 4 370 362 189 402 290 256 424
3 86 183 286 89 427 118 258 333 433
170 155 222 190 477 330 369 193 426 56
435 50 442 13 146 61 219 254 140 424
280 497 188 30 50 438 367 450 194 196
298 417 287 106 489 283 456 235 115 202
317 172 287 264 314 356 186 54 413 309
333 446 314 257 322 59 147 483 482 145
197 223 130 162 36 451 174 467 45 160
293 440 254 25 155 11 246 150 187 314
475 23 169 19 288 406 459 392 203 126
478 415 315 325 335 375 373 160 334 71
488 298 19 178 274 271 264 169 193 486
103 481 214 128 303 100 28 126 44 425
24 473 62 182 4 433 6 94 226 32
493 143 223 287 65 401 188 361 414 475
271 171 236 334 212 261 397 168 286 51
141 195 196 125 20 126 77 195 159 303
372 467 179 94 352 485 19 465 120 153
301 88 61 427 11 258 171 316 77 228
44 259 165 110 383 87 66 488 78 475
126 128 130 429 424 21 403 463 124 97
238 262 196 26 265 261 203 117 31 327
12 272 412 48 154 21 291 425 189 264
441 352 163 330 401 214 459 79 366 8
478 201 59 440 304 261 358 325 478 109
114 388 302 351 461 429 494 385 406 41
112 205 336 357 73 351 324 486 57 217
127 358 27 358 338 272 370 362 397 23
118 113 218 197 86 42 424 130 230 66
60 433 297 356 54 463 85 235 155 473
458 370 33 464 108 484 412 136 68 349
176 439 224 143 255 12 242 176 460 326
222 371 127 435 206 284 351 399
-585 941
194 235 138 35 57 494 177 206 463 49
382 301 414 142 356 356 143 463 112 378
425 179 253 444 297 174 41 314 376 73
319 111 18 433 113 196 170 332 41 489
186 91 498 90 491 146 354 315 152 241
45 259 336 260 193 106 265 182 4 330
276 109 293 498 50 57 62 128 468 42
130 241 314 175 102 78 216 184 214 493
325 102 393 260 171 429 28 85 76 287
499 471 288 348 105 4 222 164 207 364
11 172 490 241 165 43 120 414 92 205
319 233 251 206 476 40 304 423 99 248
85 149 472 365 414 76 46 213 47 179
270 263 20 486 290 445 366 41 246 9
319 371 102 324 133 473 153 88 71 264
402 104 424 28 101 470 16 66 29 44
348 89 444 138 410 464 50 182 89 343
109 61 222 259 455 389 147 191 450 344
431 121 249 68 37 284 36 227 186 39
354 130 225 249 424 360 258 267 445 456
319 227 412 26 356 2 50 497 85 16
465 343 76 414 143 197 449 73 427 107
174 430 405 206 127 313 376 94 66 37
237 142 315 495 257 153 437 339 483 356
16 132 231 342 126 12 138 187 191 151
163 135 394 354 417 453 9 263 234 455
304 135 304 257 149 125 318 214 110 29
201 81 319 359 51 156 362 265 404 177
144 410 403 62 490 449 283 154 175 221
403 424 332 370 379 260 9 120 472 4
446 282 5 393 186 314 199 90 223 439
38 411 462 235 9 462 460 494 16 270
438 370 59 201 472 265 118 216 56 316
331 40 213 289 83 455 86 211 485 275
381 316 452 42 116 180 111 399 74 289
478 133 457 190 114 9 442 291 224 364
29 185 279 201 72 386 475 72 334 368
154 296 169 326 177 130 151 99 310 194
187 81 117 250 168 29 180 365 422 406
327 317 17 227 167 88 182 465 341 187
22 163 222 65 310 416 403 374 125 442
246 263 424 32 307 269 319 103 408 308
482 13 137 131 115 310 85 57 291 294
497 153 55 346 209 249 492 213 132 115
440 459 223 205 496 53 270 480 239 424
419 367 160 499 487 197 463 134 159 23
147 393 38 426 148 459 103 308 99 331
293 101 279 300 353 449 383 41 316 76
263 68 337 398 419 398 329 352 317 231
450 426 159 230 21 441 61 148 163 156
176 293 362 255 399 147 215 447 189 70
139 164 76 16 22 476 116 29 235 71
406 465 58 463 162 25 50 470 331 424
351 334 426 411 238 337 338 279 394 137
215 165 92 450 136 6 338 5 338 124
165 471 109 69 282 86 153 374 153 195
377 327 397 73 250 141 175 320 444 112
442 290 420 66 306 86 217 451 116 110
65 167 394 75 10 301 196 74 90 162
173 469 359 32 269 427 11 423 275 280
411 53 183 392 496 265 375 365 403 256
461 475 473 322 123 48 78 290 106 196
95 451 344 255 482 13 173 440 429 413
263 468 409 416 409 224 260 435 205 487
320 459 446 307 167 201 368 193 288 33
57 475 448 22 284 223 332 377 84 449
224 483 19 277 221 112 183 357 491 426
325 487 178 470 144 35 178 169 69 492
197 284 329 228 427 372 198 113 204 28
409 46 9 186 239 238 444 314 2 351
129 112 151 150 193 455 370 182 466 268
214 294 135 473 473 331 402 443 178 378
271 203 365 382 91 324 238 24 180 96
170 328 43 311 183 59 427 488 171 29
152 259 214 361 284 287 243 111 473 129
435 342 219 4 368 366 439 382 258 251
115 99 459 162
-475 239
308 279 490 436 366 76 87 387 334 361
331 49 429 493 434 341 267 236 311 100
338 393 483 329 353 370 245 295 109 253
148 433 36 209 265 498 244 150 16 342
190 101 313 149 24 352 475 134 392 201
355 491 198 420 281 79 432 45 341 488
400 26 484 39 493 194 253 12 61 335
341 498 286 30 41 306 292 393 211 50
79 480 472 278 74 194 121 498 327 277
291 83 79 160 419 490 160 450 425 73
381 9 468 209 478 4 371 108 197 75
223 112 20 262 57 391 164 184 217 433
453 242 455 314 363 397 461 116 405 100
137 181 199 33 388 85 241 18 7 171
242 383 250 24 259 106 122 96 297 417
179 179 80 59 78 251 8 230 82 496
179 177 254 400 285 66 94 109 173 244
430 15 169 56 192 474 423 249 152 487
145 447 78 18 130 417 375 292 470 413
147 194 92 316 450 358 141 53 237 52
488 227 163 456 184 395 181 98 66 66
14 262 79 79 379 141 112 448 446 171
476 490 251 150 334 366 215 283 8 433
397 368 23 383 311 142 232 188 206 480
322 39 352 448 209 147 277 260 190 423
167 487 456 29 115 361 254 278 349 4
362 432 83 456 198 107 253 322 297 282
22 456 448 125 319 136 377 275 360 499
75 254 423 136 144 389 154 233 248 181
427 179 451 302 462 200 356 364 217 74
62 246 474 275 51 354 182 288 200 111
144 466 173 30 482 113 477 382 248 391
172 306 373 33 490 321 166 432 159 294
207 79 449 207 172 167 397 198 21 195
30 289 110 485 470 479 118 16 127 185
169 407 429 98 119 391 200 286
-83 305
43114 19585 154579 74348 264164 297716 87764 43324 122782 234190
296814 13229 41839 237553 65481 218368 291790 182570 136018 207866
279575 173991 277368 116927 167333 21283 90190 16125 103860 155129
47733 265125 83764 110644 132063 55103 39023 201685 90781 117643
263337 228414 5671 261289 293227 261095 79286 236254 124831 282296
95069 5778 110312 276106 236006 164499 224478 30145 107625 269168
214773 110394 66160 250540 232429 289860 172694 147734 14120 198184
274313 159507 293545 230642 200344 272932 226743 213180 131232 239167
249512 105940 139793 52345 29276 35089 229686 138444 41741 177165
105948 191691 20410 59906 285593 4707 183149 128476 3344 7286
222386 59921 138517 103702 69789 244635 255303 7502 234529 108929
292032 68976 207917 39780 82910 50122 251545 278855 22610 99005
14010 36327 234291 163055 48663 162108 152020 21936 227985 34627
141489 98163 91910 73010 124092 20651 28468 221948 266961 273880
298242 171904 112203 152067 220334 217118 27916 274430 234174 225893
99039 95547 92790 233438 168792 155352 266067 216948 137096 234277
279627 273934 68321 153250 57313 211040 15657 116929 108171 275759
50787 250721 246730 234815 46034 37001 192107 168047 95927 17990
161542 293473 187394 252123 8338 116588 44774 189948 71532 265769
42273 58512 94402 70144 100013
-505 359
138853 223575 235315 166081 200790 275721 188170 64346 170854 282038
266996 169057 299154 27528 4929 139178 5093 261251 239402 100259
174047 188403 41124 128998 231084 168079 116003 39239 102162 169185
67612 5987 22119 228253 157825 232885 211177 83154 233165 13390
67701 298579 277524 185389 126957 22281 27644 207299 97866 1333
23379 24513 179304 234079 203202 174161 223693 176633 119973 128
159161 37742 211012 79862 29495 133690 263716 279769 267560 256912
63287 7161 62000 100441 71608 227255 236163 122342 198752 75912
221420 204833 108636 62446 167248 123826 194684 4177 236075 23709
134362 47354 119200 11554 298335 59121 17423 119471 169129 92731
62979 146358 290208 62900 104772 60794 222408 291489 249979 75575
230568 65882 208367 266161 105978 188085 261406 292720 278927 236912
296921 86434 191486 164767 142498 151807 13963 176195 143159 128755
78297 44619 45310 65528 43558 107168 211935 232529 160542 42960
167929 40225 51220 244934 298192 118900 45194 294977 11797 214134
119689 247392 297718 17406 88736 147361 36284 129783 189391 22338
274787 132366 77051 293327 233858 157448 155023 291785 151701 158744
136737 175352 239977 98391 202461 213626 281302 261788 149931 283133
52286 15264 254459 209959 24308 182335 168125 137305 39295 243489
2819 90569 266953 128193 219316 299710 280129 82587 76941 154565
23388 283797 133186 11087 22263 3323 60225 242069 278512 63290
90043 14263 222929 19670 87696 13084 246261 254643 142172 26488
250508 269321 229282 107049 77070 265729 145787 80422 283787 263975
135355 52719 132412 292155 30668 67657 12965 202855 202946 260863
281004 109824 34512 145388 258326 256436 140351 47824 54296 186663
227444 50687 232055 186742 91953 252663 174115 54969 214030 65577
239679 6051 26427 23498 211191 194794 148813 101846 12094 189383
158025 43440 252215 98499 164668 73999 169166 180286 237103 206314
176757 89125 136447 95593 29913 169945 71501 255319 170995 207151
184904 104767 86959 252853 119101 85153 116851 168018 229126 285030
219295 164364 231369 221122 268943 224667 119417 54675 171982 268365
114416 271934 110824 58587 142714 202240 178139 210656 122181 266048
164931 47526 289999 156698 140945 222868 281377 296647 45269 50587
215733 237608 70211 154109 165455 92910 162059 213360 101134 7681
269679 63723 137416 237835 157154 274194 188369 77851 20447 291649
157943 72208 251369 122121 213766 134029 251076 150683 176452 157558
216477 164179 94750 104157 56519 61440 299560 26043 69002 238790
44459 159517 245837 272638 77592 27836 179422 50982 16351 19633
72154 173064 103753 202489 137657 224546 296538 182194 18071 41617
23563 254458 76325 226689 272703 132488 55667 21628 42398 265487
10834 247584 163611 159642 19032 135011 238552 98303 254262 240344
291440 24296 217034 155860 291558 185425 12690 275967 9696 181575
146001 231411 14710 109229 104186 135385 12413 292227 140448 137652
46522 235094 259381
-253 771
275848 227175 233209 196387 8606 45681 259640 37921 228950 159106
140292 136504 127516 220136 62007 237918 277314 220507 46388 219932
174554 5391 216831 171170 107294 117399 105892 211241 195970 62747
300035 75334 268179 40116 283119 78956 95103 78961 23947 179580
236065 267352 103156 292806 36223 145713 287021 151853 274633 64135
193567 55959 203901 228642 130373 161255 161458 221177 78103 270930
153182 225343 26136 7442 41807 196733 35316 112230 31484 128546
69046 213557 188466 94013 198038 100037 284277 6875 232688 124792
40971 207931 219677 113581 112557 214081 22291 78800 256072 17631
137045 148747 168235 256644 85215 17232 270263 228526 121261 67263
78636 33267 273318 2753 144057 274212 219631 204810 248199 171259
262972 3594 66925 147474 292495 136975 53814 220359 258247 211683
119157 129987 34246 203128 121355 276072 80533 184736 246869 47258
47668 95100 183551 245598 624 168202 143914 80748 58453 76276
39869 37072 38 62525 47214 41950 66238 200998 167057 242129
137644 89033 259964 296891 197989 264603 70845 3971 67618 216879
250765 179841 73039 95187 100958 158033 48666 1486 213048 115458
272998 290093 282517 255695 279894 7228 255046 99494 204162 213904
200258 291108 260408 138662 119372 22751 102302 131594 191211 192180
166569 183553 137198 76420 63975 234589 268509 127430 68094 135485
48927 68186 32491 111210 156532 130957 5077 193500 146983 96476
263947 200066 223026 259860 247625 190784 126409 66363 200529 219397
293972 170971 253742 229446 97736 107130 163357 71095 266729 115417
295401 232278 114768 36479 10813 256831 249525 157209 205188 137997
252993 133658 213161 237862 66202 182454 143143 275927 246992 59040
156845 97000 44497 43582 298147 102662 199072 39725 177871 104453
94774 255259 282902 89754 190808 231650 143894 176353 184494 167150
214289 25107 123813 20290 23158 30730 291745 128330 229730 129144
288479 224152 33031 255650 287133 128521 166496 230789 275319 217654
77289 278177 71449 252705 244539 80245 103581 176426 272509 199141
33186 83091 115184 236200 144744 160604 253136 280716 270134 76170
41262 2829 138908 117768 224053 40673 282914 228019 178277 192115
145499 58106 8080 100092 179888 141731 10064 229008 18019 7200
28277 140832 162869 200902 131855 230539 87068 290883 71370 63966
158794 241942 282112 76930 284580 300163 39006 76132 259436 171154
148382 298048 6932 85907 267936 164608 212148 105278 208906 38061
237138 207803 172866 206161 221762 55436 166745 229121 281956 234702
125867 18967 207831 56726 271339 146753 108643 233501 50815 231177
47839 219854 136095 38495 134335 232911 183022 240792 152611 54040
142473 280922 264745 267997 110294 234187 252787 278067 72717 275185
187871 297989 272941 204058 158277 176705 210270 37284 31857 24060
292724 205983 298478 4031 230684 139187 32753 60826 61121 199044
295056 60658 209821 64086 140173 160349 213526 156774 272459 204644
111261 9402 36382 54896 73294 174297 227008 72242 194686 124187
67009 247368 45311 18184 197650 223646 2390 49080 187621 96998
137984 157409 33798 49836 38013 277729 269873 144110 246285 283082
103491 142912 217686 257319 246677 211566 235553 109067 286328 107895
12342 204255 266525 173571 22568 210452 201142 111939 151240 211163
261827 8057 114886 37471 186771 63549 90657 202448 189196 177208
121158 32866 236997 61091 176887 48246 280030 18304 207474 117787
8015 78574 244294 147630 119431 220582 260206 269858 152681 159007
133737 204939 148372
-293 923
144892 6037 178547 128428 288652 164978 286747 177716 8171 281729
270158 36165 163300 270422 114344 109949 168725 47404 244884 287010
136348 48887 122211 3641 47446 40571 279899 105717 224242 35095
293375 79000 226051 18596 265559 161409 290095 3444 222357 168734
245469 114757 168761 248395 264115 254707 136697 61933 103559 82647
272025 279921 101741 187400 259211 119967 75732 275046 225329 17575
254114 41568 90764 289030 242162 286103 181364 84766 189549 1731
231813 86468 280145 70623 149764 228156 242252 24693 97953 218962
204503 200634 85739 147559 261092 20400 179625 13540 238915 221434
2295 70465 189989 254389 208405 181002 55401 157688 28786 167158
57431 92708 123603 157508 277047 55447 213951 261245 62116 81916
159180 255240 241152 219575 122369 139129 254913 189481 105376 271153
92213 234834 186402 99450 209929 265259 13518 187381 169377 172841
238542 14868 17046 94063 214708 158109 167111 151962 80967 157387
135965 293372 47394 143754 252485 107994 297076 280144 289786 264682
55536 10937 70125 80051 158116 284112 178039 152891 54955 216523
115013 35557 225369 90952 112675 69792 192975 77861 115905 29863
62807 179786 24445 110418 80091 152823 128582 289076 121430 123453
56887 179301 68233 189024 270579 118510 84839 295235 77199 205599
233387 123645 70350 177334 195034 47786 22936 29306 231770 258313
6084 99115 6855 91359 35658 65843 140919 140018 260054 34403
83252 111058 32274 160571 15550 243278 15624 38685 124708 103902
80359 170621 134132 233827 164832 10672 59102 120839 166099 72422
4572 216546 184091 21635 166818 45195 53297 2108 188464 49806
128866 21186 44652 35059 219482 294056 127743 88131 68055 19838
38878 281493 138314 177611 188195 10557 6452 3384 213275 280372
225969 40420 152959 140517 184940 288736 112970 32322 28005 72939
117376 104986 172526 249528 262073 157001 180019 46900 45770 139796
218684 241580 4279 189518 225481 286254 120000 167997 254097 223811
106992 202369 167058 216312 245329 82063 148160 5617 273510 93843
294411 93535 104207 208451 68559 208407 76379 263699 251182 35117
211210 197045 119137 109637 21751 2467 77926 35375 146534 273597
90137 196618 230405 269193 250593 206254 143074 21925 74466 184418
202943 262350 71074 195678 18018 29080 161282 145989 151614 126448
103340 8144 77576 142933 37136 4496 104338 113982 17049 221530
91794 174610 5471 236158 13524 42457 31126 232677 209689 232204
213009 267418 336 27249 213686 107508 264730 119423 268373 115851
293193 5822 223541 95514 109250 65083 123164 68142 10374 72505
201405 137467 180496 44330 64205 194448 213931 126619 267696 271273
209903 298390 147637 63575 280970 49106 189203 196076 45771 127541
191880 146637 191437 23040 224113 239860 221733 48920 265085 230133
124947 135075 35651 277618 281596 274994 162809 140965 167626 10667
170683 62420 243303 55863 28210 42077 48969 23282 146570 19845
74757 266718 289809 144844 184130 71275 173081 205940 59042 127719
140680 148532 145369 177723 153789 185745 2873 175601 244547 251130
76947 115715 279210 111426 85384 161203 181141 32997 197125 100789
57736 139825 72502 40788 290356 259378 298907 142122 218461 244680
139315 159785 264333 506 281324 111774 225557 24438 172999 77757
213821 68054 246588 10050 79497 247310 267740 262430 172459 151117
59401 289726 81282 167930 14819 160321 290794 247351 182418 5622
99063 243121 219028 1905 78326 62966 247857 80976 51188 71479
86296 284296 243725 237231 99188 176812 191870 76168 276255 288626
59996 41099 148820 6745 49626 37986 85550 100320 153343 121132
255741 220603 262001 76292 81314 99668 149920 68445 223170 66627
140459 137109 104363 54686 94420 74099 96050 62659 51055 208818
101636 166265 207931 73302 58845 53457 86678 171417 190597 297209
162695 162948 21051 273862 217057 257736 137869 278779 31196 159105
223641 194428 133425 19336 134031 166837 22224 270698 196037 127888
208889 92672 64508 230948 165755 227663 163977 86784 30475 154292
146810 273073 211310 251162 28537 204267 291851 241940 24122 1158
291769 100203 134375 38852 71955 54466 153863 224533 190371
-539 643
170392 288025 107268 45986 10841 246612 86413 26948 228193 52737
90987 30508 56824 156446 193611 209803 122381 91313 35572 9767
182437 138516 182321 287518 152492 206517 116229 252533 55622 233598
72403 110009 240588 273176 116867 92628 297663 131884 239088 290279
239232 87838 225827 251628 215889 258417 128845 14270 273352 168473
209555 21783 18276 292656 237248 95131 2335 128877 25438 113585
293314 20497 66580 296929 38786 185430 182551 184310 241552 67347
193768 246894 272842 111048 54844 199929 55054 137857 143001 199386
117553 174 264076 234972 215798 183156 219327 202033 260067 111786
41343 41828 63424 20599 5885 3787 35171 252378 239375 119486
222147 129111 104772 276712 61085 1817 292834 20173 276487 164164
58177 231490 157349 39454 96031 23687 235143 42182 261844 55656
168994 23679 269796 1621 202625 59560 218046 40148 208993 117966
174264 202493 168872 164424 14657 101100 139741 142520 249515 117332
96479 99811 167424 228183 242905 8673 270826 194703 194055 16776
55760 291399 162688 31246 162476 189059 244200 287615 110498 298205
274701 95832 28063 72377 271373 97271 280945 153873 197283 250406
55237 36507 48266 85656 223309 227818 78994 56588 282741 172390
227244 192472 73686 282808 17984 284226 129581 112955 14996 128005
208520 235148 294188 43222 191474 129923 156893 212714 178544 242478
65256 191244 43809 228708 247019 180622 76771 146072 167574 193879
204523 29583 30147 84296 71698 155666 34873 14580 83554 127933
139161 35581 202092 60372 698 237115 80152 163853 257432 275337
297117 114923 228910 293544 15952 26488 165593 172611 177664 15716
205198 287056 115573 173994 121802 46333 168301 249519 101104 33319
3416 268925 265301 127361 109544 91182 48940 23703 113131 159920
68968 71000 96253 93606 46959 293701 243791 12749 234394 231613
13586 16893 24274 110921 39351 119505 151870 57117 81392 162436
154691 45764 295133 37218 284925 107788 284145 92865 206197 298720
30218 266660 13907 286487 153429 173785 34927 149709 100498 224284
201588 42671 244046 120574 272020 101005 195660 232771 171457 111904
47570 60228 47987 80681 237952 74028 65412 264967 51660 270867
231199 16063 224762 181454 214391 153431 31313 272845 38542 254710
284732 188411 81745 264760 25375 195427 124875 216367 273797 9172
299888 166238 77603 194454 228445 3789 117348 251846 54358 244656
149549 93045 235498 73385 290881 263710 254009 34462 214903 254563
181231 257962 21145 282808 259005 133022 113798 56035 163252 212477
249774 13251 113237 297747 157950 293454 202476 212508 258305 36884
287214 65319 118895 270108 30284 69189 84216 63276 123482 180968
22467 284952 203286 159386 177128 119233 68513 218516 290604 212988
66199 245810 109658 159919 197895 49646 238441 281730 298089 22540
247529 21403 69648 58153 29324 48521 169500 114869 134524 41488
224725 80932 189910 72592 120959 222401 176281 49642 88270 73393
103208 120014 37102 293387 88709 183258 133530 287392 33220 287767
250962 298565 299607 120207 99838 87833 285722 70511 205954 248137
68672 250119 267548 119115 145451 109954 76560 284189 154534 198521
9232 136232 282416 65086 185592 6036 45219 111212 264337 163134
54156 251698 187711 297416 13127 138872 67407 61779 230176 76894
2554 75049 163448 238612 191007 253856 55912 115078 202861 158006
37534 21747 82042 90071 65941 120712 211792 13827 162905 234619
188491 137027 15552 232553 233975 173071 840 143076 194152 166980
25865 182647 235342 271870 234113 190962 222187 121817 167518 278905
181680 22985 110134 258756 17861 109796 286121 295743 256995 151518
120506 127943 182081 22194 15528 19133 286785 186188 229423 52551
270545 290527 260527 109996 120727 265325 197402 220167 150283 17225
242425 56033 120866 136940 103052 247111 218927 100145 293615 94914
63113 43901 172201 42697 81545 191048 269705 279961 256966 85860
276218 17025 184234 244060 93714 202816 272437 62698 252500 32199
179247 164162 288535 236008 267986 150723 262543 185439 140950 248864
88750 79850
0 0

