13 926
0 1 100000
14 1 100000
0 2 100000
14 2 100000
0 3 100000
14 3 100000
0 4 100000
14 4 100000
0 5 100000
14 5 100000
0 6 100000
14 6 100000
0 7 100000
14 7 100000
0 8 100000
14 8 100000
0 9 100000
14 9 100000
0 10 100000
14 10 100000
0 11 100000
14 11 100000
0 12 100000
14 12 100000
0 13 100000
14 13 100000
12 1 9383
10 8 6915
9 12 5386
7 2 1421
8 4 8690
6 0 3926
11 1 9172
9 12 5368
2 5 5782
10 7 5123
12 12 3929
12 14 3058
1 1 1393
3 9 8042
14 14 4421
14 8 8537
8 0 8315
5 1 3526
2 3 9956
1 1 9170
14 0 2305
5 11 6327
13 9 846
0 9 5857
14 0 9582
14 14 3367
7 5 4043
8 6 6808
3 9 5788
4 14 2651
11 0 9932
7 4 3368
9 6 6226
10 0 7539
2 13 1434
2 2 6601
7 12 3317
5 1 756
0 1 4286
14 4 9689
6 9 8440
11 12 8117
9 5 4481
1 12 8927
6 3 9497
8 1 6965
13 14 6219
14 2 2871
0 14 9503
5 13 3368
6 9 6340
10 8 723
1 6 2846
13 14 3555
1 8 7764
10 13 2350
9 4 7034
11 2 4914
2 6 3743
1 9 8365
2 11 1432
2 5 9228
8 1 1474
7 14 4395
8 13 8235
6 3 4428
11 9 5928
13 13 2404
11 8 4613
13 4 6840
9 3 5128
6 2 7917
0 3 3324
14 5 2183
4 5 9772
14 5 5590
9 1 2954
14 12 8082
0 12 197
11 8 8804
14 3 3622
8 1 7343
11 7 4340
1 0 3810
13 0 5661
11 0 1305
12 6 9444
1 8 3465
14 8 8282
14 12 7637
2 6 2600
10 9 1899
3 11 7468
10 6 7131
10 14 8933
11 4 163
9 1 8899
3 13 3773
11 10 7190
0 14 6466
6 14 2090
7 6 5542
4 6 7445
2 2 8418
9 7 3348
5 11 2009
6 2 6342
12 13 9301
14 10 5321
14 6 4599
5 1 5939
3 5 5667
9 5 1127
4 0 6658
11 14 2422
14 0 4081
2 12 9292
0 10 3850
10 4 1222
8 8 6042
9 5 2298
6 14 2590
12 1 8819
4 14 1155
3 14 379
10 0 1776
14 7 1860
10 13 5884
14 7 7621
14 1 613
4 9 1326
11 7 8202
12 1 6784
4 3 868
3 3 8872
3 6 498
3 8 7753
8 13 3333
7 9 2890
9 8 1746
3 6 4500
10 14 9797
3 13 3303
7 8 2497
2 0 7686
8 10 3996
1 9 9157
6 14 2460
8 14 460
8 5 8027
14 2 7556
13 4 7697
3 2 1039
11 5 6403
4 3 7647
14 5 5151
0 2 4339
14 9 6127
5 9 49
10 8 6429
13 10 3177
9 14 7971
12 13 5367
9 8 5795
12 10 2829
9 6 5340
11 2 3826
12 0 6042
6 11 8023
0 0 6309
2 12 8996
1 0 4234
14 2 4524
8 0 3168
10 1 6312
9 6 4346
3 2 4916
10 6 3529
6 10 2647
13 11 9080
2 7 857
10 9 1886
12 5 3512
4 5 9479
5 14 6189
3 5 7641
13 13 8987
4 10 4566
6 12 6856
2 4 2260
2 4 7205
3 5 8518
8 8 6873
13 9 7637
12 3 6607
9 6 9314
8 4 1100
3 5 9438
7 8 3074
3 3 3681
7 4 270
13 14 1839
13 4 2622
7 6 9847
2 5 6682
0 2 5791
4 2 1521
1 7 1491
2 1 9231
5 9 3740
1 5 4098
7 1 7516
11 9 2231
10 8 5404
0 6 9218
9 7 9862
11 10 4977
3 6 9904
12 4 9207
6 9 9744
11 10 127
5 3 7560
14 9 563
14 5 8711
5 0 3291
13 4 3614
0 8 8993
7 2 6882
3 5 6717
13 1 1574
8 3 1486
3 14 3074
12 2 8179
9 8 5775
9 2 5710
5 11 1017
13 6 1137
8 13 3943
5 1 925
6 7 4018
10 5 6963
9 0 3858
3 6 8571
3 4 9685
5 1 2604
8 3 9250
0 11 9485
5 4 4639
13 11 967
6 6 7677
11 0 865
3 0 7955
2 12 9211
6 4 5196
7 14 8270
10 9 4427
13 2 7283
2 8 5830
13 0 6950
12 4 3714
12 14 4047
4 12 9435
8 3 2954
13 5 5486
12 2 9159
13 11 9683
7 14 1723
0 9 9122
0 2 5821
11 1 2747
11 13 269
8 13 1703
3 9 907
0 7 2806
9 3 7084
6 6 2698
12 5 8898
14 9 5171
1 0 2506
9 4 8224
14 13 0
4 11 5053
6 14 1338
13 2 8067
2 11 6787
0 1 2122
5 4 4850
6 0 2254
14 12 3813
3 1 9181
2 8 5720
5 12 181
4 0 9296
6 7 8722
9 7 297
10 1 3181
0 8 7057
7 12 9999
4 1 7483
12 4 8977
6 2 9932
10 13 4266
10 6 3682
10 5 9086
9 3 5990
10 1 1476
3 0 1892
0 5 8839
8 0 1136
13 2 7643
0 6 6582
5 13 7955
12 10 6815
2 3 853
12 10 1783
6 12 9097
6 1 1269
3 5 3149
3 8 639
12 8 6610
4 6 3890
2 1 4552
12 14 8777
7 7 8566
3 10 2641
0 14 1298
1 5 6776
13 14 3428
13 8 308
7 10 2197
5 10 774
13 2 2325
12 7 8412
4 8 5421
6 4 2439
12 5 8159
2 11 1354
1 1 2972
2 10 1852
12 14 5482
0 8 5154
9 6 6506
1 13 4790
2 2 3172
6 13 8859
11 12 7280
0 11 6590
1 10 5352
11 7 3069
2 1 3083
3 11 9300
9 9 4667
14 14 1032
1 9 9875
14 8 3412
11 5 636
14 0 2844
9 5 6814
8 11 2326
10 4 6039
13 1 152
14 14 1790
14 13 9631
0 13 5735
8 8 1877
5 9 3198
13 13 5155
3 10 8156
6 1 8823
10 2 5358
11 6 3245
10 13 3990
0 14 4100
14 7 8364
14 9 2659
8 9 5844
13 6 1551
8 3 19
1 1 9304
11 6 2475
2 7 8967
8 12 1729
14 2 8131
6 13 9207
7 2 1183
2 13 7472
8 0 5062
3 6 6797
11 8 3141
3 0 5474
10 3 3485
14 9 30
2 10 6898
0 4 6424
10 12 1641
8 11 3480
8 10 8789
7 8 2723
0 6 2493
0 5 4220
3 1 9613
12 6 8270
0 11 7829
4 0 8743
9 3 3024
12 14 2386
8 10 9969
8 8 30
14 9 2587
11 14 9649
12 14 7339
10 1 7330
6 10 1349
14 6 3881
2 2 4133
8 8 3287
4 7 1519
4 14 244
13 13 6259
4 12 6353
3 4 8705
4 14 6799
7 5 4315
5 4 853
7 7 6487
0 4 5562
14 5 5205
14 7 6911
12 1 3403
10 2 821
6 14 2443
12 8 1528
2 5 2700
6 9 3787
13 11 2589
9 8 9426
7 6 3036
14 7 6092
0 5 5921
9 9 4166
8 2 4123
2 12 9484
14 12 3931
8 11 5165
5 0 7069
5 11 7422
11 14 8569
11 2 5676
8 10 5340
9 1 172
3 1 6527
1 0 5812
13 3 2124
10 9 5186
10 13 6794
14 7 6141
13 3 2437
7 14 3590
3 1 6513
11 4 8257
13 8 2346
5 5 1225
1 12 6421
10 3 634
0 2 356
14 6 5472
3 8 8111
2 5 7661
4 14 216
0 1 5344
8 4 6267
5 4 757
2 12 4650
5 4 1876
0 5 3953
6 2 1598
6 5 4937
11 14 2540
2 0 83
10 11 5609
0 3 2939
11 8 1304
1 3 164
5 6 4349
10 4 6339
5 2 1986
2 6 1079
1 14 2407
1 9 9561
12 8 9053
8 14 5494
8 13 7581
3 9 187
9 8 2438
13 5 1320
7 8 4486
5 3 6463
4 10 9010
13 6 6142
13 12 4425
12 6 2853
2 7 6748
12 11 516
5 2 5159
2 12 2553
11 10 3003
14 13 8107
1 11 9154
0 3 2334
12 3 6784
10 8 1763
9 6 6560
5 12 5185
14 13 5097
4 8 3349
14 1 2634
5 0 8585
1 5 4986
4 6 7892
14 12 9569
0 10 6366
6 13 2833
11 3 3847
1 12 2300
10 3 629
11 12 6508
4 2 775
1 5 3540
14 10 6518
11 14 9499
7 8 6908
12 11 4303
7 9 8432
4 4 9810
14 5 3596
12 4 8696
6 1 4465
12 3 5361
7 6 4187
13 5 5981
6 10 3879
3 9 3293
12 13 7135
1 5 6942
6 6 4163
2 10 8500
10 2 6234
13 13 5950
4 10 5339
9 13 2293
5 4 6382
6 3 323
11 13 6951
1 8 6465
14 13 4813
9 10 8977
11 4 5464
1 12 4107
3 1 5740
1 12 9587
6 14 8793
1 14 6620
6 3 7371
14 3 8534
5 12 3567
0 4 6067
12 5 7433
9 9 2132
2 5 5523
14 4 8147
5 12 2335
5 3 1968
0 6 339
10 13 936
7 5 7052
3 12 9204
1 6 9540
2 10 6997
14 8 3878
3 2 9170
1 13 1520
11 13 3660
2 8 2267
0 1 4292
13 8 2553
10 13 1862
8 10 1198
3 4 2376
4 7 9503
6 12 4673
11 9 3823
10 12 3044
10 4 8012
11 4 9747
11 14 3134
1 8 1742
3 6 1638
7 4 2958
6 5 1484
11 5 9090
5 8 3923
2 5 8320
14 12 6952
3 14 3807
2 9 2525
10 1 158
9 11 9560
5 7 2973
10 6 3748
0 8 9409
9 1 1832
6 13 9833
3 5 6127
3 14 6631
4 11 8341
5 5 7458
9 0 4901
1 5 1867
14 3 732
7 0 3705
8 7 5457
7 12 3461
4 12 6169
4 3 2538
0 5 5018
12 0 392
12 13 6754
10 5 5743
13 10 3021
5 10 3720
5 2 9634
9 11 1983
6 10 8142
10 5 5063
7 3 6554
7 5 1492
13 5 34
3 5 8094
5 7 8644
7 7 1784
10 7 6925
13 7 8602
0 6 296
6 9 840
9 1 512
7 8 7654
12 12 2428
2 6 6088
9 10 7797
9 5 3694
8 12 4782
0 1 2869
13 14 1417
14 4 9299
0 11 6350
8 2 292
6 8 5164
4 11 7721
0 10 6410
12 0 7902
1 4 5916
2 3 6439
1 0 7806
13 4 4511
1 7 5265
11 4 2976
11 8 9134
14 1 127
10 11 7697
2 0 6839
13 6 2986
1 12 5767
8 10 136
4 6 37
11 2 5367
7 5 3934
0 9 6095
8 12 631
5 11 3630
12 10 9242
4 6 1161
8 10 4169
11 1 1135
2 0 6180
11 13 5900
1 4 2996
3 14 4114
7 12 4416
3 2 1625
13 2 8502
11 10 2949
6 10 7235
14 2 7799
14 3 1502
4 8 3799
8 1 9013
14 10 3766
11 4 7194
6 14 5776
0 13 7209
10 9 4684
5 10 4835
0 11 9781
3 8 2362
3 14 6264
4 9 6853
7 6 769
11 12 4105
2 4 1142
0 5 4565
9 12 7265
11 7 3107
7 1 3558
7 8 5160
14 7 5038
8 3 1796
14 14 8430
12 9 5407
8 1 3495
5 13 7967
2 10 29
2 3 2631
3 8 3007
3 13 1662
11 6 96
6 9 2110
5 1 3069
14 9 3090
8 11 9369
6 9 7682
9 13 4295
12 4 1187
5 14 2251
3 8 4564
1 9 3193
10 10 4401
11 11 1394
12 11 8589
9 1 2795
10 5 8803
8 0 3882
5 5 1648
11 11 2505
4 13 9067
5 3 3790
0 11 768
11 10 9093
0 14 6251
8 1 7651
13 12 435
6 6 5275
11 9 2200
14 9 3842
4 6 9560
7 13 4664
3 6 1955
5 1 3542
11 14 2496
13 10 8258
10 7 3846
1 14 3294
10 0 7250
11 4 3253
9 5 3555
7 1 2719
5 3 6644
6 6 9729
5 4 3370
8 2 8858
0 8 6286
0 4 3513
7 7 4421
3 5 658
8 2 4729
2 4 2053
5 5 2772
3 9 1302
7 11 9440
1 10 7086
9 13 946
6 12 8751
13 10 4833
10 4 1392
13 0 2271
2 6 3381
7 3 9388
8 13 4951
5 13 7259
7 11 1514
12 2 5972
9 1 8129
12 14 7630
1 12 8078
8 5 9078
14 6 4186
10 2 8825
8 3 9639
13 14 6358
10 10 5055
4 8 4589
5 7 1246
5 12 4893
9 0 9950
14 5 3428
12 2 56
14 14 8241
9 4 3458
9 9 658
11 4 9281
4 5 9118
3 11 4763
0 4 1318
7 1 9970
13 14 2111
7 6 12
13 4 7055
2 4 8979
3 12 7089
14 10 4995
4 4 4211
8 9 711
12 4 5326
6 12 6632
5 13 1761
3 6 3441
14 11 2210
10 7 6894
7 13 3483
10 13 8337
14 2 9213
0 10 7998
4 6 8641
8 3 6035
7 7 131
5 0 709
8 1 7824
0 7 6071
6 0 8906
4 4 6989
6 8 8656
1 8 3970
8 9 3102
3 6 1018
2 10 4042
3 4 4284
11 0 4461
3 11 8924
10 3 9356
7 9 2847
7 10 744
0 2 7257
1 1 9451
14 4 6299
9 1 3489
5 12 2784
6 13 1272
2 14 3868
12 1 3818
13 0 8253
0 4 8215
9 7 9269
10 10 6709
0 6 8232
1 5 3522
14 6 5413
4 3 8264
4 3 6250
12 13 1794
12 12 3804
9 9 9267
8 14 3193
3 10 2254
9 0 6850
6 4 4350
13 2 5148
8 6 7177
4 8 3954
2 13 1698
6 7 2470
8 6 5469
14 6 1440
1 1 1288
1 6 816
12 3 9027
0 1 3059
13 14 8399
7 8 9967
12 13 688
4 0 1676
2 6 239
9 7 8242
2 0 1306
8 4 2493
11 8 6386
12 12 6509
3 13 4626
3 8 2649
8 6 3181
8 14 720
7 14 14
