0
1
51 98 -61
1
43 -99 -93
1
25 22 89
1
-63 36 -21
2
-96 -18 45
-8 -62 12
3
-91 -73 -11
79 -32 35
-50 -94 -23
1
99 24 -90
3
64 -28 65
32 -54 -56
70 8 12
2
97 67 -99
41 85 -97
5
-65 3 78
-90 -35 -21
75 -61 -61
39 -38 -96
-15 -72 -95
1
-46 88 -73
1
17 15 -23
6
33 12 -73
-72 -93 25
-87 -40 -48
-33 -53 -20
-22 -38 9
-48 -48 49
2
-51 -31 6
44 -9 -93
6
42 8 93
67 58 -21
16 34 33
57 51 -40
75 49 40
-48 61 99
4
34 34 -53
93 59 38
-27 58 -13
-25 19 -15
5
26 -1 71
-82 -93 13
35 15 92
-51 -33 30
-1 -41 98
5
-93 -19 96
-58 -46 28
7 30 -1
32 99 35
-89 -21 17
5
76 -62 -41
-40 3 -100
94 87 -52
85 63 -35
-67 72 -88
113
-89 87 -59
-79 -11 -59
65 -74 -61
41 93 -68
-69 94 -56
63 92 79
25 -29 -5
61 7 -57
43 -31 -71
84 -10 -32
-36 62 -26
-69 3 -84
20 49 12
-1 33 -98
18 58 -93
62 72 69
-64 54 -79
83 -23 -94
73 -38 23
52 60 -72
-36 27 -40
-3 89 -71
70 -3 -31
-51 100 -71
-95 53 -98
45 -56 -23
86 -10 -71
53 37 -83
32 6 -35
-70 32 -73
-32 -31 -94
85 -81 -98
65 5 32
28 -10 -79
7 93 58
24 25 -87
39 -24 -31
53 6 -100
80 24 -30
86 6 -6
44 -10 -37
-3 2 -30
-61 44 -35
-19 -87 -92
50 67 -36
71 -18 -7
48 30 -99
23 19 -5
39 -21 -4
1 -72 -54
31 64 -47
-52 39 -95
90 -3 -49
60 76 -21
44 -88 -94
67 -19 -3
-4 42 -23
-49 41 -11
26 -65 -61
-19 35 -39
10 -22 -27
-49 61 -64
86 -23 17
-18 -3 -90
71 43 3
98 95 94
-64 -30 -72
-25 -50 -97
66 94 75
-68 -24 -79
93 97 65
-80 65 -90
57 75 61
3 49 33
-33 95 -24
26 84 -45
45 29 9
-54 53 -62
55 63 -53
-29 19 -79
68 -47 -24
-50 20 -80
26 96 54
31 100 55
13 -72 -46
72 -26 -94
60 79 19
5 49 -59
32 100 11
2 -25 -44
40 31 -60
-3 -9 -82
33 12 -3
5 81 -26
-57 -34 -67
70 -82 -98
87 64 -92
82 -60 -16
54 -11 -46
6 88 -100
40 48 57
-46 48 -92
-41 17 -74
-61 91 12
-53 40 -87
81 100 25
-100 64 -95
85 22 -95
66 63 3
99 -49 -71
92 90 38
26 21 -13
-99 63 -67
87
57 -70 68
75 14 96
-75 -45 -6
-86 -73 31
60 -92 24
-97 21 16
83 -55 87
-23 -94 -7
-48 18 99
-43 -20 -22
9 -10 29
-36 -41 61
-84 27 -32
74 -12 90
-8 -26 43
-38 -41 37
-81 -34 68
-23 -87 -62
88 -71 65
-12 8 54
-2 21 63
-99 5 -36
83 -26 59
-89 -43 -39
8 -84 76
-90 -100 -42
18 25 33
1 46 88
-86 76 33
-22 -78 85
47 47 71
-21 -72 84
-63 28 50
-12 49 28
-37 -59 -24
-51 -38 -25
-6 -100 54
-57 13 86
-11 51 34
-80 -6 38
-70 -76 36
-34 -29 36
61 -19 38
-79 41 66
-56 -93 -64
30 -42 47
-55 44 9
-61 80 29
-33 -96 30
8 36 52
-27 30 9
-40 -41 67
31 57 87
-46 -100 -41
34 -79 74
82 -100 28
40 34 76
-94 -51 89
78 -69 89
-44 -94 -45
61 46 89
36 -91 67
-85 -53 -82
-97 76 100
42 -70 48
-57 -86 73
-51 -80 79
-90 56 65
-100 -48 -95
88 -79 78
-16 -54 -30
-18 44 85
-39 -46 99
98 -25 58
-33 -44 98
2 -91 -13
6 -59 81
-9 47 68
-9 -14 15
-94 49 -20
83 -90 35
-58 47 50
48 -85 65
33 -47 39
62 -93 78
1 63 48
7 -39 63
97
-90 97 30
45 98 13
73 -69 84
-27 44 31
79 61 -75
-1 -55 82
62 89 -69
46 -39 75
-24 42 30
-30 -7 30
49 5 -9
25 79 92
9 -73 87
-60 90 -48
-60 51 91
-54 23 43
76 93 -65
90 13 91
-69 88 69
51 99 33
52 95 -95
-5 70 48
-23 -30 38
-52 81 63
31 32 57
-27 -57 70
-57 -24 68
-52 57 -21
87 96 29
51 94 9
-3 17 17
-84 44 31
-56 37 57
-89 85 13
26 85 10
24 -35 25
-89 -32 70
-54 94 54
56 10 9
91 -50 59
-3 29 34
55 64 16
85 -16 17
-66 -4 35
54 -8 28
36 86 56
94 91 24
98 46 -62
31 -7 32
-54 -31 81
69 100 -56
96 57 -62
3 -12 31
-20 45 55
12 95 -31
26 -21 26
30 -12 31
-70 -16 100
-46 39 63
5 38 8
87 22 8
41 -86 97
60 40 -24
67 -1 98
79 81 23
6 -29 83
66 -1 -1
-49 62 57
100 -7 29
61 -81 45
72 -25 66
89 54 -78
33 92 29
93 2 48
37 -27 74
76 65 16
48 -99 82
79 -24 85
88 76 40
-41 14 40
-33 66 -18
31 70 -30
10 73 62
-98 78 34
94 -82 42
-33 85 71
33 -39 71
41 -19 23
-63 29 56
72 22 25
-37 2 78
-36 70 12
-65 -43 65
-44 42 49
-96 38 81
83 25 9
-11 -54 82
103
-6 -100 -82
-58 -99 -53
54 -92 -75
-79 18 -100
30 -96 -56
52 -100 -22
-42 -96 -75
-24 97 -74
-26 50 -66
-89 -34 -50
49 -29 -10
24 -21 -5
-29 -4 -99
5 -9 -44
45 -86 35
-78 -54 47
-92 -13 36
-90 27 -14
30 -76 -61
37 19 -97
-29 9 -33
-89 40 -96
31 12 -49
-88 -70 -86
36 -74 -24
-16 7 -50
-74 -36 -22
-1 -67 -1
14 25 -60
-80 -90 -83
-53 -56 24
-60 -67 -4
39 -81 -9
-33 21 -65
67 -96 20
34 -99 65
-93 -1 -69
-46 10 -38
-89 21 -54
-26 12 -20
71 -50 -51
-74 -57 10
72 24 -76
59 -10 -96
-42 -52 -62
17 -26 -69
77 -86 -68
10 -68 -66
-36 -20 22
31 14 -83
-35 -82 10
43 -74 8
63 -31 -4
45 -96 -69
0 14 -36
35 7 -96
-92 -45 50
36 -86 -38
85 -100 -100
-90 -98 49
-33 -16 -30
87 53 -98
-64 -31 14
17 9 -100
-85 14 -11
99 -15 -40
64 -93 -15
12 -42 -62
88 -56 -43
100 -22 -85
-62 -79 -41
4 -62 24
-13 -34 -70
-25 -97 -25
32 -45 -64
-12 -46 -36
-46 -97 57
-48 77 -89
-47 -92 -61
-11 -54 -57
53 -50 -54
-41 84 -63
-14 -38 -88
-80 -60 -46
36 88 -94
-48 69 -60
-59 -93 -63
-15 10 -13
19 7 -55
-42 43 -43
-80 -99 22
65 -42 -1
71 26 -85
-70 -47 -49
38 -47 -72
-38 42 -55
74 -44 3
-28 77 -72
-87 40 -75
84 -20 -43
1 15 -96
-87 9 -17
41 74 -98
98
72 50 94
5 -71 -100
12 22 49
67 24 -17
89 -55 23
52 55 57
-8 -22 59
45 -64 69
-44 -88 47
5 -63 -45
-93 -97 29
-10 -47 28
-12 43 100
21 -41 -27
26 -34 -74
33 -62 -29
-44 -7 65
40 -77 -71
82 -38 73
81 -83 21
-43 -95 96
-57 -54 -8
72 68 28
-6 -2 45
78 -2 -55
-30 -74 7
-29 -83 89
94 45 -14
89 -70 91
89 -88 75
0 -79 61
36 -39 53
24 -95 -52
25 33 22
45 -10 -13
1 19 39
83 57 -11
-49 -69 4
23 -44 -6
89 52 34
-25 -94 84
27 -98 -61
31 -39 22
2 12 53
67 88 74
21 -85 80
30 -94 -70
-34 -61 54
28 -55 -38
-46 -5 99
45 25 3
75 -81 91
-85 -14 80
69 -96 25
-43 -18 70
-30 -30 -2
81 2 7
-58 -94 81
65 -44 -45
88 -48 12
-15 -17 87
35 -44 -55
41 -49 -17
41 -75 23
11 40 79
16 -67 54
26 -49 36
69 -62 38
67 0 -66
-50 -100 70
-1 -68 96
51 -92 18
4 -15 69
90 -97 57
72 -95 -86
-9 -79 6
-7 -7 89
36 -36 -90
46 -57 16
60 -86 21
25 5 -8
18 25 55
48 68 99
46 -41 -93
35 69 87
75 -89 -35
32 -33 -81
33 -61 -16
-3 -69 -28
4 -37 -23
65 -35 -39
94 -85 31
70 13 36
-40 -8 90
-30 -48 -7
-20 -85 -19
86 61 42
48 -78 79
102
-88 -64 3
0 100 42
-37 58 18
-94 -26 -32
82 92 24
-45 43 -72
-89 86 6
20 30 -8
-95 99 62
3 55 -64
-45 6 -20
-66 4 50
43 20 -74
29 92 -15
-99 17 2
-73 22 58
-21 -39 -62
43 86 -34
-85 91 -85
-59 19 -94
-24 20 23
-14 55 -50
-69 84 -39
62 69 -57
-73 -9 61
55 85 -42
-50 50 100
-35 41 18
-100 -18 51
7 94 -30
-40 26 -5
-31 76 96
-32 91 36
-91 94 -72
51 33 -60
-25 90 16
-45 0 -88
-4 37 29
-69 -27 41
35 97 46
-90 7 -79
-62 7 3
-95 85 12
46 19 -41
-59 1 -85
-94 86 59
-50 74 10
84 100 17
-81 14 27
-91 -31 11
45 37 -9
69 96 -11
88 79 -89
-72 15 -38
5 24 -18
-85 95 -3
-69 24 93
-26 72 26
71 16 -100
-76 -60 -81
-6 75 -90
-82 -68 -8
-73 -37 -12
-35 30 -84
-70 -27 -80
-45 85 -60
-34 41 71
-78 -7 -15
27 84 -71
48 51 -20
32 56 -86
-38 21 38
-93 43 -70
-90 48 -27
80 37 -74
16 62 61
-70 17 -88
-14 78 46
60 7 -68
36 94 -54
6 55 -100
72 14 -86
-58 89 -30
-3 -14 -39
-48 84 -72
-100 -30 57
-4 80 -37
28 15 -94
67 66 -59
50 11 -40
-88 89 75
-66 96 -97
-96 -22 -58
-62 75 -27
-49 96 -98
29 60 -83
40 53 -68
-96 85 45
41 69 40
44 23 -83
-92 -79 -67
0 51 39
103
10 -6 42
64 -5 66
22 16 50
-30 39 28
-63 -20 8
36 90 52
-49 -26 3
19 59 64
100 0 94
-36 -9 48
-34 -16 57
-83 12 -14
-23 63 10
-5 -15 17
-3 -48 61
-10 -3 86
-82 21 74
74 -38 29
-73 -2 0
-47 93 86
71 85 63
-52 -35 49
-65 66 -29
7 -44 68
-8 -94 95
-41 -76 15
-68 48 28
-89 79 68
47 -1 52
-42 73 29
-41 58 -6
-20 -36 50
98 7 56
93 16 31
35 -42 54
10 -31 33
-23 -85 82
-26 42 59
69 72 74
75 11 46
-45 19 -7
88 64 21
-49 -81 61
-18 90 35
45 -49 36
33 39 8
91 98 82
-71 -49 95
61 10 22
-54 50 78
1 -18 16
59 -34 93
30 70 38
41 10 35
-45 -15 24
-30 31 50
19 79 32
85 37 98
-51 -71 89
-65 -98 30
59 -99 50
-1 63 9
-20 -84 74
-72 93 90
23 7 25
20 86 15
96 -53 84
-32 53 -13
32 86 -4
26 12 70
-93 -71 99
87 52 25
88 64 72
15 -93 78
94 -54 96
37 84 89
20 91 69
50 2 68
26 -84 26
3 60 22
-48 -99 40
89 -29 89
56 48 56
-92 -17 76
72 35 28
-19 80 94
7 -26 62
-38 5 63
-96 -10 67
-54 -2 100
72 -80 35
-1 -19 41
21 62 21
-22 87 12
3 -25 76
-19 -44 69
-19 -27 18
-19 -15 97
94 -75 95
34 -80 29
1 67 3
38 -52 26
-95 71 19
97
90 9 -77
95 -7 18
-15 -39 -43
-72 85 -76
70 -61 -34
-22 30 -40
76 87 -2
15 -79 -41
93 -89 38
-92 99 -83
80 -69 -32
-6 -94 -96
42 56 -46
-15 -79 -24
93 -73 -22
30 -64 -24
-46 -30 -28
-100 -23 -84
-25 62 -99
11 26 -75
9 -2 -84
-43 48 -72
80 -25 -21
46 33 -99
-32 69 -70
-17 -47 1
-30 -60 -14
-19 66 -57
92 8 6
15 27 -75
-10 6 -46
-67 26 -79
4 96 -89
1 -22 -3
-5 10 -14
36 66 -29
22 -89 -88
-82 6 -27
100 -80 -60
42 28 0
77 -84 18
15 57 -73
-88 98 -56
99 -79 -69
49 -19 -13
-4 -43 -4
-38 -31 -27
6 4 -25
-65 -88 -73
36 62 -52
17 -40 -89
-75 -92 -58
12 -62 -42
-15 -84 -99
-76 12 -42
-7 89 -50
20 -26 -89
69 91 -29
30 -85 -71
22 27 -83
31 62 -66
90 -45 -19
5 -100 -22
-62 -82 -69
76 82 -57
87 50 -67
-97 -68 -64
-66 53 -74
75 22 7
-6 -53 -11
18 77 -30
93 30 2
79 -32 -35
-1 -16 -57
56 28 -10
95 -86 -77
34 34 -87
22 44 -81
74 22 -13
-69 -50 -35
53 -1 0
46 -95 -73
86 100 -58
-39 -94 -29
68 68 -86
-23 -92 -89
77 54 -84
-36 -20 -62
91 99 -83
14 -48 -21
98 -48 -83
97 -77 -63
73 94 -70
-57 -43 -40
61 28 -31
-14 93 -29
65 -27 -23
104
-56 61 -59
-68 -1 83
-80 -36 -90
76 85 -21
62 98 55
57 92 -34
99 80 -98
-31 -8 -49
-49 75 17
-13 45 31
-53 20 15
-23 -19 -38
-53 87 83
-51 20 61
-43 31 42
14 87 -19
18 85 -83
-50 84 -13
-90 -51 -4
13 78 -37
33 76 89
-76 13 17
-64 66 -28
-21 -21 -91
10 47 94
-23 98 27
-90 -10 64
-70 53 -9
-99 22 85
40 47 -53
-43 33 -88
-21 62 -58
-69 -2 36
-52 -48 -64
-17 87 -6
35 61 59
23 93 -94
-41 51 -83
-64 -17 92
-5 54 20
-48 11 47
-90 -67 39
-84 -58 -61
73 81 8
-100 1 -99
-16 96 55
55 84 89
-32 -2 65
-46 50 -75
-10 -24 -49
-89 -54 -20
-9 98 81
-58 -19 26
48 86 -41
-49 -43 -44
-65 -2 42
-63 77 52
-90 -9 30
-9 33 -23
-79 75 9
-64 -29 -90
-57 -8 92
-72 -89 -62
-80 -19 -45
-52 65 -82
63 100 53
4 20 -84
-31 -2 -73
-43 71 96
-47 91 -24
-42 -34 -23
-1 54 -36
-91 52 -71
88 92 -71
-52 4 -71
-99 -93 -1
-34 -4 74
-6 95 -23
37 32 -33
40 68 -38
19 19 -81
-83 -13 -55
13 82 57
20 77 -58
17 46 -24
-21 -42 -92
-65 99 -52
-2 49 37
-60 47 28
-54 -24 95
-79 -37 100
-18 61 48
-81 38 -97
-100 -37 -67
-40 100 -93
-96 2 31
-11 66 56
-41 -37 -32
-38 69 -28
-49 73 67
2 17 4
-43 90 31
-38 99 94
-95 -44 64
96
88 87 86
-2 -36 -95
84 -44 -24
49 -21 4
33 -34 -15
34 -73 -34
39 -89 23
66 10 -99
82 -62 -47
16 -91 22
89 75 82
40 -57 -27
91 -56 98
88 29 -89
-48 -95 -7
32 -63 -30
36 18 8
64 58 77
-6 -61 -91
-12 -79 89
59 -89 -6
35 -79 34
40 -4 -25
49 -3 98
30 -57 77
43 23 38
53 -65 90
-28 -78 -13
48 21 34
89 -16 14
65 77 87
84 45 -26
14 -97 -20
51 10 -91
29 -91 47
54 33 -23
36 -47 57
-24 -92 16
84 -20 -16
48 22 -6
-94 -92 48
14 -91 55
20 -15 63
78 8 38
29 -59 -83
63 -49 -41
20 14 66
23 -83 -54
25 -99 -10
-12 -63 11
36 -56 -41
4 -94 -39
79 -12 -77
-83 -74 97
96 -66 68
91 -13 8
58 -97 80
60 20 -92
64 -18 -21
31 -28 17
90 -12 -88
91 -10 10
87 37 62
45 -74 29
57 45 99
76 12 -15
71 -25 67
-100 -94 89
45 18 -76
87 -46 11
78 5 -69
76 -70 43
-40 -99 -82
77 -99 75
65 -32 -30
99 82 -23
44 23 85
12 -1 86
-14 -87 -47
56 -46 100
-67 -98 31
-45 -80 -80
52 -29 -81
5 -28 -18
-27 -73 -46
-38 -99 -76
43 -38 -77
50 -33 -57
20 -29 -4
-80 -72 89
-20 -39 62
52 -27 14
76 -85 76
100 16 93
93 -65 -87
-12 -64 36
89
-73 -82 23
-92 52 98
-16 -67 -35
-24 -82 -22
20 -89 28
-87 20 -92
-39 -14 79
-67 24 -53
-39 -62 -48
-75 8 -37
-64 86 3
-38 -18 83
-86 -22 67
-89 39 55
-87 15 -88
-74 -82 -17
-36 -32 -44
-94 82 59
-49 68 6
-95 -92 -70
-55 -3 58
-57 55 8
-99 23 16
-92 -53 -11
-61 -74 -39
52 -54 88
-34 -62 25
5 -73 1
-42 76 -34
28 4 94
17 -33 24
-78 21 -10
-94 -67 7
-78 42 99
-58 26 64
-67 -96 -33
-50 -7 -46
-3 -95 -15
-60 29 94
-5 -95 -1
-19 98 76
-56 81 80
-58 94 -13
-12 42 39
-19 -62 91
-34 64 -6
-59 59 -26
-80 -86 88
-19 -18 29
-70 -49 -42
-90 75 -88
-66 45 -68
-85 15 97
-86 3 -54
-7 44 67
13 74 68
-39 -89 -31
15 72 94
28 -95 39
-37 77 50
-94 -46 6
-45 -47 -18
11 49 96
-48 8 63
-76 17 56
-25 72 53
2 77 57
-20 75 2
-5 -87 -22
11 -88 19
-83 -13 -9
-24 -77 5
-68 48 -7
10 42 58
-54 -53 14
-73 55 67
-11 -6 56
-8 -96 68
-49 -8 -5
-31 68 18
-98 -19 19
-97 88 -42
-67 -47 -44
-43 -44 83
-38 7 -26
-76 -51 -60
33 -84 65
-5 -100 68
44 -93 76
111
66 -80 79
7 -21 -16
35 18 23
15 -95 -86
91 -37 97
13 21 -74
47 -21 28
-5 -87 -55
68 -3 -72
54 -29 34
12 33 -81
-10 -27 -68
91 77 96
86 -5 -57
60 30 66
29 70 -62
62 -95 74
97 -92 83
43 94 -23
86 58 55
2 69 -6
69 -92 77
68 -3 -75
80 -78 -2
86 -81 -44
68 62 -100
100 99 27
28 24 -66
84 -9 -19
-13 62 -20
44 29 92
44 74 -62
1 24 -64
78 67 91
-14 19 -37
86 -70 -22
67 15 -38
97 -92 42
39 2 -35
77 -98 89
64 31 6
4 -84 -76
68 18 -80
55 4 -100
83 20 -61
59 -8 31
72 -12 39
-37 77 -60
97 -12 -93
67 93 -39
68 76 32
4 -37 -64
77 21 34
40 -61 -7
59 73 -90
47 2 -14
11 57 -50
95 -94 -7
100 -4 32
27 2 -40
67 -17 46
71 -81 82
13 64 -16
95 -95 -73
-9 70 -80
71 68 41
17 84 -46
54 -73 60
88 -79 65
71 -5 35
60 72 -47
6 25 -69
-35 12 -98
80 -24 5
76 69 -51
42 -19 73
9 -99 -83
95 -38 79
45 64 -23
49 -31 52
30 -16 -87
32 -37 -11
88 -61 -93
87 81 -12
59 -60 -61
27 -66 1
5 -53 -73
38 -53 -35
-11 77 -1
41 -5 -99
48 -19 32
86 91 22
34 -13 5
94 -35 86
56 56 -69
7 3 -38
90 -62 -48
20 40 -33
31 3 -21
61 72 -95
74 -51 72
-5 42 -90
17 65 -88
39 -5 -40
57 26 92
96 -48 -28
-35 47 -87
-25 50 -100
51 39 -37
62 96 19
68 14 -48
113
-47 -45 -71
-75 -27 26
-16 -55 30
-45 45 80
-61 19 79
-78 -22 -89
-62 32 -83
-32 -4 -82
15 -36 61
-8 -2 57
-79 53 1
-100 42 70
-76 37 74
-98 94 1
-2 -1 36
-3 -87 50
-92 -45 -52
-21 -20 45
-98 -35 -30
-93 -32 -87
-41 -62 22
-86 -14 -80
-52 71 93
-37 44 -89
-24 -98 100
48 -83 -14
-8 -86 16
8 -37 -64
1 -97 91
-23 -5 10
-80 58 -46
-84 -50 -9
-65 53 -43
-39 3 -15
-63 2 -9
-79 49 44
-25 30 27
-18 -39 -92
-45 -23 -42
-97 -42 6
-75 -30 -92
-40 17 12
-52 55 64
-82 13 -28
4 -51 60
-77 49 -69
-32 -42 -18
-100 12 31
10 -76 -24
-17 -53 75
-18 -90 14
-96 72 85
-46 -60 1
-83 0 88
-82 97 10
-84 61 22
-24 -94 -99
19 -40 -59
-81 97 82
20 -44 65
-46 -76 62
-65 90 -35
-80 48 2
-1 -77 -42
-49 42 18
-8 11 -36
-76 -56 -73
-44 64 -66
-80 69 -92
-96 18 89
-31 -16 40
-18 4 -13
-41 -54 -37
-26 -30 7
-49 26 -80
-65 -3 89
-56 -72 -29
-57 -68 89
-28 -16 27
10 -83 -20
-9 -7 -24
-50 22 -99
-93 -21 36
-13 -51 -56
-99 55 -47
-73 6 75
-100 6 -4
-75 -39 7
-81 32 -23
-69 33 82
-65 -16 77
-45 -88 -11
-28 -32 17
-92 33 2
-49 -51 63
-66 5 75
24 -44 -12
40 -60 -96
-93 41 12
-52 0 95
0 -85 47
1 -66 98
-37 -82 2
-24 -19 -23
-88 72 -33
-83 79 -92
-21 -74 8
-26 26 -27
-100 9 -87
49 -91 -53
-4 -78 -85
-44 -13 89
-17 -1 10
87
-16 53 -79
49 0 -66
75 100 85
-43 67 -1
53 17 -84
65 -99 48
8 59 -26
35 62 -74
74 76 -5
66 55 27
90 30 100
29 15 -5
86 26 -45
71 9 -95
65 -74 -100
-35 77 43
85 6 -93
0 84 85
-50 92 -61
-2 56 -84
41 55 -2
49 84 28
-57 87 94
69 17 -81
3 67 61
49 2 74
82 84 -44
81 32 -77
96 95 -78
-3 54 -62
62 29 86
46 -37 61
39 -34 -7
25 -13 92
-5 95 33
12 96 -78
29 24 -49
37 34 68
99 82 22
62 -29 88
-46 96 -75
97 64 38
14 76 -52
65 -38 82
42 77 30
67 73 -7
36 91 64
-7 33 85
49 94 32
-38 98 3
97 -11 -21
83 64 -68
64 -59 -28
67 -99 -88
32 32 100
34 54 -40
92 -96 -99
83 -48 -28
70 59 -16
72 68 30
85 -59 -100
11 28 73
21 66 -67
9 -2 -15
31 70 19
21 71 -88
52 96 -4
52 -74 -39
35 -15 9
71 67 -21
-11 74 8
31 -38 -67
52 64 16
63 -2 51
1 58 -9
16 52 84
43 34 17
25 69 51
90 69 87
-17 58 -70
50 -68 99
89 -8 8
71 59 -70
99 -90 8
51 -34 -12
9 -4 -36
67 70 40
90
89 67 -71
22 -15 -99
31 98 4
-3 17 94
36 -94 -8
-12 85 -85
18 -32 -96
13 -49 54
98 15 74
37 -97 -58
86 -8 -74
9 88 36
99 -57 -3
23 -99 -19
50 99 97
14 -7 -44
60 80 -90
53 66 -48
79 67 62
74 22 84
55 79 64
33 51 13
6 29 -84
21 -24 97
100 -89 99
25 28 60
70 -2 9
63 -82 -37
20 83 -62
12 -21 67
-1 99 -86
58 -65 -68
37 98 7
100 -32 -60
32 74 -16
90 73 52
-3 30 23
47 -100 -20
87 -51 35
89 -58 22
9 13 -83
11 42 -62
94 86 19
15 38 74
100 -24 66
21 1 40
84 71 -5
12 29 -97
32 -24 -81
81 91 83
47 11 -17
33 72 42
81 25 -59
59 -43 -100
42 54 12
75 40 39
23 -2 -1
96 -58 -39
9 27 -93
70 -65 -85
70 77 19
20 19 88
-12 74 -4
37 78 25
10 74 67
22 -88 -59
76 61 -20
-6 93 82
-11 69 24
35 6 2
27 -13 -63
18 -10 -41
40 -75 -39
29 46 36
54 -28 -77
41 91 13
0 16 38
11 35 -94
47 100 -3
70 40 -63
45 91 29
9 71 -71
81 -79 43
2 -13 -69
40 19 72
-4 51 -27
10 -60 -74
94 -2 -19
47 40 64
93 18 45
110
-10 -93 -68
-16 89 -55
-68 50 3
-61 -64 -9
-28 2 -61
6 -54 -1
-85 -10 40
-44 -89 75
-93 -66 -74
1 -88 -10
-56 -2 -54
-99 60 -55
-95 -78 -4
-27 -51 59
-81 81 71
-48 -49 15
-21 -76 12
-63 38 56
-6 -53 35
-46 100 0
-33 2 38
-100 22 -32
-16 -22 -52
-38 -10 -78
-20 72 -93
-86 -75 57
-35 -19 -15
-19 -2 88
-63 -82 35
-66 -48 -87
-18 -99 75
-70 -86 -36
-97 39 42
-73 98 19
-57 -81 -65
-44 1 87
-70 -18 -100
-56 -15 39
-62 -5 -63
7 -94 -34
-26 -44 -36
-12 64 0
-29 -94 19
-44 -88 71
-58 -58 -98
-57 -63 -13
-71 61 97
-84 -32 54
-17 -8 60
-34 -94 -8
-75 74 -5
-89 -8 79
-93 9 97
-30 -62 68
-27 -99 25
-85 -91 -98
8 -61 -5
-4 10 -17
-37 -47 -32
-43 91 7
-64 -23 -57
-62 -40 -87
-14 -71 32
-36 38 -56
-18 -30 20
-48 -23 -40
-83 79 49
-69 -39 -30
-96 -72 74
-61 25 31
-69 2 -41
-32 0 99
-48 -28 18
-90 -59 54
3 -38 1
-10 31 51
-91 66 -75
-64 0 0
-81 -31 -97
-99 73 -35
-48 -88 46
-98 -49 15
-23 87 71
-100 77 63
-36 -14 79
-20 -12 42
-75 -9 93
-10 18 29
-40 -54 -25
-68 40 -87
-18 -49 -86
-12 16 0
-83 96 89
1 -89 47
-95 68 42
3 -37 12
-68 -5 63
-54 84 -22
-66 -41 95
-87 10 -95
-48 -55 95
-75 -63 51
-42 22 -41
-80 18 93
-51 -86 -7
-28 99 2
-34 -88 -89
-79 22 -48
-52 75 -53
-77 -7 82
110
69 -38 -61
-83 -74 32
-11 -76 84
27 9 97
25 -67 95
-81 -95 -51
-98 -39 -65
-6 -37 27
-73 -79 -78
41 -62 37
-75 -25 53
-1 -6 9
-2 -53 70
-45 -99 -92
-2 -32 84
46 -60 -1
24 2 32
25 -98 -78
-42 -13 -34
18 -81 99
-83 -66 23
42 -98 -19
50 -51 -80
-39 -31 -86
-22 -78 72
1 -70 -42
67 -54 32
51 -67 96
85 -82 62
4 -4 84
-67 -37 -91
-85 -39 -46
0 -44 96
-11 -23 12
-66 -52 -95
-90 -14 -80
44 -39 67
8 -6 81
17 -92 68
-55 -26 -65
-60 17 12
37 -62 70
10 -52 -95
-53 -51 61
-5 7 43
71 -89 90
46 -21 68
20 -81 57
87 -84 57
-33 -12 80
-50 0 28
-71 -55 57
62 -71 -35
-31 -84 -69
-75 -36 75
-73 -60 25
9 -33 -5
54 -45 91
100 -84 -81
-86 -65 86
-55 -40 -51
-81 8 30
38 -3 45
-77 -7 -48
100 -89 -42
3 0 33
-53 -27 76
0 -23 73
-10 -16 83
-91 -68 7
-50 -40 -77
-6 -50 87
-74 -52 -90
-99 -2 -13
24 -46 59
93 -65 -57
53 -16 9
-91 -80 71
-79 -30 -70
96 -22 78
-72 0 24
16 -77 28
94 -61 -29
-48 -52 -8
-78 -80 62
-97 -85 91
31 -53 62
9 -35 -40
-15 -6 60
100 -50 85
50 -82 -58
-38 -79 -93
14 -89 19
74 -4 63
-17 -95 -28
-84 -58 -45
-35 -59 -45
-27 -63 95
-2 -35 -4
30 -28 48
-99 -12 90
-89 -76 47
-95 -31 -17
68 6 83
-65 -3 48
32 -36 37
11 -48 49
-9 -35 0
-100 -74 -25
47 -69 -6
90
98 44 -3
6 87 45
17 51 39
-9 95 -29
-86 84 -7
-48 82 -64
49 50 -2
38 67 -26
48 39 -6
-12 31 -72
-2 86 56
77 37 -64
34 95 8
78 -12 22
-45 27 -48
-17 4 -77
-90 42 -54
-16 -7 -92
-63 43 2
-35 24 -7
-55 57 -92
-53 90 12
-30 95 -37
-22 55 55
-34 24 -92
-40 58 75
24 48 69
25 64 1
23 31 -15
96 92 -57
20 33 96
71 -6 -36
-75 47 64
15 88 24
-7 27 -21
-2 83 74
-60 74 79
-31 56 89
81 90 -64
-20 92 -33
78 17 70
-26 52 67
-41 43 -66
59 43 80
15 39 -85
-2 94 -27
60 12 -18
-23 71 -76
-39 41 86
97 60 -4
-2 31 -88
-17 28 -64
-31 29 -14
97 8 -19
82 -14 21
6 95 38
52 -22 -84
-46 97 7
-56 46 -26
-87 60 9
100 55 20
99 74 -73
-21 56 -37
-13 63 -14
57 21 -32
-70 35 -72
87 11 -88
-42 48 37
71 25 27
-18 72 79
-32 48 -74
-26 66 63
-33 36 -63
59 60 33
-13 84 -1
88 94 -77
-42 96 -78
-98 52 -46
-51 79 99
-5 37 -88
-13 49 84
-6 51 -15
67 89 43
-93 53 81
-88 52 60
51 100 -17
-76 44 59
72 -5 -54
81 99 -100
63 -1 50
99
-85 -89 -70
-79 -98 33
-37 -7 -43
-90 -26 2
-47 21 -49
-52 -46 -52
42 -80 -91
-56 42 16
17 -72 -51
-82 19 -79
-28 -81 46
-20 -59 39
-21 -90 -43
0 -20 -72
-72 -55 -14
-76 3 -77
-88 -25 -62
55 81 -88
-35 -90 -96
-97 -10 -86
-40 40 -6
-65 -31 69
45 22 -80
-13 1 -35
-35 19 14
10 57 -55
-56 24 -64
-41 -54 12
-73 -25 -94
-99 41 -25
-40 6 25
24 80 -89
-54 -68 31
8 -91 -78
47 -77 -77
-6 -99 -2
7 -23 -6
-69 -100 -77
27 -95 -71
-70 -30 19
-71 -84 -8
-98 10 -7
-50 60 -55
-28 -77 -61
-29 50 -82
-41 80 -12
59 51 -92
71 -22 -100
-52 -63 -19
-97 8 -69
-79 67 -90
-41 45 20
13 65 -70
10 17 -30
-67 66 -85
-78 65 -48
-55 48 -79
-72 -1 -45
-63 -82 -82
-27 47 -46
-6 -39 15
-71 -44 53
-55 -30 50
-84 90 43
-66 76 36
-99 97 -16
-7 37 -96
-16 82 -26
-67 48 -37
-67 6 -2
-15 59 -13
-80 87 -50
-76 -30 -68
-51 63 -64
48 -29 -85
52 10 -91
-31 -54 3
-68 -9 -40
-36 40 -36
25 -49 -94
-33 -57 8
78 41 -100
-15 -90 -97
-59 72 2
-32 -2 3
-100 -53 95
-43 90 0
32 -64 -29
-6 -45 -3
-54 -10 -43
-51 31 -72
-96 -1 23
-98 -59 95
-90 82 -11
-5 -18 -32
-6 86 -85
-19 72 -30
-93 59 -14
-78 -57 77
101
-61 55 89
61 100 85
-37 -33 83
41 -78 2
72 -91 64
10 21 14
27 -96 33
10 -32 76
-30 72 42
-30 62 66
-20 -17 26
94 44 -54
7 38 88
73 -35 43
5 75 61
-59 52 98
38 -78 9
3 -48 43
-12 32 97
23 25 18
-4 -13 94
35 92 74
-3 -44 34
-49 -41 74
6 93 -36
-26 -13 36
78 -8 49
71 77 41
-6 -76 97
-35 -50 83
-41 74 35
-44 30 100
0 53 89
25 -83 89
-58 -91 97
-43 -37 89
90 -15 -38
78 92 -11
-5 -85 100
-8 43 55
78 59 4
-30 61 65
13 62 24
-90 50 74
-51 96 89
-73 -23 92
52 86 -8
10 7 71
-47 68 60
-16 39 27
65 -40 86
95 -12 -88
37 90 99
49 60 72
70 93 -13
85 -86 -49
47 2 7
-58 93 42
91 71 91
3 74 7
5 61 25
23 8 78
81 31 -26
-1 55 42
26 -99 88
8 79 56
60 94 -88
-55 -8 67
87 -6 14
-1 -46 80
12 80 81
3 56 74
40 -35 67
83 -34 -61
95 -99 -57
62 49 -73
77 -99 83
50 42 99
-24 12 55
29 -6 71
68 27 -39
-59 35 53
99 14 -62
62 18 45
44 -87 62
1 49 26
49 -52 88
87 5 27
-63 -84 96
82 48 -69
64 36 -51
-33 82 70
71 -64 68
-98 40 84
84 42 -75
79 6 61
78 16 42
-33 84 23
87 -72 56
-45 100 92
88 24 -1
106
46 45 -39
24 -89 54
-23 23 82
32 22 74
4 15 0
-9 89 99
83 32 -57
14 95 3
63 84 12
72 41 87
64 58 54
-49 87 95
50 69 26
43 78 35
50 45 -45
92 7 -61
54 -38 -34
39 -90 93
9 61 38
64 52 95
53 -45 -30
69 28 27
78 91 51
94 -81 5
88 84 19
99 -28 29
92 81 -61
-21 -5 42
10 32 -2
-25 39 25
100 -82 50
18 -62 75
56 5 36
75 65 -33
57 -74 68
-49 10 99
79 42 54
-1 -96 63
23 -78 79
-5 69 -15
15 -21 31
41 86 14
3 -27 19
26 10 57
77 84 -100
92 -17 -41
88 78 78
60 -87 100
-31 4 35
59 -28 8
31 -86 91
41 -99 19
18 -27 62
25 -75 66
89 85 29
23 37 41
49 -53 -17
9 -13 19
68 -5 -7
95 58 -47
-43 69 44
98 100 -67
59 -93 23
-52 25 95
41 -97 65
70 -21 -14
-4 -54 84
77 0 -18
85 -67 70
29 25 24
16 -4 -6
-30 28 99
-62 51 44
20 13 2
9 98 -12
5 82 -29
-26 10 96
98 54 -21
13 -48 40
84 78 93
-38 -51 84
29 -29 97
73 40 40
41 23 -33
33 1 -17
-61 -16 92
29 -75 14
97 8 66
-21 34 89
98 64 36
-40 97 45
73 -89 -14
59 -80 7
14 98 97
66 -64 -20
57 65 -45
-79 61 64
87 90 -53
-40 98 57
55 20 19
-18 59 12
-73 39 64
92 -73 68
10 -82 97
100 -35 -59
14 48 50
94
-66 48 26
-83 -11 1
41 45 -74
48 -30 -44
-60 -46 -97
67 -29 -58
-83 68 38
-21 -59 -1
-92 -92 16
41 41 -62
-87 -14 -8
-82 -76 66
-41 -32 -75
-53 82 -81
3 -25 -37
-32 97 -97
-45 61 11
-92 62 -2
-71 -96 94
64 -87 -39
-85 -27 -84
-20 -13 -11
-27 -53 47
-7 -87 -81
-64 -89 85
-75 33 44
-19 -30 -23
-22 60 -20
-91 -38 73
-78 -99 -71
-19 -98 -50
-75 -17 -30
2 -18 -61
-18 -73 -63
-94 -64 -51
-36 -33 19
32 -11 -30
11 -54 -54
-72 27 -52
-71 2 31
-12 -95 -27
-13 -13 -50
-26 -6 -63
-74 -13 -55
62 7 -93
-91 36 10
-87 -44 -78
-28 -57 -94
-98 -96 14
33 58 -92
-98 -17 18
59 -41 -48
88 -96 -67
-19 39 -77
-100 -95 5
-51 -73 -30
-21 70 -32
-26 -4 -93
-80 48 -20
-47 -1 -64
-73 -94 0
-91 49 -28
-88 -78 18
13 -24 -65
-88 -92 -61
-15 86 -55
-7 -16 -28
-67 -35 73
5 -76 -56
-81 -31 25
-65 22 -82
-72 -85 43
22 -14 -45
-76 95 -48
33 24 -57
58 -9 -85
-67 54 -32
-75 -77 19
-70 98 -37
-18 -41 13
-85 42 -64
-41 -80 -43
-95 79 48
-79 62 -48
-84 -74 -65
25 87 -90
-60 -21 39
-3 -55 15
-72 25 48
-41 -69 -37
14 -98 -77
-26 -37 0
-65 -27 -3
-74 76 -76
101
26 48 24
-13 80 85
-64 96 -75
50 43 75
26 -32 100
87 52 64
-80 78 -78
-47 27 48
-63 63 43
16 42 63
38 36 -24
44 51 66
-91 91 -46
37 40 54
-49 -24 66
27 70 -34
38 42 64
65 67 67
-68 -44 31
-87 75 -68
-67 8 -28
58 -2 43
-16 19 92
-100 22 -54
-45 54 -48
86 1 85
55 100 -41
-2 10 15
-17 82 38
-76 83 -41
-80 88 63
-28 74 -87
-44 10 -22
65 28 26
31 68 68
42 23 17
-78 -15 89
-69 5 76
-93 33 -92
-65 -3 36
-22 19 27
-55 20 87
-49 42 -79
-61 23 -23
-78 -40 34
9 72 62
-61 95 0
36 15 36
-40 60 -45
69 100 -31
-55 15 -13
-15 51 72
31 22 -7
11 61 -13
62 -4 52
-3 7 12
4 66 -35
88 70 26
-91 23 -46
62 70 11
54 41 18
69 56 -32
-90 24 -12
-43 -54 100
-80 18 -59
-99 77 -36
-5 -56 84
59 95 -8
-49 33 -3
-91 23 70
95 100 78
-63 21 68
-85 -27 39
-14 23 -1
2 -34 75
28 17 7
76 49 35
1 59 -43
-80 2 -2
-51 -52 91
-69 32 -42
30 84 -26
-46 11 92
-5 37 99
3 57 -50
15 -10 29
-28 93 0
-87 4 86
4 99 -27
-48 -49 80
0 49 -19
84 49 41
64 52 43
34 82 -95
52 21 84
8 59 41
-98 -16 70
31 70 9
-80 54 -92
-46 20 12
-26 59 -47
99
-1 -92 61
51 61 -77
86 -66 -29
77 -89 -62
-50 -47 -95
47 -73 11
95 63 -94
-35 -10 -83
-88 12 -65
87 -62 3
36 -62 6
-9 -76 -93
-45 22 -65
12 -97 -8
52 -98 66
90 -75 92
-4 -33 -84
3 -28 38
-12 38 -71
-58 -69 -80
34 -60 -90
-47 -72 -47
-93 -82 -22
49 14 -5
-48 -45 5
48 33 -50
95 -55 65
61 -45 61
89 -96 -76
87 -36 59
-82 -2 -84
-60 -58 -89
-42 -2 -31
51 -80 -74
-85 -72 24
-16 -39 -44
95 27 -1
61 -73 -46
95 -30 -3
71 -15 25
65 -33 -97
-86 -75 -13
63 -51 -70
97 -90 47
99 29 12
70 -91 -7
2 -47 -28
99 -79 -78
-83 -84 37
-85 -100 66
-70 -50 -53
23 62 -92
-77 -79 65
-55 -81 36
-33 -64 53
-15 -7 -62
-85 -94 -28
31 -9 -88
-5 -14 -69
82 4 -32
34 -43 59
-31 -39 8
-43 -79 -69
-4 -22 -73
68 -36 -49
72 -60 79
53 -79 -18
71 5 -11
29 6 -85
44 25 -24
-68 -72 26
94 -60 84
-53 -56 -57
-97 -54 -53
31 -17 18
88 -55 85
61 -14 -10
51 10 -53
98 -59 30
-45 -73 74
91 -42 -45
99 39 -62
-47 -99 -10
80 -87 21
8 -81 48
-68 -91 -94
-13 -93 -5
26 -71 -63
-75 -57 41
61 -3 -10
-47 -49 -59
-96 -11 -76
-60 -41 -88
62 17 10
-55 -97 -7
-50 -93 82
-93 -33 -89
48 -81 -55
-32 -91 -46
88
61 27 -2
-28 94 -93
72 16 -89
52 -32 3
-81 -72 7
39 -21 -93
-64 52 -100
95 -73 -36
-75 21 -47
19 17 -15
-68 -60 -2
-80 10 -44
-87 48 -74
51 -69 -88
-34 11 -86
-58 -58 -41
27 -4 -59
8 76 -95
64 -39 -9
22 -86 -69
90 -59 -91
-1 51 -85
95 60 -83
82 23 -71
-28 -80 -74
29 59 -61
-24 -2 -70
42 -45 -51
7 -7 -93
-53 -63 17
-85 -82 -61
-56 -59 -91
20 -37 -13
50 -1 -57
29 34 -71
72 33 -80
-61 -43 -29
36 69 -76
-25 65 -53
-28 12 -62
57 20 -6
-78 22 -100
-80 -7 -24
-2 32 -87
61 33 -62
-82 -50 -15
-4 -55 16
-16 -78 -78
90 25 -38
13 96 -90
5 41 -42
-32 -50 -37
75 65 -35
-61 -13 -32
90 -42 3
85 29 -69
36 1 -16
78 -75 53
96 -28 -37
22 -39 -29
-45 -25 -31
-47 85 -64
21 -49 -87
-96 -69 -93
-75 -40 -72
76 73 -68
48 -31 -27
6 -6 -22
-55 75 -70
32 85 -42
-71 -64 13
-89 -63 -73
3 35 -54
-97 -1 -41
-96 -99 4
39 -16 13
6 9 -51
-75 -37 -100
-21 -25 -36
94 -73 58
-6 -7 -38
-46 -26 -47
67 3 -9
76 -1 -27
5 -96 32
5 -41 -81
69 -98 -53
38 -22 -24
112
26 13 19
72 23 44
-54 -68 47
-97 -51 8
-51 69 -20
-37 49 80
-85 20 34
-27 -79 52
76 91 80
12 29 28
-31 66 -21
-16 23 56
-34 -34 43
-66 4 85
37 -21 75
15 74 44
-29 -38 19
-18 10 40
-100 -23 88
48 98 21
-13 29 55
81 71 98
8 18 6
-62 -92 41
93 42 91
75 79 19
-64 56 -1
-30 84 52
-89 8 -20
30 88 90
-52 91 -2
-53 -3 41
-95 45 29
22 10 47
12 54 38
21 74 22
-78 85 80
3 -35 67
-8 85 81
-81 30 -33
11 35 62
-26 -11 99
46 12 83
-58 -44 82
-78 85 16
-99 7 99
-79 26 28
-11 87 -37
-100 -75 20
-4 36 27
-56 -69 89
78 6 53
75 48 59
-70 -96 50
88 97 20
-4 3 91
40 -5 55
67 94 -13
80 4 70
-83 -15 24
18 3 24
53 99 69
-31 -67 91
-59 -80 38
11 16 91
-49 -44 16
-32 62 54
-26 9 43
48 77 96
-29 29 95
-60 48 78
81 39 98
-41 1 19
35 -68 77
-3 11 77
29 19 80
6 0 18
-47 18 18
-33 77 70
-100 87 16
-76 96 100
85 81 69
-10 87 14
24 88 0
-61 15 -25
42 10 47
-25 -45 54
-6 -55 59
-88 -2 43
-52 -82 94
-89 -41 81
26 83 18
-99 14 -8
-41 19 38
-13 63 33
89 74 100
12 10 91
26 -60 40
-8 36 72
-76 32 47
-95 -30 20
-88 14 65
-98 -7 51
16 5 38
-7 58 -28
-72 -63 62
-63 29 -2
-91 4 80
-69 86 70
-22 40 70
54 -71 95
26 -3 40
89
-52 -98 -99
66 -66 -59
-90 -16 78
-94 -56 4
17 -8 -44
19 -82 49
91 -29 -9
62 -61 -88
75 -60 85
-88 -100 -32
98 -78 -34
-47 -9 -16
53 -19 5
-57 -85 -67
-8 -39 29
-9 -13 -32
-5 -16 16
57 -52 -80
-15 -12 -95
72 -98 -61
43 -77 13
-1 -38 45
87 -77 87
-36 -77 38
77 -69 -40
-38 -80 79
-94 -10 -24
-74 -44 59
-69 -24 -88
84 -33 -33
-10 -78 53
38 -51 59
-4 -6 51
78 -25 77
-75 4 34
-58 -3 -33
-70 -93 -38
40 -54 65
50 -100 -22
-48 -12 27
32 -73 31
-37 -49 65
-64 -49 -48
-13 -22 -75
72 -25 -43
40 -83 73
92 -77 6
11 -86 -62
62 -91 29
-59 -37 -79
65 -46 -56
-30 -25 54
-5 -49 -69
53 -64 91
-95 -56 76
4 -91 -49
35 -85 64
-20 -41 62
-62 -65 7
65 -30 15
-77 -96 95
-29 -88 -38
-49 -63 16
16 -40 -30
-39 -96 -71
-50 -75 38
-58 4 -76
29 -50 30
0 -60 39
48 -67 -58
1 -90 -89
26 -38 -95
98 -83 -27
28 -14 -82
31 -37 -10
-14 -14 -100
-63 -7 -27
-1 -4 80
85 -52 47
-59 -76 -36
98 -43 97
-29 5 71
-51 -65 84
63 -93 58
-15 -46 60
-65 -72 85
-82 18 -44
-93 -88 14
63 -49 -3
111
27 -7 22
-48 92 45
58 97 -23
-39 76 -79
35 88 -62
49 62 -97
35 79 -13
84 56 98
40 49 80
-6 5 -77
-20 28 -77
-11 86 69
-27 98 69
-79 81 73
95 28 95
-40 82 -15
50 27 -18
84 57 -91
-47 11 53
-61 74 71
63 18 -2
7 79 -71
-42 73 90
40 6 46
19 47 -68
24 50 43
-24 22 -5
-34 11 -32
-16 31 15
17 22 17
89 64 76
32 91 -3
-55 93 32
-4 40 -65
-57 84 89
10 96 59
-11 53 -52
15 41 63
91 21 17
88 11 -44
-90 34 71
61 12 96
-12 2 16
-96 27 70
-12 70 -83
55 50 -76
67 -11 -80
88 27 -19
-35 80 70
43 40 -47
-41 39 -34
25 -7 44
-55 81 13
-38 35 -88
-44 83 -21
37 20 56
68 86 35
41 41 -24
5 100 65
15 20 -63
78 82 22
-30 60 -75
-74 27 -90
-14 5 80
26 31 -97
33 96 -27
70 23 -46
-44 12 96
-6 99 0
-77 60 9
6 69 86
80 -11 9
84 30 22
100 14 -100
80 -17 -29
79 -9 -74
45 60 -61
-30 59 3
-28 47 -23
-65 77 37
47 56 70
69 45 -96
-75 23 -55
53 -4 51
66 18 -53
-2 69 -26
-48 95 48
-2 96 85
64 12 -55
-67 23 100
-38 23 75
100 -25 -30
72 62 -58
-27 60 -100
-93 23 -38
-48 56 35
-98 68 -43
77 18 -17
36 65 6
70 38 -72
24 72 -68
-47 85 -67
40 22 -81
-10 59 12
42 92 -95
-61 84 81
3 7 2
-18 8 -6
-35 79 99
88 58 65
-1 20 72
99
90 -92 55
-79 16 99
-14 -56 98
-29 -78 32
-61 -10 88
-74 -53 52
-18 30 87
33 74 96
-63 95 11
-64 -70 55
84 1 78
-97 92 83
-24 -77 12
-72 -23 45
39 13 76
-79 61 17
-62 -88 83
3 -85 74
-65 -59 98
39 -49 72
-40 -99 51
86 -55 97
-71 -95 19
-89 -42 -16
-2 30 31
-69 61 -23
-76 95 48
-1 -23 39
-49 96 44
5 -70 19
46 2 67
96 -84 71
-18 45 74
13 78 96
36 -71 41
66 -50 29
2 84 86
-23 77 47
-87 -8 47
-8 -67 93
-53 56 3
1 89 24
-91 -24 75
-67 -32 2
-43 38 49
16 -55 33
-73 93 59
-96 13 16
76 12 66
-12 12 53
-32 -10 59
-11 -32 51
-58 -27 5
47 -1 57
-74 -15 67
-99 52 23
11 -59 91
49 3 51
74 66 58
40 -6 92
72 -54 43
-6 57 34
-16 -83 23
-32 -39 54
-75 2 57
-75 -99 69
0 20 8
-21 83 18
-80 55 64
14 -52 20
-53 33 38
21 -100 49
-26 -76 8
88 -76 62
90 -94 43
-23 27 43
-67 33 67
-72 -49 92
-62 91 49
-27 43 27
6 19 29
-38 -93 94
-77 17 -30
-67 0 95
32 -70 62
-6 49 49
73 46 72
-73 -93 79
-60 90 -20
-58 -69 42
-55 -85 92
-61 47 72
-94 -11 -34
-14 5 60
-43 32 17
-11 -24 23
-70 6 -8
47 -9 45
-69 34 21
101
-25 18 -27
-55 31 -67
38 -66 -63
15 -10 -33
-48 16 -35
-87 -32 -58
-54 57 -74
-67 -11 -100
-56 -4 -74
47 -46 -85
66 -16 -89
16 13 -12
63 -84 7
36 -6 -25
33 91 -20
-80 -55 -86
-31 71 -71
70 57 -26
66 -31 -59
-28 -2 -54
41 -41 4
29 26 -32
-41 46 -37
-76 27 -77
-20 15 -50
42 93 -74
44 -35 -52
0 -97 -31
-21 9 -45
30 -87 -15
99 9 37
42 -54 -5
12 90 10
10 -79 -46
-67 -29 -92
-53 -31 -86
88 -2 -26
-58 78 -63
87 -5 32
-41 -59 -43
-55 -12 -24
-29 46 -72
68 9 20
14 -99 3
39 35 4
93 87 -8
74 -10 -79
-51 -50 -53
74 -17 15
-24 54 -90
-46 -29 -30
75 86 -79
76 31 -56
-71 -27 -70
22 90 -25
73 -14 -52
-52 66 -77
99 -57 -68
-28 45 -56
-38 -25 -31
78 -53 5
79 -16 -18
-39 -61 -67
-57 -69 -44
93 100 -50
0 -88 -25
19 90 -28
-26 60 -94
22 -7 -76
-69 -51 -91
6 -26 -19
64 97 25
88 -75 7
6 -54 -39
-31 60 -40
76 52 17
93 20 41
54 76 -85
86 39 -89
10 27 -64
67 83 -68
81 -83 -75
90 76 -41
-53 -28 -46
-91 -16 -48
-58 -38 -47
58 3 5
-66 -58 -70
71 81 -54
52 -46 -76
87 83 -86
86 2 -3
82 -8 -13
-39 34 -32
53 80 -17
44 69 -70
-35 -30 -16
56 -87 5
20 -1 -90
95 -27 -64
-1 -13 -50
112
-54 -61 97
-60 -22 75
91 -18 78
-13 24 22
-19 47 58
12 -70 -22
62 -33 28
-6 -52 -3
-94 -56 -14
53 29 51
-78 70 80
48 -20 6
-68 -30 89
-83 -89 6
-4 -45 4
43 -89 -2
8 -66 76
-86 -33 -55
-86 -42 -9
-90 -86 3
-34 10 8
70 -48 20
-33 -70 -66
-56 60 71
11 -67 99
-52 -54 -22
56 -84 -19
-25 -67 11
-65 -17 69
-95 -93 50
-88 -39 20
66 -44 0
63 -91 73
84 34 85
-47 -50 92
-39 -11 41
93 -39 85
9 -5 6
83 -72 91
9 34 74
-91 43 59
50 -51 2
-57 -51 0
-89 92 62
82 60 99
7 -90 43
-82 56 94
-76 57 77
-77 -20 88
-79 -65 -49
-49 -90 24
-26 -5 -4
-53 -69 -48
-8 62 67
-89 44 73
-47 -87 -7
-1 -90 -26
52 -91 12
-86 -100 -83
81 -65 3
-46 -54 98
-74 87 64
-33 -58 92
9 45 66
83 -4 75
17 -57 -32
-19 -47 14
33 -30 57
-57 27 92
-100 -30 2
-67 37 45
1 7 43
66 -27 17
-20 -64 90
-16 -69 -5
-83 -67 -78
12 -16 29
-71 82 53
-28 -48 73
-69 -58 21
17 -91 4
40 22 89
-82 26 38
21 -53 3
23 71 99
8 40 71
79 -93 30
-79 15 28
-40 -16 -22
-10 -94 99
-62 -30 41
-12 -94 -1
67 14 90
-13 -7 97
-84 26 -7
-82 -3 58
46 -95 44
-90 -82 -2
-92 -44 18
50 -6 25
99 -40 89
-22 -3 77
-14 -72 55
77 -62 73
-76 98 79
48 28 52
57 56 99
40 -65 9
-88 -98 54
-55 59 87
-25 -4 4
-82 -61 -53
88
35 -35 -30
61 77 35
60 7 -38
-19 89 -92
90 -50 -62
-72 65 -74
79 37 46
53 77 53
-78 98 41
40 -33 -95
16 -19 -78
-87 98 -94
4 -81 -97
96 81 69
9 -23 -30
-70 68 -12
-93 94 53
34 4 -4
63 -40 -38
94 -15 -4
4 45 23
25 75 -10
31 67 17
-67 72 24
3 84 -5
99 -4 5
7 44 -15
80 -32 -41
-30 81 -82
18 -19 -60
54 32 -30
-66 80 20
46 -49 -94
-49 84 -66
92 1 -35
56 14 -20
76 -27 -77
34 -78 -78
87 -94 -99
-44 100 -100
-92 -1 -72
99 -13 -49
50 44 -39
-15 36 -26
90 67 -48
28 38 -62
79 90 99
-98 9 -45
-71 14 -48
-35 -55 -96
-6 -2 -17
0 -38 -67
70 -53 -36
67 -76 -50
24 -15 -99
-22 94 46
68 71 -60
66 54 70
-64 60 -26
88 89 -82
-25 100 -35
15 100 36
-46 100 53
21 66 -44
-10 96 -57
4 69 41
67 28 22
28 -13 -52
71 17 -71
-36 93 -50
87 59 28
-17 -3 -49
9 87 25
-88 14 -89
-80 68 -43
82 79 -9
88 47 -19
34 64 57
-74 82 -47
85 -23 -91
-7 -3 -27
68 -5 -17
56 -67 -70
88 67 44
44 44 -25
33 -59 -74
-62 69 -85
61 43 -88
99
77 -28 20
47 25 -51
16 15 -54
59 -49 71
54 45 -100
-54 -29 -28
66 -65 -38
97 -76 14
-99 -100 -66
61 -28 -36
-45 -15 3
-79 -3 -51
65 8 -61
100 -82 11
-37 -76 -20
-99 -71 15
5 -20 9
-42 -28 -1
28 16 -92
24 -12 -1
30 -94 82
89 -85 -68
45 -77 5
-7 -36 -95
-27 -79 44
96 -64 96
-38 -51 42
17 -57 -58
98 -94 -82
96 -48 77
-16 -54 -20
-54 -97 -73
18 -31 -59
-82 -95 72
32 -61 -83
-89 -74 -57
7 -86 -25
-21 -72 47
14 46 -85
56 -68 37
27 -27 -47
0 -9 -42
-68 30 -97
13 -91 30
47 -33 45
18 -41 -82
-81 -59 24
-23 -47 -29
1 -64 51
85 -55 78
-21 -84 -27
52 -16 -18
71 36 -62
-4 -86 -53
68 15 -67
79 34 -74
-39 -47 43
-42 -77 -22
-84 -11 -48
100 8 -79
31 -14 25
68 -61 -33
3 -19 -18
-8 -53 -22
88 -65 -43
85 -90 60
-9 -61 22
-67 -11 -14
-10 -17 -29
-32 -33 -69
78 -55 60
76 -11 -16
-40 -83 39
-18 -25 -56
57 16 -17
-21 -65 86
29 -32 -76
-83 4 -81
77 -71 -41
-40 -61 -74
99 -55 32
-11 -66 -27
72 13 -42
69 -5 -71
-92 -72 40
-87 -9 -99
-27 17 -68
-64 37 -84
43 -5 -56
22 47 -93
-27 -75 83
60 -1 -51
43 6 -15
-64 -65 -34
75 -48 -42
-86 -89 -26
-29 -33 -55
85 10 -8
31 -20 -18
101
-7 -20 43
-86 91 35
25 33 47
-36 69 -95
-74 21 59
-28 -21 46
0 60 96
-44 70 89
-49 94 55
-79 44 20
-56 9 5
6 60 -36
-49 56 -62
-91 1 56
-68 73 18
-4 74 -77
35 39 31
-66 1 23
-35 2 2
-57 51 71
-99 33 -7
19 80 -33
-77 88 -57
-2 67 53
-71 5 18
-63 -56 76
31 14 55
53 80 -95
-11 99 64
-64 -25 85
55 -13 85
-12 92 -79
-87 22 -15
36 72 72
-9 17 74
46 31 30
30 77 -16
-78 73 -53
90 84 -27
72 46 23
-17 65 -50
-78 -8 65
-20 14 38
-46 -1 11
70 67 -53
-6 58 30
-92 88 94
-32 70 32
79 54 77
56 83 43
-4 17 86
-74 -24 73
70 72 87
-43 93 7
100 71 91
-75 82 -57
96 36 34
81 12 60
-60 -52 71
-37 79 15
-56 -65 78
-73 79 99
-56 24 -16
29 5 96
-12 58 -23
70 98 25
19 2 0
-95 6 -4
65 9 8
-65 27 75
-55 27 58
7 92 27
32 57 86
90 42 12
64 59 66
34 36 95
43 46 85
-49 40 6
-69 100 -98
-10 -43 95
67 89 51
2 78 -58
29 75 -13
-43 -14 27
-68 -24 95
86 66 -49
80 -18 90
-20 84 67
-81 43 -79
-70 -33 43
-75 82 -9
31 -16 72
39 57 97
-30 60 52
56 79 -6
27 65 -21
94 46 -4
-14 20 49
-6 46 -20
-91 92 76
27 51 49
104
-47 52 97
-54 -3 -8
11 73 13
-30 64 -62
-23 44 -81
-21 21 -20
-10 8 16
-98 78 -21
11 55 67
-94 28 -28
-29 19 65
-70 54 22
23 94 -71
-62 97 57
-32 87 -66
-43 27 -56
-90 55 -60
25 92 -4
29 41 80
-96 21 33
-38 0 -91
-3 91 -93
-64 -52 34
-70 37 -83
-99 47 22
-12 1 -96
-33 5 25
51 81 69
-73 -14 -99
-50 49 1
-91 96 -58
-84 82 -10
-97 -8 -56
-93 60 -1
-49 -13 16
-48 -13 -86
4 -4 -91
-89 32 65
-29 66 31
-66 65 9
49 99 81
-33 77 -94
-72 49 -60
47 89 93
-100 20 -35
-71 -57 27
-69 -49 -34
-96 98 -46
-89 100 86
-5 63 -21
-17 53 7
-74 -64 15
-3 49 83
-45 48 31
23 69 98
43 67 -24
10 70 -50
-74 46 -14
-54 -4 -17
-28 57 -48
23 33 48
-92 -77 -46
26 93 1
38 74 -33
-98 69 95
-22 -11 -74
-40 93 -12
-36 19 -20
9 64 45
26 66 -37
-30 -20 7
2 80 51
-66 -8 85
-1 52 27
-33 30 -79
-16 14 0
47 85 80
-46 -20 72
43 58 -80
-7 92 12
-73 -10 -86
6 66 63
-94 -37 -3
48 64 91
-71 -66 -78
-57 39 -51
-77 -62 43
-17 60 76
-10 30 11
-78 59 45
-56 26 -78
-37 39 98
-72 -12 -58
-81 -63 -46
-65 0 -8
36 78 28
-35 44 -51
-16 52 -80
-39 81 9
-47 50 -4
-53 88 -14
41 54 22
12 66 -48
-34 26 77
96
26 -63 68
-18 -83 91
26 13 -29
51 -57 20
100 15 -23
-27 -60 14
91 -7 -84
87 -11 13
-31 -53 43
91 -22 -27
30 5 -19
-13 -45 -96
50 34 25
-9 -53 40
39 -16 72
26 -56 -23
6 -18 -77
-58 -79 13
1 -89 -74
-32 -88 23
41 -96 44
33 -40 -70
46 -37 91
86 14 52
-16 -28 19
78 -24 -89
73 -17 21
1 -83 68
68 -81 -46
82 23 0
42 -82 13
-18 -97 -74
-1 -81 -95
80 -29 73
1 -39 -16
64 -6 -63
91 -22 53
-1 -74 51
-64 -78 -25
-24 -29 -55
97 49 74
-65 -99 -17
86 -69 26
-37 -83 -2
38 -57 70
33 -26 -80
99 -22 -83
-48 -76 16
62 -19 -22
91 64 81
80 -15 64
54 -65 74
41 7 68
69 -3 -19
50 44 81
-18 -27 -35
96 28 -88
26 -19 98
-51 -97 66
58 42 95
65 -56 -74
62 -7 80
61 62 83
63 -66 15
15 -74 72
-4 -59 50
-24 -31 -61
87 -85 96
89 89 85
54 6 -60
55 -23 -71
50 -6 10
72 -18 -2
86 -33 77
57 -80 -67
68 -94 33
81 -34 -9
-7 -78 54
90 -93 -80
17 15 92
50 -88 55
96 53 -67
38 -92 82
54 -68 -81
-42 -79 78
24 -22 84
30 -55 95
14 -10 20
17 -60 -83
7 -76 24
-10 -41 -76
83 39 -31
77 -48 9
25 -45 -24
42 20 71
-80 -82 53
103
-25 77 -57
22 14 -21
-54 69 56
-21 93 98
91 58 -100
-73 1 29
-42 61 -72
-57 46 86
16 66 -15
-34 26 -40
-82 53 12
49 68 -17
-38 -75 -57
-10 13 -100
-63 56 -4
50 41 -64
95 76 -35
-22 82 55
11 94 30
-79 -7 -36
-93 -23 -80
85 28 -82
19 12 -49
32 60 24
-45 82 -84
19 89 -57
-10 8 -35
-47 62 -46
-64 -22 45
22 52 8
-47 -67 -32
-57 36 -51
-52 91 -33
-6 -36 -53
-39 84 -56
-17 -85 -90
-6 42 -84
57 28 -73
71 73 -9
-83 -66 -19
4 -4 -35
-77 55 90
0 99 32
16 5 -91
-85 -3 12
-85 83 47
44 18 -75
-32 92 29
-92 -100 -41
41 34 -48
-82 29 43
25 44 -25
-29 16 21
-60 -91 -62
46 55 -29
-76 4 28
-93 -37 28
-34 -97 -88
-32 60 11
-95 13 -92
23 -26 -100
-28 5 18
62 90 -70
-77 7 58
-87 66 -91
-48 -34 -56
7 38 0
-76 -13 -79
-5 100 61
25 73 -33
-33 85 89
-13 37 26
-18 94 -87
82 68 -49
-98 -38 -100
81 69 -42
-64 0 4
-76 91 89
61 9 -81
76 93 -51
15 84 -54
-82 58 -64
-98 -22 14
-20 -68 -53
25 69 -22
39 2 -69
-89 5 9
82 84 -60
-59 40 99
-62 -16 26
-4 89 49
-37 64 0
15 88 43
-19 79 -18
-71 68 67
5 0 -8
-26 61 56
-91 97 -78
44 86 -46
69 96 1
-15 0 -100
-74 31 46
-53 -66 -21
97
48 24 84
89 -62 -24
61 76 53
68 -33 14
-18 65 88
-35 -61 14
38 58 47
19 -76 78
-3 -30 29
61 52 -7
73 -76 -29
85 57 62
6 -28 35
85 -67 -63
54 -66 -57
5 -79 49
51 94 74
70 -29 96
6 40 83
-40 -50 76
91 55 60
84 -91 81
-65 -8 93
4 -33 45
63 -82 -1
77 -11 100
94 58 38
87 -53 -54
-49 -17 38
93 77 -5
37 39 13
87 -89 -36
12 -60 36
100 71 -9
96 -79 24
33 -37 51
100 -95 27
48 -55 86
89 -60 57
13 23 72
-27 -95 85
-7 -25 82
84 -57 -84
-70 -56 57
72 -55 -81
28 -9 30
100 7 -67
57 -1 49
-35 -13 30
67 78 91
-41 -48 34
35 -27 100
94 29 -54
44 -2 -45
50 22 21
-3 -50 -18
-3 -45 95
5 -51 23
1 22 47
-18 36 84
-59 -68 84
-27 29 90
41 -15 -40
13 37 23
14 -91 -10
-53 -18 70
-15 -73 -24
25 -60 88
26 6 87
-52 -64 55
6 0 15
46 47 97
58 -58 -86
84 54 23
90 -47 6
90 29 62
26 77 48
45 78 95
-8 -57 28
38 -39 -15
25 -56 12
-7 9 67
83 76 69
-40 14 81
74 27 -49
55 -12 6
25 -5 -16
-46 -44 44
53 -71 -80
54 34 9
10 -29 17
-14 -84 84
77 74 61
33 78 67
6 -56 -25
28 4 46
95 -53 -19
90
75 -98 -90
2 6 7
-4 3 88
-5 87 -65
-24 88 -23
59 75 -31
92 88 36
85 -67 -71
45 5 54
87 49 15
47 -99 -80
92 42 -40
88 48 98
41 49 72
67 -19 -29
38 -15 19
91 78 -27
-1 36 -24
92 23 -77
89 -87 72
80 83 -13
20 -19 98
30 2 100
9 21 5
38 60 69
-28 100 55
75 -98 -51
-29 96 88
42 -92 -84
95 8 -4
58 43 -87
46 99 53
-7 74 55
-8 90 43
80 65 -66
98 -83 -98
59 25 45
22 -30 -7
79 -95 -95
59 4 17
59 -33 78
93 -9 15
-22 98 -94
73 -31 -74
20 7 71
7 11 14
57 24 16
44 34 23
53 80 -1
11 69 44
49 62 -22
94 67 -63
84 26 -51
27 79 -81
92 77 -76
24 -11 -58
-15 77 20
24 -21 -51
23 56 -72
65 -42 66
59 22 -69
70 26 -8
86 74 -27
96 -92 23
79 -66 -13
1 48 -56
6 31 -13
38 -49 63
76 -59 24
99 87 -18
21 -3 3
46 -83 62
9 98 -83
65 93 -8
83 -11 -89
85 92 15
-19 88 75
69 19 96
31 -74 -64
93 -92 25
55 64 7
90 48 -2
-12 99 31
72 -48 -77
47 29 26
70 -75 -7
-23 65 91
25 70 83
42 -24 52
28 98 -96
110
-99 -8 -18
-64 93 -17
-87 16 94
-4 -6 61
-28 75 6
19 -92 86
-49 75 12
-47 -53 24
-74 69 98
-47 -23 72
-27 -32 9
-92 -48 42
-48 35 -30
-89 -24 -90
-29 -48 79
-82 5 -45
10 -34 -44
-49 -30 72
14 -39 -68
-87 1 -59
-64 -61 -45
-93 49 21
-87 -21 -47
0 -20 24
-81 29 -43
-81 88 28
-26 -48 89
-44 90 48
-84 -62 -62
-32 30 -5
-77 0 74
-70 19 62
31 -90 -12
-32 52 -4
-16 -4 54
-76 88 34
-26 13 -34
-29 -14 -85
-46 38 -87
-24 -12 -18
-35 -6 39
-18 -28 -6
-63 44 80
-97 2 -67
-17 -35 88
-90 -93 -22
-25 -17 17
-37 -17 33
-11 -2 -74
-72 80 -51
22 -83 43
-48 71 -56
-65 -10 1
-78 -91 56
-11 16 -34
-15 -32 98
12 -54 27
-47 -80 -36
-53 -95 55
-86 6 62
-12 -22 71
-90 19 -84
9 -97 -66
-44 -35 -19
-4 -25 87
-94 71 -14
-57 31 -96
-91 -61 58
-57 -4 74
-8 -3 -96
-33 43 -71
-97 -84 18
-55 2 -55
-50 -49 -4
-96 -40 -15
12 -47 81
-65 78 -91
-15 -50 16
-37 -7 -88
-83 60 56
-54 63 22
14 -93 -77
-26 72 -18
-45 88 46
11 -79 -85
-27 -62 25
-26 -43 66
-70 6 51
-13 21 -9
-89 -1 25
-51 100 -78
-7 -76 -71
-41 -20 11
-91 23 -42
-17 21 -55
-83 -21 -88
8 -60 -38
-96 83 -65
-5 -13 -17
-44 46 -70
-77 55 4
-24 2 67
-45 93 86
-32 -79 -64
-37 -53 95
-41 28 -79
-5 -29 80
-40 -43 81
1 -6 -17
-74 58 30
-1 -1
