500
-754 4803 2438 BAA
9842 1260 4957 BAB
-5614 7810 4799 BAC
-8650 932 4343 BAD
7364 7775 5346 BAE
-3459 -8842 4746 BAF
6455 6858 4712 BAG
-6482 -1748 3362 BAH
-679 3589 1832 BAI
-4768 -7874 4593 BAJ
-6385 7985 5101 BBA
9402 2507 4859 BBB
8530 -3672 4640 BBC
3510 4332 2791 BBD
-5304 7156 4446 BBE
-4786 4500 3287 BBF
-5669 -5562 3965 BBG
2227 2077 1525 BBH
8972 -2596 4664 BBI
3643 -7503 4163 BBJ
-7498 9620 6100 BCA
2520 -5244 2908 BCB
5949 -5585 4080 BCC
5195 43 2591 BCD
-5026 7369 4458 BCE
-2822 7023 3786 BCF
-8765 1236 4429 BCG
6602 9803 5914 BCH
5817 8341 5092 BCI
-1524 -1547 1084 BCJ
-6121 2236 3254 BDA
4048 8548 4737 BDB
-1720 -6581 3400 BDC
6969 4057 4032 BDD
-8366 4571 4757 BDE
6871 -5812 4497 BDF
4827 -7756 4574 BDG
9794 2850 5105 BDH
8954 7642 5876 BDI
2146 -4945 2695 BDJ
-8349 -9939 6488 BEA
6140 9138 5495 BEB
-9772 9763 6902 BEC
-8247 -582 4125 BED
-1219 4516 2332 BEE
7120 3178 3897 BEF
6201 -1391 3184 BEG
6946 7976 5297 BEH
8042 -8291 5783 BEI
-2386 -7221 3809 BEJ
3797 2845 2379 BFA
3316 -5627 3267 BFB
-9814 1876 4991 BFC
8630 4494 4867 BFD
-6118 1024 3091 BFE
-6806 7747 5152 BFF
324 -2190 1100 BFG
-5474 2820 3080 BFH
7483 -2396 3938 BFI
1650 6973 3573 BFJ
3689 -8418 4591 BGA
-1440 -7926 4035 BGB
7855 -9125 6026 BGC
807 -3721 1895 BGD
5178 7371 4511 BGE
-5809 -9778 5696 BGF
1593 -4228 2252 BGG
-694 -1514 827 BGH
9844 6577 5921 BGI
-3354 -5536 3237 BGJ
-5114 5884 3898 BHA
-1530 -8131 4146 BHB
-9842 -7925 6317 BHC
-7396 -6107 4790 BHD
5438 8986 5246 BHE
-7360 8467 5606 BHF
5736 -3349 3327 BHG
5776 -7029 4552 BHH
9522 -3328 5035 BHI
-7442 3100 4025 BHJ
-4738 -7188 4311 BIA
-2828 -7099 3815 BIB
4275 -2087 2376 BIC
-2007 277 1022 BID
6681 -8309 5332 BIE
3047 9920 5193 BIF
1674 3319 1856 BIG
-9897 7395 6187 BIH
277 5302 2645 BII
8088 4412 4603 BIJ
-8882 -7943 5949 BJA
-3204 5328 3098 BJB
-9138 5955 5446 BJC
-8440 9068 6184 BJD
-3661 6570 3769 BJE
-3555 9804 5215 BJF
-7366 9125 5871 BJG
-707 1483 823 BJH
270 766 404 BJI
8217 -1516 4185 BJJ
7629 1704 3913 CAA
-1172 -6696 3402 CAB
-3753 -7056 3989 CAC
-6027 -2332 3232 CAD
5277 -7761 4685 CAE
-6559 3988 3828 CAF
5037 5131 3603 CAG
3548 9470 5056 CAH
-3083 6452 3580 CAI
-3271 513 1661 CAJ
-8737 3643 4726 CBA
1334 7927 4027 CBB
-6279 1850 3271 CBC
-9733 6767 5928 CBD
-9753 -7731 6227 CBE
2654 9226 4801 CBF
9990 -9187 6796 CBG
1883 3717 2082 CBH
1024 -4427 2265 CBI
2435 -731 1273 CBJ
6804 -7536 5073 CCA
-5073 -9813 5515 CCB
4340 7026 4120 CCC
2661 9008 4703 CCD
-8272 3976 4580 CCE
9506 -7052 5921 CCF
-1495 -5151 2675 CCG
-1640 6990 3595 CCH
5533 -5192 3796 CCI
6853 5841 4509 CCJ
6307 2770 3445 CDA
5681 -6468 4308 CDB
-661 -5265 2651 CDC
3084 39 1546 CDD
5068 -6749 4215 CDE
-9760 -7185 6063 CDF
-9385 -4428 5186 CDG
-1076 5270 2686 CDH
9010 9474 6547 CDI
-5135 -2783 2911 CDJ
-4623 3786 2977 CEA
8716 -6088 5315 CEB
-4440 -8184 4657 CEC
1286 -7459 3788 CED
1547 -8773 4455 CEE
-2512 -4491 2565 CEF
-4456 -1157 2296 CEG
-7225 5311 4478 CEH
-5114 6233 4035 CEI
-1306 -1878 1148 CEJ
-4027 -5225 3295 CFA
-6285 8816 5415 CFB
-6503 -8075 5178 CFC
-5651 -3358 3296 CFD
-3240 4935 2949 CFE
5422 -829 2738 CFF
410 2224 1123 CFG
-1022 7616 3842 CFH
-6789 7616 5097 CFI
-2750 -5880 3239 CFJ
-5641 -7907 4858 CGA
4843 1823 2597 CGB
6453 -7724 5026 CGC
4817 -5160 3526 CGD
4636 -5519 3608 CGE
7424 -7378 5235 CGF
-3399 7672 4202 CGG
-2014 -5804 3061 CGH
-1518 1965 1231 CGI
1524 -9804 4950 CGJ
-6161 -1788 3202 CHA
7276 -4295 4224 CHB
2029 -5628 2990 CHC
-8981 2183 4621 CHD
-400 -7349 3685 CHE
3317 -9121 4858 CHF
-6952 3491 3894 CHG
7575 -2035 3919 CHH
-8665 -417 4339 CHI
-2613 -4901 2777 CHJ
-4616 -8672 4920 CIA
-1746 -9584 4878 CIB
6576 -8396 5341 CIC
216 -9854 4924 CID
-8420 5955 5166 CIE
1527 -6144 3165 CIF
-6348 -1339 3240 CIG
6005 2533 3264 CIH
-1404 6187 3163 CII
-5229 -5879 3942 CIJ
-1464 -3225 1762 CJA
3444 -5843 3391 CJB
9753 -5336 5549 CJC
6255 3967 3694 CJD
6899 -4801 4211 CJE
310 7545 3785 CJF
22 -7902 3953 CJG
2112 -4596 2539 CJH
7314 -9126 5849 CJI
-7200 -2512 3809 CJJ
8363 -8905 6114 DAA
-1381 3587 1925 DAB
-1474 -3886 2085 DAC
2666 6560 3533 DAD
-9145 5562 5361 DAE
9420 3527 5031 DAF
6803 -9370 5784 DAG
-3490 8011 4370 DAH
-944 -7261 3665 DAI
-737 -9474 4746 DAJ
1025 -7963 4010 DBA
-6014 -3502 3486 DBB
-4986 2565 2794 DBC
-9800 -6757 5953 DBD
-7708 -5341 4678 DBE
-9880 4531 5428 DBF
-9370 8431 6309 DBG
-9113 -7359 5848 DBH
-7767 7782 5497 DBI
-2480 8048 4210 DBJ
8511 -5527 5073 DCA
-7 9396 4688 DCB
-9831 2081 5015 DCC
2227 3411 2029 DCD
1340 2413 1386 DCE
661 -8652 4334 DCF
6489 2289 3430 DCG
1687 2461 1494 DCH
3896 -3260 2544 DCI
-7426 -4817 4431 DCJ
-5155 1914 2742 DDA
-339 -9250 4629 DDB
424 -3491 1750 DDC
-2659 9252 4803 DDD
-9410 -370 4698 DDE
-6046 768 3053 DDF
-9601 6949 5924 DDG
2331 2429 1677 DDH
-1474 6474 3326 DDI
-4086 -1020 2115 DDJ
6985 439 3490 DEA
5834 -248 2912 DEB
-1469 -9901 5008 DEC
8272 -5875 5083 DED
8031 4089 4508 DEE
-9635 -6191 5730 DEF
8994 -1786 4580 DEG
-4442 4188 3044 DEH
-9082 -8369 6182 DEI
-6512 -3196 3622 DEJ
9544 -9721 6813 DFA
2566 -9500 4927 DFB
-7874 5753 4868 DFC
-3022 2127 1852 DFD
-7322 3346 4015 DFE
-6733 -6267 4595 DFF
-2242 -5922 3176 DFG
8090 -5370 4856 DFH
-3066 5502 3140 DFI
-7986 -9051 6025 DFJ
5495 2511 3011 DGA
2668 2105 1702 DGB
-5897 -561 2957 DGC
-2046 -2944 1798 DGD
2688 4330 2555 DGE
-5939 -3895 3553 DGF
-5825 -7797 4868 DGG
9515 -7411 6025 DGH
-8888 -6540 5525 DGI
8482 -762 4258 DGJ
4161 1067 2152 DHA
-8113 -2948 4309 DHB
3739 -3991 2740 DHC
-5547 -1987 2948 DHD
-3295 8091 4360 DHE
-6724 -3612 3815 DHF
-1907 8653 4428 DHG
1024 -5984 3041 DHH
-8478 1034 4278 DHI
-4532 7032 4173 DHJ
3167 9618 5062 DIA
-4946 -4960 3498 DIB
-3238 3258 2301 DIC
-7500 -2270 3916 DID
4416 9861 5397 DIE
973 3742 1933 DIF
9559 -7970 6214 DIG
-4783 -750 2419 DIH
5067 2075 2741 DII
-3997 -4346 2955 DIJ
8276 9496 6301 DJA
-3245 -7555 4113 DJB
1132 -823 707 DJC
7998 893 4016 DJD
3775 608 1911 DJE
4089 4735 3127 DJF
-7918 -5986 4969 DJG
8109 3907 4492 DJH
7114 -1950 3683 DJI
-5261 5737 3886 DJJ
6677 607 3350 EAA
3350 5969 3419 EAB
-4013 5684 3469 EAC
2232 -3772 2192 EAD
-4593 -817 2325 EAE
-9572 2578 4961 EAF
8755 140 4383 EAG
4217 -9922 5385 EAH
4890 9418 5295 EAI
-7407 -4862 4428 EAJ
-971 7580 3828 EBA
3942 -430 1975 EBB
-7261 1277 3680 EBC
-8673 -5111 5029 EBD
-8628 -6373 5362 EBE
6355 2016 3342 EBF
6091 -9302 5553 EBG
2703 -8510 4455 EBH
8607 -1365 4348 EBI
6628 2309 3510 EBJ
8391 -459 4193 ECA
-4266 -5280 3399 ECB
-1432 8235 4174 ECC
7289 -3007 3946 ECD
-674 1736 932 ECE
1139 -3958 2059 ECF
-7656 4639 4475 ECG
6640 -9565 5813 ECH
-4803 5932 3814 ECI
7336 -5222 4505 ECJ
-3224 -8602 4586 EDA
4078 -2042 2279 EDB
-1815 -619 957 EDC
-2563 -2222 1703 EDD
8138 1701 4159 EDE
1107 8312 4194 EDF
-4283 -1966 2362 EDG
-5546 -6118 4130 EDH
-7025 6701 4849 EDI
-9980 -5096 5606 EDJ
784 5091 2583 EEA
6374 -9125 5569 EEB
8663 220 4324 EEC
-907 6891 3465 EED
-8933 4841 5078 EEE
-7948 -5800 4928 EEF
5475 -4272 3475 EEG
515 4750 2381 EEH
480 1028 566 EEI
-9732 -6046 5721 EEJ
-2066 4464 2463 EFA
-4977 7756 4616 EFB
-4914 1233 2525 EFC
6075 7693 4907 EFD
-3342 -5540 3238 EFE
-6292 7964 5080 EFF
-8306 -894 4186 EFG
-5446 -9876 5648 EFH
-2998 4582 2746 EFI
-3549 1029 1853 EFJ
4459 7470 4340 EGA
7126 5561 4512 EGB
-899 -8856 4443 EGC
7000 2859 3775 EGD
-4823 -5543 3671 EGE
9486 -9807 6830 EGF
-9437 -5434 5447 EGG
5283 2389 2903 EGH
-2549 5856 3199 EGI
1524 -9609 4872 EGJ
2397 9172 4744 EHA
6617 -4545 4006 EHB
9116 8710 6307 EHC
-2263 -2086 1538 EHD
6330 -5584 4226 EHE
8787 3238 4689 EHF
-2255 7591 3967 EHG
3405 6147 3516 EHH
-4614 5837 3721 EHI
-4025 1744 2203 EHJ
-4868 9473 5333 EIA
8760 -7838 5887 EIB
-6169 6525 4489 EIC
8707 -7833 5851 EID
-5705 2897 3208 EIE
3097 -779 1602 EIF
-5387 5231 3754 EIG
2079 3694 2115 EIH
-7407 7446 5242 EII
1940 -6742 3509 EIJ
-4446 9377 5195 EJA
2679 2082 1695 EJB
178 2771 1385 EJC
898 3024 1580 EJD
3304 5820 3339 EJE
7123 7406 5130 EJF
-5067 2376 2794 EJG
7976 -3866 4437 EJH
8824 -3994 4841 EJI
-6945 8909 5645 EJJ
2203 -8485 4386 FAA
-9441 -3256 4999 FAB
3489 -3283 2394 FAC
3702 -8025 4426 FAD
2987 3248 2204 FAE
3689 1903 2085 FAF
-7423 -660 3716 FAG
6714 505 3373 FAH
8402 4606 4792 FAI
5027 -2024 2699 FAJ
-648 8463 4248 FBA
8979 4742 5085 FBB
-9035 -9383 6519 FBC
6831 4145 3995 FBD
4578 7260 4282 FBE
531 -3294 1658 FBF
-3984 -2178 2265 FBG
-2800 -6700 3622 FBH
3297 -1526 1826 FBI
2472 1630 1471 FBJ
2998 8246 4383 FCA
-5413 1198 2769 FCB
-7478 -90 3739 FCC
1052 131 531 FCD
1973 6916 3601 FCE
-4567 -6942 4159 FCF
6759 7352 4989 FCG
-1290 -4282 2246 FCH
3806 3141 2462 FCI
-9119 -7523 5920 FCJ
1870 -7346 3782 FDA
961 -3916 2026 FDB
9243 -5033 5259 FDC
-30 104 47 FDD
9689 2783 5036 FDE
-9762 -8960 6633 FDF
821 -9373 4700 FDG
-4601 -8297 4736 FDH
8659 -2784 4542 FDI
-2779 8874 4656 FDJ
-9879 5255 5598 FEA
9237 -8340 6219 FEB
7454 -6996 5111 FEC
1829 5433 2860 FED
-9470 5933 5588 FEE
1797 -6151 3202 FEF
-7637 939 3839 FEG
1730 -2826 1648 FEH
-2325 5141 2826 FEI
2700 7991 4214 FEJ
8361 1675 4270 FFA
-3112 -9436 4969 FFB
-9212 -968 4637 FFC
-3685 -4614 2960 FFD
5708 -6307 4246 FFE
2050 -4629 2525 FFF
-2568 -5108 2860 FFG
1610 7622 3892 FFH
-8825 -219 4403 FFI
-7005 4599 4189 FFJ
9972 7201 6145 FGA
8009 -2084 4146 FGB
1477 9612 4861 FGC
-3248 -4556 2792 FGD
-3416 1824 1939 FGE
-1215 4320 2240 FGF
-6092 3107 3418 FGG
-6402 -6359 4501 FGH
-9903 7757 6279 FGI
5122 -6833 4275 FGJ
-9973 7093 6119 FHA
-3196 -2963 2186 FHB
9009 4320 4987 FHC
6803 2955 3715 FHD
5922 -8345 5108 FHE
1333 -6861 3499 FHF
-3496 -8025 4383 FHG
2523 -5072 2837 FHH
-474 -6667 3332 FHI
3551 2820 2271 FHJ
-3349 8878 4747 FIA
-7879 1494 4012 FIB
8033 4741 4655 FIC
1155 -7782 3925 FID
4752 2112 2604 FIE
2799 -9613 5013 FIF
8416 9797 6464 FIG
-4522 -3807 2948 FIH
8048 9301 6146 FII
4250 -6905 4058 FIJ
4275 -2692 2527 FJA
6417 2388 3413 FJB
-3515 1168 1855 FJC
-9789 8388 6453 FJD
-3430 1104 1803 FJE
2183 6994 3661 FJF
-3131 6551 3621 FJG
-6536 5977 4430 FJH
-1569 7423 3791 FJI
-6131 4487 3804 FJJ
