1000
999 999 999 BAA
9879 737 740 BAB
8483 688 691 BAC
8175 1181 1183 BAD
9864 6657 6660 BAE
8362 6049 6049 BAF
9576 4382 4381 BAG
9034 1136 1139 BAH
8714 7441 7442 BAI
9476 4434 4437 BAJ
8375 1408 1410 BBA
9226 4820 4823 BBB
1841 9968 1843 BBC
9998 6462 6461 BBD
8816 5920 5921 BBE
8583 5795 5796 BBF
9168 6232 6234 BBG
8391 7388 7388 BBH
8161 7624 7623 BBI
8905 4027 4030 BBJ
9309 6869 6872 BCA
9023 6671 6672 BCB
9416 5007 5007 BCC
9134 5343 5345 BCD
8724 6171 6173 BCE
8101 4764 4765 BCF
540 8760 543 BCG
9288 8923 8923 BCH
2293 8637 2295 BCI
9559 3749 3752 BCJ
9640 4923 4922 BDA
9768 7667 7667 BDB
9996 6856 6855 BDC
9668 3213 3216 BDD
8286 5594 5595 BDE
8077 5988 5988 BDF
9392 8590 8590 BDG
8779 7501 7500 BDH
9846 7980 7981 BDI
9980 422 425 BDJ
9463 7736 7736 BEA
8220 2550 2551 BEB
8401 7083 7083 BEC
6789 9120 6790 BED
9873 6156 6159 BEE
9910 3291 3294 BEF
807 8363 809 BEG
6633 8046 6632 BEH
1926 9848 1925 BEI
6784 8212 6783 BEJ
8208 882 885 BFA
8874 5811 5814 BFB
8563 2722 2724 BFC
9071 876 879 BFD
8988 1716 1718 BFE
9983 2251 2254 BFF
5153 8817 5155 BFG
4347 9396 4347 BFH
9517 4948 4950 BFI
9358 4217 4220 BFJ
8234 5849 5849 BGA
8461 7532 7534 BGB
3312 8257 3311 BGC
8799 7577 7578 BGD
9040 2187 2188 BGE
3930 9083 3931 BGF
944 9122 946 BGG
9291 1545 1548 BGH
5371 8582 5372 BGI
8223 5624 5624 BGJ
8498 2553 2556 BHA
8025 5886 5885 BHB
8652 7948 7947 BHC
8126 2320 2321 BHD
9658 1142 1145 BHE
7997 4798 4801 BHF
9671 4248 4251 BHG
7590 9009 7589 BHH
8954 6166 6167 BHI
8179 4507 4508 BHJ
9676 3096 3099 BIA
9610 1931 1934 BIB
9393 2784 2787 BIC
6662 8437 6662 BID
8596 7141 7140 BIE
9496 1954 1957 BIF
9050 7278 7277 BIG
5310 7993 5311 BIH
8478 3890 3892 BII
9044 5131 5132 BIJ
1531 8120 1534 BJA
28 9163 30 BJB
3117 9949 3117 BJC
8233 2084 2085 BJD
374 8645 376 BJE
8452 798 801 BJF
8308 6664 6663 BJG
1508 9710 1509 BJH
9019 7002 7002 BJI
752 9568 755 BJJ
8336 1064 1066 CAA
8239 2944 2945 CAB
9652 3606 3609 CAC
9155 7631 7630 CAD
8838 9506 8838 CAE
1665 8384 1665 CAF
8788 7273 7274 CAG
9923 6547 6546 CAH
9484 8584 8583 CAI
900 8143 903 CAJ
2571 8690 2571 CBA
1306 9384 1306 CBB
1840 9265 1843 CBC
8483 3051 3053 CBD
9549 5396 5395 CBE
796 8658 798 CBF
5170 9327 5169 CBG
9006 2635 2637 CBH
9461 3310 3313 CBI
9722 5047 5047 CBJ
8164 5546 5545 CCA
8249 5454 5454 CCB
9290 8709 8709 CCC
5888 9471 5888 CCD
9313 2962 2965 CCE
8660 4783 4786 CCF
9457 2314 2317 CCG
9970 5397 5397 CCH
8259 2260 2261 CCI
9255 7936 7939 CCJ
9394 5843 5843 CDA
365 9332 368 CDB
8900 6749 6751 CDC
9160 3828 3830 CDD
8206 2168 2169 CDE
8057 4089 4091 CDF
9669 5200 5200 CDG
9267 1128 1131 CDH
8052 6707 6706 CDI
8223 7171 7170 CDJ
9851 4172 4175 CEA
9505 5494 5495 CEB
8893 2941 2944 CEC
9094 7669 7668 CED
9887 1835 1838 CEE
8221 1071 1073 CEF
2543 9931 2544 CEG
7762 8246 7761 CEH
8555 5708 5708 CEI
8068 7288 7287 CEJ
9595 864 867 CFA
8870 7080 7080 CFB
9876 6593 6596 CFC
1919 9335 1920 CFD
8116 6331 6331 CFE
457 9892 458 CFF
3583 8216 3583 CFG
9098 3763 3765 CFH
9486 4472 4474 CFI
8934 6539 6539 CFJ
8724 167 170 CGA
8951 4154 4156 CGB
9953 5302 5305 CGC
4457 8969 4457 CGD
8781 6702 6703 CGE
8472 2366 2369 CGF
8864 6013 6015 CGG
8078 7147 7146 CGH
7630 9557 7632 CGI
7930 8418 7930 CGJ
8386 9877 8385 CHA
8120 4550 4551 CHB
9088 1393 1395 CHC
8769 5141 5144 CHD
4674 9033 4676 CHE
8113 2391 2393 CHF
9850 1835 1838 CHG
749 8519 751 CHH
5079 8488 5080 CHI
394 8371 397 CHJ
7012 9480 7012 CIA
8297 9807 8296 CIB
8519 4754 4756 CIC
2341 9656 2343 CID
9811 4652 4655 CIE
6821 8535 6820 CIF
1618 8859 1620 CIG
8942 2191 2194 CIH
8351 2622 2623 CII
9719 6750 6749 CIJ
8279 3990 3991 CJA
9161 2712 2715 CJB
8568 5741 5742 CJC
8246 189 191 CJD
8086 4614 4615 CJE
9597 4688 4687 CJF
3453 8118 3454 CJG
576 9743 577 CJH
8264 1714 1716 CJI
9781 9322 9321 CJJ
9045 1916 1918 DAA
9844 3093 3096 DAB
8069 1633 1636 DAC
9173 7636 7637 DAD
8516 2473 2476 DAE
9088 6956 6955 DAF
9901 642 645 DAG
9053 6734 6733 DAH
8691 6209 6210 DAI
9932 1049 1052 DAJ
9422 6269 6269 DBA
8764 5210 5212 DBB
9942 7199 7198 DBC
8007 3245 3248 DBD
9004 1442 1445 DBE
8101 981 984 DBF
8728 9637 8729 DBG
8620 7154 7155 DBH
1018 9669 1021 DBI
9790 6690 6690 DBJ
8665 5921 5923 DCA
8262 910 912 DCB
9279 3305 3308 DCC
8121 5704 5705 DCD
7894 8456 7893 DCE
9392 4676 4678 DCF
8766 4092 4095 DCG
9188 8838 8837 DCH
9781 4995 4998 DCI
3306 8237 3307 DCJ
5421 8438 5421 DDA
8748 5995 5997 DDB
8266 1243 1245 DDC
8714 3665 3668 DDD
8854 6292 6294 DDE
8330 6922 6921 DDF
8163 7684 7683 DDG
9805 6471 6473 DDH
8042 5533 5533 DDI
9191 2357 2360 DDJ
9613 6430 6429 DEA
9660 536 539 DEB
8237 3675 3676 DEC
9628 4981 4981 DED
8869 5088 5091 DEE
9760 5127 5130 DEF
8945 3611 3613 DEG
9941 6099 6098 DEH
9976 7930 7929 DEI
9592 5905 5904 DEJ
6713 8399 6713 DFA
8939 6172 6173 DFB
6453 9232 6453 DFC
9402 7064 7064 DFD
9545 1933 1936 DFE
8969 6364 6365 DFF
8492 7800 7799 DFG
5049 9247 5049 DFH
8119 404 407 DFI
1096 9014 1098 DFJ
3580 8986 3582 DGA
8109 1328 1331 DGB
8737 5070 5072 DGC
8101 6930 6929 DGD
5479 9518 5481 DGE
8808 7145 7146 DGF
8023 799 802 DGG
6552 8064 6551 DGH
8251 1952 1953 DGI
8236 2092 2093 DGJ
8965 6859 6860 DHA
9151 5387 5389 DHB
8635 5557 5559 DHC
9755 1539 1542 DHD
9831 5325 5328 DHE
8471 7620 7621 DHF
7997 5772 5772 DHG
2315 9576 2318 DHH
9973 5224 5226 DHI
9969 6692 6691 DHJ
4795 8551 4796 DIA
8176 5909 5908 DIB
8175 4934 4935 DIC
8833 2097 2100 DID
8713 3887 3889 DIE
7300 9185 7299 DIF
8119 1472 1474 DIG
2616 8488 2618 DIH
8422 1837 1840 DII
8285 6415 6415 DIJ
8145 6144 6143 DJA
7672 8443 7671 DJB
9035 6499 6500 DJC
8024 1162 1165 DJD
8184 5602 5601 DJE
8309 6706 6705 DJF
8612 6849 6850 DJG
8992 8051 8050 DJH
8296 2268 2270 DJI
5549 9280 5550 DJJ
9613 1832 1835 EAA
2012 9311 2014 EAB
8177 5465 5465 EAC
8801 5140 5141 EAD
9225 844 847 EAE
8349 1358 1360 EAF
8048 1058 1061 EAG
6315 8143 6314 EAH
8547 2416 2419 EAI
8031 5541 5542 EAJ
8609 8086 8085 EBA
9806 5237 5239 EBB
8970 1966 1968 EBC
8878 4436 4439 EBD
8162 4667 4668 EBE
9326 4254 4257 EBF
4602 8568 4604 EBG
9840 1500 1503 EBH
9936 1403 1406 EBI
8486 7578 7579 EBJ
8129 1275 1278 ECA
8659 611 614 ECB
9459 569 572 ECC
8715 3481 3484 ECD
9412 2278 2281 ECE
9150 2878 2881 ECF
8030 4058 4061 ECG
8327 7085 7084 ECH
8156 3959 3960 ECI
7994 7671 7670 ECJ
8533 885 888 EDA
2870 8642 2871 EDB
3525 9080 3527 EDC
460 9083 463 EDD
9082 6410 6410 EDE
8417 846 849 EDF
9414 3495 3497 EDG
8286 5692 5692 EDH
5644 8104 5645 EDI
8372 702 704 EDJ
9916 6823 6822 EEA
9829 1211 1214 EEB
4222 8895 4221 EEC
8239 1056 1058 EED
8129 6327 6326 EEE
9057 3910 3911 EEF
8230 5193 5193 EEG
8411 6627 6628 EEH
1258 9473 1261 EEI
3226 8308 3225 EEJ
9582 4058 4059 EFA
9514 7328 7327 EFB
8804 5075 5076 EFC
9944 6505 6504 EFD
2960 8198 2961 EFE
7999 5512 5512 EFF
8476 3881 3883 EFG
8483 7790 7791 EFH
9581 7860 7859 EFI
9423 2431 2434 EFJ
8030 4824 4825 EGA
8599 1305 1308 EGB
9179 6137 6139 EGC
9643 4102 4105 EGD
9818 7680 7680 EGE
8437 81 84 EGF
9669 7291 7290 EGG
8623 4719 4721 EGH
9993 5181 5184 EGI
9683 946 949 EGJ
8174 1151 1153 EHA
2400 9515 2403 EHB
9372 7012 7012 EHC
5076 8526 5078 EHD
9970 5118 5121 EHE
1271 9414 1274 EHF
9696 5071 5074 EHG
8181 1982 1984 EHH
8772 2752 2755 EHI
9526 3285 3287 EHJ
8761 1323 1326 EIA
9442 6724 6724 EIB
8342 2012 2013 EIC
8201 3085 3086 EID
9804 3949 3952 EIE
9335 1395 1398 EIF
9038 5231 5232 EIG
8191 7051 7050 EIH
9532 7796 7795 EII
9872 850 853 EIJ
9415 4714 4715 EJA
8548 9814 8547 EJB
9653 6628 6627 EJC
8352 638 640 EJD
330 8721 333 EJE
1989 9873 1988 EJF
8336 2178 2179 EJG
9406 1127 1130 EJH
8653 5732 5734 EJI
9674 7193 7192 EJJ
8986 4005 4006 FAA
9244 3128 3131 FAB
9430 6871 6871 FAC
2880 8028 2883 FAD
8841 7780 7779 FAE
8976 1711 1714 FAF
9381 2260 2263 FAG
8561 7886 7885 FAH
8078 5777 5777 FAI
8267 5443 5444 FAJ
8247 6374 6373 FBA
8255 6304 6304 FBB
9715 5018 5020 FBC
9929 7112 7111 FBD
8056 2819 2822 FBE
68 8474 70 FBF
4181 9333 4181 FBG
8575 4158 4159 FBH
9062 5770 5771 FBI
9778 7832 7832 FBJ
3138 9471 3140 FCA
9252 2886 2889 FCB
9978 5567 5566 FCC
9859 1828 1831 FCD
8345 5961 5961 FCE
8106 5507 5508 FCF
9200 984 987 FCG
751 8975 753 FCH
9542 7518 7517 FCI
4955 9826 4954 FCJ
8324 7579 7578 FDA
9504 3307 3310 FDB
9482 5698 5698 FDC
4973 9022 4973 FDD
1058 9017 1061 FDE
9888 4406 4409 FDF
8204 7462 7461 FDG
2774 8463 2776 FDH
317 8372 320 FDI
9389 7628 7628 FDJ
1504 8234 1506 FEA
8989 7337 7338 FEB
2796 9140 2797 FEC
3145 9828 3144 FED
9075 1019 1021 FEE
8646 7650 7651 FEF
9390 6121 6121 FEG
9285 3030 3033 FEH
9892 6196 6199 FEI
8906 3409 3412 FEJ
4458 8038 4461 FFA
8690 2126 2129 FFB
9290 6977 6980 FFC
8098 6702 6701 FFD
8685 7484 7485 FFE
9615 4628 4629 FFF
8762 5285 5287 FFG
8096 7032 7031 FFH
8569 7227 7226 FFI
8989 7681 7680 FFJ
9392 1639 1642 FGA
9986 4381 4384 FGB
8583 4091 4093 FGC
8662 5057 5059 FGD
8574 4392 4393 FGE
8619 4236 4238 FGF
8208 3802 3803 FGG
8036 8179 8035 FGH
7172 8320 7171 FGI
9707 7782 7781 FGJ
9794 3800 3803 FHA
8334 241 244 FHB
9910 6069 6071 FHC
1124 9801 1126 FHD
755 8353 757 FHE
8178 6795 6794 FHF
9630 8912 8911 FHG
9962 1984 1987 FHH
9040 6764 6764 FHI
9769 4636 4639 FHJ
9590 4473 4472 FIA
1173 9030 1176 FIB
8749 7263 7262 FIC
8342 6431 6431 FID
8269 7803 7802 FIE
8846 7746 7745 FIF
9176 1755 1758 FIG
9016 7913 7912 FIH
9725 4444 4447 FII
8302 5098 5099 FIJ
8438 7602 7603 FJA
8316 94 96 FJB
8700 7787 7786 FJC
8855 5062 5065 FJD
9406 8401 8401 FJE
8958 3292 3294 FJF
9868 2812 2815 FJG
9039 2494 2495 FJH
9831 8325 8324 FJI
9742 6475 6475 FJJ
313 8194 315 GAA
9399 3582 3585 GAB
4105 8230 4104 GAC
9650 5813 5812 GAD
9928 7809 7808 GAE
8194 423 426 GAF
9065 3334 3335 GAG
3419 9788 3418 GAH
8352 4938 4939 GAI
8686 1679 1682 GAJ
9129 1041 1044 GBA
8314 6677 6676 GBB
3978 8841 3980 GBC
9838 4504 4507 GBD
1444 9183 1445 GBE
9796 2455 2458 GBF
4742 9539 4744 GBG
80 8608 83 GBH
9525 6097 6096 GBI
9922 1662 1665 GBJ
9294 7654 7656 GCA
9462 5144 5145 GCB
3122 8374 3122 GCC
3747 8222 3747 GCD
8160 4196 4197 GCE
9944 2416 2419 GCF
8421 772 775 GCG
9661 4965 4968 GCH
9642 6490 6489 GCI
7998 1904 1907 GCJ
8694 5796 5798 GDA
7999 2257 2260 GDB
9735 5116 5117 GDC
8187 3838 3839 GDD
9630 387 390 GDE
9386 7778 7778 GDF
8459 5922 5924 GDG
9316 4756 4759 GDH
9021 7861 7860 GDI
9069 188 191 GDJ
4742 8151 4743 GEA
8637 8223 8222 GEB
8635 2140 2143 GEC
8090 7469 7468 GED
888 8704 889 GEE
9471 3284 3287 GEF
8069 5225 5226 GEG
5390 9448 5390 GEH
6152 9678 6153 GEI
9469 3264 3267 GEJ
1086 8546 1088 GFA
9770 7823 7823 GFB
8754 7810 7809 GFC
4382 8144 4383 GFD
8345 1279 1281 GFE
9084 6598 6597 GFF
9438 4917 4919 GFG
8211 9392 8210 GFH
9883 4467 4470 GFI
9714 688 691 GFJ
456 9089 458 GGA
9070 6988 6987 GGB
8383 1283 1285 GGC
8289 7887 7886 GGD
8612 3229 3232 GGE
8248 862 864 GGF
8990 8870 8869 GGG
8361 2068 2070 GGH
8711 7662 7661 GGI
8532 5691 5692 GGJ
9015 1782 1784 GHA
9126 3638 3640 GHB
9412 7813 7813 GHC
7851 9764 7850 GHD
9677 5285 5284 GHE
9600 4854 4853 GHF
8664 3308 3311 GHG
8628 1949 1952 GHH
2298 9993 2297 GHI
9171 1626 1629 GHJ
396 9490 399 GIA
8961 1836 1839 GIB
8021 3330 3333 GIC
9848 6865 6867 GID
8956 7071 7070 GIE
8914 2333 2336 GIF
1444 9103 1446 GIG
9257 6596 6599 GIH
5512 8169 5512 GII
8748 7367 7366 GIJ
9295 2362 2365 GJA
9305 9533 9305 GJB
5776 8711 5776 GJC
9001 1473 1475 GJD
8514 3442 3444 GJE
8475 732 735 GJF
9417 5418 5418 GJG
9276 4368 4371 GJH
9967 1188 1191 GJI
8912 249 252 GJJ
8820 7806 7807 HAA
9787 7915 7915 HAB
8987 4849 4850 HAC
8305 7339 7338 HAD
9457 5433 5433 HAE
5342 8972 5341 HAF
9751 6237 6237 HAG
2412 9784 2412 HAH
8585 5413 5414 HAI
830 8468 832 HAJ
8423 7828 7827 HBA
9744 4396 4399 HBB
8963 7931 7930 HBC
9617 3406 3409 HBD
8428 8321 8320 HBE
7884 9462 7884 HBF
4662 8065 4664 HBG
8088 0 3 HBH
9029 5747 5748 HBI
9367 7735 7735 HBJ
8841 4435 4438 HCA
8666 3862 3865 HCB
102 8533 104 HCC
9236 4445 4448 HCD
9253 392 395 HCE
5070 8769 5070 HCF
8677 5656 5658 HCG
9774 2711 2714 HCH
9060 621 624 HCI
8350 6626 6625 HCJ
6946 8691 6946 HDA
8308 1627 1629 HDB
9095 2297 2299 HDC
6461 8562 6460 HDD
8333 2433 2434 HDE
4533 9441 4533 HDF
9435 3649 3652 HDG
9796 6349 6351 HDH
9056 5606 5607 HDI
8154 1806 1807 HDJ
8701 1496 1499 HEA
8410 668 671 HEB
1102 8379 1103 HEC
8966 2724 2726 HED
6434 9664 6435 HEE
8679 5545 5547 HEF
8830 5026 5029 HEG
9123 4767 4769 HEH
1852 9794 1852 HEI
9338 3438 3441 HEJ
9743 3506 3509 HFA
9325 786 789 HFB
8392 7665 7664 HFC
8640 696 699 HFD
8628 6812 6813 HFE
8806 4762 4765 HFF
8066 9335 8065 HFG
9484 6708 6708 HFH
9937 2254 2257 HFI
8866 1483 1486 HFJ
9375 2872 2875 HGA
8354 2804 2805 HGB
8053 819 822 HGC
6241 9192 6240 HGD
8211 5004 5004 HGE
6244 8090 6245 HGF
2954 8208 2956 HGG
8441 3661 3663 HGH
9187 3610 3613 HGI
1283 8282 1285 HGJ
9300 6180 6183 HHA
8813 6146 6147 HHB
8184 1451 1453 HHC
9327 3873 3876 HHD
3581 8629 3582 HHE
8449 8674 8449 HHF
8535 3810 3812 HHG
445 9979 448 HHH
8668 1475 1478 HHI
8647 3081 3084 HHJ
8996 5804 5805 HIA
8140 4899 4900 HIB
8110 1438 1440 HIC
8334 2827 2828 HID
9154 2251 2254 HIE
9410 8056 8056 HIF
9381 4312 4314 HIG
8083 7449 7448 HIH
4598 9236 4598 HII
8270 2551 2552 HIJ
7809 9990 7808 HJA
8627 8749 8626 HJB
9588 7045 7044 HJC
9008 9452 9007 HJD
9480 2311 2314 HJE
8546 4338 4340 HJF
9208 3332 3335 HJG
8346 5553 5553 HJH
9479 592 595 HJI
871 9726 872 HJJ
9359 2727 2730 IAA
9239 5193 5196 IAB
9394 4124 4126 IAC
8052 4874 4876 IAD
9662 7527 7526 IAE
9566 5580 5579 IAF
1912 9968 1912 IAG
9793 6572 6573 IAH
9054 7938 7937 IAI
9574 3150 3153 IAJ
9825 130 133 IBA
9357 7251 7251 IBB
2322 9727 2323 IBC
9534 7896 7895 IBD
8976 9768 8975 IBE
9469 4891 4893 IBF
8748 3398 3401 IBG
7992 4374 4377 IBH
202 8771 205 IBI
9110 860 863 IBJ
8207 1839 1840 ICA
8159 1561 1563 ICB
4256 9218 4256 ICC
9078 7278 7277 ICD
3257 9870 3256 ICE
9061 5529 5530 ICF
8828 7355 7356 ICG
9002 5116 5117 ICH
6999 8341 6998 ICI
9488 3179 3182 ICJ
9998 5673 5673 IDA
9595 4111 4112 IDB
8509 705 708 IDC
9450 6619 6619 IDD
8597 20 23 IDE
618 8787 621 IDF
9803 6508 6510 IDG
6073 9524 6075 IDH
8080 1195 1198 IDI
9 9543 12 IDJ
8031 5563 5562 IEA
8598 1748 1751 IEB
9890 32 35 IEC
9072 979 981 IED
8457 5198 5200 IEE
9307 6982 6985 IEF
9798 7624 7624 IEG
8713 6153 6154 IEH
8677 4249 4252 IEI
8533 5411 5412 IEJ
36 8665 38 IFA
8102 152 155 IFB
1097 9064 1099 IFC
9852 7360 7362 IFD
8742 5057 5059 IFE
9641 9097 9096 IFF
8269 1874 1876 IFG
9341 6749 6750 IFH
5573 9977 5572 IFI
3983 8154 3984 IFJ
8350 400 403 IGA
9174 2368 2371 IGB
8566 5116 5117 IGC
8197 9810 8196 IGD
9535 8881 8880 IGE
8151 7682 7681 IGF
9939 1914 1917 IGG
1744 9429 1746 IGH
9481 3467 3470 IGI
6782 9101 6782 IGJ
8169 4966 4967 IHA
9938 1177 1180 IHB
9897 6528 6529 IHC
8026 3952 3955 IHD
8225 7081 7080 IHE
9281 1940 1943 IHF
8533 3260 3262 IHG
9220 8230 8231 IHH
8739 4867 4869 IHI
8135 4101 4102 IHJ
9464 5327 5327 IIA
6817 8571 6816 IIB
8422 7930 7929 IIC
8679 7710 7711 IID
9784 619 622 IIE
3297 9547 3299 IIF
4971 8035 4971 IIG
8864 1086 1089 IIH
9472 3489 3492 III
8070 7147 7146 IIJ
2543 8700 2543 IJA
9349 823 826 IJB
9672 7088 7087 IJC
9283 8143 8144 IJD
8394 6507 6508 IJE
8626 6173 6174 IJF
1419 9630 1422 IJG
8353 6179 6179 IJH
8930 2533 2536 IJI
8895 4451 4454 IJJ
9096 6503 6502 JAA
9072 5151 5152 JAB
6889 9180 6888 JAC
9848 5058 5061 JAD
8939 7340 7339 JAE
8753 2188 2191 JAF
3589 8380 3589 JAG
587 8242 590 JAH
4945 9107 4946 JAI
180 9356 182 JAJ
8503 1558 1561 JBA
9417 1124 1127 JBB
8824 2019 2022 JBC
8563 2450 2453 JBD
8262 6024 6024 JBE
8978 522 525 JBF
8259 8810 8258 JBG
9165 6845 6846 JBH
9910 9541 9540 JBI
420 8635 423 JBJ
9245 7964 7964 JCA
1229 8333 1231 JCB
3119 8278 3121 JCC
8590 4924 4925 JCD
8513 7658 7658 JCE
9775 5116 5119 JCF
2733 9915 2733 JCG
8467 7716 7716 JCH
9504 4869 4871 JCI
8589 3797 3799 JCJ
8120 844 847 JDA
8725 5882 5884 JDB
6049 8269 6048 JDC
9091 1959 1961 JDD
813 8378 816 JDE
9855 1142 1145 JDF
8704 3534 3537 JDG
8719 1672 1675 JDH
8566 2848 2850 JDI
8909 3187 3190 JDJ
8516 7335 7335 JEA
8637 2571 2574 JEB
9467 3575 3578 JEC
9034 5052 5053 JED
9623 2046 2049 JEE
8081 5471 5472 JEF
9737 981 984 JEG
8775 5120 5123 JEH
2800 8452 2802 JEI
2419 8143 2420 JEJ
8524 3754 3756 JFA
8663 254 257 JFB
9836 6928 6930 JFC
8104 1215 1218 JFD
5568 9177 5568 JFE
8285 2441 2443 JFF
5794 8990 5793 JFG
8480 2958 2961 JFH
5309 8838 5308 JFI
8003 2408 2411 JFJ
9068 1010 1012 JGA
9982 3770 3773 JGB
9615 6960 6959 JGC
8293 2475 2476 JGD
8156 8735 8155 JGE
8035 3524 3527 JGF
9580 3788 3789 JGG
8902 6759 6760 JGH
2444 9153 2445 JGI
8879 1603 1606 JGJ
8067 3842 3844 JHA
9030 3110 3111 JHB
9854 6062 6065 JHC
4922 8019 4924 JHD
9094 1649 1651 JHE
9654 5710 5709 JHF
8304 4877 4878 JHG
8314 4176 4177 JHH
8981 2600 2602 JHI
8470 443 446 JHJ
8727 3637 3640 JIA
9871 4003 4006 JIB
9582 6261 6260 JIC
8853 1190 1193 JID
3017 8633 3018 JIE
4477 7999 4480 JIF
7828 9584 7829 JIG
9222 5670 5673 JIH
42 8573 45 JII
8338 1535 1537 JIJ
6765 9063 6764 JJA
8671 7774 7775 JJB
440 9591 443 JJC
5519 8539 5520 JJD
2285 9683 2286 JJE
3802 9495 3804 JJF
9287 2676 2679 JJG
8684 5834 5836 JJH
6384 8581 6385 JJI
8134 2675 2676 JJJ
9159 6542 6544 BAAA
8297 7999 7998 BAAB
2310 9150 2311 BAAC
8896 3092 3095 BAAD
9427 3060 3063 BAAE
9037 4579 4580 BAAF
287 9063 290 BAAG
9699 6899 6898 BAAH
8343 3132 3133 BAAI
9761 5301 5303 BAAJ
9753 322 325 BABA
9800 4212 4215 BABB
8317 7260 7259 BABC
4293 9923 4292 BABD
9022 8187 8186 BABE
2326 8937 2328 BABF
8632 1553 1556 BABG
7999 6263 6262 BABH
9499 1103 1106 BABI
8113 7982 7981 BABJ
3991 9367 3991 BACA
8098 4554 4555 BACB
8703 6419 6420 BACC
3326 9125 3327 BACD
8012 7907 7906 BACE
1889 9836 1890 BACF
8681 5862 5864 BACG
6945 9495 6945 BACH
9428 375 378 BACI
2240 8976 2242 BACJ
9262 1578 1581 BADA
9451 3663 3666 BADB
8644 3092 3095 BADC
7053 8168 7052 BADD
1196 9626 1199 BADE
9497 8444 8443 BADF
9393 6949 6949 BADG
2310 8783 2313 BADH
3376 9228 3377 BADI
8619 1580 1583 BADJ
6284 8243 6283 BAEA
8876 4973 4976 BAEB
8171 5945 5944 BAEC
9907 5574 5577 BAED
8728 7646 7645 BAEE
9589 2298 2301 BAEF
9656 6142 6141 BAEG
8824 7825 7825 BAEH
9528 2915 2918 BAEI
3001 9374 3001 BAEJ
6471 9450 6471 BAFA
8181 6829 6828 BAFB
2240 8324 2241 BAFC
8119 5968 5969 BAFD
9481 5260 5261 BAFE
8138 2921 2922 BAFF
9159 7244 7245 BAFG
8036 3076 3079 BAFH
4626 9987 4625 BAFI
8523 3617 3619 BAFJ
8345 5076 5077 BAGA
8592 7026 7026 BAGB
8907 5862 5864 BAGC
9999 2257 2260 BAGD
6123 9183 6123 BAGE
8903 3024 3027 BAGF
4260 9272 4261 BAGG
630 9965 633 BAGH
9481 5008 5010 BAGI
9721 6105 6105 BAGJ
9700 587 590 BAHA
8284 6667 6666 BAHB
7393 8800 7392 BAHC
9314 3022 3025 BAHD
9716 2607 2610 BAHE
8470 5362 5364 BAHF
9785 1605 1608 BAHG
9893 262 265 BAHH
1706 9865 1706 BAHI
9444 1689 1692 BAHJ
8029 6181 6180 BAIA
8089 6374 6374 BAIB
9388 5919 5919 BAIC
9049 3484 3485 BAID
8839 3071 3074 BAIE
6051 8209 6050 BAIF
9104 2132 2134 BAIG
9593 4260 4261 BAIH
9906 1472 1475 BAII
9507 7867 7866 BAIJ
9390 3448 3451 BAJA
8328 6261 6261 BAJB
8473 6068 6070 BAJC
9593 3154 3157 BAJD
8053 7928 7927 BAJE
9337 2489 2492 BAJF
8087 2805 2807 BAJG
8640 5721 5722 BAJH
8281 3996 3997 BAJI
8166 7022 7021 BAJJ
