1000
0 1 1
2 2 1
4 3 1
6 4 1
8 5 1
10 6 1
12 7 1
14 8 1
16 9 1
18 10 1
20 11 1
22 12 1
24 13 1
26 14 1
28 15 1
30 16 1
32 17 1
34 18 1
36 19 1
38 20 1
40 21 1
42 22 1
44 23 1
46 24 1
48 25 1
50 26 1
52 27 1
54 28 1
56 29 1
58 30 1
60 31 1
62 32 1
64 33 1
66 34 1
68 35 1
70 36 1
72 37 1
74 38 1
76 39 1
78 40 1
80 41 1
82 42 1
84 43 1
86 44 1
88 45 1
90 46 1
92 47 1
94 48 1
96 49 1
98 50 1
100 51 1
102 52 1
104 53 1
106 54 1
108 55 1
110 56 1
112 57 1
114 58 1
116 59 1
118 60 1
120 61 1
122 62 1
124 63 1
126 64 1
128 65 1
130 66 1
132 67 1
134 68 1
136 69 1
138 70 1
140 71 1
142 72 1
144 73 1
146 74 1
148 75 1
150 76 1
152 77 1
154 78 1
156 79 1
158 80 1
160 81 1
162 82 1
164 83 1
166 84 1
168 85 1
170 86 1
172 87 1
174 88 1
176 89 1
178 90 1
180 91 1
182 92 1
184 93 1
186 94 1
188 95 1
190 96 1
192 97 1
194 98 1
196 99 1
198 100 1
200 101 1
202 102 1
204 103 1
206 104 1
208 105 1
210 106 1
212 107 1
214 108 1
216 109 1
218 110 1
220 111 1
222 112 1
224 113 1
226 114 1
228 115 1
230 116 1
232 117 1
234 118 1
236 119 1
238 120 1
240 121 1
242 122 1
244 123 1
246 124 1
248 125 1
250 126 1
252 127 1
254 128 1
256 129 1
258 130 1
260 131 1
262 132 1
264 133 1
266 134 1
268 135 1
270 136 1
272 137 1
274 138 1
276 139 1
278 140 1
280 141 1
282 142 1
284 143 1
286 144 1
288 145 1
290 146 1
292 147 1
294 148 1
296 149 1
298 150 1
300 151 1
302 152 1
304 153 1
306 154 1
308 155 1
310 156 1
312 157 1
314 158 1
316 159 1
318 160 1
320 161 1
322 162 1
324 163 1
326 164 1
328 165 1
330 166 1
332 167 1
334 168 1
336 169 1
338 170 1
340 171 1
342 172 1
344 173 1
346 174 1
348 175 1
350 176 1
352 177 1
354 178 1
356 179 1
358 180 1
360 181 1
362 182 1
364 183 1
366 184 1
368 185 1
370 186 1
372 187 1
374 188 1
376 189 1
378 190 1
380 191 1
382 192 1
384 193 1
386 194 1
388 195 1
390 196 1
392 197 1
394 198 1
396 199 1
398 200 1
400 201 1
402 202 1
404 203 1
406 204 1
408 205 1
410 206 1
412 207 1
414 208 1
416 209 1
418 210 1
420 211 1
422 212 1
424 213 1
426 214 1
428 215 1
430 216 1
432 217 1
434 218 1
436 219 1
438 220 1
440 221 1
442 222 1
444 223 1
446 224 1
448 225 1
450 226 1
452 227 1
454 228 1
456 229 1
458 230 1
460 231 1
462 232 1
464 233 1
466 234 1
468 235 1
470 236 1
472 237 1
474 238 1
476 239 1
478 240 1
480 241 1
482 242 1
484 243 1
486 244 1
488 245 1
490 246 1
492 247 1
494 248 1
496 249 1
498 250 1
500 251 1
502 252 1
504 253 1
506 254 1
508 255 1
510 256 1
512 257 1
514 258 1
516 259 1
518 260 1
520 261 1
522 262 1
524 263 1
526 264 1
528 265 1
530 266 1
532 267 1
534 268 1
536 269 1
538 270 1
540 271 1
542 272 1
544 273 1
546 274 1
548 275 1
550 276 1
552 277 1
554 278 1
556 279 1
558 280 1
560 281 1
562 282 1
564 283 1
566 284 1
568 285 1
570 286 1
572 287 1
574 288 1
576 289 1
578 290 1
580 291 1
582 292 1
584 293 1
586 294 1
588 295 1
590 296 1
592 297 1
594 298 1
596 299 1
598 300 1
600 301 1
602 302 1
604 303 1
606 304 1
608 305 1
610 306 1
612 307 1
614 308 1
616 309 1
618 310 1
620 311 1
622 312 1
624 313 1
626 314 1
628 315 1
630 316 1
632 317 1
634 318 1
636 319 1
638 320 1
640 321 1
642 322 1
644 323 1
646 324 1
648 325 1
650 326 1
652 327 1
654 328 1
656 329 1
658 330 1
660 331 1
662 332 1
664 333 1
666 334 1
668 335 1
670 336 1
672 337 1
674 338 1
676 339 1
678 340 1
680 341 1
682 342 1
684 343 1
686 344 1
688 345 1
690 346 1
692 347 1
694 348 1
696 349 1
698 350 1
700 351 1
702 352 1
704 353 1
706 354 1
708 355 1
710 356 1
712 357 1
714 358 1
716 359 1
718 360 1
720 361 1
722 362 1
724 363 1
726 364 1
728 365 1
730 366 1
732 367 1
734 368 1
736 369 1
738 370 1
740 371 1
742 372 1
744 373 1
746 374 1
748 375 1
750 376 1
752 377 1
754 378 1
756 379 1
758 380 1
760 381 1
762 382 1
764 383 1
766 384 1
768 385 1
770 386 1
772 387 1
774 388 1
776 389 1
778 390 1
780 391 1
782 392 1
784 393 1
786 394 1
788 395 1
790 396 1
792 397 1
794 398 1
796 399 1
798 400 1
800 401 1
802 402 1
804 403 1
806 404 1
808 405 1
810 406 1
812 407 1
814 408 1
816 409 1
818 410 1
820 411 1
822 412 1
824 413 1
826 414 1
828 415 1
830 416 1
832 417 1
834 418 1
836 419 1
838 420 1
840 421 1
842 422 1
844 423 1
846 424 1
848 425 1
850 426 1
852 427 1
854 428 1
856 429 1
858 430 1
860 431 1
862 432 1
864 433 1
866 434 1
868 435 1
870 436 1
872 437 1
874 438 1
876 439 1
878 440 1
880 441 1
882 442 1
884 443 1
886 444 1
888 445 1
890 446 1
892 447 1
894 448 1
896 449 1
898 450 1
900 451 1
902 452 1
904 453 1
906 454 1
908 455 1
910 456 1
912 457 1
914 458 1
916 459 1
918 460 1
920 461 1
922 462 1
924 463 1
926 464 1
928 465 1
930 466 1
932 467 1
934 468 1
936 469 1
938 470 1
940 471 1
942 472 1
944 473 1
946 474 1
948 475 1
950 476 1
952 477 1
954 478 1
956 479 1
958 480 1
960 481 1
962 482 1
964 483 1
966 484 1
968 485 1
970 486 1
972 487 1
974 488 1
976 489 1
978 490 1
980 491 1
982 492 1
984 493 1
986 494 1
988 495 1
990 496 1
992 497 1
994 498 1
996 499 1
998 500 1
1000 501 1
1002 502 1
1004 503 1
1006 504 1
1008 505 1
1010 506 1
1012 507 1
1014 508 1
1016 509 1
1018 510 1
1020 511 1
1022 512 1
1024 513 1
1026 514 1
1028 515 1
1030 516 1
1032 517 1
1034 518 1
1036 519 1
1038 520 1
1040 521 1
1042 522 1
1044 523 1
1046 524 1
1048 525 1
1050 526 1
1052 527 1
1054 528 1
1056 529 1
1058 530 1
1060 531 1
1062 532 1
1064 533 1
1066 534 1
1068 535 1
1070 536 1
1072 537 1
1074 538 1
1076 539 1
1078 540 1
1080 541 1
1082 542 1
1084 543 1
1086 544 1
1088 545 1
1090 546 1
1092 547 1
1094 548 1
1096 549 1
1098 550 1
1100 551 1
1102 552 1
1104 553 1
1106 554 1
1108 555 1
1110 556 1
1112 557 1
1114 558 1
1116 559 1
1118 560 1
1120 561 1
1122 562 1
1124 563 1
1126 564 1
1128 565 1
1130 566 1
1132 567 1
1134 568 1
1136 569 1
1138 570 1
1140 571 1
1142 572 1
1144 573 1
1146 574 1
1148 575 1
1150 576 1
1152 577 1
1154 578 1
1156 579 1
1158 580 1
1160 581 1
1162 582 1
1164 583 1
1166 584 1
1168 585 1
1170 586 1
1172 587 1
1174 588 1
1176 589 1
1178 590 1
1180 591 1
1182 592 1
1184 593 1
1186 594 1
1188 595 1
1190 596 1
1192 597 1
1194 598 1
1196 599 1
1198 600 1
1200 601 1
1202 602 1
1204 603 1
1206 604 1
1208 605 1
1210 606 1
1212 607 1
1214 608 1
1216 609 1
1218 610 1
1220 611 1
1222 612 1
1224 613 1
1226 614 1
1228 615 1
1230 616 1
1232 617 1
1234 618 1
1236 619 1
1238 620 1
1240 621 1
1242 622 1
1244 623 1
1246 624 1
1248 625 1
1250 626 1
1252 627 1
1254 628 1
1256 629 1
1258 630 1
1260 631 1
1262 632 1
1264 633 1
1266 634 1
1268 635 1
1270 636 1
1272 637 1
1274 638 1
1276 639 1
1278 640 1
1280 641 1
1282 642 1
1284 643 1
1286 644 1
1288 645 1
1290 646 1
1292 647 1
1294 648 1
1296 649 1
1298 650 1
1300 651 1
1302 652 1
1304 653 1
1306 654 1
1308 655 1
1310 656 1
1312 657 1
1314 658 1
1316 659 1
1318 660 1
1320 661 1
1322 662 1
1324 663 1
1326 664 1
1328 665 1
1330 666 1
1332 667 1
1334 668 1
1336 669 1
1338 670 1
1340 671 1
1342 672 1
1344 673 1
1346 674 1
1348 675 1
1350 676 1
1352 677 1
1354 678 1
1356 679 1
1358 680 1
1360 681 1
1362 682 1
1364 683 1
1366 684 1
1368 685 1
1370 686 1
1372 687 1
1374 688 1
1376 689 1
1378 690 1
1380 691 1
1382 692 1
1384 693 1
1386 694 1
1388 695 1
1390 696 1
1392 697 1
1394 698 1
1396 699 1
1398 700 1
1400 701 1
1402 702 1
1404 703 1
1406 704 1
1408 705 1
1410 706 1
1412 707 1
1414 708 1
1416 709 1
1418 710 1
1420 711 1
1422 712 1
1424 713 1
1426 714 1
1428 715 1
1430 716 1
1432 717 1
1434 718 1
1436 719 1
1438 720 1
1440 721 1
1442 722 1
1444 723 1
1446 724 1
1448 725 1
1450 726 1
1452 727 1
1454 728 1
1456 729 1
1458 730 1
1460 731 1
1462 732 1
1464 733 1
1466 734 1
1468 735 1
1470 736 1
1472 737 1
1474 738 1
1476 739 1
1478 740 1
1480 741 1
1482 742 1
1484 743 1
1486 744 1
1488 745 1
1490 746 1
1492 747 1
1494 748 1
1496 749 1
1498 750 1
1500 751 1
1502 752 1
1504 753 1
1506 754 1
1508 755 1
1510 756 1
1512 757 1
1514 758 1
1516 759 1
1518 760 1
1520 761 1
1522 762 1
1524 763 1
1526 764 1
1528 765 1
1530 766 1
1532 767 1
1534 768 1
1536 769 1
1538 770 1
1540 771 1
1542 772 1
1544 773 1
1546 774 1
1548 775 1
1550 776 1
1552 777 1
1554 778 1
1556 779 1
1558 780 1
1560 781 1
1562 782 1
1564 783 1
1566 784 1
1568 785 1
1570 786 1
1572 787 1
1574 788 1
1576 789 1
1578 790 1
1580 791 1
1582 792 1
1584 793 1
1586 794 1
1588 795 1
1590 796 1
1592 797 1
1594 798 1
1596 799 1
1598 800 1
1600 801 1
1602 802 1
1604 803 1
1606 804 1
1608 805 1
1610 806 1
1612 807 1
1614 808 1
1616 809 1
1618 810 1
1620 811 1
1622 812 1
1624 813 1
1626 814 1
1628 815 1
1630 816 1
1632 817 1
1634 818 1
1636 819 1
1638 820 1
1640 821 1
1642 822 1
1644 823 1
1646 824 1
1648 825 1
1650 826 1
1652 827 1
1654 828 1
1656 829 1
1658 830 1
1660 831 1
1662 832 1
1664 833 1
1666 834 1
1668 835 1
1670 836 1
1672 837 1
1674 838 1
1676 839 1
1678 840 1
1680 841 1
1682 842 1
1684 843 1
1686 844 1
1688 845 1
1690 846 1
1692 847 1
1694 848 1
1696 849 1
1698 850 1
1700 851 1
1702 852 1
1704 853 1
1706 854 1
1708 855 1
1710 856 1
1712 857 1
1714 858 1
1716 859 1
1718 860 1
1720 861 1
1722 862 1
1724 863 1
1726 864 1
1728 865 1
1730 866 1
1732 867 1
1734 868 1
1736 869 1
1738 870 1
1740 871 1
1742 872 1
1744 873 1
1746 874 1
1748 875 1
1750 876 1
1752 877 1
1754 878 1
1756 879 1
1758 880 1
1760 881 1
1762 882 1
1764 883 1
1766 884 1
1768 885 1
1770 886 1
1772 887 1
1774 888 1
1776 889 1
1778 890 1
1780 891 1
1782 892 1
1784 893 1
1786 894 1
1788 895 1
1790 896 1
1792 897 1
1794 898 1
1796 899 1
1798 900 1
1800 901 1
1802 902 1
1804 903 1
1806 904 1
1808 905 1
1810 906 1
1812 907 1
1814 908 1
1816 909 1
1818 910 1
1820 911 1
1822 912 1
1824 913 1
1826 914 1
1828 915 1
1830 916 1
1832 917 1
1834 918 1
1836 919 1
1838 920 1
1840 921 1
1842 922 1
1844 923 1
1846 924 1
1848 925 1
1850 926 1
1852 927 1
1854 928 1
1856 929 1
1858 930 1
1860 931 1
1862 932 1
1864 933 1
1866 934 1
1868 935 1
1870 936 1
1872 937 1
1874 938 1
1876 939 1
1878 940 1
1880 941 1
1882 942 1
1884 943 1
1886 944 1
1888 945 1
1890 946 1
1892 947 1
1894 948 1
1896 949 1
1898 950 1
1900 951 1
1902 952 1
1904 953 1
1906 954 1
1908 955 1
1910 956 1
1912 957 1
1914 958 1
1916 959 1
1918 960 1
1920 961 1
1922 962 1
1924 963 1
1926 964 1
1928 965 1
1930 966 1
1932 967 1
1934 968 1
1936 969 1
1938 970 1
1940 971 1
1942 972 1
1944 973 1
1946 974 1
1948 975 1
1950 976 1
1952 977 1
1954 978 1
1956 979 1
1958 980 1
1960 981 1
1962 982 1
1964 983 1
1966 984 1
1968 985 1
1970 986 1
1972 987 1
1974 988 1
1976 989 1
1978 990 1
1980 991 1
1982 992 1
1984 993 1
1986 994 1
1988 995 1
1990 996 1
1992 997 1
1994 998 1
1996 999 1
1998 1000 1
