1000
612763 830 297
42990 248 911
80786 371 370
342529 798 170
870685 886 833
656147 827 158
372296 628 184
610028 924 584
939914 991 603
20814 37 360
33493 510 186
65242 179 670
224659 616 518
7762 219 482
1994 65 321
166224 171 515
166259 542 450
45950 855 963
415286 446 609
696629 926 968
335257 513 912
1737 326 365
55930 749 435
444024 981 746
44195 366 513
654350 969 209
364321 678 762
472241 914 491
49338 165 675
244623 270 186
54081 738 360
134379 165 672
498143 722 514
23875 630 591
115539 233 1
237013 482 338
477235 975 162
550198 999 388
398030 795 964
21162 351 559
47314 174 672
49446 698 103
461875 713 999
79206 224 312
729209 945 824
451954 804 509
425571 548 442
243314 365 458
382423 748 734
52397 54 37
474099 491 649
35060 161 384
137410 471 256
78791 942 961
464106 807 996
122154 378 669
372093 390 16
134815 166 522
43407 112 793
79334 270 293
76082 83 853
221008 851 83
2677 696 966
381067 474 523
226377 697 65
117589 614 235
557387 885 666
657002 954 274
428598 753 370
83532 764 510
9553 977 803
586430 911 430
262545 887 690
495255 535 83
399168 651 551
461137 706 418
41541 228 705
76430 172 220
670825 869 333
562867 684 186
54691 155 985
822715 949 451
515945 838 651
216803 343 88
243484 966 791
213892 575 250
27889 336 120
485 28 969
155077 289 406
3692 20 304
10185 769 753
111275 157 271
639873 739 77
582645 752 177
349494 756 871
326105 355 271
599664 802 254
25645 69 68
96348 831 405
622269 663 546
544213 854 711
134543 433 916
541111 645 716
23502 210 22
99088 171 243
10961 236 858
114211 171 864
437631 464 700
34829 81 273
109032 389 488
69700 125 51
424294 687 9
297910 349 153
238013 325 350
325287 664 375
2790 418 160
300718 456 148
250994 264 86
3091 351 790
120532 370 725
483322 725 546
723178 905 137
330774 712 428
259251 449 457
53105 110 43
180198 485 930
670863 775 577
798033 832 634
177114 445 106
420553 589 944
50149 160 466
183815 400 810
293791 821 595
39468 46 863
205543 455 255
108365 259 686
362304 896 787
83341 162 622
64148 105 884
22817 50 278
227820 425 78
372511 502 984
683295 762 842
22519 70 425
496252 698 848
117396 924 740
355992 640 294
118126 457 376
715194 964 391
293126 553 855
6328 300 158
333414 684 873
66843 348 845
80804 375 399
379199 638 737
110702 202 788
485052 994 320
1732 2 224
79629 167 598
732180 985 550
20040 27 628
349708 468 993
61373 247 714
163593 749 387
2632 894 717
894544 963 654
256323 887 260
503973 575 118
7616 25 752
502191 576 966
96909 262 378
90335 112 113
57800 650 450
40994 288 572
514396 726 788
166500 945 73
538731 968 949
119184 356 87
235019 350 726
443561 821 521
64516 75 832
566168 699 468
369856 535 481
578268 651 869
655612 749 621
151443 269 721
602619 969 112
239734 278 6
428255 953 651
321327 400 978
35755 750 829
94734 110 443
571773 938 388
531345 820 975
208380 580 676
752286 855 755
141035 642 766
595602 865 945
310586 493 180
469632 615 998
331133 379 484
215904 694 658
621226 681 291
492418 507 140
36662 119 708
303981 306 620
39313 112 361
631740 817 26
181373 225 416
20292 53 759
91399 258 585
15148 36 194
517454 667 751
1858 5 845
650829 753 286
109429 597 73
410963 929 196
1462 203 688
41653 859 10
154521 359 569
371900 674 116
186076 685 489
20937 107 918
131475 776 871
148454 268 970
374609 405 32
84596 136 112
228578 525 645
253539 703 853
11436 15 81
87681 106 334
220201 252 391
6172 71 718
562530 780 386
31500 146 430
331890 586 575
417224 861 612
774668 795 712
93445 712 95
563880 628 603
369875 612 994
40192 965 170
4259 741 359
638706 680 195
490251 830 453
11185 23 339
221353 897 605
951726 988 830
514708 566 825
669811 682 338
71431 612 422
108297 164 124
202909 294 99
79780 84 91
449016 791 82
511903 766 492
80187 561 343
321349 325 694
11297 33 150
152851 743 54
609713 951 465
9071 189 964
121797 581 698
61406 277 311
129672 598 926
342888 483 663
111651 881 187
134536 525 338
81686 173 10
232606 542 209
172239 431 544
1617 5 107
177200 274 417
292739 766 690
40740 453 798
787089 848 309
102 3 49
512492 545 189
2382 7 254
261236 359 747
93693 438 780
71862 145 369
333536 970 724
994 621 808
65109 83 881
14203 18 650
569631 657 856
182425 720 97
2507 399 914
184168 798 311
2192 385 447
46185 69 543
64677 105 581
43352 99 996
670688 902 537
218873 882 953
6480 7 84
46912 506 328
434012 566 58
383634 924 334
140944 648 511
333375 464 142
63501 100 995
94346 105 101
296859 889 567
232981 543 198
356109 701 968
114317 301 598
93028 330 499
679107 844 971
23833 563 314
18605 23 272
72776 528 214
801918 960 508
35103 991 956
364094 538 796
2578 3 725
30031 56 693
18524 256 600
195516 367 638
147914 200 243
142553 183 574
31640 71 82
486426 959 609
326488 646 734
16590 162 265
9941 70 577
300350 636 538
42654 178 633
507135 553 909
29266 626 811
865145 968 754
94451 597 402
205480 235 72
22368 127 392
220179 410 974
31188 555 284
573431 816 590
94143 98 980
150804 197 264
135885 372 788
34977 86 325
546882 718 575
507363 754 398
455037 541 134
316942 599 516
345292 865 79
293624 724 880
375086 414 191
9805 327 605
6382 55 562
154081 457 988
25870 707 618
39290 89 584
346076 364 519
141271 294 443
328318 533 342
411113 913 585
366465 708 276
78957 122 283
256332 328 124
600959 729 31
107907 716 463
484291 623 766
29996 940 683
667307 878 869
344988 760 199
90877 150 672
345099 415 438
469093 858 707
667244 910 378
54752 506 394
254216 800 331
50378 753 244
152218 559 999
508640 554 731
553851 827 788
39169 270 391
807256 947 748
547224 818 900
500290 586 343
669695 694 248
40629 115 935
252362 648 602
515052 824 856
865750 922 399
101 15 806
247618 849 198
581873 854 748
91219 184 654
91505 376 177
330766 364 789
681559 704 517
553860 808 877
465162 677 181
115909 739 482
112088 134 107
186462 465 423
160530 824 177
137628 191 217
75274 997 959
258905 443 156
192382 583 627
250809 723 125
106247 174 968
317113 917 455
50154 190 842
347460 686 561
482829 796 904
15445 182 31
863680 938 331
324591 652 232
141622 193 70
131869 174 920
16979 166 70
37951 44 608
144743 175 596
275807 372 698
44077 792 464
217526 265 608
17207 537 832
10112 47 39
358142 578 257
796947 890 63
273440 290 148
218224 952 71
175919 627 37
58648 148 319
407059 554 488
37835 356 565
361933 965 493
101859 437 420
4175 158 206
65579 629 625
238148 767 77
4503 97 807
390454 486 75
340831 360 862
245204 699 6
5806 7 279
636728 911 819
405077 990 387
580864 728 172
3984 18 893
538149 850 587
162241 421 780
9319 327 327
324208 667 190
481 1 350
679355 838 321
578257 663 428
41628 268 211
811619 902 202
154840 311 68
323107 522 338
73651 757 786
37437 126 650
57967 280 685
57532 112 951
748683 840 372
142159 232 356
331371 560 823
87972 802 43
149443 414 606
62902 161 331
278270 984 346
101250 150 466
27466 122 594
65122 129 45
205853 364 361
530141 615 125
40021 515 702
632886 829 675
412230 599 251
304323 372 216
168531 813 250
275085 925 526
251090 701 861
808010 934 42
261047 671 420
304999 365 198
674310 841 196
166492 196 474
757422 996 318
59412 654 459
649091 767 13
218555 313 958
10943 219 332
171502 180 30
1821 17 263
38559 363 364
64 1 953
438580 808 479
494399 516 286
156745 692 100
188701 852 777
112028 638 295
700457 762 544
318903 442 114
87999 976 214
521051 670 844
185217 736 737
697912 753 158
632556 756 645
134993 524 74
101294 207 304
69897 78 301
788744 940 631
468815 498 327
183909 253 409
275379 507 224
160277 391 227
201877 835 525
290016 643 708
125223 208 762
495121 592 969
144826 480 930
520301 535 483
525283 934 36
66047 86 143
205099 397 792
395776 866 774
425856 812 683
292005 382 534
413066 435 919
23696 376 216
113364 404 23
182629 350 292
634221 797 592
75181 413 385
33114 149 763
164309 394 561
2452 173 602
570234 740 748
10413 57 905
26281 322 476
60469 526 864
183499 936 817
72320 774 797
25640 671 101
27638 74 519
62493 78 266
90258 119 576
236273 747 938
247201 444 474
547657 606 64
209 10 693
62112 560 373
228441 564 391
208521 583 469
282290 585 437
441096 518 938
4376 8 513
310147 874 105
18046 476 172
38735 175 92
155304 367 894
538166 797 399
609495 811 140
201836 237 719
397230 863 704
578562 952 543
731223 734 439
976130 985 117
84133 318 455
313905 433 972
681174 735 55
42565 99 563
199482 858 411
47265 113 662
145709 341 440
116816 439 499
179758 572 372
283106 870 799
38511 113 898
225103 603 529
43382 54 477
268531 889 656
441277 674 802
415516 853 937
161202 691 442
138982 496 491
106365 651 744
9222 73 877
66604 181 463
215753 468 80
60484 113 320
530271 573 34
772111 967 107
125592 522 51
133893 240 779
199811 303 746
562668 595 255
369571 411 410
165117 966 261
862960 883 65
968659 970 1
358588 877 601
134755 196 95
5430 17 754
103489 129 549
107371 234 871
244316 978 132
382128 962 41
4573 240 665
276383 535 241
81960 457 422
240301 496 681
502252 787 438
93864 357 116
42065 169 257
20061 677 949
83486 852 468
321923 881 94
6294 51 876
458450 745 241
513195 629 540
105841 157 532
92654 109 357
258 71 256
341826 520 278
72860 222 530
46806 52 620
51300 182 30
288576 993 67
425111 470 184
486353 843 173
186238 658 261
180545 248 362
30719 154 465
100416 111 17
364972 643 506
50989 354 709
175136 972 901
3007 349 331
675224 754 679
49657 94 379
170678 800 126
180252 264 749
382587 401 705
117920 251 78
1104 64 173
363799 885 578
56907 410 377
276006 631 412
216810 546 868
1482 73 620
794828 829 885
220765 847 384
324923 335 443
274484 736 133
75792 789 174
31212 203 503
191430 284 230
361992 421 592
813203 961 826
415714 913 734
4850 586 979
606927 783 392
159664 325 801
428088 776 569
259489 360 302
8735 16 901
31087 305 690
176302 868 507
38647 318 983
112326 158 500
3110 463 701
93546 607 652
227721 889 640
99301 412 894
288629 406 369
418968 948 12
337752 516 666
316938 368 622
643756 868 5
119401 172 122
69654 379 63
380060 973 493
248637 429 993
1798 139 761
194669 633 359
182020 584 144
37563 415 709
3333 817 703
496022 713 630
266195 581 966
284070 417 462
91746 108 615
92025 94 754
429790 633 797
40407 69 990
128544 162 838
839013 901 391
592208 615 564
4877 195 946
114093 458 304
227057 536 821
139518 654 816
398925 447 684
93324 98 914
181617 635 158
920040 935 521
384315 552 145
255796 864 648
643260 928 987
254089 634 628
386851 673 146
73252 267 910
454152 773 438
117488 735 537
190454 994 221
341400 617 409
55493 131 912
152516 327 404
367804 894 3
529954 545 269
77928 175 874
539355 659 78
137008 804 10
758646 784 198
288076 802 229
61398 489 292
757381 848 995
169341 879 658
674230 979 69
29011 45 428
36009 290 915
573446 809 691
154543 522 271
299756 580 229
211593 348 187
49206 319 39
606501 917 273
261304 680 110
762216 774 41
233645 870 754
20652 21 920
84009 241 340
207538 931 167
91103 221 457
444099 543 178
88535 392 423
423522 851 362
89616 425 719
67758 509 980
65035 460 443
43298 185 867
611042 803 977
208270 269 763
147070 535 713
555746 636 799
60557 415 4
813469 927 5
677710 896 685
245203 344 968
90893 902 220
35353 369 78
98269 889 959
100082 469 787
388933 555 660
36576 37 142
83153 592 261
476 45 762
34180 838 603
46659 391 759
746226 832 646
243632 328 594
415764 438 483
82920 561 98
55823 159 574
63990 225 29
350198 969 298
84107 433 681
16928 55 287
357404 768 319
556275 868 691
175654 216 597
121041 359 76
322815 328 82
815745 960 972
69629 211 439
433234 482 133
382865 504 500
268666 881 287
3236 52 217
161008 285 688
25933 92 301
351199 703 372
96413 167 548
894280 947 325
165435 196 244
69051 206 51
236627 655 961
294937 554 839
210502 450 858
452488 632 292
287054 481 282
770334 925 152
993922 998 819
87041 416 337
80732 454 384
3977 91 195
1706 3 954
173405 407 697
150492 252 189
1845 4 481
780630 913 356
225723 625 141
245075 419 970
228599 905 583
352268 643 898
246518 359 972
168627 753 112
305452 331 652
253250 312 25
253291 748 57
591748 665 817
101173 232 278
238128 725 571
20074 90 2
612364 614 430
1802 179 708
562839 575 373
265136 381 801
411188 450 232
415246 971 379
72457 811 793
117008 484 996
268092 812 177
22976 33 316
44877 48 85
3670 13 871
371767 635 298
356955 485 962
212489 498 552
803453 816 382
85941 126 862
1033 128 102
164150 295 745
89560 160 350
62392 246 691
291893 729 844
81430 155 193
301198 472 179
186593 808 342
730283 866 190
327589 981 142
540107 618 178
44121 558 261
54501 57 566
73131 545 9
508313 936 814
68103 141 964
207809 874 22
381602 599 663
137603 173 885
139657 454 635
35002 194 378
3157 9 129
477883 706 490
316650 655 237
505874 852 658
95664 399 782
346542 700 706
81248 385 41
9833 517 35
702396 892 598
410294 594 834
309297 521 554
325466 466 837
148855 168 415
142592 738 261
1841 9 792
753965 975 292
39195 54 18
691610 835 17
75617 175 159
456296 567 817
453630 486 700
870894 874 560
26994 27 917
806762 993 976
570915 698 431
597578 928 873
220463 716 791
51671 535 890
141963 683 881
136149 344 759
319246 425 139
264055 335 651
97042 107 578
526250 859 71
37903 978 636
213831 380 139
870200 930 960
10409 37 628
253444 718 371
8709 28 558
48929 91 940
52011 231 596
651563 900 635
366350 754 78
26514 206 525
38151 590 962
201296 469 226
407708 499 78
88045 814 218
605890 905 476
21925 22 653
410161 443 319
400658 731 866
608500 933 277
226208 353 682
606771 711 157
215935 295 86
387777 906 162
197532 827 750
283029 834 552
74340 75 771
180872 452 527
10913 69 135
736388 738 230
191419 417 938
857373 941 257
534730 589 432
425840 867 270
237755 681 314
648283 649 539
494334 612 154
105523 393 844
120315 239 411
289816 311 444
17031 440 480
28871 48 985
184128 889 971
63763 124 517
466552 529 328
111480 341 578
63840 875 227
198989 648 710
369759 934 679
554126 588 927
153545 948 872
369412 841 232
605412 775 643
93536 163 780
34570 65 596
449208 934 826
140502 386 961
612096 971 857
22231 23 829
204137 748 845
248824 625 447
55453 596 499
247392 548 427
84911 426 522
53417 273 608
147985 816 131
75021 117 52
202384 294 578
161088 714 341
579511 892 796
44199 414 882
159453 336 522
303111 707 89
120028 460 479
155041 399 617
131844 420 399
426335 613 818
754173 998 449
171270 779 731
116711 475 910
31842 229 61
17936 204 649
325371 706 214
519055 528 161
21111 93 513
82099 149 525
220306 286 827
109303 469 7
4188 226 920
73670 363 172
29300 32 47
44452 181 650
793163 853 771
542344 628 147
120055 234 180
64725 65 641
206680 532 69
56189 283 378
4839 12 239
66234 494 142
95844 201 541
161251 222 614
113759 130 129
147580 748 527
576188 927 150
268320 335 167
247534 834 280
