2
19 19 17 16 15 15 13 13 13 12 12 12 12 11 11 11 10 9 7 0
18 18 17 16 14 14 13 13 13 10 9 9 9 8 5 3 2 0
10
9 9 9 8 8 8 6 6 5 4 3 3 2 2 1 0
9 8 8 7 7 6 6 4 3 3 3 1 1 0
9 8 8 4 2 2 0
9 6 6 4 0
9 3 3 1 0
8 1 1 0
8 1 1 0
7 1 1 0
6 1 0
6 0
7
10 10 10 10 10 10 10 10 9 9 9 8 8 7 7 6 5 2 2 0
8 8 8 8 8 8 6 4 4 3 3 3 3 3 3 3 2 0
1 1 1 1 0
1 1 1 1 0
1 1 0
1 1 0
1 0
4
12 11 11 11 11 11 11 10 10 9 9 9 9 9 5 5 5 5 5 0
9 7 7 7 2 2 1 1 0
9 7 7 7 2 0
9 6 4 4 2 0
6
10 10 10 9 9 9 9 8 8 6 6 6 5 4 4 4 4 3 1 0
10 7 7 7 7 4 4 4 3 3 3 3 3 3 2 0
10 7 6 6 5 4 4 4 2 2 2 2 1 0
9 5 4 3 2 2 1 1 1 0
9 5 2 1 0
9 5 2 1 0
7
20 19 19 17 16 16 16 10 10 10 10 8 8 5 4 4 4 4 3 0
20 18 18 17 15 12 12 10 10 8 6 6 6 5 3 3 3 3 3 0
16 16 15 15 15 12 11 10 9 8 2 2 1 0
16 16 15 15 15 11 11 10 8 4 0
14 14 14 14 14 9 9 3 3 3 0
14 14 14 14 14 9 9 1 1 1 0
14 13 13 13 13 7 7 1 1 1 0
3
1 1 0
1 0
1 0
10
16 16 16 14 13 12 12 8 6 6 6 6 5 5 4 4 4 2 1 0
16 15 15 14 13 11 9 7 6 5 3 2 2 2 1 0
14 14 14 14 12 9 9 7 6 5 3 2 2 1 1 0
13 9 9 9 8 5 1 1 1 0
13 7 7 7 7 2 1 1 1 0
13 7 6 6 6 1 1 0
13 3 3 3 3 0
13 1 1 1 0
12 0
12 0
6
16 15 15 15 15 14 12 12 12 12 12 12 10 10 10 10 9 9 9 0
15 15 15 14 14 14 12 12 12 11 5 4 0
15 15 14 13 13 13 12 12 12 10 2 2 0
12 11 11 11 11 10 10 8 6 6 0
12 11 11 11 11 9 9 6 6 4 0
11 11 7 7 5 5 5 3 3 3 0
7
5 4 4 4 2 2 2 1 1 0
3 0
3 0
3 0
2 0
2 0
1 0
2
13 13 13 12 10 9 9 6 6 6 5 5 5 4 3 2 2 2 1 0
12 12 9 9 8 8 8 5 5 4 4 4 4 3 3 2 2 1 1 0
2
14 14 14 12 9 7 7 4 4 4 4 0
14 14 13 12 9 7 7 3 1 1 0
3
15 15 15 13 13 13 12 11 7 7 7 7 7 7 6 5 5 3 3 0
9 9 5 3 1 1 1 0
9 8 2 1 0
10
10 9 9 9 9 9 9 9 9 9 6 6 6 5 5 5 3 3 3 0
9 9 8 8 6 6 5 3 3 2 1 1 1 0
7 7 7 7 6 6 5 3 3 1 1 1 1 0
7 6 5 5 4 4 3 3 3 0
6 6 5 5 3 3 2 0
6 3 3 3 3 3 2 0
3 3 3 0
3 1 1 0
1 0
1 0
8
9 7 7 7 6 5 3 0
9 6 5 5 2 2 2 0
9 6 2 1 1 1 1 0
8 6 0
8 5 0
7 5 0
6 5 0
6 5 0
8
13 13 13 9 9 9 8 8 4 4 3 3 0
13 13 13 9 9 8 5 5 4 3 0
13 13 13 9 8 8 4 4 0
11 11 9 9 8 8 4 4 0
8 7 6 6 6 2 2 0
8 7 5 5 5 2 1 0
7 7 5 3 3 0
7 7 5 3 0
4
9 9 9 9 9 9 9 9 8 7 7 7 7 7 6 2 1 0
7 7 7 6 4 2 1 0
7 7 6 6 4 0
7 6 6 6 0
8
4 2 2 1 1 1 1 1 0
3 2 2 1 1 1 0
1 1 1 0
1 1 0
1 0
1 0
1 0
1 0
3
17 17 16 16 16 16 16 16 15 15 13 12 12 12 12 9 9 7 7 0
17 17 12 10 9 9 9 6 3 3 3 2 1 0
16 16 12 10 9 9 8 6 3 2 2 0
5
18 18 18 18 17 16 16 14 12 12 12 11 11 11 10 10 10 9 8 0
17 16 16 15 15 15 15 14 12 12 11 11 10 8 8 8 8 5 5 0
16 16 16 14 13 12 12 12 10 10 9 9 9 8 8 8 7 3 3 0
15 14 14 10 10 10 9 9 9 8 8 8 7 7 4 1 0
14 14 11 10 10 9 9 9 9 7 5 4 4 4 4 1 0
10
18 18 16 16 16 16 16 14 13 13 13 11 11 10 9 9 6 6 6 0
16 13 11 9 9 8 8 8 8 8 7 7 6 4 4 4 2 1 1 0
16 12 10 8 8 8 7 7 7 7 6 6 3 2 2 2 2 1 1 0
16 10 10 6 6 6 6 6 5 4 3 3 2 2 0
15 10 10 5 5 5 4 4 2 2 0
15 10 10 3 0
15 10 9 3 0
15 10 5 1 0
15 6 4 1 0
14 6 4 0
10
2 1 1 1 1 0
1 0
1 0
1 0
1 0
1 0
1 0
1 0
1 0
1 0
2
1 1 1 1 1 1 1 1 1 1 1 0
1 1 0
1
8 6 1 0
3
4 0
3 0
3 0
7
9 8 8 8 7 7 7 7 6 6 5 3 1 0
9 8 8 7 7 4 2 2 2 2 2 2 1 0
8 8 8 6 6 4 1 1 0
4 4 4 3 3 3 0
1 1 1 1 1 0
1 0
1 0
5
13 13 13 13 13 11 11 11 11 9 8 7 5 0
12 12 12 12 11 10 8 7 7 7 7 7 5 0
11 9 9 9 8 8 8 7 5 4 4 3 3 0
11 8 6 6 5 4 4 4 3 3 3 2 2 0
11 8 6 6 4 3 3 2 0
5
11 11 11 11 9 9 9 8 5 4 3 1 1 1 1 0
10 10 8 7 5 5 4 3 3 3 1 0
10 10 4 4 4 4 4 2 2 1 1 0
10 10 4 4 4 3 3 2 0
10 10 4 4 4 2 2 2 0
8
18 17 17 15 15 15 15 14 14 13 12 12 12 11 9 9 9 8 3 0
18 15 15 15 15 15 12 12 11 9 8 8 6 5 4 4 4 3 3 0
18 15 15 14 13 12 12 12 9 8 8 8 5 5 3 2 2 2 2 0
16 15 14 14 11 11 11 11 9 8 8 7 5 5 1 1 0
16 15 14 14 11 11 6 6 5 5 2 2 2 2 1 0
15 15 13 13 11 11 6 6 5 3 2 0
15 15 13 13 11 11 6 4 0
14 13 12 12 11 11 4 4 0
7
4 4 4 4 4 4 4 3 3 3 2 2 2 2 1 0
4 0
3 0
3 0
1 0
1 0
1 0
1
18 17 17 17 17 14 14 13 8 7 7 6 6 6 6 6 6 5 5 0
4
12 11 10 9 9 9 7 6 6 6 6 5 4 4 2 2 1 1 1 0
12 11 9 9 9 9 7 6 6 6 6 5 3 3 1 0
11 7 6 5 3 2 1 0
8 7 6 2 2 2 0
5
16 11 11 10 9 9 9 8 7 7 7 7 7 7 6 6 5 4 3 0
14 11 11 10 9 9 8 4 4 4 4 4 4 4 4 4 4 2 2 0
14 11 10 9 7 7 5 4 2 1 1 1 1 1 0
14 9 6 5 4 4 1 1 0
14 9 6 2 2 2 1 1 0
5
3 3 3 3 3 3 3 2 2 1 1 1 0
1 0
1 0
1 0
1 0
9
4 4 3 3 3 3 2 2 2 1 1 0
4 4 3 2 2 1 0
4 4 2 1 1 0
4 4 2 1 1 0
4 3 2 0
3 2 1 0
3 2 1 0
2 0
2 0
6
8 7 5 5 4 1 1 1 0
5 4 4 1 0
4 4 4 1 0
3 3 3 0
3 3 3 0
3 1 1 0
6
18 18 16 15 15 10 10 10 9 7 6 5 5 5 5 5 5 3 3 0
18 18 14 14 13 10 7 7 6 2 2 1 1 0
17 17 12 12 10 10 7 7 6 0
17 17 11 10 10 10 7 4 3 0
17 17 11 9 9 9 7 2 1 0
15 15 11 9 7 7 7 1 1 0
4
7 7 6 4 3 3 3 2 2 1 1 1 1 0
5 5 4 4 3 2 1 1 0
5 3 3 0
5 3 3 0
10
3 3 3 1 1 0
2 2 0
1 1 0
1 1 0
1 0
1 0
1 0
1 0
1 0
1 0
1
6 5 4 1 1 0
7
18 18 18 18 16 16 16 16 14 12 9 7 6 4 4 3 2 2 2 0
16 16 16 16 16 13 13 10 9 8 8 7 4 3 2 1 1 1 1 0
16 16 15 14 14 9 9 9 9 8 8 7 4 2 2 1 1 0
16 15 15 14 14 7 6 6 6 3 1 0
16 15 15 14 13 4 4 4 4 3 1 0
16 7 6 6 3 2 2 0
15 7 6 6 3 2 2 0
4
5 5 5 5 4 4 3 3 3 3 3 3 3 0
4 3 0
3 3 0
2 0
4
2 2 0
2 2 0
2 2 0
1 0
1
18 18 18 18 18 15 13 13 12 12 11 10 10 10 10 9 9 9 9 0
2
3 0
2 0
6
1 1 1 0
1 1 1 0
1 1 0
1 0
1 0
1 0
10
20 20 20 18 18 16 10 10 10 10 9 9 8 8 7 7 6 5 3 0
20 20 20 18 18 14 9 8 8 8 8 8 8 6 6 5 5 5 3 0
17 14 12 11 10 10 9 6 4 2 2 1 0
16 14 9 8 8 6 5 5 1 1 0
16 14 9 8 8 5 4 3 1 0
15 14 7 6 6 5 3 2 1 0
14 14 7 6 5 3 3 2 1 0
14 12 5 5 4 3 3 2 1 0
13 12 5 5 4 2 0
7 7 5 3 2 2 0
10
17 17 17 16 15 14 13 12 12 12 12 12 11 11 11 11 10 10 10 0
17 17 17 16 15 14 10 10 10 9 9 9 9 9 9 8 6 6 6 0
16 16 16 16 14 14 9 8 7 7 7 7 7 6 6 6 6 6 6 0
14 12 10 9 9 8 6 6 6 6 6 6 6 5 1 1 1 0
14 12 10 9 9 8 6 6 6 6 6 6 5 5 0
12 7 7 7 6 6 5 5 5 5 5 5 5 4 0
12 7 7 7 5 5 5 5 3 2 2 2 2 2 0
12 7 7 4 4 2 2 2 1 1 1 1 0
12 4 4 4 4 0
11 3 3 3 0
3
7 7 7 7 7 6 5 5 5 5 5 4 4 0
6 6 5 1 0
6 5 0
6
19 15 14 13 13 7 6 6 6 6 6 5 4 4 4 4 4 4 4 0
18 15 14 13 12 5 5 5 5 4 3 3 3 1 0
18 14 12 12 11 4 4 3 0
18 14 12 12 11 4 4 3 0
18 14 12 12 10 1 1 1 0
14 14 11 8 8 1 0
3
13 13 13 12 12 12 11 8 8 7 7 6 6 6 6 6 6 6 5 0
13 13 13 12 11 10 9 7 7 6 5 5 2 2 2 2 2 2 1 0
13 13 13 11 11 10 6 6 2 2 2 2 1 0
4
20 20 19 19 19 17 17 17 17 17 17 17 17 15 15 14 14 14 13 0
19 18 18 18 18 17 17 16 16 14 14 12 11 11 11 11 9 8 8 0
18 18 14 13 13 12 12 10 10 10 8 8 8 7 7 7 7 7 7 0
18 16 14 12 12 10 10 5 3 0
3
12 12 12 11 11 11 11 11 10 8 8 5 5 4 4 1 1 0
12 12 12 8 8 7 6 5 5 5 5 2 2 0
11 10 10 8 7 7 5 4 4 3 0
9
12 12 12 11 10 6 6 6 6 6 4 3 1 0
11 11 11 11 9 6 5 5 5 5 4 3 0
11 7 6 1 0
9 7 6 1 0
9 7 6 1 0
9 7 6 1 0
9 6 6 0
9 5 5 0
9 5 5 0
9
15 15 15 15 14 14 10 10 10 7 6 6 5 4 2 1 1 0
14 11 11 10 10 9 9 9 8 7 3 3 3 3 2 1 0
14 11 11 10 10 6 6 4 4 3 3 3 3 1 1 1 0
13 6 6 6 6 4 4 3 2 2 2 2 0
11 6 6 6 5 2 2 1 1 0
7 5 3 2 0
7 4 3 2 0
7 4 2 2 0
7 3 2 1 0
5
4 4 4 3 3 3 3 3 2 2 0
4 4 2 2 0
3 3 0
3 3 0
3 3 0
5
2 2 1 1 0
1 0
1 0
1 0
1 0
1
12 12 12 12 12 12 11 11 10 10 10 7 7 6 6 4 2 1 1 0
4
4 3 3 3 2 2 2 2 1 0
3 3 2 2 2 2 0
2 1 0
2 0
8
20 19 19 19 19 19 19 19 18 18 18 18 18 17 17 13 13 13 13 0
20 19 19 19 18 18 18 18 17 17 17 17 16 15 13 13 13 11 11 0
18 18 17 17 13 13 11 7 6 6 2 2 2 2 2 1 1 1 0
18 18 17 13 12 12 10 7 6 5 1 0
17 17 16 13 12 12 10 6 6 4 1 0
17 17 16 13 12 11 10 5 4 4 0
17 16 16 13 11 11 10 5 4 4 0
16 15 15 9 9 6 6 5 4 3 0
4
9 8 8 8 8 8 8 8 8 5 3 3 3 3 2 2 1 1 0
9 8 8 8 8 7 4 3 3 3 3 3 3 3 2 2 1 1 0
9 8 8 8 7 7 4 3 3 3 3 3 2 1 0
8 6 5 5 5 5 2 0
1
1 1 1 1 1 1 1 1 1 1 1 0
1
6 6 6 6 5 5 3 3 3 3 3 3 3 3 0
7
1 0
1 0
1 0
1 0
1 0
1 0
1 0
10
10 10 10 10 10 10 10 10 9 9 9 9 8 7 7 6 5 5 3 0
10 9 9 9 2 2 2 1 1 1 0
10 9 9 9 2 2 2 0
10 8 7 7 2 2 2 0
9 8 7 7 0
6 6 6 5 0
6 6 6 4 0
4 4 4 3 0
4 4 4 2 0
4 4 4 2 0
4
16 16 13 13 13 13 12 12 12 11 11 11 10 9 9 9 9 2 2 0
15 15 13 13 13 12 12 12 11 11 11 11 10 9 9 8 6 2 1 0
15 15 13 11 11 11 10 10 9 8 5 5 4 3 3 3 2 0
15 15 13 10 10 10 10 9 9 8 3 2 2 1 1 1 1 0
7
13 12 12 11 11 11 11 11 11 10 8 7 7 7 5 4 3 3 1 0
13 9 9 9 8 8 8 8 8 8 8 7 6 6 5 4 3 3 0
13 8 5 5 5 3 3 2 2 2 2 1 1 0
13 7 5 4 2 2 2 1 1 1 0
13 7 5 2 2 0
12 7 5 2 1 0
11 7 5 2 0
5
18 18 18 16 16 16 16 15 15 15 15 15 14 14 13 12 12 12 12 0
18 18 14 13 12 12 11 11 11 11 10 10 10 8 5 5 4 3 3 0
17 17 14 13 12 11 10 10 10 9 8 7 6 6 5 4 3 2 2 0
17 17 12 12 12 8 8 7 6 6 6 6 6 5 3 3 3 2 0
17 17 11 11 10 8 5 3 3 3 2 2 2 1 1 1 0
1
9 9 8 8 7 7 6 5 4 4 4 4 3 3 3 3 3 3 3 0
10
10 6 4 4 4 1 1 0
10 6 4 4 3 1 1 0
10 5 2 2 1 0
10 4 0
9 4 0
9 4 0
9 3 0
8 3 0
7 3 0
7 3 0
10
10 9 9 9 9 9 8 4 4 4 4 4 4 4 3 2 2 2 1 0
10 7 7 7 6 6 6 4 3 2 2 1 1 0
10 5 5 5 2 1 1 0
9 0
8 0
7 0
7 0
6 0
2 0
2 0
8
8 8 7 7 7 7 7 7 6 6 3 3 2 1 0
8 8 6 4 3 3 3 3 3 1 0
8 7 4 4 3 3 2 1 0
8 7 4 4 3 3 1 1 0
7 6 4 2 1 0
7 6 4 1 1 0
6 6 4 1 1 0
6 6 3 1 1 0
6
13 13 11 10 9 7 7 6 6 6 6 3 1 0
13 12 10 10 7 4 3 3 3 3 3 3 0
13 12 10 7 6 4 2 2 2 2 0
13 12 10 6 6 4 1 0
12 11 10 6 4 3 0
9 8 8 4 4 2 0
9
11 8 8 5 5 5 4 4 4 4 3 3 3 3 0
11 3 3 0
9 3 2 0
9 3 0
9 3 0
8 0
7 0
6 0
5 0
4
18 18 17 16 16 16 14 13 13 13 12 12 12 10 10 10 9 8 8 0
14 14 14 13 13 13 12 11 10 9 9 8 7 7 7 7 7 5 4 0
14 14 12 11 11 11 8 8 7 7 6 6 0
14 14 12 8 8 7 7 7 7 6 6 2 0
5
9 9 9 9 6 3 3 3 3 3 1 0
8 8 5 2 2 2 0
7 5 5 1 1 1 0
6 0
6 0
9
20 20 20 20 18 17 17 17 16 15 15 15 15 15 15 12 12 12 12 0
20 20 20 20 14 14 13 13 13 12 11 10 10 10 9 9 9 9 9 0
17 17 14 14 14 12 12 11 10 10 7 6 4 4 4 4 4 4 4 0
15 15 11 7 5 5 5 5 5 4 4 4 4 1 0
15 15 11 7 5 5 5 5 4 4 4 4 4 1 0
14 14 11 6 2 1 0
14 14 11 5 2 1 0
10 10 9 5 0
10 10 7 4 0
7
17 17 17 17 17 16 14 11 10 10 10 9 8 8 8 8 5 3 0
17 16 13 13 13 13 13 10 10 10 10 7 6 4 4 4 3 3 0
17 16 13 13 13 13 12 10 10 10 8 5 5 3 3 3 1 1 0
17 12 12 12 11 9 9 9 9 7 7 4 4 3 3 2 1 0
16 12 9 8 8 7 6 5 4 4 4 1 1 0
16 10 9 8 8 7 6 2 2 2 1 0
16 10 9 8 7 7 6 0
10
5 5 4 4 4 4 3 3 2 2 0
3 3 3 3 2 1 1 0
2 0
2 0
1 0
1 0
1 0
1 0
1 0
1 0
5
7 7 7 7 5 5 4 4 2 2 2 2 2 2 2 2 2 2 1 0
7 7 7 5 5 4 4 4 0
3 2 2 0
2 2 2 0
1 1 0
8
18 16 15 12 7 6 6 6 6 6 5 5 5 3 0
17 16 14 12 7 0
14 9 8 8 7 0
14 9 8 7 4 0
13 8 7 7 3 0
13 8 7 6 3 0
13 7 7 5 3 0
13 7 7 5 3 0
10
20 17 17 17 16 16 15 15 14 13 12 12 12 12 12 12 12 12 10 0
20 16 15 15 12 12 12 10 10 10 10 10 10 8 7 7 7 7 7 0
20 16 15 15 12 11 8 8 8 5 5 5 5 5 5 5 5 5 5 0
19 16 15 14 12 11 6 6 6 4 4 4 3 3 3 3 2 0
19 13 12 12 12 10 6 6 5 4 4 3 1 1 1 1 0
16 13 12 11 11 9 4 4 4 4 4 3 1 0
16 13 12 10 9 9 4 4 3 3 3 2 1 0
16 13 12 8 7 7 4 2 2 0
16 13 12 7 7 6 4 1 0
16 13 12 6 2 2 1 1 0
2
16 15 15 15 15 15 14 14 14 14 14 14 12 12 12 12 11 11 11 0
16 15 15 15 15 11 11 11 9 8 8 8 6 6 4 2 1 0
10
17 12 12 11 11 11 10 9 9 8 8 7 7 7 7 7 7 6 6 0
12 12 12 9 2 0
7 6 6 5 1 0
7 6 6 5 1 0
5 4 4 4 0
5 4 4 3 0
5 3 2 0
2 2 2 0
1 0
1 0
9
1 1 0
1 1 0
1 0
1 0
1 0
1 0
1 0
1 0
1 0
2
18 18 18 15 14 14 14 14 14 14 13 12 9 7 6 5 5 5 4 0
17 17 17 13 11 11 11 10 10 10 9 9 9 7 6 5 5 2 2 0
7
13 13 10 8 8 8 8 8 8 6 6 6 5 5 3 3 2 2 2 0
13 12 6 5 5 5 2 2 2 1 1 0
13 11 6 5 4 3 2 2 2 0
12 11 6 5 4 3 0
12 8 6 5 3 3 0
12 8 5 5 2 1 0
12 6 5 5 2 0
1
3 3 3 2 1 1 1 1 0
1
11 11 11 11 9 9 9 8 8 7 6 6 5 5 5 5 5 5 4 0
2
18 18 16 16 16 16 15 15 15 15 15 14 13 12 10 6 5 3 2 0
18 18 13 13 13 11 11 11 11 10 10 9 9 8 7 6 5 3 1 0
9
13 13 13 12 11 10 9 8 7 6 6 6 5 5 3 2 2 1 1 0
12 11 9 7 7 6 3 3 2 2 2 0
8 7 7 4 3 2 0
8 7 5 4 1 0
6 5 5 4 1 0
6 5 3 3 1 0
5 4 1 1 0
4 2 1 1 0
3 2 0
5
17 17 17 16 16 16 16 15 15 15 13 13 13 13 13 13 13 11 10 0
16 16 15 15 11 11 11 11 11 10 9 9 9 9 8 8 5 4 3 0
16 16 15 15 11 10 10 10 10 10 9 8 7 7 6 6 3 1 1 0
15 14 11 11 7 7 6 6 5 5 4 3 3 3 2 2 2 1 0
15 14 11 11 7 7 6 6 3 3 3 2 0
3
2 2 0
1 1 0
1 1 0
5
7 7 7 7 7 7 6 5 3 2 0
6 6 5 5 4 3 2 2 2 1 0
1 0
1 0
1 0
2
18 18 16 16 16 16 16 14 12 12 12 10 10 10 10 7 5 5 2 0
18 17 16 15 12 10 9 8 6 4 2 0
8
7 7 7 4 4 4 4 3 2 2 2 1 0
7 7 7 3 2 1 1 1 1 1 1 1 0
7 5 5 2 2 1 0
7 3 1 1 1 1 0
7 2 0
4 2 0
3 1 0
1 1 0
10
2 2 2 2 2 1 0
2 2 2 2 1 1 0
1 1 1 0
1 0
1 0
1 0
1 0
1 0
1 0
1 0
4
17 17 17 17 17 17 16 14 14 14 10 8 7 7 6 6 6 5 5 0
16 16 16 16 16 15 15 14 14 14 9 8 6 4 4 4 4 2 0
16 14 13 13 13 12 12 9 9 5 5 2 2 2 2 2 1 1 0
16 14 12 11 10 9 9 9 9 5 5 1 1 1 1 0
6
1 1 1 0
1 0
1 0
1 0
1 0
1 0
1
17 17 17 16 16 16 15 13 12 10 8 8 7 7 7 7 3 3 3 0
0
