105
1 1
0
1 2
0
2 40
-1 -2
50 30
0 0 0 0 0 0 0 0 0 0 0 0 0 0 0 0 0 0 0 0 0 0 0 0 0 0 0 0 0 0 0 0 0 0 0 0 0 0 0 0 0 0 0 0 0 0 0 0 0 0
50 31
0 0 0 0 0 0 0 0 0 0 0 0 0 0 0 0 0 0 0 0 0 0 0 0 0 0 0 0 0 0 0 0 0 0 0 0 0 0 0 0 0 0 0 0 0 0 0 0 0 0
50 32
0 0 0 0 0 0 0 0 0 0 0 0 0 0 0 0 0 0 0 0 0 0 0 0 0 0 0 0 0 0 0 0 0 0 0 0 0 0 0 0 0 0 0 0 0 0 0 0 0 0
50 33
0 0 0 0 0 0 0 0 0 0 0 0 0 0 0 0 0 0 0 0 0 0 0 0 0 0 0 0 0 0 0 0 0 0 0 0 0 0 0 0 0 0 0 0 0 0 0 0 0 0
50 34
0 0 0 0 0 0 0 0 0 0 0 0 0 0 0 0 0 0 0 0 0 0 0 0 0 0 0 0 0 0 0 0 0 0 0 0 0 0 0 0 0 0 0 0 0 0 0 0 0 0
50 35
0 0 0 0 0 0 0 0 0 0 0 0 0 0 0 0 0 0 0 0 0 0 0 0 0 0 0 0 0 0 0 0 0 0 0 0 0 0 0 0 0 0 0 0 0 0 0 0 0 0
50 36
0 0 0 0 0 0 0 0 0 0 0 0 0 0 0 0 0 0 0 0 0 0 0 0 0 0 0 0 0 0 0 0 0 0 0 0 0 0 0 0 0 0 0 0 0 0 0 0 0 0
50 37
0 0 0 0 0 0 0 0 0 0 0 0 0 0 0 0 0 0 0 0 0 0 0 0 0 0 0 0 0 0 0 0 0 0 0 0 0 0 0 0 0 0 0 0 0 0 0 0 0 0
50 38
0 0 0 0 0 0 0 0 0 0 0 0 0 0 0 0 0 0 0 0 0 0 0 0 0 0 0 0 0 0 0 0 0 0 0 0 0 0 0 0 0 0 0 0 0 0 0 0 0 0
50 39
0 0 0 0 0 0 0 0 0 0 0 0 0 0 0 0 0 0 0 0 0 0 0 0 0 0 0 0 0 0 0 0 0 0 0 0 0 0 0 0 0 0 0 0 0 0 0 0 0 0
50 40
0 0 0 0 0 0 0 0 0 0 0 0 0 0 0 0 0 0 0 0 0 0 0 0 0 0 0 0 0 0 0 0 0 0 0 0 0 0 0 0 0 0 0 0 0 0 0 0 0 0
10 3
+1 +1 +1 +1 +1 +1 +1 +1 +1 +1
2 2
L L
2 3
L L
2 4
L L
50 6
+46 0 +20 0 +26 L 0 0 -4 +13 +3 +30 0 L +27 0 0 -9 0 0 0 L +6 0 +15 L 0 -27 L L +13 0 +16 0 0 0 -23 0 -32 -13 -18 -19 -18 0 -31 -18 -11 0 -23 L
14 8
0 0 0 -4 -2 L +2 +5 0 0 -3 0 L -6
25 7
+8 L +8 -3 -1 -6 L +8 0 0 0 +8 +3 L -12 0 0 L L -2 -13 0 -1 -7 -11
34 29
+32 +17 L 0 0 +4 0 +26 +7 L L +17 0 0 -4 L L 0 -7 0 +14 +13 -8 0 0 0 -2 0 0 L 0 0 -23 -27
41 3
L 0 0 0 +32 +22 L -4 L 0 L 0 0 +12 L L -6 0 +18 +20 +12 0 +2 -20 +3 L 0 -7 L +3 -11 L +1 0 0 +3 -26 -4 +3 -34 -4
31 3
+17 0 L +13 L L 0 L -7 +4 L L 0 -14 L -9 -10 0 -10 +5 0 0 -23 L 0 -14 -11 -24 L -26 -16
4 32
+4 0 -3 0
14 1
0 +5 L +3 0 0 L 0 0 -6 +1 -2 L -8
2 14
0 -1
16 36
L 0 0 +2 L -3 0 -7 0 -2 -3 L +1 +1 L -6
26 17
+9 +9 +17 +4 +12 -2 L L L 0 0 0 -7 L -8 -14 0 -11 -3 -19 -18 -12 -17 0 +2 L
25 25
+14 +7 +20 -3 0 0 +19 +10 0 -9 0 +4 0 -9 +11 0 -15 0 0 -7 -15 -6 0 0 -7
42 38
L +17 0 +12 L 0 +12 L -2 0 +26 +2 +26 +27 L -15 L +22 L -17 +14 L 0 L -13 0 0 L 0 0 L +8 0 0 L -20 0 -26 0 L L -17
3 11
0 0 0
38 22
0 +16 0 0 L 0 L L -2 +25 0 +24 +4 0 L L +14 -16 -5 0 0 L 0 L L -6 +5 0 -19 -29 0 0 -16 L L -15 -24 -32
22 6
0 0 +6 +8 +16 0 +12 -7 0 -3 -2 +4 0 -1 +2 0 -16 L 0 0 0 -4
9 14
0 0 +2 +1 0 0 L -7 L
13 3
+11 +2 L L 0 +3 -6 +5 -1 -10 0 0 -8
50 38
+20 0 0 +20 0 L +2 +16 0 L L -7 0 0 -14 0 +4 +10 -10 +28 -20 -4 0 0 +17 -16 +22 L L 0 0 L +9 0 -6 L L L -24 L 0 L L L 0 -22 -6 -1 -35 -12
30 24
+30 0 L 0 +10 0 L +4 L -7 L 0 0 -9 0 -15 L -12 0 -4 -16 0 +2 -20 -15 -2 -8 0 L 0
5 36
0 L +2 0 0
29 20
0 L -1 +14 +8 L +23 0 +16 0 -5 -2 0 L 0 0 -8 L -3 -8 0 0 0 -18 -2 -8 0 0 L
4 13
0 L 0 0
14 27
+11 L 0 +3 0 L -3 +4 0 L 0 0 0 0
14 5
L L -2 -3 +8 0 L 0 0 -3 -6 0 -7 0
27 29
+4 +19 0 0 0 0 +5 +4 L -8 +8 -10 0 -13 -8 0 L L -19 -3 0 -20 -15 0 0 0 -13
44 39
0 0 0 +28 -4 +19 L 0 +9 L +14 0 0 0 +30 -8 L L 0 0 L 0 -23 L -16 +14 -23 -8 L +5 0 L L -30 L -4 -13 -26 -21 -16 0 -18 -31 0
12 28
0 L -1 0 -3 +2 -4 -5 0 0 -7 L
4 40
0 -1 L -2
7 35
+7 +2 +4 +1 0 +1 0
31 38
+17 0 0 L +15 0 +18 0 +19 -10 0 +19 L L 0 L L -9 L 0 0 0 L 0 L -14 0 0 -9 -23 -20
17 16
+6 +16 0 -4 0 +7 L +3 0 +3 L -6 0 -13 0 -4 -1
16 8
0 L 0 -3 L 0 L 0 +7 0 -8 L +2 L 0 +1
10 32
+5 L -3 +1 +3 +1 0 -2 -8 0
5 3
L 0 -1 0 -1
18 34
0 L 0 -3 -1 +6 +10 L +2 0 0 -6 -7 -8 -1 -7 L 0
27 35
0 L 0 +16 L L +8 +3 -2 L 0 L 0 0 +12 +2 L 0 0 -15 -11 0 +2 L L -18 L
29 27
L +6 +6 +25 -1 +22 +15 L 0 L +7 -5 0 L -13 0 -10 -13 0 L 0 0 L +4 -19 0 +2 L -10
21 30
+1 -1 +2 +6 +5 L L +14 +8 -2 L 0 0 0 +6 -2 L +1 0 +2 -13
10 1
+8 0 +4 -1 -5 +2 -6 -6 -7 -6
42 17
+5 0 +29 +12 L +5 0 L +27 -8 +21 L +9 L 0 +10 0 0 0 +21 0 +17 -21 -6 +5 +1 -9 L -1 0 0 -12 0 +2 -18 -20 L L 0 -30 0 0
50 32
L 0 -3 0 +35 +26 +33 +26 -2 +12 +11 0 L 0 +35 +35 L -18 0 -13 +26 +1 L L L 0 -23 +20 -12 +8 L +14 L +7 L -7 0 0 0 0 -17 -23 -37 -6 +1 -22 0 L 0 -31
13 1
L +3 0 0 -2 0 -5 L L 0 0 -4 0
33 24
0 +4 -2 +8 +28 0 0 0 +8 L +14 +12 0 L -7 +3 L 0 L -7 L +4 -5 +5 -20 -9 L 0 -10 L -11 0 -11
25 4
0 L +12 L +1 +13 L +18 -9 +8 +6 0 0 0 0 -4 +1 0 L -17 -20 -6 0 -6 -21
17 21
+4 +3 0 L 0 +7 0 0 -7 -4 0 +6 -13 0 0 0 -8
13 22
0 L +7 0 0 L -3 -5 -2 -10 -9 +1 0
48 34
L +43 L +21 +37 -1 +32 +21 0 +16 L 0 L +1 0 -8 -16 0 +28 -9 0 +16 0 -3 -17 0 -22 L +18 +12 -24 -30 0 0 0 -20 -7 0 -1 -28 0 -12 0 -1 -26 0 -43 -1
50 23
0 0 L L L L +17 0 +25 -5 +26 +13 +34 -6 +30 +27 -15 +23 0 0 L +1 L 0 +25 L 0 L 0 +11 +16 +17 +18 +3 L -5 L -14 -13 -26 0 +2 +3 -24 0 L 0 L 0 -40
7 20
+6 +5 +5 0 0 -4 L
34 9
0 L +9 0 0 0 0 +7 L L L -12 L +16 0 0 -11 0 -8 L L +5 -11 +2 L -20 0 -15 -26 +1 0 -30 -18 -22
37 2
+27 +1 0 0 0 0 +2 -4 0 L 0 0 +6 -12 +10 -4 -9 +16 0 0 +2 +12 -1 L L -24 +11 0 0 -26 0 -22 0 -13 -4 -1 -17
8 5
+8 +4 0 0 0 0 -7 -2
28 10
0 +22 0 +19 0 0 0 +17 +7 +13 L +10 L 0 0 -10 -9 +5 -9 L -3 L -10 -7 L 0 -24 -25
42 4
+29 +35 0 0 0 +33 0 0 L 0 L 0 -4 +27 +16 0 L 0 L 0 -16 -16 L -24 -22 +11 0 L 0 L -22 -12 0 +5 0 -15 0 -15 L 0 0 L
7 17
0 0 0 0 -5 -6 L
41 33
0 +38 0 +2 0 +2 0 +17 +15 L 0 0 L -6 0 L +11 0 0 0 -18 +19 0 0 -17 L +10 -20 L 0 -16 +10 -3 0 L -30 0 +3 0 L -39
47 20
0 0 +16 0 +27 0 +1 +31 0 +26 0 +5 L +18 -8 0 0 +11 -18 -12 L +11 +14 L L -18 0 0 +12 0 -16 +11 L 0 -7 L 0 -25 -19 0 L L -33 -7 -43 L -21
41 27
0 +39 +3 +21 L 0 +5 L L 0 +6 -2 L 0 0 +5 +25 L -7 -6 0 L +9 0 -16 -23 L -21 -7 0 0 L 0 0 -3 L 0 -5 0 -29 0
19 5
+1 +4 L +12 0 L +8 L +5 0 -6 -6 -1 -1 -6 0 -3 L 0
25 4
+15 0 -3 L 0 +9 L +11 0 0 0 0 L +8 L +6 -2 +1 -18 +1 -3 0 L -23 L
12 14
L L +6 +6 +6 -1 0 -8 0 -3 L 0
20 36
L +18 -3 L +2 +1 -7 +6 -6 0 0 0 +8 0 -1 0 -16 -1 L 0
4 17
-1 L 0 0
31 23
+11 0 0 L 0 0 0 +7 +10 -3 +8 0 L 0 -6 +9 +8 +11 0 +10 +3 +4 -3 0 0 -20 -14 +1 +1 L 0
15 33
0 0 +6 +10 +3 +8 +6 +3 0 0 -5 L -6 -9 0
46 1
+29 0 L L +14 0 +15 0 -4 0 L 0 0 -1 L +26 0 0 +11 +20 L +20 L -24 -2 0 +7 0 -24 0 0 -11 -6 L -19 0 -19 -7 -32 L 0 -29 -21 L -26 +1
45 6
+8 L +6 +32 L L 0 0 +33 0 L +33 0 +7 L L 0 L 0 L 0 -9 L -15 L +13 +1 +8 -26 +4 -25 L 0 0 -1 L -37 -7 0 L +2 0 -22 +1 +1
41 23
+23 +8 L +14 0 L +7 0 0 -5 0 L 0 -11 L L 0 -10 L -2 L -12 0 -2 -4 L 0 -25 -21 -24 +6 -7 -18 -15 L L 0 0 0 -10 L
42 6
0 +1 +11 0 L L L -7 L -4 +24 L 0 0 0 0 -16 -2 L +14 +20 L L L L -3 L -18 +7 -9 0 0 -27 0 L +4 -10 -26 L 0 -23 0
21 27
+3 +19 L +6 +9 +8 0 +10 0 +3 0 +3 L L 0 0 0 0 0 0 0
22 12
+22 +12 +15 +5 L +3 -6 +9 -4 +6 -3 -11 L 0 0 -2 0 -14 -13 -10 0 -7
15 34
+8 0 0 +11 +1 L -4 -4 L +3 L L -2 0 0
46 13
+24 0 0 +43 L L +26 0 0 +34 -11 0 +2 -3 0 0 +6 +29 +27 +16 0 L 0 -13 -22 L +1 +4 -9 -22 L -4 0 -21 -23 L -5 0 -23 L 0 -16 0 0 -21 L
18 20
+14 +6 0 +1 L 0 0 0 -2 +4 0 L L L -4 L -8 L
1 33
0
9 28
+3 +5 L L 0 0 0 -2 0
24 23
-1 +19 L 0 0 0 0 0 +3 0 -5 0 0 0 L -8 -12 L -5 0 -10 -4 L 0
3 22
0 L 0
27 18
L L +23 +22 +15 L L -6 +7 L +16 +16 +11 +4 -2 -2 0 0 -15 -1 -21 0 -14 0 0 0 -11
13 30
0 +4 +8 0 0 L +3 L 0 0 L +2 0
24 25
+9 L +17 +7 +8 0 0 L 0 L 0 L 0 -10 +9 L -1 0 0 0 0 -3 L -1
30 20
0 +23 +9 0 +24 L L -7 -4 L -9 0 -12 +1 0 L 0 -1 0 +4 +3 L -21 0 -18 -24 -21 -19 -24 -2
8 12
-1 0 L +4 0 L 0 -1
21 10
L +8 +4 L +1 0 -5 0 -9 +8 0 0 -13 +7 -15 +6 -6 -16 -17 -17 -9
22 22
0 L +15 0 +6 +5 0 0 L -5 0 0 +1 L 0 0 +3 L 0 L 0 -2
43 39
L 0 0 +38 0 0 0 0 +33 0 0 +10 0 -5 +5 +2 0 +14 L L 0 -16 0 L -5 0 0 -14 -9 -3 -14 +6 0 +2 L L 0 L 0 L 0 -20 0
