20
5 61 97 96 71 109 117 131 144 19 144
4 356 204 401 237 393 259 348 285
6 601 341 614 315 587 316 571 370 589 353 616 364
5 536 208 574 195 572 238 554 253 561 215
3 21 389 19 338 62 368
6 624 37 653 22 675 37 683 61 651 79 623 64
6 196 200 228 258 244 226 278 243 250 176 227 209
3 265 418 352 418 262 399
5 497 329 543 335 544 379 523 366 496 381
4 477 129 525 102 548 23 519 36
4 80 323 109 339 107 368 80 369
3 303 332 297 375 350 361
6 619 167 617 187 600 181 624 143 679 184 640 228
5 559 113 576 75 601 94 572 106 574 126
4 195 128 224 160 240 124 222 97
5 149 375 142 342 185 313 217 339 197 375
3 152 242 134 212 92 249
5 445 249 474 230 518 230 487 165 447 183
4 355 80 357 144 387 115 361 81
3 410 418 461 402 429 357
1
1 -10 -1 -10
