20
5 -289 97 -254 71 -241 117 -219 144 -331 144
4 6 204 51 237 43 259 -2 285
6 251 341 264 315 237 316 221 370 239 353 266 364
5 186 208 224 195 222 238 204 253 211 215
3 -329 389 -331 338 -288 368
6 274 37 303 22 325 37 333 61 301 79 273 64
6 -154 200 -122 258 -106 226 -72 243 -100 176 -123 209
3 -85 418 2 418 -88 399
5 147 329 193 335 194 379 173 366 146 381
4 127 129 175 102 198 23 169 36
4 -270 323 -241 339 -243 368 -270 369
3 -47 332 -53 375 0 361
6 269 167 267 187 250 181 274 143 329 184 290 228
5 209 113 226 75 251 94 222 106 224 126
4 -155 128 -126 160 -110 124 -128 97
5 -201 375 -208 342 -165 313 -133 339 -153 375
3 -198 242 -216 212 -258 249
5 95 249 124 230 168 230 137 165 97 183
4 5 80 7 144 37 115 11 81
3 60 418 111 402 79 357
1
0 330 -32 204
