100 10000 46
28 32 86
89 79 28
73 81 30
69 81 91
1 7 67
12 78 3
54 94 90
27 53 44
24 29 95
16 14 2
25 24 94
54 84 92
69 99 31
20 73 65
59 27 91
42 72 23
75 6 82
72 76 48
97 20 49
91 92 84
82 38 23
98 37 51
64 95 22
14 97 99
75 29 30
91 70 42
80 76 30
93 74 38
29 58 96
90 86 70
84 36 52
13 100 80
81 78 40
46 94 41
38 14 69
3 14 10
86 9 50
61 71 86
40 66 60
85 92 64
46 48 6
44 73 3
3 40 27
41 89 74
72 44 76
42 16 35
56 22 31
20 86 67
13 76 46
73 79 74
89 50 51
84 93 23
34 92 10
62 10 78
95 57 70
29 41 12
44 60 88
36 89 29
32 52 93
91 63 88
49 58 89
53 42 39
20 10 46
67 40 26
73 63 62
94 39 33
34 4 19
3 56 2
29 30 87
49 85 1
98 85 45
25 51 8
48 25 64
14 32 20
74 93 26
71 3 95
36 60 78
42 46 79
83 43 31
59 57 5
84 3 35
75 91 84
65 28 26
38 35 81
83 43 79
83 41 71
7 94 45
53 49 98
58 81 27
29 11 18
47 53 66
66 22 28
6 75 70
95 2 66
77 51 57
49 89 82
93 16 36
57 82 97
26 97 18
58 87 27
77 59 7
81 83 80
49 50 90
42 67 47
27 95 2
36 65 2
66 22 15
16 44 52
75 16 43
32 17 70
73 15 64
74 68 66
95 2 6
9 30 76
85 58 91
2 60 72
61 25 18
100 93 76
69 79 53
26 5 90
31 84 62
8 18 84
84 56 81
96 47 100
6 76 72
10 40 89
26 64 81
35 53 78
56 64 27
3 54 21
59 92 46
42 15 2
8 38 2
79 84 40
60 16 56
99 61 19
17 3 27
71 95 27
6 40 78
96 88 87
41 57 33
13 42 61
86 75 67
54 48 79
46 46 74
53 71 13
69 73 79
95 57 1
82 18 23
38 65 74
4 67 20
83 55 28
91 74 30
26 14 43
84 41 34
55 58 60
42 9 59
97 24 51
58 55 27
60 17 13
11 11 28
44 52 62
58 54 33
60 7 34
73 100 85
48 89 60
80 5 85
74 28 78
85 30 93
29 84 22
5 49 61
70 48 87
86 55 72
68 40 74
11 17 19
40 14 88
84 10 99
41 63 78
14 87 27
37 1 83
7 27 3
78 3 25
62 91 29
84 16 55
31 31 27
91 36 31
44 12 39
92 35 36
23 100 49
55 98 57
37 88 64
65 12 100
29 4 75
96 62 63
97 88 18
45 82 52
97 56 99
71 2 30
45 27 44
52 80 21
19 86 1
77 33 59
73 5 98
34 71 94
85 17 39
73 20 86
67 56 88
1 69 60
14 36 64
60 38 11
6 29 87
75 62 6
50 84 38
69 95 64
63 71 57
74 47 41
26 11 63
20 80 100
22 45 39
67 69 27
93 87 99
22 37 20
11 19 39
31 2 56
1 82 46
61 53 40
88 37 5
38 89 73
81 10 69
38 56 40
97 57 83
82 21 50
13 56 27
60 53 14
94 31 72
84 81 44
53 61 39
44 65 46
69 82 88
70 23 22
37 47 1
96 92 11
68 40 92
42 72 74
24 48 88
38 52 82
53 50 39
17 50 77
10 26 97
27 63 55
47 58 64
94 97 38
4 83 77
29 21 37
23 55 44
28 91 3
84 95 2
18 92 88
41 80 98
16 79 11
73 88 15
99 96 16
75 70 80
65 33 77
39 96 68
78 14 65
89 93 16
27 32 54
17 68 89
57 46 15
25 24 7
37 73 60
61 17 98
51 42 1
33 31 16
72 74 38
10 12 61
9 13 80
57 40 64
70 79 48
80 7 71
91 44 26
84 10 23
14 34 37
65 95 81
95 43 27
43 31 60
15 97 84
10 46 87
92 45 24
96 88 79
61 59 5
29 95 68
66 41 1
97 64 58
96 53 23
31 70 47
7 78 25
37 70 57
25 100 37
15 23 14
52 15 16
57 55 74
13 88 91
26 12 24
27 87 66
87 98 57
86 70 83
96 66 96
47 89 48
66 6 95
37 85 42
79 41 51
34 99 55
62 66 84
64 58 96
37 48 64
92 70 7
96 90 45
97 32 51
26 4 24
64 29 89
28 85 59
11 18 84
30 82 16
60 65 26
11 11 65
20 36 25
23 91 31
47 60 92
34 84 30
46 95 40
16 47 57
81 7 42
32 7 71
15 48 29
24 43 91
63 37 47
66 92 84
4 89 64
53 28 30
48 37 71
47 29 40
2 84 56
10 74 79
22 69 22
9 24 19
8 90 39
12 74 15
48 40 92
6 43 58
8 60 40
49 69 82
79 91 25
14 48 3
22 99 3
99 68 73
2 76 10
32 30 35
18 88 63
66 79 92
89 82 89
40 13 41
12 52 91
41 28 15
14 93 81
87 75 21
81 43 65
60 88 23
42 60 3
45 39 100
18 35 16
92 56 68
15 43 55
34 83 4
5 68 63
15 18 29
49 37 45
80 98 49
78 93 38
34 7 50
75 58 26
55 72 53
82 49 50
33 73 99
26 97 99
11 21 12
47 75 49
31 56 69
22 7 54
61 76 95
6 2 79
95 32 49
21 60 25
5 2 64
37 6 35
78 10 60
5 20 9
86 37 83
39 29 95
42 89 74
5 25 27
72 63 65
21 70 85
18 39 80
53 93 27
70 66 81
23 79 62
14 31 95
78 22 79
21 16 55
68 33 54
71 28 66
67 46 95
12 31 2
33 87 18
79 35 99
50 89 31
62 51 61
47 10 69
84 53 76
22 37 42
18 60 11
91 32 33
20 24 57
54 16 29
34 26 3
57 7 39
30 15 46
3 48 97
36 37 42
76 100 94
35 90 34
40 57 17
41 56 53
68 90 33
44 30 62
4 9 1
95 17 71
42 19 47
88 1 24
99 53 82
41 7 4
20 87 28
80 97 23
81 65 81
91 99 18
25 39 80
89 85 71
98 42 17
43 2 15
44 83 8
51 98 20
46 4 98
81 47 4
25 40 48
32 77 83
69 17 70
89 35 58
41 75 86
87 66 63
31 53 96
53 77 67
9 99 55
88 17 8
99 23 72
97 69 68
89 91 95
22 100 49
84 11 74
81 18 76
32 68 40
71 35 3
37 66 76
60 38 72
15 38 52
40 16 81
32 10 36
56 29 87
53 85 71
30 40 52
18 15 72
49 84 26
11 31 95
20 41 34
74 97 62
20 56 81
47 28 56
83 94 80
65 84 36
5 71 49
35 58 48
4 38 88
93 54 24
26 72 97
49 46 84
63 34 98
20 39 7
20 31 93
93 18 30
51 88 62
77 31 52
26 1 4
100 2 79
47 91 22
9 43 23
5 14 36
89 67 80
87 97 64
83 91 81
35 91 72
56 69 15
77 46 97
46 99 56
41 96 27
22 28 48
39 65 26
25 69 65
50 99 84
94 46 78
88 84 26
4 89 63
34 3 31
26 29 97
23 61 19
17 51 90
82 95 22
51 7 75
19 58 28
58 91 78
16 28 26
59 88 99
22 26 96
97 15 6
27 55 63
9 62 25
3 62 68
69 56 89
65 31 95
2 54 4
10 28 38
78 64 63
33 72 52
84 82 63
2 90 50
30 46 18
81 23 25
76 50 98
36 14 11
36 35 99
11 54 39
13 71 75
77 81 82
62 18 96
23 82 23
31 99 16
57 63 68
83 90 61
26 65 27
22 41 94
75 90 98
86 29 72
97 52 25
6 71 4
75 27 40
95 46 31
69 18 73
30 31 43
68 62 84
66 93 29
81 73 84
66 10 65
64 3 14
57 58 36
36 54 50
67 95 11
23 31 62
1 57 75
100 76 73
95 44 3
41 53 62
61 67 24
73 24 54
12 22 46
52 30 92
21 32 80
27 91 89
45 62 69
15 32 67
8 89 92
37 85 90
42 49 17
23 14 46
51 2 87
98 30 65
1 11 2
79 91 82
22 6 66
56 99 30
8 26 74
9 49 86
85 26 63
46 60 15
33 81 28
82 74 38
75 95 26
27 42 8
58 9 32
98 18 23
48 85 47
75 88 99
13 94 51
40 51 90
53 61 24
93 55 60
39 72 99
81 71 39
60 62 55
53 39 54
92 51 70
49 38 84
43 2 60
54 83 49
8 74 25
25 28 60
54 73 68
73 74 16
97 42 75
48 9 47
40 17 45
10 52 76
15 74 27
64 20 45
59 82 15
52 4 19
65 54 94
28 62 96
35 25 79
33 3 72
79 1 4
62 50 71
100 65 72
26 24 71
77 91 93
88 66 72
51 34 59
19 67 71
87 77 47
86 95 73
65 96 60
7 1 98
27 67 83
12 60 96
92 36 66
55 56 11
16 38 55
92 32 57
93 16 10
34 10 73
3 86 75
98 18 40
88 38 87
50 100 98
24 43 95
19 26 82
43 44 64
82 67 9
14 46 22
59 40 35
37 10 28
27 89 91
59 76 84
49 63 18
39 23 68
10 29 55
72 72 63
17 37 51
19 16 64
35 67 7
50 65 96
34 81 97
9 79 11
31 16 89
12 35 65
50 58 3
14 82 58
20 88 93
57 97 52
45 16 36
77 22 82
16 97 74
66 55 40
40 48 26
76 49 59
88 9 12
78 55 26
32 2 79
75 63 72
12 16 76
54 40 44
79 57 71
81 17 90
1 33 39
83 95 68
28 17 86
87 28 26
81 38 16
91 19 24
59 39 24
57 17 13
91 6 76
46 62 73
98 15 88
43 19 86
63 43 16
21 6 18
90 44 27
51 43 65
44 52 15
35 4 9
67 61 41
43 24 42
89 32 42
30 4 61
44 62 52
45 42 34
78 94 41
44 96 66
38 40 3
47 27 55
44 72 26
96 68 44
30 9 7
74 6 23
17 97 60
99 29 3
32 18 84
60 35 46
9 72 84
18 14 99
58 31 46
1 6 68
86 82 27
67 71 49
32 72 14
41 33 59
3 30 93
36 6 84
45 45 75
48 27 18
45 85 37
71 33 94
19 81 82
31 68 30
75 70 100
53 81 11
47 88 53
74 97 31
42 12 75
62 63 26
88 30 93
5 53 82
60 58 78
39 64 91
96 93 84
31 54 71
45 65 48
5 49 5
33 39 70
71 25 92
53 77 61
26 45 77
9 99 43
32 26 40
53 35 16
40 59 71
15 92 72
51 25 62
74 52 48
13 12 8
47 44 6
44 38 66
20 45 20
6 83 80
17 10 55
52 19 49
26 73 38
27 61 49
38 55 27
63 51 13
60 7 94
3 80 57
41 100 94
76 80 94
66 92 30
21 8 32
64 38 30
3 5 61
67 65 84
53 7 49
31 38 92
21 78 48
50 22 72
66 79 73
33 89 16
85 99 2
33 27 44
61 59 1
33 88 68
82 1 49
51 37 19
17 42 61
74 36 73
89 97 88
21 71 4
21 11 60
77 79 72
8 90 33
72 98 75
12 42 67
3 8 42
13 68 53
59 26 58
94 63 82
52 86 9
51 39 7
38 58 46
85 49 9
63 76 11
58 87 65
70 99 96
22 70 71
1 98 42
58 61 75
96 20 75
37 95 27
73 53 87
64 75 21
31 93 82
38 81 95
69 61 17
20 55 2
28 66 73
37 57 83
69 61 8
37 7 71
1 86 34
4 56 30
96 38 10
67 65 44
98 1 67
47 5 42
24 52 10
71 27 26
66 63 16
46 27 65
56 11 38
60 1 20
39 15 93
39 49 47
98 3 87
24 100 7
94 52 58
61 45 71
29 24 70
85 18 60
98 16 11
75 79 93
53 19 20
6 7 34
94 2 44
4 67 77
52 52 14
31 19 41
41 19 59
34 21 59
81 81 25
91 89 96
36 40 10
85 86 42
71 43 55
48 24 54
92 10 95
99 38 69
53 14 16
83 11 93
72 53 3
69 64 78
32 92 26
46 74 31
99 72 38
3 3 74
56 11 23
40 16 76
66 74 23
76 53 79
90 58 27
60 13 77
85 84 2
68 59 5
34 84 31
98 6 76
31 81 6
48 19 42
48 28 62
71 32 20
54 68 95
50 68 69
43 27 63
58 90 51
8 50 7
3 53 36
63 40 81
22 83 37
71 43 63
27 63 69
5 98 13
44 44 64
30 29 87
88 70 39
76 14 89
20 11 89
45 99 31
26 52 35
54 79 52
63 52 55
12 4 21
78 89 58
38 47 21
12 7 45
9 41 19
4 73 66
57 57 42
5 50 77
66 43 82
59 16 60
36 15 11
97 26 53
73 48 87
29 14 15
87 76 89
50 6 69
27 3 18
56 18 78
77 45 32
5 51 70
62 58 95
86 67 49
11 58 76
72 72 22
30 17 8
55 14 23
62 36 16
15 97 29
9 7 75
5 38 62
22 73 97
75 54 5
14 29 95
95 87 58
94 98 100
25 27 91
16 3 46
15 79 52
66 83 12
64 89 10
54 30 46
10 81 89
52 79 66
83 77 80
16 93 38
86 67 86
20 14 88
96 33 50
71 67 5
1 2 29
47 15 14
23 36 26
59 16 46
81 78 63
92 31 93
49 69 3
72 75 61
52 75 100
74 31 53
27 4 20
40 47 9
3 87 62
75 71 7
56 40 91
94 80 71
74 33 80
24 84 76
87 31 89
38 54 47
43 63 95
55 38 26
68 49 5
12 47 71
39 41 61
79 84 64
2 13 9
1 15 16
46 96 36
58 63 88
87 83 39
36 48 63
75 99 30
34 56 29
13 20 9
36 11 58
51 63 31
87 36 11
87 16 22
74 38 87
31 30 3
82 60 76
70 72 99
5 15 99
55 47 39
61 8 86
67 39 20
14 42 41
12 64 26
6 99 43
34 68 56
70 67 37
53 97 2
6 78 92
86 63 68
9 51 59
21 96 69
72 33 98
29 92 81
5 4 17
66 63 52
47 82 53
60 76 22
59 62 96
60 64 56
10 23 93
23 52 73
25 39 83
77 58 53
34 33 47
32 68 88
54 26 87
84 55 25
12 65 93
84 8 61
88 12 21
62 94 32
83 56 53
74 10 89
30 91 95
50 52 69
73 54 75
66 56 26
21 81 43
71 55 93
87 100 86
73 55 28
2 19 75
46 82 35
21 44 84
57 55 91
7 35 68
68 27 97
44 68 27
98 54 71
21 88 27
87 11 60
98 14 25
9 35 26
10 96 79
37 79 10
92 63 11
1 92 28
65 30 99
55 23 79
45 76 15
75 10 63
88 8 12
18 56 53
33 19 77
26 98 75
94 77 49
95 93 89
84 26 6
11 10 53
31 94 7
22 92 38
24 11 28
100 60 22
75 27 52
68 1 17
71 99 11
95 29 74
42 64 35
28 82 40
6 30 84
74 67 94
34 82 87
55 60 31
94 7 57
63 67 75
96 2 82
34 28 16
70 72 46
21 86 9
2 48 14
74 31 27
90 32 51
99 28 55
25 98 33
12 97 78
83 22 63
26 50 7
62 97 95
47 18 3
51 1 86
70 27 92
74 58 89
14 77 13
73 88 18
99 51 34
7 56 30
89 58 87
98 94 70
89 15 93
87 46 30
53 6 36
8 93 78
49 25 16
79 76 65
62 13 42
78 46 15
72 55 23
4 53 82
80 1 20
36 39 41
22 41 45
12 67 77
24 96 88
46 66 62
64 57 33
98 26 93
28 87 29
35 19 59
90 97 68
71 91 28
11 53 11
28 55 15
51 31 65
38 81 38
32 70 7
48 6 97
80 78 72
74 28 66
54 77 54
76 78 10
67 66 26
62 47 83
67 27 76
33 66 89
95 11 60
52 64 6
23 2 10
10 98 61
21 52 14
34 40 88
51 46 15
97 94 41
50 58 66
92 76 29
59 11 66
47 99 69
3 99 6
80 14 48
18 63 10
12 85 57
20 32 13
47 12 1
69 79 73
75 19 37
7 77 1
3 19 9
87 25 11
39 11 53
22 26 44
43 83 34
25 3 63
49 10 84
14 80 39
24 10 3
72 95 14
66 72 31
42 84 65
50 3 23
69 63 91
55 36 62
77 86 41
98 57 37
39 84 66
90 63 27
25 36 74
48 35 27
92 100 19
86 99 40
99 40 11
13 45 1
90 27 48
86 54 9
18 89 56
55 63 11
62 80 4
44 96 46
71 75 77
38 44 69
41 79 65
1 54 90
34 81 15
76 97 62
48 81 18
100 56 60
30 55 2
48 35 23
82 36 27
62 21 4
6 82 99
46 16 74
32 23 26
85 18 96
93 76 40
11 99 66
100 89 36
97 22 81
90 47 9
97 100 1
44 73 38
35 71 45
80 81 48
34 76 2
51 11 27
67 45 12
70 15 11
57 74 46
90 11 97
32 87 81
18 33 54
46 56 76
10 92 16
98 59 57
63 99 27
43 22 65
59 8 90
51 30 87
55 70 7
59 57 51
99 60 15
9 46 69
76 52 31
40 50 80
20 40 14
26 83 57
97 35 99
9 47 9
6 22 28
9 99 81
77 49 13
28 37 4
1 30 62
61 38 27
81 56 93
73 3 29
65 6 43
58 52 91
91 79 23
54 3 92
59 82 18
11 28 15
83 83 21
44 89 69
36 72 3
37 76 44
3 94 100
4 81 62
86 90 61
51 53 88
69 16 84
52 11 65
44 97 26
12 47 90
70 18 48
93 82 66
80 74 96
28 16 92
41 94 77
51 51 21
61 58 16
47 71 12
74 100 94
4 65 79
8 75 57
21 93 11
50 16 18
87 16 28
21 46 26
57 31 43
93 79 38
9 68 81
88 74 44
12 70 7
62 70 61
28 1 8
26 66 29
72 87 25
53 9 42
37 6 22
34 65 82
80 69 18
45 3 88
46 57 67
47 40 25
61 19 24
70 67 32
88 47 12
60 26 48
48 32 50
8 19 70
45 20 100
70 99 93
21 90 100
17 54 61
57 49 59
93 46 62
27 95 3
12 15 14
36 3 55
41 94 1
80 17 9
93 69 64
65 45 71
26 48 23
15 18 38
83 6 35
99 3 43
90 22 63
8 97 43
12 52 72
58 27 28
61 20 59
6 19 98
82 14 91
6 73 10
70 88 84
27 8 59
23 29 93
3 62 43
94 58 69
57 76 88
26 64 31
89 82 99
23 39 90
18 66 27
51 48 95
56 4 32
15 66 58
59 23 3
43 62 66
24 88 91
62 18 23
4 33 54
79 55 43
63 28 55
90 12 4
60 83 17
67 92 60
36 2 31
50 5 34
40 31 88
17 29 81
61 75 34
51 25 18
36 93 78
73 72 60
28 58 25
85 79 92
92 12 50
38 92 43
36 82 95
59 40 64
68 71 1
30 86 45
61 29 68
12 38 44
61 36 63
17 33 50
94 68 89
97 56 38
66 82 26
78 50 54
55 74 63
25 90 47
13 19 1
99 95 44
2 40 3
23 64 36
52 87 72
96 75 83
46 92 63
70 72 44
84 22 66
78 67 42
45 82 6
31 40 81
55 2 82
98 85 1
75 3 65
35 33 80
11 95 56
54 36 72
32 61 17
92 44 62
26 82 95
92 7 80
41 98 7
9 2 92
55 62 28
22 13 1
42 90 12
68 22 58
61 27 3
60 87 44
83 71 8
31 67 19
46 83 98
49 29 22
41 4 37
38 31 88
37 99 35
43 57 75
51 66 60
6 100 24
17 15 26
89 14 11
98 46 93
9 70 41
85 52 62
47 93 58
33 81 35
26 68 60
34 18 72
63 41 59
79 81 31
59 50 100
84 14 72
24 5 7
79 97 92
43 20 32
83 93 25
4 73 43
43 87 44
91 2 38
95 48 6
19 72 10
37 9 61
93 80 50
51 92 31
39 98 1
11 72 52
95 66 60
97 30 84
46 63 65
52 53 46
62 63 25
55 70 54
47 34 75
15 76 82
75 38 72
84 3 95
62 13 8
7 39 19
36 15 44
85 8 19
41 43 46
97 69 25
44 43 25
88 9 24
64 63 92
19 29 27
89 58 95
94 35 87
21 69 18
32 34 98
52 63 72
60 19 32
54 51 1
4 100 75
31 64 60
92 21 19
99 51 49
70 21 70
77 34 17
44 56 62
59 3 30
35 53 2
28 55 22
2 5 33
66 81 23
77 4 90
46 68 11
3 18 99
58 77 39
25 76 38
4 37 54
5 9 20
32 83 86
100 3 96
52 87 23
8 67 83
50 21 77
63 3 73
84 23 2
28 18 92
43 3 58
21 37 5
85 30 96
22 63 56
53 46 3
26 82 26
100 39 67
56 31 18
31 22 64
20 33 75
9 29 69
32 76 97
78 98 1
59 83 61
36 60 79
61 80 33
72 81 28
94 53 74
73 93 99
96 86 94
83 75 54
56 36 15
95 2 14
24 89 69
2 83 71
44 57 37
59 52 40
97 66 58
19 23 31
85 85 39
85 22 36
85 65 36
81 92 91
34 10 89
83 14 40
3 41 61
39 64 35
57 83 21
14 72 65
89 97 35
77 36 99
63 8 4
65 64 88
8 48 62
29 66 48
54 2 95
53 8 47
90 1 51
5 82 36
88 54 33
94 13 24
46 95 72
41 93 65
26 43 82
45 21 24
40 8 33
26 87 48
16 85 80
11 84 14
87 36 63
31 66 36
81 35 6
10 95 18
55 38 68
59 46 93
80 25 72
94 65 40
24 51 17
37 83 21
99 84 2
53 96 84
49 91 10
21 13 85
80 72 78
61 75 34
80 1 61
31 66 48
83 100 50
24 14 23
70 96 66
9 75 17
60 14 79
27 69 55
97 27 92
78 60 62
54 38 65
49 21 24
15 56 25
82 81 26
83 36 95
35 20 59
8 64 79
90 4 57
36 95 68
50 50 32
9 59 20
94 16 52
66 34 33
48 33 24
23 14 36
44 30 56
89 3 2
40 79 78
95 42 7
60 69 38
40 84 15
41 14 56
92 84 46
46 90 59
65 77 20
12 79 73
9 84 44
48 79 92
52 46 36
91 13 59
82 72 14
55 66 25
60 88 76
15 76 89
13 45 9
52 5 45
84 11 48
11 98 13
56 38 64
46 33 5
54 24 94
4 99 58
60 19 33
12 18 22
15 50 9
76 71 19
67 27 38
51 95 97
48 51 39
43 15 66
38 73 62
35 22 14
59 42 32
54 24 85
9 88 89
5 68 76
100 58 76
20 37 7
22 53 40
67 72 88
3 34 80
54 29 10
15 21 80
11 3 87
36 53 68
80 6 68
9 27 62
54 70 19
66 76 30
38 22 69
76 84 52
16 36 87
76 88 69
34 48 44
22 27 22
27 46 15
17 5 85
99 85 24
16 26 69
90 43 81
37 4 71
60 28 64
11 23 38
26 93 46
46 86 7
90 77 24
44 42 17
31 4 34
89 35 25
16 69 27
83 13 86
32 97 93
27 36 23
80 34 4
8 98 85
18 33 51
95 26 35
41 42 33
75 11 56
12 90 98
72 59 39
17 11 16
35 35 18
25 81 84
68 93 73
5 18 79
65 88 36
81 19 50
39 50 59
58 82 58
68 49 8
82 25 74
21 26 27
4 5 1
99 68 95
44 25 35
66 90 5
25 23 97
71 55 53
11 11 46
57 46 62
85 44 46
91 45 57
62 18 88
95 85 19
58 78 87
9 5 54
32 72 65
76 43 91
85 96 63
62 66 64
52 70 4
69 15 74
93 49 9
9 13 54
72 10 87
22 48 6
88 22 26
7 48 11
48 34 47
72 36 84
87 93 66
66 87 52
28 96 79
96 50 39
83 13 37
57 21 33
8 45 24
60 29 81
74 76 64
52 27 22
45 83 12
75 85 12
71 17 54
78 87 62
100 96 44
90 41 77
55 90 19
7 82 88
55 22 63
18 49 90
85 74 25
78 28 69
53 88 91
52 17 9
87 51 54
51 24 8
92 61 39
61 66 55
52 2 96
5 57 9
48 98 12
8 78 97
48 42 86
5 29 89
87 32 19
20 92 18
83 28 56
25 58 55
2 21 98
27 37 47
74 19 86
26 9 94
100 80 32
5 90 21
47 74 18
7 29 87
16 63 36
9 98 13
98 84 81
37 88 30
29 21 9
2 16 56
64 100 59
25 8 67
63 13 70
28 32 71
68 25 15
90 26 92
77 16 97
9 62 81
3 6 3
76 99 53
12 91 72
73 35 3
24 14 58
9 45 41
18 55 74
67 76 14
77 48 74
79 73 35
56 93 16
27 25 66
25 44 16
13 65 68
29 76 99
52 95 72
64 61 24
80 18 99
23 64 79
92 41 83
13 93 81
5 85 50
68 2 73
42 11 73
89 26 35
98 26 82
86 12 9
12 36 22
69 50 80
24 98 51
1 91 73
70 84 64
21 27 6
50 41 42
29 27 22
83 35 69
97 48 6
19 80 75
93 36 89
97 63 18
46 97 6
53 84 89
38 26 81
87 28 48
28 19 21
58 63 10
70 26 35
100 12 50
91 10 79
28 81 43
83 30 2
28 7 24
55 85 1
85 86 33
92 18 28
93 90 34
40 81 99
89 68 55
49 26 97
60 17 19
65 31 25
85 15 74
8 85 12
60 76 84
77 27 64
38 20 21
73 85 39
1 70 42
21 24 1
31 66 76
87 28 3
96 84 78
32 55 38
48 15 62
46 51 57
20 63 44
62 69 18
42 38 69
5 58 3
64 35 16
41 12 41
49 80 12
25 95 91
15 16 27
85 71 50
25 69 62
70 97 92
8 83 8
4 3 40
91 44 76
95 87 96
58 13 5
19 15 73
71 31 96
18 66 96
79 35 3
31 25 92
32 31 87
61 32 77
84 88 60
8 100 75
85 83 57
76 16 89
10 8 1
42 48 6
82 76 63
98 84 99
39 33 24
87 1 32
36 69 76
14 76 30
49 71 32
4 20 21
68 63 22
81 27 52
56 61 24
80 54 32
40 13 51
31 84 91
58 94 85
3 19 24
14 66 74
99 84 25
91 83 67
93 11 81
6 50 80
17 42 85
24 16 63
91 69 26
20 100 39
93 26 29
64 40 79
11 45 54
36 31 6
100 56 69
71 41 5
43 32 90
91 82 97
9 6 60
2 76 55
91 28 11
67 29 26
27 66 46
89 64 95
45 92 91
27 77 8
12 37 8
43 93 87
84 29 53
20 29 60
11 25 58
95 25 14
49 99 62
28 74 46
58 57 9
74 24 13
1 5 51
42 74 52
39 14 44
20 30 99
19 15 53
33 57 39
69 82 44
16 14 23
35 38 56
43 82 91
19 23 65
50 76 65
95 98 41
24 47 17
36 5 21
60 88 81
4 7 39
96 13 33
100 30 63
6 43 68
76 85 41
91 5 20
81 76 3
83 83 17
28 37 33
51 13 45
5 35 87
30 37 13
16 93 82
45 79 82
85 44 79
75 30 15
32 95 46
5 18 91
38 36 93
23 36 88
53 86 98
82 7 59
91 88 87
94 35 48
6 75 85
3 13 71
48 57 37
67 52 2
65 58 53
39 56 74
56 15 72
52 62 63
31 3 72
53 72 65
17 22 30
80 43 18
77 29 78
84 83 24
64 76 74
79 95 28
79 74 46
20 62 46
30 54 75
49 18 16
87 7 94
25 34 17
74 63 58
34 58 69
60 39 94
63 14 62
64 52 74
62 93 46
70 43 35
82 84 14
73 13 98
95 29 96
100 61 5
15 87 72
35 76 69
51 63 76
32 33 24
72 40 81
95 16 68
3 47 83
48 24 61
76 93 58
57 65 62
21 14 56
89 73 88
96 60 81
46 28 99
58 45 42
72 38 60
80 62 58
88 95 48
51 58 48
25 92 44
17 79 87
98 7 47
76 99 65
85 79 16
16 90 83
89 96 15
23 92 38
30 43 97
5 90 49
9 21 47
28 55 46
7 82 53
37 75 20
57 33 94
41 86 75
16 56 58
6 58 38
15 64 2
94 3 76
28 35 78
74 46 60
82 68 10
38 6 31
58 60 64
87 58 26
27 27 76
68 55 58
78 98 21
3 35 23
83 2 82
20 55 40
61 27 31
91 21 100
4 29 55
82 12 32
14 28 27
76 58 46
91 13 21
25 62 88
75 91 15
58 79 60
8 36 38
12 50 86
38 33 5
26 57 37
2 23 66
10 56 2
85 37 9
22 79 31
65 67 41
50 70 9
77 85 1
63 29 73
97 76 74
13 42 47
83 2 14
82 29 28
83 30 44
43 73 38
33 53 92
67 42 1
16 66 81
76 95 79
97 75 41
94 14 63
66 30 65
2 64 68
59 60 82
38 5 12
78 73 23
13 83 75
29 34 24
3 39 98
48 59 50
21 22 64
22 9 45
87 34 75
25 25 29
74 54 20
32 98 61
11 30 91
92 12 86
41 58 35
74 18 38
32 23 53
70 52 73
83 65 72
76 72 63
36 50 94
84 83 70
10 74 78
70 34 19
44 82 25
3 99 96
92 22 97
60 79 53
64 28 35
55 93 96
9 26 81
81 63 73
27 3 52
96 53 18
57 84 68
38 8 54
18 38 2
39 14 91
70 36 14
11 91 87
34 31 91
29 69 16
91 18 26
7 91 87
11 32 75
10 96 46
71 74 68
16 7 17
54 88 84
61 49 42
83 80 34
65 5 94
1 35 44
68 64 93
99 86 1
44 55 92
12 41 13
20 64 82
86 34 32
11 42 5
35 1 39
31 67 90
77 13 34
36 31 60
64 94 20
58 97 63
74 74 63
55 50 41
48 73 93
92 84 92
43 91 38
78 37 71
39 69 56
69 95 29
81 92 79
84 80 33
44 76 53
91 4 54
15 29 3
23 35 15
68 70 80
80 89 63
64 2 16
82 60 78
61 74 68
67 3 48
65 59 1
46 32 100
41 91 2
12 78 44
30 31 64
54 79 81
33 56 36
40 81 95
71 61 41
7 89 10
77 88 78
78 92 93
9 1 32
42 29 2
88 62 35
91 75 94
76 85 41
11 62 29
13 26 89
66 74 69
10 10 52
18 56 95
36 74 81
51 2 29
95 46 18
91 97 96
73 62 58
11 65 38
2 11 35
68 65 6
45 36 97
45 38 65
29 50 4
7 81 62
98 86 12
66 42 47
98 69 73
50 100 70
7 27 6
9 55 11
98 52 3
79 36 95
100 3 38
17 98 41
66 66 16
62 86 32
38 84 87
40 85 98
44 17 32
63 88 68
71 20 51
68 56 78
94 52 30
61 89 3
72 97 52
51 39 37
52 25 84
99 96 91
40 59 19
22 65 91
2 1 8
82 50 17
31 32 98
74 13 12
51 14 23
93 1 80
85 61 98
86 22 11
74 92 48
65 30 31
83 27 29
37 91 69
80 1 49
89 23 46
47 28 92
48 15 96
30 68 53
100 45 70
21 38 73
71 23 11
89 22 74
40 74 36
100 90 67
79 94 61
30 14 18
44 37 75
48 28 22
16 46 40
59 55 38
35 34 45
5 3 22
66 60 65
77 69 72
71 89 84
89 11 26
38 66 11
89 81 15
29 90 7
2 49 83
20 76 6
51 45 4
93 88 84
22 69 81
78 27 60
20 80 4
58 44 65
96 25 88
62 78 87
30 32 57
30 1 39
11 10 92
39 66 23
76 29 16
66 95 18
10 50 54
63 18 78
70 39 47
100 48 88
75 11 28
44 99 93
50 73 65
54 33 77
79 94 12
88 75 83
90 48 11
67 82 84
42 100 13
80 97 14
66 65 74
90 18 78
98 22 2
56 98 34
15 72 46
26 64 78
90 4 24
57 28 95
36 64 15
48 49 75
3 94 50
32 55 31
75 8 7
3 58 82
49 40 63
48 63 43
50 85 51
95 33 71
24 35 73
73 97 78
82 28 14
55 81 26
63 47 34
50 59 45
96 79 22
65 63 11
27 98 70
88 30 40
18 12 49
85 78 68
6 44 55
87 18 56
7 19 51
38 81 22
83 17 13
73 72 29
52 39 51
25 73 29
18 49 45
58 18 25
45 27 79
84 87 68
30 53 73
43 77 50
56 28 26
70 96 65
86 11 3
19 68 56
91 96 11
63 3 88
56 29 91
84 75 34
4 28 26
61 88 79
92 60 93
21 15 3
27 80 19
19 53 43
12 67 34
51 49 80
67 1 21
42 48 22
3 98 83
22 24 94
96 76 62
92 61 71
10 11 44
13 30 55
26 7 57
58 18 40
10 73 23
33 6 36
71 17 7
96 9 71
85 38 99
18 84 88
80 2 97
89 29 43
83 89 97
20 17 5
32 19 39
9 100 67
18 29 58
50 97 38
17 68 43
63 44 68
9 88 82
48 66 18
73 35 64
17 63 81
15 63 29
56 52 22
66 60 53
5 23 22
3 49 50
87 15 27
39 83 4
98 68 84
71 9 19
55 3 84
98 50 41
98 94 75
92 30 52
57 87 31
12 63 14
4 91 10
70 46 48
13 85 24
11 26 88
98 31 26
23 33 98
90 33 86
1 61 32
15 60 28
46 96 81
1 19 34
17 5 54
56 55 31
98 21 70
68 65 76
58 91 48
75 62 38
69 53 35
97 46 95
34 52 35
27 6 64
49 31 14
59 64 60
16 89 74
86 1 57
82 73 69
10 100 90
97 15 46
24 33 94
48 93 95
95 92 62
15 97 28
4 69 27
16 51 5
77 69 72
61 64 99
87 55 23
42 97 53
77 53 87
32 73 93
4 74 95
5 96 91
99 38 99
91 14 62
40 28 25
84 5 47
98 15 36
29 90 57
78 68 92
14 99 62
66 71 49
100 53 82
29 88 82
79 91 44
34 7 32
16 88 84
29 95 27
57 44 35
14 38 92
51 69 66
55 31 53
81 26 68
64 56 62
96 88 52
37 66 6
90 48 99
3 26 16
37 12 34
20 50 9
35 28 74
75 34 51
41 20 57
70 68 95
27 74 10
98 63 3
95 82 16
40 68 35
79 85 50
13 37 80
23 92 48
52 47 50
59 97 89
93 59 51
58 75 12
61 74 87
85 86 54
13 36 87
60 89 81
17 67 85
41 41 39
74 87 97
52 60 99
75 38 81
72 35 22
92 48 36
66 86 20
71 72 18
74 84 53
60 96 36
30 87 68
86 84 56
29 74 81
73 31 88
35 57 42
100 32 75
20 52 56
1 6 63
36 66 79
50 1 4
88 2 40
86 10 87
46 64 6
44 63 18
100 22 64
6 73 2
50 27 60
69 54 1
16 66 2
4 95 28
89 82 38
74 96 30
15 11 14
95 48 26
78 22 14
63 62 26
11 25 38
25 64 78
100 6 11
12 66 6
78 71 33
18 17 61
41 26 30
40 10 74
19 24 7
71 69 11
11 3 91
12 21 5
50 13 85
100 32 45
6 86 4
11 81 23
37 35 56
15 21 20
24 86 54
68 93 30
68 47 13
3 67 45
41 33 100
10 89 91
68 92 88
71 90 5
84 100 86
77 35 69
50 29 88
77 13 85
89 70 41
3 76 16
57 63 96
80 79 89
3 73 10
93 34 49
22 40 64
20 92 10
88 73 64
56 62 40
59 73 53
84 82 89
64 1 42
95 13 67
76 1 83
25 15 96
6 41 70
45 27 46
14 60 14
59 58 81
8 34 80
12 72 46
66 52 74
83 53 69
17 63 55
94 70 100
61 64 88
100 81 23
63 76 56
85 46 48
7 7 86
99 23 40
32 30 6
35 88 2
40 26 52
48 61 80
30 65 18
32 41 33
97 14 87
31 10 36
51 9 86
8 47 24
33 91 18
84 89 29
82 76 40
98 10 79
32 5 49
54 91 96
48 26 60
7 92 76
90 36 78
59 19 90
100 83 42
58 44 26
60 3 30
3 84 28
19 77 42
35 80 67
20 9 57
88 27 40
40 68 31
31 42 94
8 10 38
44 24 8
43 65 62
45 22 6
57 99 14
48 25 18
26 31 84
56 64 65
93 46 84
16 95 69
90 86 8
57 73 81
18 11 25
66 69 46
18 97 35
72 64 95
10 64 23
15 14 68
5 67 100
94 40 16
2 6 18
6 25 69
53 52 96
93 84 46
70 69 62
98 27 18
38 66 22
44 78 82
34 92 89
28 20 1
18 72 58
60 18 79
75 22 44
33 36 31
26 17 71
36 68 36
61 73 66
8 58 69
68 23 58
49 61 59
29 64 23
1 71 94
20 24 80
39 74 36
9 58 72
66 42 57
24 86 20
47 61 100
48 99 55
58 35 23
30 99 28
27 36 92
48 78 31
100 2 16
19 29 79
99 84 30
90 35 6
61 24 13
92 68 74
75 73 36
76 63 30
53 86 21
80 41 77
28 73 72
3 68 36
51 52 35
47 37 1
19 73 88
35 42 94
46 42 75
86 27 14
4 84 97
61 77 20
87 46 43
18 75 5
9 9 83
49 26 22
64 97 72
83 71 5
19 34 24
94 26 96
33 73 88
41 52 69
26 3 26
60 41 98
62 69 68
66 35 78
33 44 89
88 18 58
87 18 88
36 79 89
94 52 79
45 56 84
81 76 69
41 63 25
91 5 45
46 43 38
25 62 64
47 25 36
64 6 82
41 62 44
72 52 82
55 44 88
94 70 20
8 85 90
39 96 6
22 44 10
39 83 90
45 76 15
80 67 57
83 34 70
21 39 83
32 93 66
89 83 100
81 64 25
24 31 93
71 36 87
60 46 14
38 53 82
5 58 60
28 21 37
12 89 25
22 80 54
89 74 36
1 64 99
27 77 100
42 65 48
56 38 29
16 91 52
76 63 36
40 20 1
75 91 88
87 64 31
64 42 17
19 80 37
2 27 87
4 49 80
80 74 48
96 76 16
18 75 47
27 84 27
19 47 32
43 76 43
4 39 67
93 38 79
54 41 90
30 10 31
33 32 12
76 44 74
64 34 94
85 46 27
100 89 14
18 56 68
84 31 55
7 47 54
100 39 61
94 3 93
46 28 25
2 20 98
89 33 100
74 22 73
16 99 89
85 6 68
85 88 6
58 27 81
45 87 18
55 47 100
100 99 53
100 98 4
71 23 97
6 92 10
82 71 5
72 6 44
8 15 53
61 35 72
55 66 76
87 52 55
65 99 23
19 65 69
89 78 26
6 100 19
74 23 66
26 46 62
10 28 3
73 84 26
13 62 92
30 39 86
2 27 92
84 82 79
34 81 29
40 99 79
89 87 79
94 47 51
87 27 60
42 89 69
68 93 29
49 93 95
80 99 73
30 73 84
5 92 99
55 49 37
93 5 41
8 5 70
22 76 14
93 72 30
10 51 67
42 79 55
35 24 61
75 72 96
80 47 1
15 21 70
76 80 20
20 55 82
76 58 15
44 30 64
64 2 44
49 93 6
62 95 88
68 92 28
29 75 83
87 47 21
88 38 28
56 68 89
98 14 56
35 6 74
72 28 10
59 64 48
19 97 26
92 69 10
82 44 95
71 43 11
86 48 22
3 19 5
79 100 32
38 2 52
28 3 23
64 56 44
86 94 17
29 60 6
58 85 49
67 80 59
86 46 43
62 91 56
50 58 62
100 98 20
26 79 72
64 49 5
93 73 53
19 6 82
75 72 63
85 38 72
70 76 46
5 89 35
4 8 42
94 47 77
51 77 8
28 79 16
94 8 34
75 83 77
35 28 36
68 23 89
93 6 73
3 26 27
61 15 3
91 66 95
90 50 9
44 44 25
78 38 10
90 64 65
26 53 73
65 49 50
35 60 36
91 64 35
44 36 87
63 13 100
92 2 18
69 18 3
71 76 46
27 66 14
74 79 58
58 82 18
69 41 80
42 88 44
57 55 38
62 2 65
73 75 7
79 63 10
91 99 96
33 71 86
17 69 38
23 61 90
13 90 45
44 43 28
48 58 10
58 15 99
42 6 58
83 41 47
94 31 63
94 73 79
89 99 65
82 39 94
13 82 69
58 74 3
87 98 75
56 80 42
87 29 3
8 62 28
73 42 70
61 48 31
61 90 39
100 36 38
62 38 96
78 27 63
53 2 55
11 8 34
60 61 9
37 97 56
1 35 82
15 14 15
100 12 80
55 30 82
63 70 100
81 45 70
55 93 25
50 47 8
2 41 37
19 98 34
61 37 100
97 18 65
7 83 57
82 28 65
77 62 40
100 10 6
35 37 41
79 64 30
15 6 16
75 12 5
34 81 64
78 45 9
33 71 5
46 87 16
84 19 90
79 54 41
68 22 55
65 100 37
83 8 34
12 21 39
8 47 49
40 88 76
45 34 61
43 29 56
51 5 100
24 38 65
21 71 8
68 9 41
55 35 14
84 47 34
44 52 2
63 96 92
44 73 10
72 51 39
13 97 25
74 66 16
87 65 93
66 1 77
50 14 18
57 76 68
40 17 21
44 43 26
70 7 37
27 61 70
36 65 76
15 87 30
37 67 9
7 99 11
15 42 39
39 39 37
53 19 47
90 76 48
65 26 16
72 96 72
89 39 12
47 74 3
18 76 58
11 70 51
50 15 55
57 88 25
10 86 67
44 66 92
62 57 7
51 2 30
100 66 29
42 49 50
68 42 8
82 33 13
58 95 58
1 63 95
93 79 44
77 1 85
39 78 87
87 96 40
98 60 23
49 64 88
51 76 60
52 60 96
44 82 58
94 69 11
3 87 89
21 95 78
80 82 79
46 32 34
81 18 29
71 97 52
70 29 28
83 32 49
82 64 22
47 80 17
42 83 41
76 72 79
72 18 74
49 36 81
48 92 62
80 14 74
23 14 82
54 12 9
42 65 63
86 94 19
47 15 63
37 27 84
26 9 45
34 1 50
68 87 73
94 58 23
50 18 79
4 5 39
29 86 5
30 86 47
35 86 57
57 75 13
12 40 11
87 9 41
92 83 12
11 31 14
16 89 60
73 17 7
14 17 34
82 87 36
69 100 49
2 35 62
80 34 47
73 28 69
58 72 40
78 59 100
72 16 60
50 83 70
3 70 80
78 81 58
97 45 8
24 100 24
53 42 77
64 63 76
59 59 34
32 98 42
71 56 81
68 63 40
79 46 16
82 47 24
46 10 36
88 46 38
60 74 63
75 62 30
83 31 97
63 10 27
94 58 88
28 96 91
60 50 5
7 66 72
26 63 72
88 100 8
65 77 13
83 80 61
86 73 29
80 94 20
86 30 81
79 55 68
68 89 72
35 11 64
29 7 4
10 48 66
76 44 88
26 81 36
28 90 32
48 19 90
82 21 9
37 67 45
10 23 63
80 45 41
2 20 24
21 47 17
44 44 88
38 65 25
77 51 39
49 31 79
20 38 16
4 70 24
68 99 44
60 29 15
76 98 71
28 71 83
92 74 27
83 94 59
38 100 57
15 22 84
79 47 61
47 5 9
26 30 10
44 35 92
59 17 86
32 22 27
2 14 93
31 27 88
63 84 40
28 68 23
15 5 21
39 66 76
74 84 10
93 13 77
18 67 71
10 45 37
49 99 74
83 38 95
36 99 38
63 23 38
10 4 49
22 81 14
49 35 76
25 35 6
51 63 79
49 6 48
31 85 94
23 16 53
77 43 46
61 16 76
43 38 27
13 55 18
34 99 53
54 66 27
61 60 25
67 4 45
74 14 78
60 61 13
90 3 31
48 88 74
100 58 2
26 79 46
89 53 22
30 29 18
73 78 22
43 32 85
25 24 85
32 60 40
8 64 74
13 69 31
69 12 19
17 21 8
77 18 97
8 17 37
75 60 66
46 76 11
4 26 99
73 23 58
73 53 52
42 89 96
76 67 77
66 10 73
50 87 69
73 12 17
74 3 6
23 26 55
35 39 85
40 2 3
3 84 69
63 6 73
17 96 74
75 57 32
54 21 19
77 18 73
78 3 78
49 83 47
67 61 9
13 36 14
31 78 53
96 32 9
53 58 30
67 40 62
36 63 36
1 36 87
36 98 83
7 95 96
14 2 10
25 78 40
15 76 74
99 35 28
16 42 47
75 56 84
22 33 67
66 62 28
12 12 7
39 18 65
42 42 50
35 37 100
72 1 57
1 53 14
22 72 38
70 92 3
58 65 26
88 45 71
8 83 77
44 44 10
6 67 50
45 2 95
36 2 58
33 80 45
14 86 90
51 66 16
37 89 74
44 19 80
27 26 89
76 45 32
70 78 52
38 55 88
7 89 52
42 80 85
46 28 79
80 95 76
12 45 85
44 44 55
96 66 87
20 18 93
1 19 7
36 78 23
98 59 7
10 24 5
49 88 40
48 59 41
99 81 10
46 53 6
27 38 74
97 79 93
86 69 91
80 26 55
60 33 85
8 3 25
67 59 32
62 48 63
60 20 54
73 75 41
28 84 53
83 99 66
83 2 15
20 78 11
99 93 95
36 91 3
8 92 23
37 64 40
79 42 50
81 44 16
74 13 83
80 13 32
64 57 45
22 99 46
47 15 84
97 52 16
76 78 58
71 55 22
12 58 31
53 44 60
26 66 14
66 60 78
43 96 69
84 81 84
2 13 24
9 18 48
34 16 68
17 64 44
78 89 29
78 19 21
44 50 77
34 92 66
17 22 6
62 38 63
22 45 57
7 69 84
4 30 60
51 23 10
69 79 95
57 74 28
34 56 89
32 75 4
63 2 55
43 19 39
73 71 9
42 16 93
66 94 51
80 56 46
56 86 24
62 47 67
5 30 95
77 74 76
94 25 95
83 23 53
65 47 42
25 59 17
57 48 60
22 21 49
81 72 31
62 33 49
5 89 2
60 5 61
8 34 33
43 75 80
34 64 78
40 46 92
65 41 4
84 38 53
47 33 7
81 72 35
65 93 44
20 35 89
95 56 99
34 92 63
78 76 14
39 73 14
7 58 62
71 62 88
52 70 57
45 96 3
41 32 47
97 44 29
49 94 32
97 62 31
58 74 11
54 15 36
59 43 14
28 56 10
6 74 65
64 91 60
69 2 92
89 59 51
26 15 81
98 98 21
59 51 54
48 65 40
95 20 57
29 74 31
1 11 95
22 51 1
50 16 82
69 24 67
10 14 15
22 11 66
14 86 13
21 73 46
45 38 68
27 33 32
2 72 91
92 15 6
28 7 32
35 52 56
65 45 13
63 23 74
49 43 27
12 32 19
1 7 54
7 62 48
39 97 6
93 4 33
75 79 27
35 46 97
54 34 21
55 18 72
51 54 42
65 85 75
86 86 61
82 35 3
69 26 87
26 64 60
67 63 22
71 26 56
26 60 26
72 20 77
87 25 2
82 60 52
69 100 61
3 63 89
49 45 51
100 35 10
84 92 36
96 27 96
17 30 72
37 51 94
44 73 27
23 88 16
44 57 80
48 58 96
77 32 50
72 22 79
95 33 9
36 45 1
20 69 27
80 14 53
2 69 64
25 2 97
6 30 91
13 20 34
9 43 6
1 25 87
42 68 88
84 50 94
32 62 55
63 74 63
8 98 17
61 87 68
76 34 54
75 23 3
96 40 81
88 87 96
91 78 95
77 63 27
46 19 8
61 76 31
71 12 47
54 100 90
93 19 17
38 40 58
79 80 94
33 31 96
18 83 13
16 40 15
94 14 18
14 5 19
100 85 94
96 57 50
78 95 38
12 97 62
42 98 1
60 13 100
85 10 78
99 87 44
78 16 43
17 54 9
6 2 84
80 30 35
23 69 22
39 62 97
26 34 41
73 60 99
48 51 67
72 100 98
34 93 28
12 58 64
81 93 99
50 38 52
24 16 25
8 68 11
5 6 79
24 71 67
88 39 50
88 19 57
48 55 89
17 45 24
78 75 54
30 41 7
68 39 37
92 6 2
9 1 8
44 13 67
90 16 15
68 99 81
5 25 48
55 73 65
93 28 52
33 22 52
18 16 6
90 42 13
95 25 23
79 78 99
82 10 52
4 65 38
34 22 99
58 13 1
93 44 63
7 45 7
84 56 87
25 10 68
30 11 66
34 16 11
10 21 8
35 63 60
74 82 10
36 68 26
17 81 88
28 20 100
94 7 5
54 86 49
100 71 77
10 40 26
22 30 38
52 42 7
33 42 70
52 1 4
60 12 50
6 38 43
86 28 18
80 26 91
70 88 95
86 35 16
71 54 61
53 19 21
44 51 45
28 97 29
59 63 96
14 83 71
28 37 85
89 14 91
71 83 51
42 93 78
94 70 61
31 56 46
15 22 58
9 39 100
62 60 43
79 54 13
15 23 88
19 32 39
76 78 66
12 79 40
13 82 28
30 48 92
29 44 62
18 39 19
13 46 92
32 86 39
92 77 86
20 73 48
18 4 61
46 59 90
60 12 39
20 79 28
35 73 81
6 23 88
76 29 58
14 28 30
76 35 69
82 73 22
91 28 10
99 28 52
95 38 46
51 18 97
47 42 49
91 88 87
39 50 86
66 78 6
17 31 29
4 74 79
53 21 50
14 89 66
63 49 77
72 99 18
58 18 29
68 63 11
51 43 65
99 72 48
16 11 69
74 44 16
8 28 55
58 52 31
84 29 65
21 86 39
51 40 72
77 27 40
68 92 95
79 69 27
45 18 76
43 25 36
90 29 3
35 34 37
68 3 36
46 64 95
26 65 69
61 2 30
78 43 92
64 10 2
83 96 11
42 80 54
1 38 95
17 35 46
44 26 65
65 4 80
3 75 54
25 39 54
21 28 46
74 58 92
56 43 30
36 52 99
25 94 24
32 35 84
78 9 57
31 33 54
99 16 27
28 58 97
24 8 61
39 9 8
99 83 32
21 46 97
70 19 13
61 15 53
25 46 31
92 64 18
61 86 24
4 95 63
30 10 31
55 8 83
60 42 50
80 93 78
91 78 31
11 67 41
65 2 28
2 26 87
62 38 95
32 79 76
94 36 48
51 16 93
84 73 38
8 28 79
40 8 51
80 87 72
78 12 34
52 77 4
10 46 55
21 83 13
57 6 99
3 22 48
36 2 27
61 95 52
10 4 19
94 81 46
67 5 61
75 4 37
8 9 83
34 60 63
48 15 25
3 40 31
58 87 89
89 27 68
13 83 21
75 89 73
78 33 4
15 48 74
40 75 47
15 39 45
24 34 13
26 15 2
22 62 27
19 76 28
51 61 59
72 19 39
96 69 22
81 88 6
91 30 91
40 73 36
26 16 55
71 27 95
64 6 35
1 97 16
6 74 6
1 40 64
94 49 37
55 53 22
58 19 80
35 3 15
17 1 90
46 80 70
91 38 11
92 26 62
52 70 80
83 57 19
80 18 89
11 52 87
59 81 99
49 47 90
58 92 23
92 82 28
20 25 62
65 52 58
18 95 15
3 1 70
85 84 36
13 45 70
71 27 31
26 94 21
59 91 78
72 2 97
78 17 32
33 22 16
32 50 19
20 59 94
25 85 51
94 91 36
49 81 28
87 18 62
6 14 78
35 53 99
21 50 71
56 29 74
75 44 91
57 75 24
55 37 45
19 25 99
72 60 2
11 22 27
25 36 69
73 44 99
95 40 26
87 23 62
88 39 41
40 53 3
87 38 11
22 25 2
54 53 92
13 33 21
48 62 53
99 60 65
4 6 22
13 45 67
45 95 96
42 12 90
57 98 32
16 42 77
19 95 64
18 57 98
30 85 57
48 15 35
1 13 39
60 77 71
6 14 64
16 41 47
65 15 96
6 58 60
53 17 9
16 41 37
76 38 66
88 66 76
53 54 85
67 35 91
24 46 95
27 74 53
50 22 88
94 94 34
5 54 77
40 11 40
48 56 52
37 11 6
97 2 78
77 34 83
75 73 40
52 1 34
85 97 68
36 18 23
30 7 32
94 21 86
86 65 95
22 74 92
84 39 12
82 88 79
57 93 43
99 59 51
55 30 23
78 8 100
63 63 72
22 25 69
39 27 84
21 28 31
81 78 29
47 34 54
52 68 82
53 66 29
24 27 99
9 94 33
63 88 89
91 76 38
27 79 3
16 64 93
23 6 23
64 82 35
83 32 7
23 76 60
28 14 36
35 55 87
50 22 30
96 28 72
4 1 42
44 34 1
74 14 63
84 90 83
73 48 23
71 74 64
92 81 60
5 80 90
67 26 74
80 57 13
43 85 12
46 21 8
89 40 35
72 97 36
79 5 94
4 32 39
60 97 87
49 39 75
75 68 87
87 97 48
12 85 90
18 29 66
92 43 92
65 88 95
68 81 64
64 62 30
75 14 23
4 75 13
89 69 6
90 78 60
25 20 33
63 97 66
35 51 83
89 54 13
40 99 38
95 40 30
65 44 82
20 59 39
53 27 64
55 71 83
95 82 84
46 71 80
97 81 26
87 97 30
63 20 94
15 44 10
34 85 57
79 11 29
39 85 20
65 88 91
17 80 90
59 2 62
56 73 65
40 32 83
30 82 74
24 88 16
87 36 22
68 67 50
76 19 85
15 25 35
33 37 100
53 89 22
74 8 77
76 81 92
45 88 73
100 23 30
55 72 15
58 22 29
91 67 19
16 76 38
33 31 93
92 93 88
97 45 1
64 97 56
79 15 52
70 84 93
33 1 13
85 26 25
76 10 56
99 83 90
14 60 84
84 81 28
48 74 15
45 60 69
74 14 87
76 97 81
32 38 53
35 74 72
50 28 87
7 90 80
35 44 14
76 64 73
65 37 8
69 63 38
52 94 61
96 48 81
84 59 71
7 59 39
59 95 64
86 57 49
23 3 97
46 13 59
77 8 70
79 44 87
49 46 25
91 88 76
66 78 88
69 82 55
54 84 79
25 4 61
5 6 23
78 28 97
43 36 84
71 70 45
15 43 95
78 73 6
22 4 57
90 60 15
33 83 1
31 39 70
41 24 9
9 18 46
66 6 26
23 44 88
54 64 78
60 55 14
90 38 56
35 47 57
86 77 32
77 68 65
15 59 4
18 81 91
61 16 97
41 42 75
100 52 93
98 24 17
49 5 9
57 13 24
51 78 29
5 78 73
86 54 83
67 96 60
12 35 55
85 3 22
66 33 41
74 53 60
11 94 1
31 6 78
68 36 18
98 62 44
11 96 6
45 25 73
65 62 53
5 69 58
70 81 35
5 85 37
31 77 50
11 17 100
11 29 48
88 79 69
35 42 37
71 72 58
64 27 25
62 2 23
55 8 94
87 76 10
63 85 86
46 45 34
67 60 89
57 30 35
28 59 54
92 35 82
20 18 16
9 22 6
10 76 55
75 79 38
12 1 13
19 55 66
95 99 36
52 46 27
6 19 100
93 64 10
3 60 18
56 34 50
94 2 30
46 7 90
48 27 6
79 66 18
11 4 61
20 6 91
55 78 96
98 90 39
32 81 35
77 91 36
16 57 49
43 20 13
3 26 69
66 52 55
73 13 1
48 68 29
99 54 32
29 13 85
6 26 16
66 44 81
43 100 41
19 18 10
72 58 76
46 26 93
34 88 26
53 29 28
69 52 66
74 14 91
85 4 19
35 19 13
72 73 81
63 19 94
47 87 38
43 92 58
2 58 97
67 60 97
41 67 54
57 15 65
55 68 53
19 47 59
6 28 82
3 54 34
51 23 65
71 38 60
20 88 31
15 34 7
84 53 40
97 27 64
54 93 68
95 44 2
19 61 37
94 16 73
72 51 98
53 21 20
93 85 39
16 15 2
15 61 24
45 67 37
31 1 9
3 28 81
9 21 57
78 31 16
21 79 26
73 70 85
82 12 39
13 68 10
99 2 76
37 30 66
35 49 20
6 97 95
14 76 68
39 14 46
40 50 80
75 91 78
19 43 35
46 26 92
86 18 65
39 89 88
19 12 41
92 46 62
28 8 37
71 28 11
95 58 2
80 64 96
41 77 34
93 56 48
93 58 52
82 59 86
93 56 2
23 29 52
22 46 25
16 71 39
22 95 73
69 31 78
47 96 31
66 2 72
59 25 31
44 20 39
7 58 16
79 71 47
25 27 38
22 3 73
81 62 74
25 60 14
98 72 26
97 69 56
70 52 62
52 2 10
62 57 24
61 25 31
68 70 49
36 14 2
10 14 69
62 32 80
25 92 53
98 61 86
11 29 48
82 97 30
95 88 96
41 81 3
21 74 23
98 10 64
66 87 76
33 62 40
85 78 76
81 94 75
60 53 36
57 78 18
3 98 13
83 87 18
77 19 100
26 55 44
11 54 47
66 30 97
33 19 24
73 53 66
64 13 50
87 50 20
92 5 33
45 23 55
60 95 63
73 61 50
65 44 14
90 63 64
82 55 30
82 72 16
88 40 89
58 50 5
37 87 64
27 99 58
79 20 85
92 34 83
24 68 95
75 100 13
4 57 51
8 89 99
3 15 89
21 28 72
39 68 58
45 56 36
78 89 38
28 36 52
96 42 70
36 19 37
71 18 76
42 68 30
57 63 79
2 10 16
14 65 95
83 11 79
15 93 44
57 99 72
62 56 91
53 74 53
79 6 62
26 84 74
69 60 14
57 38 73
66 87 79
65 43 3
71 55 96
88 89 29
92 44 36
3 21 100
41 51 19
97 53 38
84 66 53
63 81 6
6 81 62
19 16 97
17 53 38
23 56 25
15 34 41
5 34 13
16 78 62
50 58 43
68 76 23
5 95 16
28 72 81
39 30 78
58 63 23
47 89 58
74 20 49
61 93 38
83 78 26
6 71 90
9 29 95
85 58 28
77 42 37
26 8 34
49 37 77
71 59 45
21 58 81
81 91 99
8 80 67
35 4 9
51 57 51
13 35 26
93 72 76
15 73 25
50 7 13
72 53 22
98 23 62
21 53 58
92 75 83
69 4 9
99 3 63
19 34 49
82 74 58
70 66 22
94 77 34
37 41 98
34 19 5
45 1 54
61 17 90
7 43 60
54 54 50
24 3 55
13 20 90
66 67 34
34 50 85
36 88 64
100 99 97
66 55 68
5 74 11
59 79 88
44 58 99
62 56 87
59 31 52
70 50 1
40 42 24
69 63 99
72 82 73
99 14 23
29 22 74
60 47 94
20 66 91
64 14 36
66 65 46
74 99 40
92 78 65
65 40 10
23 95 40
35 93 11
10 8 80
3 90 98
4 67 83
83 47 7
15 35 16
1 71 45
84 36 88
78 82 63
81 3 92
35 95 6
80 45 90
29 19 13
83 51 9
97 6 29
97 72 10
74 31 91
75 22 6
93 36 62
25 67 71
33 91 95
90 89 65
53 7 21
53 75 54
81 50 100
41 92 36
18 3 18
29 66 56
18 32 90
32 86 75
19 55 6
33 7 49
88 10 93
22 4 61
9 6 68
4 71 83
22 13 94
51 19 98
65 59 67
7 63 93
5 5 39
52 31 16
88 76 65
92 99 27
59 78 95
44 32 8
62 17 5
31 66 3
53 3 28
56 13 21
19 80 45
30 60 10
6 46 31
6 20 37
98 77 51
24 57 85
31 24 51
70 89 36
13 93 15
63 89 3
64 51 75
55 97 44
81 29 44
51 93 73
27 28 43
78 28 64
13 88 82
41 84 35
73 38 36
61 57 100
16 12 21
41 57 50
5 29 35
79 17 21
24 60 26
92 27 10
17 4 61
61 90 98
67 37 33
67 86 57
52 89 53
16 81 10
54 18 6
100 40 31
39 90 1
32 79 31
8 29 64
69 48 96
21 16 46
45 90 51
46 59 13
97 85 75
64 20 42
84 87 81
87 6 97
57 10 25
56 71 21
100 48 81
94 63 44
33 66 30
86 46 88
45 42 61
81 22 46
63 25 62
42 44 31
18 34 1
8 73 36
33 58 81
95 22 69
57 48 74
25 97 99
52 61 13
80 81 3
55 44 81
81 10 2
77 48 92
41 88 96
81 7 24
38 43 89
8 43 97
30 63 95
89 3 87
33 11 96
6 4 71
74 95 88
42 98 77
89 13 4
35 14 95
38 93 27
55 54 80
66 27 38
25 95 27
18 40 28
38 97 84
90 98 100
69 63 84
17 38 95
10 27 46
78 53 69
24 74 89
77 74 58
2 6 96
6 24 57
25 91 3
78 98 61
62 83 100
36 21 41
76 81 10
22 70 100
88 59 90
12 27 69
11 78 44
92 48 46
20 87 81
2 100 39
60 74 82
85 37 57
63 99 78
72 82 88
11 89 38
100 12 83
65 60 14
6 85 86
13 27 3
37 45 34
71 74 3
73 71 12
36 97 46
61 33 21
23 17 32
64 74 79
85 63 95
79 51 4
10 99 96
98 79 62
44 81 99
54 48 26
88 58 16
90 78 2
20 100 54
98 18 38
63 47 50
24 42 17
3 38 16
87 35 60
14 44 16
76 9 39
74 6 65
18 45 1
14 15 66
64 89 84
41 92 14
28 86 34
31 31 38
23 63 76
49 83 80
10 81 15
26 81 27
29 27 78
84 17 5
72 8 59
86 3 53
71 73 52
66 13 9
99 94 59
82 2 96
87 38 10
72 23 69
22 66 88
46 59 61
32 78 97
25 11 62
7 84 73
89 98 94
94 95 74
20 28 52
18 32 61
42 75 19
90 48 31
64 43 60
67 92 26
76 20 57
23 44 91
29 5 90
33 31 81
98 20 54
14 7 77
32 3 53
46 62 56
19 49 24
91 71 7
47 70 1
47 94 47
22 79 82
36 26 30
99 64 44
79 51 5
52 59 24
93 99 91
72 28 87
38 71 9
45 87 68
11 74 29
20 30 44
40 71 4
47 20 94
5 90 98
5 67 59
3 95 66
67 25 27
71 52 18
66 58 29
60 31 72
50 84 99
76 73 28
2 70 77
87 57 83
12 38 15
7 45 1
27 80 75
70 24 17
43 37 47
58 7 13
32 97 26
52 47 34
28 75 94
71 12 47
5 76 68
86 39 77
58 52 63
99 65 76
49 86 13
41 8 85
82 7 83
49 26 99
16 100 1
83 2 78
4 42 71
46 58 30
19 2 60
33 16 40
59 59 57
74 54 41
16 16 68
37 33 94
38 65 88
47 17 85
83 58 27
13 2 97
45 2 97
53 49 77
50 52 97
48 68 74
3 60 53
91 95 68
66 78 87
11 44 10
93 30 64
41 96 53
94 1 8
83 79 28
74 30 88
29 86 59
39 77 86
59 11 78
65 16 22
60 8 50
72 27 99
2 36 72
2 67 86
96 5 13
68 70 94
83 29 36
15 98 39
99 73 65
34 32 42
41 74 73
47 27 69
43 96 88
9 6 35
24 9 13
13 23 56
21 21 100
34 11 65
37 34 70
55 25 58
84 80 70
43 8 100
83 31 99
12 36 31
66 26 66
59 85 51
49 18 16
16 44 88
22 25 95
47 10 23
55 36 46
70 51 59
21 23 64
2 73 79
99 59 32
75 88 84
84 48 36
93 21 8
80 55 69
58 53 11
49 26 87
57 10 62
63 98 41
86 26 72
94 67 32
99 43 40
2 76 68
20 52 6
31 60 58
100 24 77
63 10 56
88 27 78
91 91 25
93 51 21
62 1 70
55 48 89
22 100 1
78 32 80
43 95 35
90 99 15
1 71 85
65 55 65
85 94 33
98 8 70
2 36 23
35 4 21
88 84 38
54 12 86
26 73 56
61 72 84
14 30 6
54 57 94
33 64 11
81 3 72
68 100 12
45 55 60
58 43 28
91 59 1
91 96 73
21 72 25
71 93 89
72 13 57
9 82 63
28 21 37
83 93 66
76 84 92
14 54 49
20 92 66
57 34 5
42 9 49
58 91 35
11 28 81
47 36 26
83 57 5
97 90 4
11 42 33
79 91 28
84 63 53
97 7 54
44 82 36
38 22 29
35 65 78
93 87 88
60 23 65
48 16 73
22 100 45
97 26 65
72 57 5
90 5 12
77 70 83
85 31 82
47 85 57
44 40 63
2 62 6
64 39 94
18 74 96
41 80 37
78 63 58
1 10 40
29 12 21
54 40 38
20 9 86
13 89 14
56 69 16
78 72 46
3 38 35
82 6 22
60 66 96
4 26 60
14 30 88
24 27 46
65 96 11
80 11 79
80 1 13
13 16 2
2 1 57
100 37 47
81 62 68
84 2 44
5 65 28
34 82 96
17 83 85
72 3 25
27 68 92
43 16 95
96 3 87
89 93 43
90 55 95
63 63 6
2 58 81
45 52 99
11 21 57
79 27 65
25 53 28
26 41 86
38 99 56
12 16 82
51 10 48
49 79 65
49 60 58
48 65 92
10 56 69
13 67 54
74 40 35
3 75 50
14 84 63
4 73 35
78 36 14
22 7 33
90 12 94
76 91 93
66 40 84
80 38 66
28 11 35
10 93 43
76 55 53
17 78 66
23 49 4
79 14 44
25 65 2
5 63 52
70 85 4
49 20 71
16 63 28
30 43 53
79 28 36
16 78 62
88 48 60
2 49 33
14 98 54
40 35 55
89 55 26
36 21 59
40 43 84
70 17 94
92 57 98
55 23 30
63 24 67
53 84 11
72 99 25
85 35 74
91 56 55
21 15 6
52 47 13
16 94 39
72 70 83
19 46 72
83 8 19
15 8 21
26 96 2
35 69 38
95 2 92
10 71 90
61 14 95
60 73 16
26 56 62
73 5 85
13 62 97
54 44 96
67 27 92
28 96 62
25 76 23
86 36 52
36 6 79
85 90 7
86 99 82
96 55 91
86 98 45
78 59 9
88 73 52
50 46 76
91 72 27
65 14 16
86 71 37
5 39 59
23 56 3
68 84 81
91 43 35
40 58 76
72 14 15
34 38 6
70 62 74
85 40 79
8 12 54
82 84 29
86 79 48
33 94 20
21 35 3
71 49 90
51 49 80
57 55 31
24 22 64
94 17 9
42 42 54
82 31 48
7 16 82
2 94 61
33 56 99
2 3 2
32 35 55
86 95 36
63 25 26
70 82 69
26 81 16
78 90 98
72 23 95
84 11 46
38 15 91
40 1 32
51 62 22
67 76 40
87 24 94
49 92 93
66 22 30
55 68 44
30 76 10
21 37 77
17 60 25
14 14 99
22 28 62
77 87 95
99 27 91
65 58 26
59 40 3
99 66 27
22 50 32
45 30 56
30 14 65
27 71 57
60 72 25
13 97 15
74 87 28
98 50 86
87 5 51
63 30 35
95 53 11
62 76 72
82 69 95
79 21 94
75 99 56
80 14 11
29 39 50
83 48 14
65 12 7
12 86 21
3 92 81
40 92 18
35 95 74
64 27 43
16 72 28
6 42 21
99 96 66
11 39 57
45 9 12
7 13 21
57 67 45
87 10 78
60 87 73
70 77 24
42 50 24
10 10 2
73 71 75
62 51 75
92 73 2
93 57 4
18 61 75
29 54 21
89 23 46
86 51 12
100 32 59
42 2 53
80 87 66
74 49 50
27 58 6
92 33 1
10 40 99
91 88 56
64 49 33
66 22 72
48 92 10
12 37 45
82 61 5
12 12 61
8 21 34
42 57 13
84 8 37
69 68 35
80 19 20
40 67 1
18 55 18
32 87 18
38 65 48
18 37 100
89 85 19
98 44 30
85 28 95
97 11 14
44 84 74
68 79 73
43 27 65
42 10 56
91 27 26
92 11 96
23 65 73
44 89 16
32 91 93
52 25 60
15 8 70
58 55 53
100 33 17
100 58 64
87 89 22
25 5 37
51 25 35
77 32 59
39 13 98
27 66 31
58 31 73
89 46 91
49 22 84
36 78 36
16 32 90
35 20 83
17 46 66
53 89 38
43 53 55
87 89 76
48 11 22
40 34 12
59 27 18
93 23 31
80 60 82
40 54 37
17 4 51
93 62 81
76 30 82
64 92 44
86 57 20
6 8 57
96 61 42
88 94 39
92 62 15
63 38 36
70 67 1
7 25 74
78 28 84
52 96 15
14 63 74
29 41 100
93 92 68
96 48 88
32 28 62
19 74 29
30 84 96
61 96 6
79 92 72
51 5 54
83 14 97
35 96 82
90 14 65
57 31 74
60 99 69
82 23 11
72 42 77
54 69 36
99 53 97
88 83 54
3 58 52
77 58 55
28 10 99
79 78 92
96 3 56
56 2 30
74 39 8
39 5 12
73 60 43
90 82 76
96 46 74
86 43 91
90 12 5
58 28 43
75 41 42
19 74 65
6 27 46
34 55 18
76 9 7
61 88 16
75 31 55
44 4 45
12 65 91
17 9 45
67 73 58
59 38 15
76 75 24
83 85 42
50 72 66
78 78 15
37 6 74
14 28 79
29 14 74
12 55 14
67 38 66
85 56 23
27 43 97
9 10 52
72 32 41
36 14 28
93 89 14
8 67 37
29 51 47
20 59 49
78 21 12
88 14 11
40 13 7
71 7 90
60 64 63
36 52 60
4 93 11
26 43 88
62 83 51
95 52 64
77 36 68
40 56 35
4 88 89
69 49 83
46 72 74
24 68 55
46 30 97
33 89 63
33 55 46
99 73 81
69 47 34
41 37 13
41 13 77
10 63 26
36 78 26
81 100 50
33 3 69
92 99 91
50 87 68
11 88 10
43 78 97
47 2 84
1 64 84
55 32 4
79 58 72
84 25 81
46 43 6
3 63 96
7 87 99
31 61 57
1 83 17
19 31 2
73 74 62
82 24 45
62 66 62
35 76 79
46 100 59
90 5 86
88 82 26
90 44 55
19 83 12
90 11 10
32 77 49
81 95 58
62 77 54
90 60 92
72 52 28
71 30 55
62 81 3
6 29 89
54 25 3
43 46 74
47 11 28
17 54 34
37 21 47
65 87 93
82 13 7
8 2 28
65 92 82
19 98 37
71 14 92
8 80 49
6 87 76
41 3 84
92 98 61
47 33 12
8 35 48
76 15 93
46 100 1
2 82 43
64 11 29
98 81 36
79 69 36
81 50 47
85 67 19
99 81 18
92 46 43
74 10 25
56 30 2
75 67 42
87 56 35
78 99 65
38 6 14
81 75 54
3 97 65
87 15 68
62 46 87
43 68 15
88 23 53
92 84 27
84 73 93
40 14 58
28 19 51
85 25 96
88 87 79
94 13 7
21 83 71
77 70 37
10 65 36
97 62 18
57 2 69
49 80 24
100 55 31
95 5 94
91 36 89
26 97 93
69 28 81
21 89 95
10 99 2
28 30 82
26 19 12
8 89 72
1 59 19
59 38 97
42 26 31
70 74 65
7 54 32
6 32 50
7 11 3
82 76 74
95 63 36
98 65 73
1 44 66
38 68 78
42 15 60
30 50 49
12 50 49
41 55 58
4 1 49
77 39 70
20 20 83
71 31 91
54 25 88
34 22 15
33 46 79
96 20 42
13 9 7
85 38 74
52 31 79
44 28 72
24 75 12
15 63 52
40 80 8
62 10 27
91 68 16
54 38 23
81 82 29
77 38 95
26 42 5
80 44 28
60 26 14
52 8 32
98 70 37
15 27 46
4 65 68
23 8 9
98 21 83
97 44 27
45 14 53
21 62 53
74 36 87
70 80 70
41 47 12
66 95 91
67 13 17
37 73 31
89 59 5
6 41 42
60 69 64
93 32 34
79 1 20
98 84 65
42 100 47
60 58 22
45 78 31
33 26 35
33 58 52
34 27 26
96 7 50
22 30 27
98 51 5
64 92 72
5 95 43
59 9 80
6 88 15
14 1 41
28 98 12
6 86 12
80 42 94
18 66 35
1 19 94
19 91 52
76 12 41
21 72 74
2 85 98
14 60 28
21 7 45
54 53 95
59 30 16
59 77 20
24 100 94
38 81 93
13 96 38
6 48 10
29 93 2
94 81 55
59 47 67
31 93 16
45 38 69
3 54 17
53 44 62
89 7 5
70 16 78
79 32 57
60 35 53
31 55 76
5 72 6
71 79 28
92 55 10
37 28 76
63 96 79
22 63 40
73 9 100
19 38 78
35 69 6
67 52 15
27 6 40
94 26 14
57 61 4
96 24 12
98 93 36
94 84 44
6 68 79
62 64 55
84 39 90
38 61 21
14 27 65
10 12 19
12 43 88
48 4 67
77 70 98
79 15 3
74 35 44
96 74 26
12 62 53
14 59 98
36 82 93
29 76 43
40 93 22
2 28 91
28 92 10
80 97 81
62 98 45
4 45 33
6 73 64
92 56 25
96 70 37
34 55 88
49 5 49
76 32 59
43 31 40
97 18 88
79 62 6
41 50 13
41 96 62
53 23 38
20 82 65
34 56 96
44 94 41
28 91 43
51 54 51
6 59 90
13 32 8
62 10 25
67 8 24
18 81 63
52 77 13
97 58 16
15 26 78
57 58 6
47 35 36
7 3 65
24 48 78
6 37 20
86 93 99
10 73 58
64 15 78
17 14 81
72 93 60
43 79 2
81 46 91
86 66 62
77 15 53
40 88 92
57 53 15
79 55 84
14 78 88
63 54 9
75 22 10
55 73 36
98 66 36
38 75 4
91 4 33
22 63 27
83 37 83
67 71 100
76 42 50
95 49 32
54 24 32
77 60 31
2 42 51
46 53 65
60 93 78
86 26 95
48 46 76
98 51 85
13 20 50
50 52 79
31 70 100
13 66 35
26 11 84
71 10 2
21 53 25
73 10 25
59 16 26
8 87 73
6 68 74
34 91 28
19 48 89
96 89 81
42 89 6
85 49 39
43 8 20
57 65 58
18 53 6
7 41 47
8 44 60
96 98 86
38 98 47
81 42 7
36 76 35
46 63 38
2 95 46
3 88 78
35 4 42
8 59 71
27 15 78
18 11 55
44 24 5
62 6 81
84 25 53
92 47 77
47 17 47
5 42 86
60 71 45
16 10 56
20 53 62
13 63 56
58 20 67
18 76 91
3 66 46
44 69 28
93 24 33
40 50 7
70 40 25
79 74 14
45 22 84
31 35 88
16 5 98
6 28 58
77 11 99
83 82 31
21 50 77
5 95 25
42 58 82
14 27 96
65 12 49
3 31 97
56 2 36
83 50 1
4 85 19
70 25 3
56 47 17
53 30 72
21 86 9
36 15 52
37 73 78
42 39 13
77 12 24
6 94 80
63 45 59
88 29 44
91 18 60
23 5 90
93 29 53
63 76 73
90 71 67
30 88 30
14 4 9
10 24 8
34 39 9
11 78 68
95 67 9
27 61 33
3 85 37
63 92 18
59 26 3
26 42 59
44 18 43
92 18 63
55 88 76
73 58 43
12 76 64
53 54 20
33 59 17
52 78 55
13 20 71
68 88 36
76 64 84
11 64 31
97 7 41
62 6 36
58 60 99
10 6 48
59 22 84
51 61 77
78 25 62
70 72 56
93 25 92
99 68 87
4 13 51
52 3 30
27 55 6
95 26 62
70 54 67
79 64 89
51 56 36
52 85 50
94 25 55
35 72 76
96 98 94
69 80 49
80 37 51
66 32 37
25 93 29
92 27 96
49 69 76
42 68 16
76 74 91
61 35 10
65 47 59
20 19 8
54 85 77
45 9 4
34 98 85
18 99 91
27 35 68
73 38 91
65 6 79
61 48 64
30 23 11
51 48 29
33 5 9
100 55 30
86 22 55
4 66 25
83 79 69
4 71 20
55 54 24
81 37 86
46 100 75
86 17 33
70 40 6
91 91 87
50 3 66
96 70 94
40 12 50
80 26 16
48 54 13
5 98 24
51 89 97
38 59 67
38 61 21
80 69 23
55 1 57
51 89 25
15 46 28
23 58 84
69 17 59
79 10 30
35 6 36
43 27 69
50 67 47
83 72 99
56 63 56
25 65 68
45 33 5
69 14 35
76 18 88
54 16 36
38 97 23
60 52 68
4 82 84
15 22 14
61 23 63
33 40 81
28 26 69
50 4 9
62 83 75
58 19 32
52 7 37
55 24 45
84 85 77
48 73 65
42 4 70
58 87 22
19 78 2
95 95 64
58 89 91
14 54 34
42 25 62
1 98 47
10 97 31
17 88 89
53 73 84
84 42 47
55 52 56
29 49 42
84 32 77
28 8 86
61 27 68
63 46 68
99 65 63
79 86 57
13 80 19
20 32 41
18 24 71
70 82 68
47 84 58
6 8 20
20 85 100
73 17 5
66 74 58
70 26 22
71 89 29
7 52 26
46 89 43
35 36 16
3 68 58
45 4 90
11 48 93
67 19 12
92 91 56
16 37 12
20 39 51
22 60 69
20 95 97
89 70 17
70 38 25
41 87 46
64 8 83
22 38 53
52 64 27
25 29 91
71 96 55
58 6 78
71 3 16
33 89 97
46 26 74
55 70 98
29 100 42
16 79 97
27 2 74
12 81 22
24 58 93
71 3 48
31 83 47
11 34 12
57 2 93
99 55 96
23 84 56
84 99 15
71 77 19
46 15 81
8 70 19
63 82 60
32 78 63
45 92 88
100 47 70
62 90 51
11 60 65
15 91 26
66 52 56
7 73 28
30 93 31
73 54 47
92 6 89
35 72 92
84 22 15
61 2 40
12 84 29
94 35 58
9 76 87
22 31 28
23 42 21
50 72 35
39 78 96
81 37 90
25 95 84
13 43 56
83 96 95
60 8 100
66 11 62
42 14 91
28 82 76
82 33 5
78 38 25
81 83 77
13 24 41
91 30 62
48 15 84
47 23 2
13 53 60
43 35 18
8 3 97
23 94 34
99 69 82
97 76 92
11 69 84
40 57 67
72 82 69
45 32 4
46 33 98
72 77 20
25 63 11
28 9 54
94 88 53
63 25 53
44 49 4
24 25 96
36 84 72
92 98 80
3 19 94
56 22 78
18 35 29
91 22 66
92 45 32
59 39 71
65 44 97
53 68 29
33 52 82
77 25 69
83 71 12
96 18 29
66 38 95
95 5 9
56 79 91
55 37 17
88 95 99
69 98 83
82 95 11
13 26 84
19 35 40
51 4 37
23 31 78
51 15 44
86 45 50
61 35 84
56 55 23
35 27 72
33 34 24
23 40 46
95 96 68
40 47 21
21 66 91
2 62 35
76 38 22
82 48 81
38 24 34
62 24 20
81 61 20
95 46 11
67 86 1
7 7 59
80 34 51
32 5 9
75 56 22
37 11 73
20 78 18
50 25 15
94 75 70
85 97 65
33 82 11
98 31 65
14 98 86
77 24 9
92 84 55
30 26 89
24 6 97
82 28 93
49 84 43
81 73 11
55 70 51
80 31 22
60 46 88
91 4 71
59 81 78
69 79 2
20 99 73
85 44 11
78 99 64
22 31 27
15 14 66
91 99 88
54 35 53
45 15 56
48 49 33
64 15 89
47 47 5
42 86 54
79 82 64
5 85 70
16 76 14
15 31 76
83 35 25
19 93 87
63 20 50
2 62 36
61 70 41
91 32 86
88 9 41
63 63 76
21 99 29
60 79 53
95 77 57
20 30 79
37 18 89
89 100 33
22 30 88
71 95 74
90 84 93
58 93 44
21 32 17
55 35 72
76 76 63
92 13 37
11 60 2
86 27 43
99 76 15
8 75 34
24 44 60
58 2 84
69 40 11
7 97 36
34 79 66
61 63 81
91 52 18
83 35 87
1 73 11
60 37 17
31 63 11
11 60 40
29 88 78
50 91 92
59 16 82
30 54 61
14 77 5
7 7 1
36 69 48
53 28 6
15 93 14
84 95 97
93 15 22
17 92 64
3 21 59
29 51 1
26 27 48
34 67 33
17 36 48
94 58 96
69 50 17
3 65 81
20 98 90
93 60 29
17 62 2
56 99 14
98 88 14
57 79 14
80 60 63
2 87 22
96 56 26
44 8 34
85 86 1
2 27 69
15 81 28
36 60 2
42 5 71
19 47 100
60 25 15
98 99 95
23 33 50
88 13 17
55 2 30
7 96 88
81 95 74
2 64 27
43 48 89
45 73 60
89 5 85
34 47 5
44 77 1
41 30 62
76 62 89
90 68 99
66 66 95
18 52 43
54 91 96
65 17 39
12 74 56
75 69 95
87 11 73
77 35 74
96 41 12
50 14 89
9 69 56
93 47 1
81 42 24
46 25 26
56 32 80
52 80 37
60 19 37
49 3 96
88 96 14
13 55 10
50 96 26
18 30 63
53 40 99
20 56 96
53 36 76
43 76 88
68 88 63
31 12 13
81 82 16
81 75 4
46 65 18
19 97 53
4 96 97
5 78 44
9 22 63
85 28 6
71 85 59
80 35 82
14 35 14
38 55 73
39 99 78
40 57 39
71 30 56
84 14 63
32 87 25
98 46 88
86 74 65
70 44 40
13 61 34
1 30 62
24 1 67
14 33 39
53 49 54
28 30 91
82 65 92
44 70 33
17 66 15
53 13 8
59 87 35
93 16 66
7 47 51
3 46 58
60 46 72
52 62 92
35 96 74
97 80 85
22 22 63
51 85 59
83 95 81
52 30 25
2 19 100
36 50 57
53 96 18
31 39 1
96 3 6
35 24 8
62 24 41
45 55 60
73 16 22
84 2 73
34 76 96
44 14 43
54 89 91
50 23 76
56 42 54
59 44 46
22 80 54
58 10 76
66 4 83
5 8 49
68 68 99
82 92 99
94 69 16
7 48 18
87 100 33
65 29 6
47 79 56
9 88 52
100 96 99
3 30 15
95 61 50
78 66 3
62 71 100
56 98 1
28 87 14
1 38 63
88 50 34
13 100 54
18 65 97
88 3 65
66 74 22
41 84 88
57 23 91
17 78 2
9 60 48
3 23 56
98 66 76
35 38 84
99 84 30
96 51 1
78 34 98
80 88 74
41 42 37
53 29 11
58 43 62
25 56 14
82 22 44
96 60 23
47 56 2
95 90 86
94 99 29
91 31 14
30 55 82
75 5 1
1 41 70
11 18 10
64 12 75
74 90 70
82 79 28
81 54 42
74 34 71
94 77 47
100 75 12
59 75 7
19 3 25
65 99 87
59 43 3
13 10 25
37 35 23
26 80 61
26 84 89
81 19 7
91 89 93
13 7 42
33 76 46
5 58 72
13 39 34
97 89 27
42 68 97
75 52 48
65 19 20
49 81 79
47 74 14
28 97 89
78 50 45
63 71 100
79 49 94
53 4 90
7 1 19
55 3 96
54 43 23
49 71 85
14 82 38
42 25 88
100 73 60
20 17 33
28 32 20
54 60 95
4 41 13
52 29 36
21 2 3
90 20 34
4 50 4
78 32 61
13 69 66
57 99 69
96 85 80
5 69 31
91 36 31
80 31 44
36 66 15
69 94 83
69 96 84
55 89 27
10 73 66
22 69 29
43 36 88
62 66 95
30 92 93
38 43 96
44 46 55
37 36 27
99 81 27
47 76 56
88 68 63
68 72 65
93 60 58
8 93 2
63 62 14
46 6 44
19 2 69
66 91 96
47 3 38
19 69 73
94 54 32
89 72 89
17 54 86
21 91 60
35 73 40
37 55 16
99 74 65
96 75 98
74 65 66
9 6 27
77 91 14
84 60 96
82 15 81
69 99 87
80 26 81
5 69 82
68 33 1
48 31 36
99 73 92
13 87 84
79 8 19
40 53 25
17 86 83
73 51 80
85 44 89
90 78 46
92 18 40
47 4 100
29 75 54
30 44 40
65 10 65
58 60 56
20 78 35
62 12 85
6 78 81
66 35 44
6 82 93
97 45 75
90 14 82
15 64 36
15 91 76
38 55 35
6 58 78
2 60 28
6 49 70
13 14 79
37 76 43
43 53 14
34 43 23
17 66 2
18 42 5
73 18 84
28 76 36
31 48 97
86 86 5
45 97 65
16 24 4
46 65 64
60 51 12
96 16 22
34 65 30
52 9 50
14 30 81
76 81 26
43 28 95
19 36 27
90 55 66
37 66 46
73 56 43
79 41 51
50 95 2
62 66 81
96 78 88
93 70 20
72 54 24
16 64 97
16 96 73
83 29 44
89 15 76
84 89 52
28 92 29
88 94 1
36 44 15
65 1 41
33 80 67
43 13 85
43 40 93
93 25 63
16 27 2
38 31 87
20 3 95
46 97 25
78 26 52
71 76 26
79 96 79
57 87 89
41 35 36
47 67 9
45 14 84
16 35 10
80 93 3
23 4 12
98 19 98
52 23 72
73 20 39
48 14 99
73 13 50
92 78 40
13 35 84
82 11 87
54 9 83
1 91 74
95 85 20
30 27 56
10 76 87
11 95 64
96 34 54
39 46 66
16 1 9
68 83 85
49 98 37
70 39 98
30 81 36
74 22 89
34 19 86
22 98 49
39 25 48
41 51 67
85 4 57
54 20 41
67 72 14
47 39 19
69 13 100
4 8 83
79 47 20
8 85 94
41 91 27
31 17 59
69 73 36
55 42 12
76 25 96
15 60 89
10 12 41
80 2 56
86 56 43
94 67 5
20 59 5
8 11 38
67 50 71
90 92 72
99 79 46
53 42 77
93 76 16
79 88 11
39 52 38
64 8 54
37 60 73
44 8 49
74 50 59
60 70 39
59 54 1
37 66 35
66 94 59
79 46 62
73 62 46
49 85 67
40 38 53
36 50 5
1 97 79
67 74 62
2 31 35
82 81 16
26 39 61
29 72 76
42 28 95
1 87 38
23 57 67
81 49 19
26 33 39
43 76 52
77 66 46
51 56 69
35 38 26
22 19 24
41 32 54
18 91 14
94 62 38
89 3 55
16 32 20
4 74 2
45 77 86
72 8 71
82 80 86
40 26 96
62 93 25
42 23 55
81 30 91
53 19 83
15 80 7
40 99 38
74 76 2
29 72 10
48 50 86
3 5 51
12 18 53
81 84 52
87 69 16
75 72 65
31 26 22
95 84 11
53 30 93
3 28 96
56 90 13
23 30 63
15 58 97
12 4 32
46 11 72
54 43 44
14 52 38
19 4 49
68 18 68
61 8 9
30 25 69
22 48 82
31 78 26
60 73 97
83 49 57
55 31 27
58 87 18
45 29 26
6 16 63
28 59 57
5 2 30
88 69 62
53 98 13
17 64 73
43 25 28
98 81 76
95 49 41
44 91 63
31 53 25
47 25 81
82 39 20
40 5 54
2 91 28
20 45 37
99 37 8
9 89 68
74 75 42
71 86 61
97 87 10
75 27 60
34 73 16
88 52 27
46 35 31
66 5 80
53 67 83
30 33 50
45 75 77
18 62 78
4 97 22
90 64 14
32 69 15
26 89 38
9 69 31
64 22 38
45 69 30
26 96 28
75 56 66
62 97 76
62 63 25
69 65 76
36 20 94
100 38 55
27 36 43
18 88 15
89 47 42
48 76 72
83 14 35
100 100 50
87 23 56
57 3 48
44 3 52
63 28 56
15 3 35
70 58 99
26 29 31
77 74 78
20 13 19
28 56 43
87 82 95
87 22 16
31 60 91
11 21 13
1 54 17
30 65 14
65 40 28
34 35 31
45 65 74
31 53 89
79 47 12
51 11 22
99 31 26
68 57 1
48 79 88
13 40 2
84 65 64
54 98 17
43 82 64
40 69 92
92 7 34
38 93 22
24 53 73
8 64 72
72 63 2
75 32 100
35 82 93
48 47 33
97 34 61
44 3 44
16 58 10
84 63 43
67 18 6
73 12 41
13 89 35
81 100 37
94 97 56
27 7 47
11 3 79
49 54 61
66 31 64
17 93 72
67 67 21
96 25 16
13 77 8
1 36 64
33 32 9
47 65 25
82 58 53
62 82 16
28 65 55
99 39 20
12 83 7
75 88 11
40 93 68
17 90 13
51 23 15
26 57 83
53 33 75
35 90 80
9 81 62
74 16 99
66 97 40
73 27 69
43 43 55
6 29 48
12 14 66
84 91 38
56 79 26
18 32 39
48 36 78
74 1 8
16 45 33
88 15 14
42 87 6
92 7 75
98 29 96
53 63 2
39 92 2
64 11 35
80 93 36
81 32 5
61 83 24
58 36 56
23 6 62
98 79 56
84 35 52
42 75 13
69 27 76
35 64 27
4 82 63
66 66 79
44 18 64
98 25 11
18 71 8
75 19 77
2 38 27
47 2 95
16 39 12
14 39 7
91 65 78
87 43 15
47 99 29
28 3 84
34 32 50
25 81 30
1 41 4
99 18 62
41 22 87
70 100 98
22 20 21
18 31 87
35 92 99
43 73 29
39 61 9
74 17 19
66 28 81
2 70 19
18 40 36
22 40 48
21 5 90
63 74 96
41 90 33
31 55 14
20 59 9
7 75 33
37 96 43
53 13 61
57 82 91
75 72 66
94 78 76
97 77 39
55 26 56
77 81 78
92 32 90
35 34 21
6 70 77
59 94 51
95 25 64
26 95 66
65 30 99
9 51 47
63 81 62
7 84 92
60 21 57
22 94 24
27 65 23
48 60 43
70 59 42
23 91 18
48 16 10
75 50 54
19 59 1
55 45 41
47 12 61
80 89 65
39 45 4
57 3 28
29 69 38
64 36 55
40 2 29
51 27 58
7 4 61
34 85 47
27 43 99
28 91 79
78 4 70
99 94 67
28 46 25
89 62 84
89 70 90
93 64 31
42 72 53
46 77 21
54 45 59
95 23 10
72 31 15
40 58 15
29 60 36
5 60 29
1 80 1
14 22 87
70 90 54
44 74 97
51 29 89
23 40 52
64 16 96
77 89 35
67 68 88
32 64 78
29 29 69
46 60 16
28 51 83
51 81 46
82 48 58
59 92 23
67 20 5
10 86 59
89 99 87
85 53 16
90 87 68
76 32 33
77 10 88
8 74 30
15 79 46
28 42 5
8 96 99
28 88 10
58 35 40
19 83 42
40 2 58
42 75 32
69 45 86
77 36 84
20 47 5
98 71 77
50 92 87
28 60 76
78 84 97
78 68 6
1 71 59
31 96 60
52 3 89
4 60 88
2 71 20
86 82 84
7 48 65
65 43 99
5 43 18
61 88 81
23 14 38
26 87 95
58 58 43
48 51 61
73 26 69
66 79 89
83 3 28
23 89 16
17 51 1
64 16 62
23 38 93
31 52 79
21 51 45
45 51 5
28 13 90
23 29 93
19 50 49
66 24 70
55 33 5
24 40 63
87 15 18
16 3 56
7 88 95
1 55 26
75 35 40
43 42 57
9 16 69
37 28 69
57 22 14
90 6 66
100 71 17
95 37 12
20 66 52
57 64 18
42 91 60
96 23 55
49 75 50
65 100 8
30 58 36
10 16 82
66 2 55
53 28 89
76 72 81
92 92 29
58 43 79
1 16 31
37 55 78
72 22 69
40 60 53
46 7 86
1 88 44
88 95 26
12 22 65
58 73 25
6 62 35
33 79 6
16 35 72
9 35 30
18 82 26
58 36 27
44 25 63
60 66 99
25 87 88
100 86 75
73 68 44
52 9 85
64 94 21
9 44 76
88 86 41
21 8 9
65 8 77
60 29 64
59 94 32
1 82 36
15 82 69
61 89 91
80 90 61
19 26 52
33 60 96
40 35 3
19 46 96
69 37 4
11 15 10
27 35 74
42 62 55
39 86 12
94 12 83
46 46 72
46 53 69
89 5 41
19 93 74
55 30 31
12 62 44
18 65 91
89 11 52
31 8 94
47 31 55
59 26 53
67 28 69
48 94 75
78 43 92
28 25 87
18 92 88
34 68 14
56 50 5
48 80 94
80 79 69
38 43 63
42 99 30
72 33 61
50 2 6
29 60 16
99 74 43
53 74 28
54 70 7
82 37 8
77 54 67
27 80 70
87 54 90
48 61 19
89 62 87
6 71 1
63 84 15
50 27 66
33 62 40
26 11 53
83 37 21
69 71 41
55 34 83
68 82 23
77 3 84
29 32 24
36 18 35
73 49 85
12 48 88
69 64 23
87 92 79
77 91 63
75 32 49
81 25 46
65 92 76
15 43 40
68 48 68
3 57 94
75 66 48
58 65 78
21 73 91
67 58 16
99 81 96
25 79 18
1 6 58
78 22 55
56 74 56
16 37 80
54 46 62
38 2 3
36 3 78
14 92 81
61 95 55
63 29 82
82 71 50
8 66 97
77 50 77
69 7 24
49 45 83
94 81 82
80 13 5
17 87 81
99 11 14
26 93 25
24 38 84
60 24 71
80 19 21
6 33 51
35 93 16
96 18 36
55 17 50
40 49 75
57 73 81
36 50 24
30 58 30
86 17 59
57 4 75
32 37 85
58 32 100
31 34 33
50 40 68
63 93 72
1 66 52
50 36 78
21 41 100
47 31 89
10 80 90
55 83 20
46 2 65
83 2 27
80 53 26
72 28 15
24 53 91
61 60 63
19 77 45
49 32 51
96 87 72
69 81 93
19 29 52
63 77 50
42 37 50
16 18 48
40 27 81
23 61 13
72 51 9
25 39 34
75 68 26
85 76 2
77 90 59
57 60 88
56 59 4
82 25 55
27 100 1
17 64 44
56 20 75
1 68 52
4 9 70
93 33 80
84 36 52
24 93 2
92 56 97
29 25 68
85 39 5
47 55 72
79 78 88
44 46 89
51 97 65
75 93 35
95 21 90
32 4 24
11 28 27
50 99 46
29 20 61
70 79 82
48 27 76
22 33 39
61 8 21
33 8 59
5 91 11
85 90 51
85 45 41
34 70 75
84 28 2
31 87 68
41 28 52
36 57 41
81 90 75
97 67 5
59 61 19
20 16 81
74 6 89
77 69 36
3 13 34
38 46 44
24 23 81
29 60 69
7 93 40
32 20 57
2 97 52
96 15 26
74 14 29
69 43 2
23 47 54
79 14 91
42 64 52
3 60 35
93 27 23
57 87 63
79 40 25
22 47 51
90 6 82
88 55 6
5 73 88
88 7 12
75 34 41
44 84 36
53 2 10
23 54 34
71 97 10
95 36 25
10 20 17
31 39 13
42 16 38
51 86 9
66 4 100
66 30 40
3 82 74
34 81 15
91 15 38
39 20 61
66 54 32
75 36 64
43 72 78
62 33 4
21 36 38
2 37 75
50 55 16
50 90 34
23 76 53
79 24 71
94 32 59
72 89 46
31 53 40
92 99 18
9 78 92
7 84 10
84 15 14
77 63 66
51 44 56
81 10 29
33 11 97
2 6 27
99 56 14
54 8 51
67 73 60
79 56 22
49 39 24
25 54 57
81 59 94
19 53 14
31 94 34
66 89 14
41 18 89
63 49 7
58 5 59
3 91 26
30 84 22
44 99 97
86 65 68
54 35 62
12 73 62
76 38 68
93 86 50
84 48 79
34 84 36
21 41 86
94 55 22
33 17 54
92 28 18
48 99 46
18 35 10
4 27 96
77 24 21
64 74 22
76 9 75
34 20 37
2 81 25
65 22 88
50 38 2
54 15 38
22 60 43
35 4 19
54 9 39
32 3 40
39 3 35
20 88 10
1 38 18
96 78 28
20 93 78
1 72 48
41 21 59
10 9 8
89 46 6
65 36 3
61 64 91
62 52 81
46 83 47
45 45 9
9 52 76
80 70 51
1 29 96
11 41 34
97 71 41
89 46 31
89 36 89
66 57 13
59 96 84
57 25 92
57 3 72
29 100 45
82 36 81
18 71 33
53 78 52
52 84 22
88 40 31
80 40 15
25 78 28
53 71 57
55 26 18
3 5 19
58 100 61
22 66 55
97 8 61
82 48 28
72 9 12
34 78 58
14 37 21
78 34 49
25 43 36
48 76 87
14 88 96
98 59 1
82 56 6
21 31 36
78 60 10
4 5 90
47 43 10
10 21 1
72 77 17
53 16 66
20 82 11
32 53 46
97 9 17
40 18 23
93 6 30
7 31 69
86 37 59
31 65 69
97 27 65
86 24 8
35 46 14
88 46 36
71 99 52
51 56 88
67 16 88
32 99 69
31 53 93
91 12 13
12 88 95
16 56 36
54 27 66
32 42 13
38 42 21
64 9 5
60 55 43
54 40 26
89 84 35
66 26 63
8 82 52
81 33 39
44 79 23
79 55 10
33 14 93
99 59 17
12 82 93
72 49 41
13 76 52
72 82 88
37 52 64
71 51 100
68 52 44
70 10 55
19 24 59
18 90 80
43 60 28
59 99 88
17 50 49
43 32 77
80 44 46
23 94 75
86 11 14
44 35 38
47 2 18
65 31 89
92 96 56
69 2 18
89 13 34
87 24 98
63 90 71
25 2 56
24 57 59
85 84 55
14 69 48
43 35 38
81 36 62
21 51 17
85 46 10
34 42 90
79 64 56
31 19 39
62 95 6
60 31 53
13 49 50
46 84 15
33 93 15
87 48 58
20 84 82
77 46 95
64 35 46
86 20 45
60 18 74
29 58 91
76 67 50
14 45 54
60 97 93
61 2 65
33 59 20
51 72 62
46 79 6
84 53 64
45 66 89
70 81 66
84 42 77
1 76 15
74 26 10
44 19 51
80 16 63
46 18 91
10 72 95
20 22 66
34 7 17
35 95 14
2 59 80
7 70 42
63 31 53
28 58 29
33 21 20
43 35 16
100 5 75
1 60 18
2 70 21
99 59 32
33 66 60
24 44 31
62 82 79
98 16 65
40 81 2
95 84 14
90 64 11
78 69 97
55 31 73
27 60 66
85 95 22
94 73 3
41 80 45
28 9 1
36 10 81
70 54 51
100 27 82
28 78 99
21 25 88
32 21 94
60 79 76
93 69 40
98 92 58
63 51 5
84 62 68
46 70 80
47 46 27
28 59 13
52 97 76
66 93 3
7 79 97
48 22 84
46 73 16
29 62 55
48 87 82
67 100 94
24 94 70
35 67 85
89 15 40
4 55 36
65 43 56
89 6 29
47 2 92
27 80 4
8 63 52
51 35 65
25 23 48
23 65 35
97 7 49
57 75 98
58 56 15
66 36 96
72 80 39
19 8 19
51 24 50
49 53 87
97 89 84
18 92 58
83 3 35
48 9 80
10 39 77
8 79 18
86 50 12
75 64 43
54 96 29
19 26 84
77 8 20
49 73 2
72 84 79
54 5 59
98 54 50
24 56 72
91 82 16
86 69 26
77 54 17
26 98 51
83 96 23
7 87 27
53 65 89
66 42 19
43 54 5
78 47 41
74 12 47
99 34 39
31 62 78
73 76 65
55 84 65
5 87 89
20 49 17
54 78 53
71 73 15
8 78 31
13 8 12
7 41 61
59 44 91
67 28 22
75 22 89
17 53 40
2 36 82
30 55 6
98 80 77
45 4 94
80 67 57
79 92 74
77 85 24
77 91 66
39 29 28
11 91 72
53 25 10
1 67 17
87 86 7
91 86 83
27 88 36
49 44 92
74 4 47
20 52 97
63 7 51
31 90 47
79 91 93
43 46 25
13 7 61
97 2 64
50 10 28
86 30 68
40 73 99
57 87 22
89 99 11
67 87 81
54 21 42
27 28 79
72 39 19
6 93 56
16 76 68
80 70 50
55 59 41
61 40 48
29 76 62
84 48 62
4 85 47
77 93 65
39 55 56
39 69 76
68 79 2
67 41 39
84 59 83
4 76 52
78 16 69
23 65 11
30 18 65
24 82 23
81 44 23
54 79 72
82 62 64
17 76 29
3 21 100
46 40 81
67 100 5
71 91 25
2 2 40
16 21 42
83 76 3
53 95 58
38 37 86
92 96 81
56 49 8
83 64 26
70 81 66
62 50 42
40 23 26
40 17 90
49 97 43
43 6 22
47 39 100
48 65 3
61 49 80
25 85 24
80 80 21
41 39 59
73 21 61
23 13 19
75 15 84
22 76 27
39 28 89
14 55 88
89 76 22
7 6 11
100 63 38
7 4 8
36 72 66
17 8 75
80 74 29
41 97 25
76 72 15
83 54 85
23 83 21
3 13 49
81 83 20
74 38 92
72 69 14
37 53 16
66 93 44
4 64 43
57 95 68
14 59 34
93 25 93
45 98 94
78 56 31
54 1 12
66 30 46
97 26 44
27 64 2
82 38 27
66 17 21
66 45 90
97 58 44
89 93 92
29 96 93
58 16 93
37 79 66
9 41 90
27 8 21
71 52 11
36 43 30
18 44 53
70 12 41
84 3 91
3 65 91
70 92 56
44 64 78
22 27 43
66 56 29
24 41 59
52 81 11
71 67 83
39 62 44
57 2 72
21 88 26
20 86 39
91 64 95
70 22 66
33 68 11
81 93 18
4 2 10
61 50 4
77 88 48
42 11 91
25 54 24
25 99 31
28 87 16
78 21 39
3 65 6
94 20 90
27 46 23
21 3 16
98 39 17
30 93 72
40 2 96
94 32 67
68 53 84
75 16 72
39 76 10
17 26 15
41 55 97
72 84 89
99 28 99
75 77 71
84 9 77
11 68 96
40 38 64
8 43 62
92 14 58
42 92 10
78 26 92
50 29 95
58 29 91
20 72 48
21 6 91
49 26 2
7 14 52
73 21 51
59 100 85
35 71 5
40 32 33
57 21 7
37 10 99
44 93 78
48 30 74
70 57 24
75 72 82
15 99 65
95 57 9
7 36 53
53 43 93
64 43 66
31 89 53
66 25 53
50 94 8
88 51 21
42 20 80
10 65 52
61 86 59
32 90 32
7 38 55
42 93 31
14 2 30
96 5 59
4 79 96
53 97 76
98 2 46
20 93 89
8 45 12
89 68 89
61 94 67
37 51 94
75 79 69
6 20 45
99 66 52
26 98 100
85 35 72
38 85 42
11 2 58
51 22 15
70 38 60
37 56 60
26 95 18
42 82 36
85 10 87
82 36 43
86 55 60
4 23 55
42 93 92
83 18 81
94 72 23
63 63 52
79 40 58
96 15 93
25 94 13
25 13 57
64 22 74
18 18 73
96 76 22
23 11 87
18 59 100
12 58 92
16 64 79
27 60 43
40 82 55
7 35 79
35 78 82
89 64 95
8 2 53
40 100 70
73 61 50
19 11 87
76 88 43
49 55 46
7 46 58
7 34 8
44 74 97
7 86 7
80 82 72
77 17 61
48 4 49
43 84 40
24 29 91
7 12 42
48 52 63
64 52 60
13 68 97
89 18 78
77 92 58
30 74 23
48 9 42
20 56 76
36 69 27
83 59 100
22 83 20
31 82 58
30 74 18
93 78 88
29 88 58
20 15 16
100 40 52
21 91 48
3 73 16
41 46 48
71 19 45
66 34 77
18 99 88
84 9 4
8 29 31
87 73 23
59 52 96
27 64 15
5 89 31
88 100 77
28 72 60
31 74 92
44 90 41
75 20 100
97 90 37
65 84 40
7 62 65
53 77 83
74 66 63
91 43 69
47 100 49
42 34 17
82 28 14
77 22 78
13 62 35
8 87 62
52 72 63
52 51 5
13 42 83
38 85 37
61 89 87
12 93 6
91 56 66
30 60 53
30 22 76
29 70 39
66 76 92
47 78 43
2 6 60
33 89 63
6 44 14
1 10 89
5 2 87
47 45 100
81 81 69
99 34 51
52 18 81
65 27 96
63 52 92
91 18 88
46 59 94
30 6 52
41 69 60
20 8 34
8 65 46
48 48 64
74 41 5
32 62 52
31 43 44
10 81 92
8 28 29
35 10 64
79 63 46
72 47 37
8 68 62
61 61 50
83 80 20
75 32 47
87 29 93
92 7 59
53 27 76
54 93 73
95 58 23
17 58 18
66 78 96
47 14 89
71 7 32
14 35 81
66 94 19
35 59 8
11 61 75
61 87 92
20 50 94
44 48 76
88 46 31
83 93 40
13 85 39
86 56 76
71 27 44
66 5 77
32 62 84
36 36 53
23 34 94
73 69 11
71 15 74
34 69 79
95 79 31
36 96 99
97 92 52
13 56 6
89 98 19
40 47 24
27 46 2
80 92 3
8 56 22
39 95 23
67 27 96
4 79 62
66 52 15
76 48 3
45 24 85
94 8 86
55 40 56
86 96 25
76 67 33
85 39 86
10 3 18
57 57 12
23 10 11
90 19 71
99 76 91
28 61 12
36 37 85
58 16 28
74 71 61
58 16 66
59 30 18
45 81 91
91 16 74
66 97 89
21 64 84
98 23 69
24 22 3
62 55 92
91 47 71
9 53 91
16 44 10
20 52 56
67 42 33
100 80 45
64 78 96
89 36 52
44 92 23
9 65 63
48 22 95
25 80 9
22 18 63
7 60 52
53 56 35
75 39 71
68 42 24
49 76 58
27 80 17
97 76 62
26 91 74
13 24 17
51 51 9
65 56 26
90 100 86
33 3 2
75 41 45
58 4 24
67 70 9
38 52 44
47 97 63
57 62 64
3 29 48
65 86 1
46 6 97
57 5 90
74 76 6
36 44 2
12 26 2
12 76 64
24 66 43
64 14 31
44 56 72
75 22 72
36 66 40
36 19 61
51 4 47
92 65 52
75 58 29
56 85 80
16 7 8
8 6 10
29 3 82
67 30 28
82 64 52
45 83 19
92 20 34
49 99 93
32 60 69
14 52 56
85 26 78
98 91 64
37 74 27
82 39 33
41 59 1
7 40 88
54 11 95
93 62 97
14 55 62
80 90 41
84 56 87
96 71 47
22 79 99
2 56 18
26 86 34
59 83 17
86 9 33
93 99 52
13 81 26
40 82 36
20 44 11
45 26 93
87 14 81
55 65 99
61 64 55
98 86 7
37 70 59
10 17 77
59 1 33
52 3 38
19 56 26
46 59 57
5 63 52
91 53 30
89 76 10
90 60 30
5 86 33
18 97 27
5 11 16
88 10 97
59 56 68
66 43 95
47 76 78
29 28 74
35 45 67
85 97 81
17 70 12
58 3 36
8 88 79
46 68 88
81 72 38
19 34 41
83 76 63
28 100 39
28 89 68
66 24 39
88 58 88
49 54 5
46 31 87
82 97 89
24 77 1
37 67 47
52 54 34
48 88 18
12 26 30
20 82 36
8 66 82
86 25 91
42 26 14
5 46 16
10 69 66
8 70 47
27 46 11
56 31 68
6 84 43
97 64 29
22 42 24
74 74 95
12 7 37
29 89 40
68 88 96
39 16 52
70 19 75
84 71 17
65 40 76
67 54 12
26 73 88
12 42 70
89 46 97
1 92 15
25 89 65
87 17 33
42 27 46
8 90 5
99 33 41
33 16 74
45 96 11
31 84 87
47 76 2
7 37 34
22 37 8
86 17 85
7 14 43
65 7 5
17 1 34
27 52 76
81 18 28
39 58 43
70 40 96
37 66 96
87 6 26
35 36 30
50 91 73
32 80 5
15 69 95
73 38 56
13 64 23
80 98 41
6 96 78
28 69 63
97 21 50
47 74 60
27 34 37
46 10 93
95 56 76
19 62 29
40 100 85
32 36 30
62 82 91
46 63 91
63 66 79
85 50 51
58 83 90
18 14 72
6 100 32
97 46 10
68 13 4
37 41 9
36 25 53
28 5 71
57 84 78
14 47 45
90 79 11
32 37 19
100 1 80
59 66 68
12 10 72
43 82 68
100 43 89
35 47 37
98 38 58
19 55 81
33 30 53
97 58 28
31 88 95
3 99 35
88 34 77
91 80 33
42 97 89
7 72 31
33 27 35
77 28 82
82 79 74
6 13 17
79 70 39
80 75 51
75 80 24
33 52 73
72 27 14
52 3 28
20 17 20
95 74 53
35 97 89
96 40 65
78 59 8
16 81 56
11 42 20
67 77 17
84 58 28
13 93 65
15 14 35
13 7 20
32 2 14
26 44 6
75 69 30
79 46 81
81 6 62
80 25 23
32 94 45
67 89 63
27 74 60
90 87 72
60 81 25
57 46 53
55 46 43
74 6 82
10 1 13
3 29 30
38 34 17
24 10 46
95 43 93
16 89 10
78 15 55
63 38 3
39 8 39
20 86 51
60 27 97
38 38 56
1 33 1
36 56 23
59 100 83
96 58 23
6 52 23
100 33 85
77 29 91
47 66 73
42 48 63
82 16 95
63 46 3
67 4 49
54 4 51
63 53 78
6 48 40
83 60 66
4 60 31
57 79 93
69 50 9
57 35 55
75 72 65
48 95 23
26 30 82
23 67 17
53 82 22
47 35 23
51 62 60
76 25 60
57 76 23
62 40 29
52 55 6
73 29 76
20 64 46
26 11 74
13 99 95
1 15 31
29 82 11
65 2 63
60 59 39
69 91 38
86 81 43
68 80 54
25 3 65
35 44 18
27 90 86
96 19 7
54 18 22
73 81 6
72 56 22
32 60 43
25 93 69
64 93 30
56 21 24
39 21 41
41 79 36
57 11 76
73 15 10
48 93 58
97 25 64
93 8 90
96 51 33
66 39 57
23 25 38
2 25 36
74 92 53
75 14 87
56 79 46
95 14 76
7 33 67
82 73 53
87 3 96
24 6 22
33 31 92
75 72 28
15 21 42
50 91 60
17 68 89
22 78 89
85 84 62
68 79 30
70 73 89
79 10 44
13 88 78
34 84 3
55 99 87
28 56 84
18 82 55
69 23 99
97 79 68
32 14 48
45 81 52
73 78 81
11 81 66
84 65 16
52 58 52
11 60 53
94 64 35
26 30 73
51 47 32
100 15 52
52 73 74
35 97 52
59 43 60
86 23 60
7 8 71
80 11 56
19 48 89
90 80 86
93 95 55
61 91 62
36 30 43
46 82 81
57 6 15
13 31 81
8 65 69
85 75 94
6 68 40
96 17 4
100 49 54
11 27 89
72 72 43
22 62 22
38 7 83
35 16 29
86 55 48
23 20 47
41 71 42
16 42 37
49 50 47
51 90 8
68 26 81
55 37 33
44 76 60
51 81 18
33 87 97
9 94 7
74 28 48
12 68 87
87 76 92
45 9 42
15 71 24
16 100 54
34 27 3
75 62 38
10 77 37
67 100 75
100 56 87
67 86 17
92 100 24
82 74 66
48 57 32
90 4 54
27 44 69
13 31 48
62 80 50
78 85 13
2 17 9
59 54 59
9 91 23
4 39 61
56 15 82
30 46 52
98 59 41
37 23 2
76 35 60
8 94 54
10 79 76
67 2 78
85 18 3
92 81 93
74 100 85
77 99 48
34 11 89
2 36 43
55 81 52
79 99 40
75 69 44
40 11 23
42 70 49
29 58 43
4 100 54
83 35 56
2 48 89
71 5 37
36 91 30
95 82 30
50 13 41
55 84 88
92 96 31
7 12 19
25 32 33
87 29 60
65 11 40
27 33 7
54 64 58
61 92 46
36 29 79
61 55 91
67 18 66
38 65 48
32 94 71
79 74 84
99 51 57
46 3 28
89 28 36
9 12 21
49 100 47
85 4 21
15 63 65
86 69 99
83 50 37
30 3 25
27 14 11
32 83 51
49 75 17
100 3 56
53 22 95
60 19 13
61 40 14
74 66 43
49 69 81
43 58 3
88 54 90
64 2 81
69 28 82
6 1 34
90 48 69
9 35 29
32 26 16
87 18 48
25 95 96
87 3 96
5 42 5
97 90 98
30 18 58
53 32 17
24 75 67
86 42 5
53 93 46
38 19 77
43 27 65
75 87 69
48 64 55
34 35 44
84 79 76
40 50 41
84 68 3
67 88 18
12 74 62
43 60 11
95 88 27
17 55 65
74 26 38
18 97 89
71 59 51
13 73 18
8 87 40
42 65 92
75 58 55
92 32 61
5 70 51
28 24 41
5 81 65
85 70 32
31 6 60
39 28 11
92 57 1
3 31 27
34 61 45
50 67 90
20 41 80
59 92 79
10 68 29
67 68 18
34 10 69
9 66 38
57 51 80
14 9 20
41 10 64
38 98 33
53 56 72
91 51 42
67 31 3
20 95 82
65 77 75
26 52 38
81 94 86
34 28 88
31 52 27
38 5 20
67 72 58
45 91 35
96 30 56
11 29 25
6 98 90
72 69 72
76 70 32
92 55 15
10 60 88
97 5 67
27 55 35
81 96 16
17 26 73
17 91 87
15 13 12
31 31 14
6 78 18
10 36 26
28 91 55
71 71 4
92 68 31
6 43 48
2 21 71
80 25 10
63 99 23
45 11 66
75 82 76
70 75 8
41 26 14
52 73 36
73 26 84
75 95 18
90 78 29
92 70 47
83 89 92
42 12 98
3 96 64
79 62 66
91 95 25
75 53 92
22 91 88
82 38 91
17 73 78
57 90 5
28 47 7
45 57 70
58 87 10
10 48 63
12 14 74
27 36 91
73 78 93
7 63 52
9 100 34
89 80 17
75 53 88
10 95 99
100 65 56
17 79 60
88 25 87
46 26 18
86 90 1
26 58 46
79 89 76
35 30 96
79 21 61
70 11 48
13 78 14
37 11 66
32 11 96
83 57 85
33 3 52
51 39 41
9 87 40
96 37 24
37 95 25
31 55 73
8 86 57
90 100 51
47 39 45
50 44 53
58 58 68
76 78 74
9 37 45
66 88 26
43 20 77
27 97 26
35 58 73
51 89 99
75 49 37
79 23 73
21 58 87
72 7 83
54 88 16
4 78 72
59 10 82
60 37 32
11 95 81
89 79 97
18 65 64
25 25 22
35 3 92
84 65 63
11 56 6
24 5 80
2 34 47
66 39 85
98 14 96
8 65 87
93 7 21
41 83 85
44 1 50
65 32 75
83 89 38
39 51 77
26 6 48
7 88 89
32 33 98
96 25 16
70 44 84
54 41 17
23 96 65
98 15 58
50 83 19
100 84 69
62 90 67
64 77 83
34 82 93
92 72 22
38 28 88
1 58 97
62 26 27
84 63 53
48 85 100
33 13 90
89 21 20
37 43 72
96 13 24
93 61 19
18 53 44
28 14 82
2 75 45
23 21 51
87 75 45
12 2 35
37 69 38
99 27 99
13 17 83
52 14 91
69 45 86
4 25 28
67 23 2
7 72 22
78 70 7
10 43 89
86 16 62
61 82 78
97 17 98
42 35 18
15 6 11
27 57 100
38 35 48
95 24 100
7 95 88
1 39 42
73 37 17
62 35 79
83 11 36
7 92 69
75 35 11
60 26 84
98 68 72
63 19 9
99 2 36
29 28 46
51 94 70
82 25 2
18 86 67
48 63 22
93 22 11
74 14 3
35 60 93
16 30 73
52 51 71
35 86 12
2 80 42
78 94 39
93 45 37
70 83 50
31 99 38
89 10 16
64 65 44
35 81 89
28 25 58
53 72 36
21 33 9
80 63 81
60 28 66
49 98 17
36 17 83
34 27 38
67 18 2
81 40 79
100 84 53
60 90 33
36 48 15
58 77 34
96 80 33
88 92 36
89 47 70
6 58 88
97 36 64
25 88 63
68 16 84
30 73 65
84 88 74
53 78 22
2 21 37
25 52 74
27 67 17
64 59 19
37 41 77
64 50 19
50 30 23
97 83 51
13 92 3
8 24 57
42 73 16
75 85 9
5 24 50
30 22 25
3 35 68
95 78 25
44 65 18
25 33 19
17 65 66
68 68 93
100 11 72
79 51 13
46 94 9
60 34 21
11 52 73
27 48 35
6 52 35
7 28 64
94 66 43
54 17 32
6 84 64
42 26 91
30 96 40
76 74 92
68 41 17
99 16 35
61 33 34
33 41 33
34 10 60
44 29 55
4 64 95
50 66 40
42 18 48
31 24 34
84 28 72
33 60 76
22 53 30
43 83 70
57 89 44
87 19 83
97 76 78
6 41 85
18 29 52
32 58 78
82 53 89
70 98 41
2 48 46
31 46 56
79 8 9
50 74 31
52 92 73
14 94 1
68 82 56
75 92 3
65 91 89
39 45 100
26 65 30
70 78 91
9 41 59
20 69 55
1 64 35
52 64 96
86 3 53
31 22 95
6 68 58
25 29 26
32 91 58
84 26 63
86 69 58
17 44 22
77 21 50
58 10 22
38 1 4
21 40 84
94 83 100
23 81 38
18 48 26
13 56 96
100 58 25
82 50 20
40 2 81
90 14 72
84 21 67
86 73 76
39 85 61
68 54 70
47 54 61
55 56 23
35 27 22
4 63 64
55 69 16
60 72 91
19 28 97
62 91 78
91 56 25
29 54 59
95 35 92
92 82 68
79 20 50
32 81 66
62 4 61
76 25 30
54 12 9
15 94 4
84 84 99
56 82 48
93 79 65
30 93 89
95 16 72
33 84 25
17 96 65
6 19 34
6 73 63
94 68 99
14 68 76
59 49 51
6 4 59
27 35 30
60 3 22
74 48 10
27 61 39
64 72 93
80 2 73
79 63 35
27 67 24
38 43 58
9 52 43
18 91 95
7 22 92
44 85 98
60 36 99
72 59 67
1 29 11
31 69 15
62 72 30
29 93 26
10 2 91
71 100 13
4 89 93
61 15 22
25 73 93
2 36 25
37 96 72
26 69 43
71 15 26
94 43 25
94 85 32
23 49 77
73 63 97
44 77 12
100 25 6
2 9 90
8 97 48
30 19 4
10 10 3
77 76 28
35 73 11
19 25 23
80 27 91
28 53 95
22 18 2
28 30 18
71 17 8
59 24 19
46 5 4
97 58 26
54 38 18
53 83 75
53 39 32
85 63 11
97 40 63
36 52 29
97 20 39
67 74 76
72 11 10
42 38 89
55 78 92
64 53 96
15 28 46
73 37 100
15 85 4
91 79 96
33 37 100
19 11 79
58 8 54
39 44 91
71 81 53
84 88 89
50 54 8
79 50 13
77 28 72
43 20 85
53 22 40
15 81 53
83 21 75
31 99 11
65 77 12
34 95 55
41 3 78
30 58 27
92 84 6
33 36 23
44 48 10
16 14 99
83 5 61
80 37 70
42 6 14
70 66 69
47 3 38
22 82 89
96 47 1
80 66 48
50 65 84
58 30 58
37 100 94
79 73 48
31 43 74
17 34 61
9 83 94
80 14 27
16 99 18
48 71 9
59 51 34
14 15 62
38 67 86
74 54 83
8 32 54
69 28 23
65 73 43
80 70 12
26 24 54
98 28 63
26 62 16
16 66 31
98 92 65
93 59 24
83 63 27
1 60 26
83 16 15
16 45 20
23 18 15
63 95 62
74 67 4
65 55 6
96 50 49
78 64 97
51 18 2
60 74 72
96 61 37
62 55 78
62 97 43
68 23 31
47 91 96
30 29 30
69 76 68
79 84 36
22 44 93
35 39 67
100 63 81
4 95 89
25 8 47
77 53 60
86 43 25
29 98 90
63 46 40
61 98 80
12 22 29
37 29 69
60 49 12
80 2 53
50 11 29
94 96 53
94 20 57
33 51 21
80 79 66
8 66 96
72 44 43
10 24 51
38 39 13
90 12 59
65 73 52
80 19 50
48 31 63
91 12 61
71 20 37
62 82 10
73 27 43
2 28 18
8 36 68
87 24 42
46 71 61
49 31 92
82 32 49
71 5 17
88 69 28
38 25 6
96 41 4
25 75 20
66 40 44
84 88 89
85 43 63
61 88 29
98 1 39
81 38 31
42 25 31
70 51 57
88 82 55
61 28 74
93 22 74
20 82 23
29 97 3
46 97 76
94 34 9
89 51 5
63 26 22
62 63 46
11 86 51
7 75 17
38 10 14
45 40 6
12 33 39
80 38 84
74 26 40
86 20 98
29 2 27
22 39 47
66 69 63
81 8 83
28 99 14
64 34 1
43 46 64
60 11 22
23 30 27
18 65 10
52 26 91
43 77 54
67 90 59
95 71 77
47 91 46
21 66 58
99 29 27
16 32 19
82 11 10
13 27 69
44 59 21
92 100 57
36 67 20
2 20 83
94 98 9
51 74 63
87 29 91
67 9 20
57 33 34
29 20 98
93 22 29
84 74 44
23 33 47
27 65 43
98 33 32
52 61 94
22 40 10
17 63 78
30 53 36
92 58 91
30 93 95
56 28 16
43 42 80
43 78 73
19 91 18
52 61 47
63 28 43
92 26 63
59 95 36
35 62 88
87 82 60
39 22 60
82 89 16
26 32 4
30 38 82
72 51 77
41 77 33
76 25 23
2 34 9
31 95 58
33 69 3
30 24 54
9 9 51
19 10 56
71 74 55
80 10 95
3 51 61
65 73 78
1 31 97
26 61 4
63 94 33
74 11 22
10 6 74
80 72 65
17 20 57
27 21 39
66 42 100
99 7 5
22 90 67
68 83 7
52 6 23
59 58 46
61 27 55
95 58 2
53 89 74
44 42 45
26 61 49
59 42 90
47 25 31
3 1 80
41 94 41
43 91 52
7 58 63
42 52 92
59 91 96
13 46 97
47 55 84
63 43 35
9 93 28
36 6 76
4 82 31
70 10 56
90 77 7
1 68 63
1 40 92
74 98 47
68 23 87
20 95 68
100 100 98
28 69 73
14 82 31
67 24 39
41 6 56
65 91 89
2 55 87
7 83 19
11 14 92
85 27 91
33 4 41
75 82 73
37 39 59
7 90 61
64 24 5
10 3 87
37 96 89
4 88 99
31 51 21
28 57 39
55 68 64
27 71 50
8 66 46
6 69 63
16 48 10
83 74 44
69 83 71
94 68 23
82 48 16
80 81 78
8 11 73
94 89 3
73 26 58
95 41 39
9 84 87
33 20 34
64 82 43
12 94 86
90 16 38
96 16 31
97 97 6
5 56 52
66 10 18
92 29 22
62 63 10
62 6 22
74 54 57
19 65 55
39 38 11
33 31 66
18 19 39
86 11 43
86 20 80
13 68 84
4 81 69
48 24 100
33 93 44
39 36 96
6 70 50
12 73 11
94 61 32
33 65 2
98 44 29
20 28 2
60 81 69
20 40 58
77 64 2
78 17 50
83 50 5
21 15 96
99 28 79
97 83 21
17 19 24
93 90 77
96 99 78
14 26 76
34 36 78
11 38 56
33 70 32
74 65 93
74 87 14
41 31 30
98 6 72
88 70 86
5 23 68
26 31 44
84 52 58
81 72 91
86 86 75
74 33 61
7 30 89
52 32 1
93 55 91
57 69 27
21 27 88
52 16 23
15 93 2
36 34 20
80 94 21
17 2 64
75 88 35
39 95 22
37 3 36
28 76 73
91 74 6
90 69 52
100 66 14
48 92 52
30 64 69
39 27 99
60 16 79
79 11 89
6 64 82
36 24 61
44 51 21
28 71 33
78 15 69
83 55 26
95 70 33
60 83 49
14 44 87
8 94 45
85 88 30
49 48 73
97 46 78
48 52 29
18 48 28
71 65 27
81 71 12
41 5 37
9 19 80
93 52 23
51 27 28
19 91 79
22 52 48
39 72 88
29 66 99
17 67 71
59 64 18
44 80 71
8 88 10
72 11 29
31 38 16
11 97 30
59 53 74
88 68 76
52 9 67
68 82 73
77 89 35
88 66 38
41 97 44
58 20 4
12 6 2
62 76 69
52 52 2
26 72 74
61 76 68
99 18 15
50 2 62
96 35 76
17 90 7
70 63 97
1 25 29
51 20 47
67 100 34
41 19 4
98 10 3
90 99 10
58 99 2
84 43 60
14 60 89
57 25 81
62 56 76
66 81 68
23 15 16
60 66 14
70 76 27
61 21 86
22 99 27
19 29 48
96 83 9
50 86 24
4 26 96
88 37 90
11 95 99
84 100 4
51 45 49
57 74 30
32 83 42
58 13 80
21 13 41
16 39 20
74 97 76
75 46 26
89 70 49
48 8 39
78 97 82
47 56 30
71 79 22
47 99 78
86 64 84
49 20 5
14 10 22
72 18 26
26 76 31
80 35 15
89 84 96
43 75 47
16 1 5
19 15 97
48 83 7
33 99 91
98 66 65
34 1 19
52 85 71
55 90 1
5 74 31
59 31 82
34 20 86
92 73 52
82 97 84
10 60 44
41 66 10
81 13 4
62 89 92
45 85 61
90 47 19
63 19 90
33 82 95
49 88 11
67 96 15
1 49 47
91 17 7
10 95 68
14 55 52
22 74 18
35 44 25
26 95 87
79 51 45
93 91 96
59 79 84
31 56 15
88 37 83
95 14 53
58 92 53
11 2 31
2 25 29
37 3 55
36 6 99
90 87 36
61 36 52
78 82 2
9 67 54
52 72 78
64 84 73
66 7 83
73 2 35
49 21 7
84 32 20
92 43 2
80 69 96
75 11 22
19 18 84
36 78 43
58 1 4
36 42 41
74 54 19
62 76 87
45 2 72
65 9 12
82 16 18
16 14 91
13 5 57
25 88 60
98 61 1
79 29 64
51 26 18
86 95 15
34 29 10
26 46 31
8 46 72
17 17 59
71 96 65
32 64 31
74 97 93
71 65 93
83 67 24
74 40 82
23 100 7
7 55 60
38 74 91
71 35 11
81 9 80
87 100 4
16 32 33
13 24 20
81 95 97
39 66 91
69 65 64
2 58 18
41 70 1
47 28 63
69 97 53
66 38 11
73 66 76
15 29 93
94 54 94
23 93 69
15 45 12
38 29 23
38 73 25
43 72 40
83 56 48
81 75 85
32 85 45
72 36 35
95 85 54
17 24 41
58 65 40
60 86 41
82 23 43
29 53 76
74 42 34
33 22 36
56 84 22
11 11 10
4 77 45
65 86 54
68 93 97
4 11 72
14 99 31
49 62 73
63 73 40
26 74 79
36 27 55
22 12 37
30 32 75
37 60 31
21 62 35
56 31 63
98 25 11
47 55 14
84 87 73
91 87 27
71 30 66
10 71 77
47 12 47
79 29 55
87 14 81
33 2 91
29 84 74
86 15 46
95 46 95
31 15 64
77 2 11
31 34 85
28 15 10
14 57 1
16 77 9
38 37 94
62 89 84
43 38 78
60 66 79
45 63 89
81 55 6
85 59 9
36 45 32
84 43 89
52 93 29
93 47 12
49 83 13
56 26 48
28 43 28
14 89 73
12 27 38
84 46 6
19 46 60
44 28 53
66 79 92
42 37 9
36 49 21
95 94 33
50 62 97
2 37 1
92 43 36
17 16 40
86 40 35
10 87 74
67 1 7
67 24 19
22 14 64
15 63 91
33 45 54
42 68 89
2 51 4
43 88 2
66 22 3
87 9 100
15 66 28
58 76 99
93 31 14
22 55 53
62 62 69
26 83 24
60 70 85
3 3 11
20 9 77
66 99 91
80 53 97
76 11 87
97 99 14
24 68 26
19 37 49
89 22 2
56 26 44
90 92 30
90 67 54
72 30 27
97 20 54
77 23 18
46 82 91
33 61 5
92 38 76
59 64 25
61 36 11
62 46 35
53 81 92
14 98 83
40 67 24
5 73 84
66 73 14
70 73 72
61 4 54
100 33 4
67 99 46
100 2 36
69 86 33
58 99 30
58 11 66
35 61 17
37 53 38
23 45 34
74 85 9
45 61 4
71 65 44
18 57 24
24 5 37
27 78 53
7 27 60
42 57 67
23 20 49
89 15 30
93 22 92
54 77 12
60 5 59
25 30 64
9 54 17
22 63 95
7 25 84
70 73 40
82 47 24
75 87 15
49 89 81
45 75 41
58 100 20
36 61 12
4 48 81
56 99 72
91 79 16
62 82 66
23 58 25
81 96 35
34 66 26
77 33 61
97 85 24
63 23 10
45 30 31
75 77 5
77 32 54
48 84 88
88 56 84
99 30 91
40 59 50
7 38 40
20 22 25
59 27 82
25 47 21
92 14 78
99 46 27
34 27 99
23 59 13
41 72 6
62 40 35
12 27 81
32 36 18
19 15 29
89 90 47
19 76 97
32 69 82
59 74 16
84 59 7
67 39 51
91 63 91
13 36 82
91 100 85
95 18 11
37 27 87
97 62 27
76 50 4
42 69 53
83 30 14
97 16 40
46 88 52
95 31 84
68 24 5
30 74 40
90 64 56
61 98 86
33 58 63
4 3 66
71 66 38
13 91 73
28 7 61
23 92 11
60 45 12
28 34 37
59 13 20
63 26 89
14 46 30
55 76 55
96 2 72
60 20 17
70 40 69
93 93 65
89 40 46
48 53 43
45 69 14
87 78 92
34 18 15
53 41 100
8 2 22
47 87 68
87 44 72
44 55 44
80 24 100
54 65 66
92 63 53
37 53 72
61 39 70
97 23 55
85 29 91
4 41 5
56 98 59
53 23 93
44 16 48
51 99 76
60 93 23
40 60 2
76 15 36
28 71 49
29 68 28
21 30 44
44 23 18
30 74 79
90 99 2
62 26 48
41 91 92
91 68 93
19 80 4
16 90 75
21 23 11
17 61 47
71 89 30
70 79 82
24 29 78
6 80 17
52 6 91
69 15 74
22 3 40
94 61 85
44 81 23
71 16 69
59 88 36
26 43 82
99 61 5
17 56 62
54 47 90
24 1 41
34 48 22
30 76 72
20 62 3
55 2 96
89 91 3
23 21 98
71 14 79
82 46 3
12 65 53
8 54 49
37 40 76
79 11 68
84 20 19
83 75 39
94 48 87
83 63 43
70 34 13
99 58 72
27 77 70
49 39 86
58 43 28
28 58 55
50 77 33
53 59 7
79 4 7
6 77 5
98 23 66
60 2 64
18 35 56
87 38 79
94 20 8
91 60 18
44 96 31
42 19 61
90 35 95
87 31 78
52 83 57
52 85 19
58 49 13
35 11 99
65 47 45
73 21 59
56 31 44
92 53 55
69 46 73
98 48 60
99 13 39
2 87 14
26 33 49
80 87 78
55 35 52
51 1 34
98 6 62
27 20 57
59 87 38
1 15 27
14 98 1
46 88 96
94 18 66
15 17 13
91 75 8
55 64 14
80 88 78
30 16 55
45 38 79
83 87 69
33 55 97
71 94 50
18 34 4
44 45 80
3 36 87
74 100 90
5 10 72
17 27 81
78 77 17
40 82 65
20 47 85
21 48 65
68 31 2
80 81 26
41 9 12
72 39 20
90 76 92
89 19 83
62 24 67
94 14 91
37 94 98
78 41 33
6 2 64
63 18 14
100 32 47
69 11 6
76 31 69
81 40 46
65 74 10
37 3 26
70 73 72
34 92 46
12 26 11
74 77 51
92 97 53
41 37 39
58 71 7
95 89 40
42 76 62
52 14 15
41 28 68
39 92 22
71 46 43
82 66 91
36 31 48
61 89 66
72 69 88
18 72 23
24 94 37
61 2 65
44 93 89
25 5 80
77 64 11
28 45 51
43 4 8
58 89 62
31 93 22
13 95 91
60 25 91
26 53 95
34 27 18
79 14 48
21 7 13
75 31 53
27 15 18
8 19 90
40 18 46
45 26 44
1 98 13
39 14 88
10 93 96
68 92 56
49 25 48
98 81 93
60 10 78
2 85 37
45 69 11
40 23 87
69 35 78
72 56 88
58 93 97
7 47 45
57 14 88
64 76 87
47 31 82
55 34 4
41 43 10
9 87 74
81 30 23
81 42 71
29 48 82
45 97 52
65 82 28
64 33 70
21 29 87
83 11 52
6 12 90
47 7 51
25 91 43
32 56 18
54 20 54
27 55 62
42 43 69
15 46 99
45 2 64
12 62 73
3 80 83
19 43 16
94 48 96
66 64 40
67 71 20
97 85 67
5 44 53
1 19 8
20 56 35
27 22 84
29 59 12
47 73 30
46 100 75
54 83 71
80 37 34
43 41 7
80 7 41
13 90 8
87 6 89
90 35 46
36 37 77
43 96 89
61 61 34
46 20 19
48 67 54
59 77 37
98 50 21
17 14 27
70 37 80
1 8 57
4 48 87
81 28 84
27 91 96
1 93 29
86 65 79
35 97 96
8 15 93
23 100 5
27 11 56
64 18 40
60 65 63
49 23 28
95 39 57
1 47 90
89 18 74
39 94 86
35 52 66
81 59 24
33 41 94
14 18 60
5 22 35
83 25 2
50 5 71
79 55 82
80 100 13
82 81 40
48 41 13
35 7 33
41 35 40
68 30 73
65 82 16
62 19 24
36 49 71
1 78 14
51 43 2
86 74 92
76 38 28
56 58 87
97 29 91
77 17 37
60 16 6
32 25 79
40 48 23
22 78 76
89 57 90
44 43 69
32 92 74
28 6 18
31 35 96
31 33 34
63 48 43
30 50 47
2 13 20
41 28 22
98 60 55
65 30 22
15 90 47
20 75 12
63 92 56
55 23 89
6 7 33
98 30 14
78 67 86
20 45 67
84 91 81
72 7 77
12 80 7
14 84 11
12 36 22
75 94 57
10 96 10
30 32 5
13 35 16
47 78 31
38 22 74
10 62 26
43 14 78
53 93 95
92 13 98
83 63 60
92 97 3
94 54 94
60 68 2
12 88 78
81 56 52
35 18 81
26 51 37
40 6 97
80 67 20
18 35 79
64 27 14
34 50 39
31 74 11
74 22 72
94 78 65
63 23 82
5 70 19
88 3 40
99 52 84
85 98 80
62 97 15
43 5 77
84 68 69
21 14 78
5 31 66
14 80 75
46 56 79
21 35 10
10 29 35
40 86 57
27 10 31
8 86 8
63 48 28
76 84 68
76 65 76
70 61 51
4 55 97
67 66 69
92 2 66
12 25 66
42 58 69
40 33 85
85 73 68
42 6 23
32 56 76
61 63 74
50 91 3
90 51 17
20 64 28
93 77 85
6 97 91
4 51 7
48 16 48
54 76 79
75 9 17
9 85 37
96 56 3
78 67 21
50 77 71
95 52 46
38 25 29
6 62 55
35 80 39
10 41 70
35 13 83
50 94 12
49 88 18
29 48 69
21 86 51
100 25 46
63 47 59
14 13 50
67 88 91
13 46 30
15 67 41
17 94 37
98 37 39
92 11 31
65 90 85
87 71 9
36 51 34
16 40 53
83 48 52
51 26 99
38 89 93
50 69 58
18 65 15
49 5 75
62 3 72
53 63 26
24 94 19
96 45 42
70 29 78
1 60 38
20 79 25
96 20 13
67 54 41
22 57 54
86 2 28
30 29 89
90 44 16
39 84 79
17 69 36
59 88 27
20 22 96
6 60 97
12 88 25
41 88 78
5 24 45
85 18 93
97 30 60
21 91 79
98 37 17
59 34 51
24 63 76
4 49 57
61 8 80
35 3 64
88 43 91
83 48 22
21 63 55
35 61 67
20 88 78
10 22 81
35 2 26
70 59 70
30 79 96
18 62 38
54 47 61
39 99 72
63 40 92
44 38 81
33 3 69
48 75 20
10 57 24
83 94 19
39 40 52
34 86 42
51 29 99
37 50 12
27 21 24
89 53 23
60 52 44
56 70 1
100 87 11
77 49 70
51 1 21
67 93 66
85 71 33
34 14 55
37 47 24
84 6 81
7 46 38
55 30 78
92 81 62
73 76 66
42 46 44
100 35 78
56 17 100
28 26 96
72 93 22
40 78 58
46 77 13
81 82 22
38 10 88
26 78 30
21 100 80
21 85 5
31 61 51
5 6 95
61 90 57
57 64 46
68 84 22
54 72 66
20 57 20
99 35 60
10 99 52
75 11 56
32 26 96
93 69 3
14 50 42
98 69 14
23 84 15
71 64 35
66 45 8
89 48 36
75 61 45
91 35 95
62 23 30
22 44 53
96 93 28
80 44 65
30 51 45
10 76 28
7 21 1
74 51 42
52 86 42
1 24 45
66 58 81
56 29 64
23 84 10
23 62 69
66 52 60
35 93 36
51 87 44
83 28 84
88 67 39
83 46 53
43 75 9
84 20 21
28 72 69
8 73 28
22 70 51
20 1 47
16 29 48
79 31 2
50 86 7
46 93 62
95 95 14
-7
+10
+11
-13
+15
-17
-19
-20
-24
+25
+26
+29
+30
+31
-33
-37
-41
+44
-47
-49
-50
-51
+52
+53
+56
-61
+62
+64
+65
+66
+69
-70
-71
+74
-75
+78
+79
-83
+84
-86
+87
+91
-94
+96
+97
-98
