100 10000 54
77 66 97
5 58 72
12 87 64
71 80 5
32 8 65
77 84 46
69 45 60
3 3 36
85 45 43
11 83 91
26 35 20
54 10 55
44 76 97
74 45 29
81 95 75
76 52 31
13 58 99
43 75 29
5 63 23
39 78 84
11 4 1
91 47 64
21 91 76
96 39 88
85 34 42
66 91 85
79 95 92
30 75 91
2 95 89
39 98 27
71 76 59
66 74 96
52 24 54
17 69 5
37 16 31
72 78 41
24 61 15
53 18 37
42 56 54
72 49 47
52 48 96
52 91 49
97 61 17
99 49 2
13 87 13
79 52 88
74 26 41
35 39 5
31 58 80
32 18 69
42 30 94
42 76 16
83 86 68
10 20 38
30 1 64
84 1 91
8 79 11
21 62 98
54 69 89
57 54 50
56 1 54
18 89 79
66 16 32
29 22 66
95 66 100
74 68 98
70 34 65
57 28 22
40 96 30
98 31 24
4 22 72
25 8 19
49 12 23
36 84 41
55 52 6
31 20 48
3 52 92
39 69 4
90 15 34
67 97 36
93 26 38
18 25 79
19 83 88
15 92 76
87 5 32
74 58 16
86 19 70
25 82 59
65 79 53
78 36 52
71 75 50
25 92 44
35 90 70
93 40 93
6 94 21
40 49 88
71 88 22
71 23 27
97 9 70
92 99 53
57 41 51
18 36 83
37 3 28
99 92 88
52 75 39
75 30 14
34 38 51
67 89 76
98 25 11
77 36 85
72 72 13
21 78 12
10 81 40
19 46 14
27 76 5
11 80 5
87 87 67
66 10 98
51 63 62
94 97 58
30 86 51
3 93 62
60 66 91
63 40 38
42 29 36
59 84 63
19 22 7
66 50 36
23 59 58
59 63 14
67 33 84
12 90 51
20 93 48
94 24 95
39 28 99
29 79 22
63 9 10
97 27 17
49 17 12
99 42 65
49 14 81
85 6 53
78 16 56
54 54 50
40 79 49
45 29 57
3 33 14
43 61 30
57 76 88
55 33 8
51 7 39
68 70 90
24 61 15
5 72 4
27 48 8
85 14 94
74 89 18
6 97 66
34 41 77
42 68 30
64 50 47
28 66 54
49 31 32
54 13 39
10 49 54
4 43 50
82 27 46
46 75 69
57 60 87
39 92 64
49 62 34
9 37 95
38 71 84
9 84 71
90 14 15
99 93 17
75 79 72
48 5 50
94 32 76
9 25 4
12 24 31
25 86 84
82 92 52
24 27 65
36 68 23
11 89 91
82 39 49
52 49 43
4 6 88
81 79 4
22 15 23
35 17 15
82 93 38
99 67 85
100 60 44
71 69 100
45 25 82
15 75 24
35 52 92
33 7 47
42 92 5
61 48 70
23 78 98
95 32 87
31 31 85
21 79 100
72 88 7
22 39 99
14 12 41
51 14 27
44 57 1
80 29 87
47 74 81
33 94 14
100 83 49
24 37 28
28 89 73
80 42 51
28 49 64
88 83 1
24 58 89
38 83 44
59 53 99
12 66 44
51 72 97
39 42 70
96 16 54
97 47 79
34 10 65
49 14 68
19 70 78
81 89 64
54 2 18
85 17 26
5 69 3
87 65 26
6 3 100
26 47 99
75 82 83
16 73 97
56 1 22
91 23 42
72 88 6
95 92 83
9 48 42
90 16 44
50 60 57
52 57 3
70 81 68
94 31 32
27 69 59
44 79 83
63 31 80
5 19 33
33 30 61
57 89 24
98 80 79
50 33 10
33 27 61
3 55 68
1 81 19
80 51 9
84 24 18
21 37 97
55 83 75
20 54 25
3 100 59
36 36 47
19 69 28
19 16 2
25 16 58
81 46 94
100 96 17
43 48 8
89 39 37
87 62 14
31 4 72
50 55 20
59 46 42
68 5 7
77 64 75
86 42 55
80 94 34
19 31 99
67 51 26
72 3 49
45 79 67
62 83 89
24 29 52
96 60 72
69 80 13
28 99 45
64 59 49
63 11 54
97 45 59
75 56 80
70 19 81
53 51 21
39 74 8
84 22 7
48 95 25
9 90 15
74 47 80
21 2 83
20 11 88
19 95 31
36 68 21
35 73 43
5 4 82
55 84 35
51 97 28
88 80 69
39 64 75
86 52 39
89 47 73
89 8 19
67 37 99
16 83 52
66 32 82
58 82 11
32 27 8
91 95 82
6 9 14
52 80 4
68 52 88
72 29 16
78 25 13
61 45 13
3 76 4
54 67 97
72 23 33
2 29 54
78 50 47
64 56 22
56 18 80
49 37 88
30 57 67
70 51 98
13 38 34
86 3 83
39 73 37
4 83 87
24 75 45
62 72 58
10 26 93
63 97 11
68 50 58
48 87 18
28 63 93
91 98 26
68 76 1
85 16 7
70 93 17
45 54 24
85 74 62
96 99 45
29 4 2
15 85 25
22 83 64
21 3 16
81 42 34
88 12 27
12 78 30
3 24 29
24 73 82
92 58 85
96 60 49
98 91 50
75 18 3
44 22 79
84 57 25
7 6 79
49 85 36
16 5 31
44 100 57
40 21 41
87 8 68
95 80 18
22 79 1
75 30 70
63 42 55
83 73 99
100 25 59
1 45 88
77 34 41
78 4 5
76 29 75
29 62 61
7 52 76
50 44 58
89 24 44
50 18 43
4 75 37
46 88 18
80 57 7
48 62 94
21 3 18
60 56 99
15 88 24
74 68 35
44 4 82
31 21 38
13 35 74
40 92 2
40 39 56
91 85 76
86 16 69
48 49 80
99 80 66
66 45 18
61 14 8
53 12 35
86 66 7
26 53 36
66 31 13
79 58 82
34 59 6
68 91 3
36 8 33
65 96 30
32 97 24
64 25 22
27 51 30
12 33 26
13 32 83
23 11 95
16 33 12
20 58 75
46 57 11
67 11 37
11 5 44
96 61 55
96 16 73
10 22 83
19 73 91
35 94 12
57 4 5
100 75 67
4 86 81
71 24 79
64 91 97
88 98 20
49 39 66
88 37 64
68 66 36
46 48 55
39 45 49
14 35 78
65 43 91
48 44 100
18 63 94
75 93 42
46 52 54
26 43 66
32 60 31
13 81 94
51 47 16
29 91 5
43 58 7
7 72 31
38 22 66
90 77 10
28 60 31
31 56 11
35 32 83
16 38 71
80 57 100
62 44 1
8 21 40
46 9 10
70 88 58
80 77 9
10 73 3
72 69 60
54 85 88
61 30 12
24 17 26
10 90 10
57 35 74
32 65 63
67 70 26
16 73 11
25 95 57
21 88 39
49 68 93
55 16 44
6 98 14
9 95 58
40 89 88
80 60 66
96 99 25
77 40 30
47 72 3
23 31 92
15 5 47
37 30 15
34 39 16
32 27 74
79 11 53
3 96 81
17 46 35
51 26 78
9 75 50
83 24 25
5 18 28
70 29 36
52 38 33
86 83 72
76 88 22
88 53 73
44 95 66
10 91 76
43 46 94
72 61 27
67 93 70
51 61 21
99 88 69
25 51 41
1 47 95
63 65 48
70 14 84
16 29 49
19 47 16
36 24 73
54 99 24
27 23 40
49 81 20
8 57 83
70 36 97
46 45 76
98 16 3
79 13 49
75 63 42
70 35 62
69 93 62
95 55 17
3 68 55
89 20 77
27 70 21
30 28 37
80 14 74
43 36 89
59 69 44
84 25 13
13 68 8
83 25 13
77 9 21
62 63 94
7 60 3
32 82 57
20 98 77
30 22 97
82 9 34
70 8 70
100 54 89
63 81 55
53 29 88
1 18 45
65 58 36
86 67 49
7 78 61
68 60 44
64 50 99
60 11 13
96 44 57
15 62 81
5 75 2
87 93 30
55 52 97
34 45 64
93 14 41
93 81 94
96 5 11
31 80 7
44 85 76
42 43 59
94 76 91
62 89 92
63 4 2
81 86 27
64 69 50
8 48 62
70 74 93
9 33 71
98 45 36
18 95 11
59 52 24
22 39 97
92 67 75
70 31 91
78 100 25
68 16 56
16 67 49
99 95 85
49 58 3
36 20 86
16 8 26
47 69 3
99 54 91
66 76 82
40 82 57
26 97 28
9 100 99
39 53 2
90 2 13
64 59 69
25 61 8
46 83 5
80 95 64
46 37 2
30 99 11
13 26 61
64 53 66
5 4 49
85 69 85
66 62 38
11 11 36
81 28 11
82 42 84
14 88 49
57 27 74
2 98 81
30 59 72
6 14 17
66 85 79
53 83 56
62 87 13
34 42 74
30 72 87
13 76 7
43 13 18
29 9 63
20 6 4
2 72 29
10 46 74
86 67 13
2 23 70
64 15 27
83 28 39
49 87 44
82 26 9
92 64 25
20 77 51
45 60 1
32 10 30
94 37 2
52 43 50
49 36 53
53 19 40
28 4 100
32 94 21
48 14 46
100 32 73
79 24 83
38 67 99
14 59 28
56 36 67
48 5 60
74 57 31
71 97 22
66 74 40
11 12 48
85 23 10
41 41 86
6 93 41
93 44 64
35 67 52
31 13 22
28 80 32
66 86 15
86 27 12
60 29 13
47 22 54
8 92 87
54 60 39
8 6 39
35 99 24
10 82 4
32 95 37
88 78 15
33 66 80
13 64 47
73 15 27
52 78 98
70 57 29
41 95 29
56 7 25
72 62 10
49 74 68
52 93 27
19 72 58
68 54 22
47 12 93
27 61 23
11 78 26
38 18 22
46 9 70
45 88 67
2 46 90
48 85 13
11 82 7
14 79 75
80 80 57
17 1 28
40 27 15
69 99 11
96 65 74
77 56 91
50 36 11
44 11 67
61 47 58
89 88 66
23 57 92
10 30 26
10 6 80
56 28 58
49 6 92
66 35 68
50 81 20
62 65 21
8 81 71
24 84 98
4 15 46
72 17 35
99 36 13
75 25 3
24 27 46
59 84 41
46 10 27
4 85 28
19 65 84
43 97 7
26 85 1
60 18 99
33 74 15
67 47 69
28 36 82
85 64 7
17 50 58
52 92 99
96 49 6
10 69 53
97 26 41
53 59 92
67 42 65
7 65 41
12 57 6
42 79 49
31 67 43
3 83 7
27 9 90
29 57 4
63 96 71
91 72 73
40 53 69
16 70 93
79 14 9
61 39 72
28 83 85
31 11 64
61 2 91
59 74 55
73 72 58
10 72 79
81 79 2
98 25 95
13 63 81
50 50 58
7 39 29
43 73 6
76 29 54
72 11 59
81 79 53
67 28 83
7 30 86
29 75 83
13 36 11
44 26 19
32 60 64
78 28 79
64 4 49
31 55 23
90 86 30
3 47 82
71 6 44
13 54 4
4 25 16
66 28 72
7 93 51
32 4 59
3 7 92
90 18 44
23 4 75
56 5 52
11 34 9
38 24 97
79 78 35
7 92 2
57 28 64
26 82 88
77 47 36
82 34 86
21 54 13
56 67 50
74 5 66
70 69 80
86 42 84
49 33 42
36 12 81
74 90 21
69 42 51
37 85 11
52 43 29
74 65 63
26 12 35
35 84 23
100 41 55
49 13 36
64 3 11
25 27 71
98 40 74
73 77 98
3 13 75
93 62 63
70 47 91
86 67 89
56 95 22
41 35 40
90 67 24
3 60 56
71 10 41
62 72 91
35 68 20
35 87 4
67 38 74
15 35 14
61 75 39
69 64 49
27 35 30
29 5 56
30 95 83
26 1 82
98 100 37
63 99 67
49 27 90
99 13 3
23 6 89
77 26 20
71 55 46
63 12 8
10 59 60
57 17 86
7 65 27
43 66 43
76 79 67
17 41 62
47 37 6
93 69 64
12 14 8
59 93 62
99 75 44
33 43 59
18 76 37
72 83 1
7 82 44
91 94 68
61 35 8
51 74 19
57 82 95
68 35 93
1 46 42
58 55 70
68 65 77
32 100 92
81 88 72
58 51 10
95 51 34
81 11 91
13 81 27
50 29 53
13 26 12
65 95 24
67 83 2
72 13 36
15 76 44
38 92 22
45 44 52
15 99 32
85 53 72
80 93 90
5 10 23
86 62 8
76 52 49
33 16 4
40 87 60
83 17 61
70 73 11
14 73 53
5 50 11
47 72 67
45 32 16
19 64 79
74 24 7
41 19 51
74 92 47
38 35 62
44 16 44
24 92 75
70 50 13
86 83 29
16 62 63
22 31 43
38 3 47
17 43 6
7 72 56
8 61 81
10 38 33
17 94 93
42 55 9
29 41 33
78 4 50
55 46 19
47 74 63
52 21 34
42 100 89
6 28 87
62 67 7
19 31 52
17 97 72
14 20 21
65 100 43
57 5 29
6 24 47
84 39 43
95 9 26
44 56 92
42 14 94
51 80 49
23 43 3
11 67 28
51 29 80
31 93 17
67 59 72
1 49 58
12 2 59
67 42 15
6 95 18
95 42 20
44 58 56
23 9 26
80 72 39
47 75 52
50 94 74
47 85 24
98 36 16
74 28 32
80 100 16
60 76 66
95 11 43
8 9 70
27 42 46
87 62 14
40 71 70
12 59 25
23 99 18
85 29 50
51 43 39
89 89 24
52 50 44
11 58 29
53 96 46
79 56 57
5 31 1
84 45 52
10 95 91
62 38 96
100 51 8
49 83 45
68 39 29
36 58 4
75 66 99
67 78 26
65 81 93
23 21 40
86 20 63
57 77 20
13 43 32
79 87 3
61 60 36
64 44 4
29 57 49
55 99 2
68 62 42
75 34 40
33 98 30
40 61 62
78 35 81
14 57 60
40 38 40
45 57 80
22 2 54
30 95 54
22 37 3
3 4 60
100 24 88
58 6 82
54 22 18
31 79 45
2 75 18
61 72 18
60 19 26
26 86 10
1 80 59
16 96 51
38 8 98
13 34 19
63 23 46
90 19 21
14 2 79
65 9 65
74 28 36
3 12 38
2 52 1
16 80 16
10 94 98
8 93 71
61 73 92
70 72 99
97 98 9
20 13 16
70 48 30
51 3 92
69 88 5
15 73 29
45 62 30
60 54 50
40 3 80
46 89 79
9 28 3
92 58 39
49 94 70
20 23 63
79 5 66
89 62 48
17 66 13
2 66 24
32 9 78
15 18 73
96 41 33
46 66 29
67 13 29
49 96 78
71 97 66
59 88 58
49 94 34
26 18 72
6 80 72
5 55 78
70 45 58
5 1 79
57 87 16
40 7 54
49 30 70
54 83 60
39 34 65
10 75 31
87 70 71
43 5 37
88 76 54
68 48 33
14 81 86
41 29 2
58 38 15
62 37 67
86 51 20
79 74 40
84 20 98
26 100 28
58 61 86
32 8 27
84 98 81
43 29 16
14 44 16
27 36 54
93 49 66
79 92 1
66 83 91
19 93 41
95 21 10
71 3 39
100 63 62
31 44 22
71 92 67
39 6 5
66 97 2
91 79 91
94 38 9
30 51 90
6 38 46
92 61 30
27 14 30
73 74 90
99 98 51
83 3 75
85 73 22
26 63 96
6 82 36
60 45 92
82 26 40
61 35 41
94 13 83
36 74 86
24 61 62
21 76 79
88 27 93
80 62 12
64 40 19
2 44 18
10 52 82
96 96 40
7 79 13
23 30 19
45 100 28
15 46 96
10 87 89
37 80 75
72 41 33
34 87 29
2 88 91
97 58 72
43 47 2
68 6 50
33 97 6
8 82 5
68 28 11
39 89 75
53 74 42
47 89 49
44 26 15
70 89 37
22 66 3
43 47 13
92 2 44
85 74 71
99 16 22
98 37 3
17 92 82
79 37 32
53 6 31
79 3 6
87 68 55
89 91 5
8 1 5
68 74 81
3 43 2
3 88 99
26 100 88
70 48 26
30 87 64
91 88 66
100 2 60
96 94 86
52 57 73
14 53 52
19 12 30
56 68 8
56 96 68
17 67 16
14 22 24
95 73 83
57 47 95
63 5 44
18 27 55
23 88 95
21 28 47
49 27 21
51 12 81
61 91 29
89 85 2
84 79 83
14 8 27
37 54 66
41 97 91
57 67 95
12 28 95
100 60 97
66 92 25
87 58 76
31 56 92
58 56 54
11 34 78
2 81 26
21 79 67
81 1 2
58 73 58
47 2 88
18 84 65
15 31 58
42 20 94
29 65 19
2 96 19
43 39 31
79 89 56
100 94 71
67 93 23
27 100 95
82 72 67
76 61 42
18 100 39
71 83 39
53 27 42
37 82 13
46 75 58
25 35 40
36 55 94
77 17 65
28 8 77
36 77 84
72 89 2
92 86 63
69 88 43
28 76 50
75 7 72
82 55 81
87 54 83
97 37 54
49 52 4
44 54 95
19 66 43
89 20 30
29 63 74
24 88 36
95 45 59
71 89 57
69 74 8
38 93 42
48 88 37
4 52 47
79 96 42
61 14 94
93 45 22
32 9 68
21 66 87
42 97 56
97 59 57
6 96 8
46 81 27
66 95 7
22 24 80
20 76 52
19 19 12
21 14 26
80 6 69
87 60 3
14 93 71
9 31 75
30 24 13
51 100 36
42 33 48
3 9 63
85 95 28
2 34 26
62 69 43
71 5 4
75 32 80
46 7 64
46 91 5
46 78 77
93 50 91
42 20 19
87 62 40
22 92 60
78 49 66
47 58 32
34 68 93
22 43 1
65 8 93
40 96 15
43 68 33
5 30 96
19 59 52
67 95 79
64 87 56
90 61 65
20 6 56
41 95 97
91 67 3
10 73 92
46 50 92
27 54 1
7 42 9
23 74 78
11 85 66
97 60 100
97 55 68
41 100 25
75 100 37
83 18 59
32 13 36
16 5 91
45 18 85
82 63 62
57 24 92
25 91 67
33 38 27
4 72 18
67 46 62
93 3 1
77 58 49
16 21 62
21 6 25
60 89 49
19 20 63
89 21 38
23 74 78
14 69 91
18 68 26
45 56 72
87 42 98
71 42 98
47 21 51
66 35 38
28 20 10
32 70 35
48 2 58
34 75 82
62 33 61
92 5 64
39 84 10
63 61 12
26 15 20
90 99 53
61 88 22
33 72 5
85 59 95
71 53 83
38 84 15
73 89 64
64 32 88
41 30 86
74 28 16
67 80 44
37 5 18
84 58 53
41 73 11
72 56 2
8 8 46
86 64 53
64 71 74
29 13 5
25 53 73
5 14 30
14 50 45
33 98 26
100 30 23
33 11 24
10 67 87
56 43 99
91 86 55
73 81 19
25 85 72
5 99 52
88 4 1
31 1 64
23 97 95
80 15 17
41 62 51
84 71 40
96 16 64
15 98 15
40 4 13
49 12 27
17 51 40
55 65 26
83 47 79
97 13 60
30 90 62
84 95 6
40 37 53
7 44 50
98 74 46
55 81 61
71 34 98
98 41 96
72 66 7
91 100 45
90 21 63
75 54 7
32 91 6
65 26 63
55 2 1
46 2 44
12 47 7
68 25 53
82 36 69
59 18 25
52 97 36
98 35 96
90 84 41
14 82 5
40 100 80
41 33 19
27 58 18
69 31 18
77 69 11
98 39 58
39 26 62
31 28 60
8 33 48
67 5 47
24 34 62
90 36 39
34 8 74
53 38 94
24 96 94
14 93 81
36 39 43
55 64 53
69 51 9
39 97 88
2 85 43
51 77 46
91 81 30
42 57 4
20 64 87
50 54 59
84 70 86
29 12 15
4 95 56
54 66 13
56 17 71
2 73 56
75 91 67
1 16 59
31 6 58
67 9 46
27 70 33
45 5 7
29 66 91
65 50 53
54 51 26
11 33 14
51 3 75
87 66 64
6 22 97
7 32 47
4 54 39
95 63 77
3 19 62
25 96 41
60 29 83
74 79 32
20 85 87
3 58 37
12 59 13
61 30 68
22 90 81
99 66 87
51 22 7
21 90 65
39 15 17
6 93 96
86 64 28
58 84 77
89 92 53
4 61 71
40 72 73
100 6 44
63 16 60
15 57 7
10 88 52
2 34 48
32 54 5
43 34 55
75 8 65
9 77 98
92 58 18
26 75 97
30 26 30
19 32 53
68 93 9
50 51 77
92 3 7
85 84 90
87 45 28
64 48 26
51 68 40
73 95 79
85 70 62
92 21 8
70 59 56
84 83 29
34 38 71
86 88 13
91 22 25
34 53 4
12 43 76
58 56 36
79 25 37
89 98 12
3 21 12
88 42 20
35 11 82
87 77 55
48 45 32
55 67 4
55 93 20
17 28 58
73 34 17
24 53 56
38 100 36
15 76 11
37 25 1
52 11 97
55 52 73
22 67 97
8 65 40
68 41 86
75 57 67
8 44 75
33 95 75
71 6 47
8 74 42
95 46 74
58 86 62
79 56 4
89 53 69
55 82 53
48 11 89
10 13 22
61 46 40
75 87 88
51 37 56
74 16 36
51 95 50
78 37 50
57 83 47
49 92 79
91 2 67
33 39 13
63 54 56
27 42 78
11 5 67
96 30 48
18 58 85
5 83 5
24 6 60
67 57 76
40 15 51
55 7 99
3 19 81
74 39 80
5 46 63
92 39 25
22 52 92
96 2 95
56 21 40
47 89 87
40 89 66
10 83 56
50 93 96
25 11 83
51 2 31
53 4 67
44 87 64
99 88 39
64 1 64
2 70 68
94 92 66
90 25 95
79 41 51
34 81 19
69 46 19
60 59 91
17 97 11
76 43 52
39 60 16
25 40 55
3 31 82
83 37 36
9 41 48
5 55 71
33 60 95
25 56 99
37 8 81
45 100 83
58 24 11
28 69 25
75 2 22
74 53 75
89 4 44
57 35 12
84 88 67
59 99 56
29 80 16
70 5 87
37 89 2
26 85 52
6 52 95
93 82 36
89 27 96
86 88 72
35 58 88
75 11 92
59 53 1
26 26 34
31 73 39
22 48 12
12 58 50
79 20 46
2 1 32
20 27 84
73 75 52
32 30 77
51 49 32
53 92 13
34 73 69
85 85 47
88 49 4
64 13 89
45 50 88
24 83 6
94 4 79
19 84 81
91 68 93
99 16 54
26 24 5
26 60 64
85 67 29
33 38 35
70 87 13
47 87 91
74 60 88
55 81 30
19 84 34
21 11 92
12 41 96
86 38 90
88 11 83
36 35 74
85 80 7
15 14 35
20 80 69
25 45 31
66 76 52
92 75 37
98 77 98
5 33 38
17 99 18
36 9 94
45 81 26
42 21 8
33 81 48
67 67 76
32 77 33
65 83 44
79 47 54
93 58 89
10 62 40
87 94 34
17 30 77
53 28 99
53 29 79
73 100 82
76 88 52
60 45 79
23 7 59
45 48 96
35 25 76
33 64 39
94 82 66
77 30 17
49 24 80
68 26 61
98 69 72
69 15 23
24 1 32
54 95 28
30 12 35
48 34 19
4 64 54
34 100 79
93 13 43
92 56 16
17 84 86
59 22 47
92 70 48
28 62 61
53 68 15
79 39 85
60 10 17
80 37 13
39 73 87
90 16 22
32 36 72
18 81 71
71 93 15
96 69 47
69 34 33
30 57 18
99 91 87
84 74 14
57 43 91
21 33 20
75 93 26
70 11 39
9 25 50
56 72 73
41 9 77
5 2 92
59 78 51
4 53 18
5 83 32
81 41 10
6 6 37
77 49 6
66 47 72
35 29 47
67 91 66
78 80 31
49 75 92
68 70 55
65 38 84
93 5 25
7 34 10
66 58 45
20 91 60
91 47 80
5 82 87
42 79 13
21 3 67
54 38 77
3 22 6
9 100 95
23 37 69
16 69 59
95 64 79
89 74 23
68 80 31
38 68 23
44 62 77
66 19 65
28 40 71
2 72 22
29 17 8
60 53 6
90 66 85
78 80 6
25 16 18
18 60 99
68 70 27
81 39 6
51 24 52
37 67 43
35 91 58
71 91 47
82 40 48
9 3 99
19 84 86
11 75 59
97 40 98
35 23 65
96 7 91
62 52 80
78 82 64
30 59 25
57 33 42
85 11 25
2 30 42
61 92 89
56 11 53
78 41 81
59 32 25
58 25 99
36 23 61
89 36 1
56 18 79
13 70 14
79 28 37
57 57 72
57 28 45
53 94 33
29 45 25
32 10 94
37 46 98
28 99 37
53 4 3
86 22 18
98 79 72
71 5 39
47 14 17
43 38 21
38 12 94
29 67 36
21 56 29
91 19 33
28 36 75
5 70 42
87 88 43
45 25 92
93 1 22
95 71 94
69 70 42
21 3 92
75 1 47
28 24 88
52 9 34
57 22 50
10 65 23
40 88 75
58 62 23
46 51 55
75 23 77
8 12 35
83 80 60
38 89 44
63 11 37
28 22 91
81 94 65
85 100 4
7 19 35
39 14 78
10 39 53
36 97 43
44 91 99
30 95 6
33 9 77
92 19 40
55 76 36
66 73 58
51 99 82
54 40 46
3 66 44
57 47 37
18 3 11
61 31 4
79 79 53
1 11 44
67 95 50
20 43 22
100 18 60
61 13 87
75 56 80
20 18 49
33 48 17
9 46 51
2 78 71
35 7 44
53 5 28
36 65 8
78 24 43
60 13 45
11 21 33
56 74 61
50 29 54
91 24 99
11 70 93
7 35 8
24 31 80
9 56 31
60 90 63
79 43 54
91 41 14
24 24 67
68 76 64
78 38 40
36 29 31
59 64 92
21 12 21
85 56 82
87 80 57
70 50 49
99 99 13
57 17 96
16 66 44
77 66 37
33 71 9
14 72 95
6 4 80
82 49 80
71 95 67
2 43 72
17 18 91
53 5 25
45 60 64
52 20 8
48 6 56
64 36 53
54 15 30
26 54 28
44 18 32
73 59 45
54 96 63
89 92 43
91 55 35
58 68 20
29 61 30
93 92 32
71 46 35
3 60 99
14 53 60
76 72 79
19 56 1
51 29 3
48 80 44
15 57 99
31 100 97
59 36 29
53 11 45
68 77 19
90 74 42
38 7 100
81 82 45
11 46 86
64 90 42
94 68 33
32 45 64
92 27 10
13 95 85
46 12 93
35 95 32
25 39 2
17 15 30
38 23 55
33 28 64
5 62 74
49 9 33
100 57 60
6 55 94
86 32 73
65 67 58
34 2 80
59 6 60
60 29 32
7 28 11
100 52 99
14 53 80
56 45 69
37 31 87
57 81 93
43 46 78
11 38 68
13 52 59
99 57 52
97 1 32
58 61 14
99 78 48
26 34 42
63 98 63
38 21 90
60 29 85
7 42 48
45 8 12
1 41 86
30 64 50
78 30 19
14 59 37
70 69 95
96 95 3
33 27 62
17 22 7
49 88 25
55 45 31
7 38 33
25 3 28
78 47 56
94 47 25
71 32 95
5 79 67
68 43 6
83 88 95
68 89 52
13 4 88
48 34 41
74 83 54
61 30 34
9 45 97
28 69 59
71 95 39
56 11 44
28 12 48
49 25 43
40 70 65
56 82 67
74 88 73
74 18 85
5 57 56
41 74 30
46 81 55
83 54 69
24 85 29
39 2 58
23 19 10
12 85 82
48 29 54
42 61 9
66 61 10
93 91 83
2 92 47
72 51 30
66 30 55
54 26 84
24 63 23
93 21 74
37 6 97
52 1 52
62 97 59
40 69 72
87 54 5
73 28 85
72 46 63
94 79 64
65 16 76
60 2 72
100 66 73
9 39 22
33 39 69
9 27 65
80 71 8
5 37 44
77 50 95
57 58 87
10 48 61
96 49 100
17 48 86
23 20 84
3 33 19
39 88 76
11 100 88
43 49 83
86 10 93
83 56 49
98 19 41
6 29 73
11 14 61
75 12 74
94 31 6
77 43 18
41 66 82
87 95 58
42 16 72
51 84 77
82 50 66
61 22 83
31 1 52
33 26 71
19 98 94
7 9 84
17 91 52
10 33 15
62 4 73
29 92 36
96 22 59
67 58 37
74 39 57
86 41 33
41 63 19
54 13 52
5 80 73
27 62 42
34 72 39
21 47 87
80 28 47
44 72 66
81 81 71
43 63 78
92 71 90
43 9 48
3 31 57
66 27 38
81 54 45
8 60 97
20 15 34
95 8 63
6 15 94
100 70 81
53 97 54
78 32 92
62 80 95
1 56 25
11 7 29
24 64 67
23 71 65
71 52 25
100 50 80
85 16 28
80 21 98
38 8 12
83 91 73
96 92 28
60 84 46
85 91 53
1 64 95
85 100 39
85 26 8
4 52 60
35 62 35
90 21 30
38 43 59
15 2 85
3 20 21
19 29 7
8 26 62
65 75 7
1 72 76
95 17 26
54 24 43
72 47 56
49 66 11
21 39 18
100 85 80
26 39 31
24 69 36
75 15 77
94 93 30
38 79 3
50 86 90
80 45 50
78 99 79
98 79 92
8 46 26
76 13 91
43 97 25
29 57 100
55 99 83
83 95 76
49 65 12
27 32 11
51 1 75
45 75 97
83 42 96
100 67 75
84 4 13
85 2 31
51 51 40
33 83 82
42 85 82
33 20 42
60 37 75
98 97 76
10 50 91
46 76 85
39 1 24
67 80 59
15 1 22
49 5 56
36 83 5
44 15 74
56 81 93
58 51 35
4 39 58
72 31 80
34 27 86
6 84 46
11 79 91
67 28 5
54 31 67
33 44 18
41 75 13
84 35 90
45 60 85
32 43 1
62 27 78
1 66 59
28 74 19
27 28 6
6 64 60
65 33 19
39 53 64
60 32 57
86 49 28
89 52 67
17 100 11
31 56 100
42 92 56
53 74 62
78 20 38
92 3 50
53 8 48
56 85 60
29 55 81
98 99 83
2 7 24
42 25 97
55 28 58
12 34 14
60 49 53
82 26 40
13 7 88
91 75 58
11 54 5
54 82 18
23 98 20
77 66 82
10 60 99
93 90 9
20 97 32
85 82 44
78 9 65
13 85 22
30 1 57
88 5 56
26 39 87
61 7 89
92 66 99
85 2 82
3 50 87
59 85 37
94 14 33
88 56 82
17 50 53
56 64 13
52 8 35
92 31 43
27 42 23
27 1 3
26 44 91
24 81 94
56 16 69
53 8 94
52 76 89
69 34 40
72 61 77
79 11 54
41 62 33
66 79 67
77 62 14
49 38 70
5 57 47
59 17 90
62 10 62
25 16 28
8 82 59
92 10 94
30 69 3
94 56 16
25 94 14
78 82 57
34 3 80
89 51 46
28 52 95
36 14 81
6 29 24
41 100 54
53 68 34
78 63 93
59 45 39
39 49 73
91 16 32
92 23 55
38 21 19
56 63 94
59 73 36
97 6 11
29 100 45
90 52 16
30 100 67
98 9 90
34 90 84
87 53 72
100 60 95
73 34 21
40 28 22
74 43 67
12 6 72
27 21 20
8 43 99
50 42 84
41 76 85
44 13 60
5 30 26
10 27 71
45 41 62
48 45 89
83 86 15
77 45 37
95 7 87
15 91 50
29 98 35
3 40 81
9 20 84
71 55 51
91 51 14
36 40 9
63 45 85
46 54 79
1 66 7
100 76 39
28 45 47
8 50 76
81 95 89
82 89 54
2 81 38
96 38 84
26 18 64
26 10 61
88 25 75
39 72 75
96 15 42
2 71 68
99 77 81
60 7 18
60 53 29
2 91 24
78 40 20
70 77 61
47 28 52
1 57 82
92 78 94
83 72 99
84 73 2
37 50 25
74 43 39
95 51 20
53 84 15
89 52 44
70 50 88
96 78 41
23 85 60
89 59 5
44 39 11
57 8 93
80 45 39
27 1 53
49 10 48
61 67 11
62 45 88
16 16 7
67 28 85
71 9 86
52 21 12
41 3 29
59 31 80
30 14 81
45 41 86
96 91 36
49 13 53
76 80 79
17 74 21
26 43 88
62 2 87
83 88 83
94 82 28
7 43 18
25 10 46
68 44 57
24 11 99
79 43 11
51 3 91
63 94 61
7 6 28
8 91 37
46 42 30
37 87 76
94 67 53
99 70 20
72 45 24
14 64 89
98 70 23
64 46 94
1 88 52
1 80 13
85 60 64
66 84 19
88 18 52
70 3 89
77 39 82
95 44 11
72 38 21
59 49 16
75 35 8
97 97 56
2 47 87
2 91 22
13 64 82
77 29 89
60 2 58
15 17 55
6 83 76
74 79 53
98 99 47
57 69 18
48 74 12
45 28 83
62 87 22
17 49 76
40 38 98
54 90 40
73 50 76
5 76 45
25 91 67
84 5 22
98 55 77
15 46 55
98 16 56
71 82 54
43 91 66
14 78 14
63 98 65
87 76 85
72 50 82
33 95 67
73 88 45
29 53 80
57 92 24
39 30 98
92 14 81
24 88 3
45 8 26
24 18 11
12 75 44
82 3 54
9 61 34
68 59 67
18 25 87
38 22 25
90 53 11
96 40 34
10 4 66
86 49 6
81 49 97
25 57 85
75 91 43
45 35 23
51 60 3
51 65 78
61 88 4
50 78 41
90 57 83
14 87 50
99 99 76
44 90 35
20 4 18
46 57 92
28 2 83
4 28 52
88 2 6
78 3 29
96 32 88
64 5 100
11 20 33
38 24 52
63 52 3
59 81 33
84 14 55
34 4 97
45 24 69
58 91 44
56 88 39
24 84 98
1 29 97
16 29 59
76 36 72
37 18 82
69 43 5
80 57 37
97 95 54
3 43 52
45 36 49
46 67 69
43 15 33
5 15 34
97 43 25
24 76 85
51 60 16
94 39 11
42 40 93
71 88 89
10 50 44
17 85 59
35 55 19
74 68 14
46 100 47
51 100 44
37 52 83
22 95 82
85 18 58
30 50 11
16 1 56
50 83 79
23 30 81
94 80 67
7 30 61
88 3 82
35 73 60
31 17 9
5 25 4
30 26 12
68 14 27
11 39 79
100 77 20
55 11 43
69 23 34
90 34 41
12 74 63
10 84 35
69 36 82
6 68 14
69 16 43
84 57 59
49 71 34
28 16 100
48 76 89
98 16 37
55 8 30
54 100 83
92 57 49
42 2 73
100 70 84
20 98 12
14 91 7
59 4 76
79 79 92
11 48 77
20 64 1
44 18 5
2 13 58
4 48 77
35 39 45
35 27 61
42 60 22
45 49 79
13 42 93
6 2 32
51 54 97
100 50 49
24 14 94
25 94 26
47 100 53
26 37 18
23 83 53
64 80 95
31 33 12
41 5 11
30 45 58
29 2 72
88 1 49
25 47 49
11 90 19
78 28 16
48 95 5
93 29 83
34 36 25
91 55 63
2 89 99
100 15 98
15 26 68
84 36 6
88 48 74
21 99 100
19 76 79
10 50 85
10 38 84
21 52 5
70 2 72
34 13 37
97 20 93
25 26 17
47 51 40
11 93 55
48 83 73
90 28 73
92 33 8
24 56 32
35 18 31
78 82 76
64 98 93
86 68 84
89 57 6
12 61 35
100 42 62
92 48 90
13 54 80
54 91 89
53 42 23
64 57 43
87 57 76
89 1 31
98 60 54
35 76 31
83 40 38
31 7 1
40 41 71
82 80 11
9 71 55
90 58 31
84 21 35
73 53 91
18 43 54
59 40 42
96 85 4
50 23 30
68 44 36
9 49 95
23 22 24
7 40 84
8 38 63
29 58 22
92 31 49
13 76 85
43 84 21
7 92 50
35 70 61
5 23 74
84 7 89
84 72 57
2 94 17
75 30 93
94 90 46
79 82 76
41 11 72
2 25 5
62 14 62
70 59 31
93 75 82
63 25 32
55 67 36
11 19 98
81 96 71
82 2 16
33 82 64
19 73 100
56 3 22
72 68 71
24 54 1
12 94 46
97 63 17
45 90 35
95 18 85
51 67 22
78 54 52
66 82 79
61 22 29
32 30 42
8 13 25
49 39 11
52 60 58
29 16 53
14 18 50
50 45 53
10 55 81
61 61 84
67 6 31
10 45 25
49 69 80
8 13 99
54 37 82
91 28 5
21 73 25
42 71 9
92 63 9
34 72 37
59 30 27
36 42 74
45 6 75
89 22 58
19 17 10
38 72 16
43 50 60
97 92 67
47 72 67
27 97 66
56 61 12
34 91 45
48 60 56
51 37 29
63 20 10
39 44 89
69 28 58
63 11 85
11 24 3
52 81 61
34 54 31
46 34 23
70 2 92
2 54 58
46 8 62
26 67 49
11 10 17
57 29 49
83 43 92
94 87 75
58 85 64
52 49 67
36 88 28
28 47 66
39 7 91
45 83 36
2 87 1
29 67 89
23 33 61
93 26 68
6 65 84
61 91 49
77 2 3
95 17 9
90 69 31
12 94 93
80 88 47
80 19 93
34 71 12
85 94 93
75 73 13
29 71 98
44 72 43
97 74 98
15 40 15
22 98 65
8 52 66
16 25 89
91 50 45
78 61 33
24 88 11
14 69 52
32 35 12
20 48 12
61 46 77
89 65 81
68 100 59
16 20 74
75 48 35
76 73 24
63 62 8
54 81 33
19 98 48
22 13 79
7 69 56
34 79 100
69 34 12
55 48 74
51 2 85
17 98 17
69 71 19
88 11 43
6 72 24
21 95 44
95 99 43
23 85 24
39 65 48
42 31 97
35 50 3
100 72 79
87 34 70
68 7 82
97 3 57
57 69 32
100 25 67
20 91 31
31 8 30
28 97 83
12 71 63
57 85 75
7 100 43
53 83 43
93 98 27
98 24 56
49 59 39
27 80 79
14 43 22
72 89 100
82 58 82
86 56 76
82 56 36
48 76 52
63 100 80
34 60 95
35 92 60
6 36 54
18 30 10
6 8 23
46 25 87
82 72 25
67 3 53
86 67 54
98 34 35
14 54 73
17 84 20
82 89 75
18 50 83
82 61 35
36 8 26
56 4 36
33 71 35
96 16 58
12 46 21
27 37 44
48 53 67
83 34 86
5 84 74
89 13 67
88 78 74
85 54 97
62 9 70
55 24 99
43 95 5
79 73 100
27 99 73
15 39 50
54 42 96
34 55 51
88 10 41
30 52 58
61 98 10
88 28 89
48 1 49
43 62 21
17 57 89
40 75 79
85 34 35
51 42 62
32 13 49
23 69 32
55 40 55
41 94 90
100 21 77
51 73 43
72 68 33
24 50 22
16 85 52
21 18 49
30 84 62
1 82 31
44 67 75
51 56 91
46 1 64
100 7 4
15 30 63
66 13 67
47 29 80
10 64 52
40 79 2
99 67 31
85 11 59
43 11 28
94 30 23
40 7 85
49 85 75
83 91 76
74 52 54
34 47 44
50 20 70
76 73 89
18 27 38
86 34 94
38 47 3
30 67 79
64 47 36
76 49 73
8 22 100
25 16 1
96 66 58
65 18 6
14 71 42
83 63 55
56 90 48
85 50 37
14 43 16
18 57 83
85 7 53
83 37 91
5 80 49
74 77 9
98 28 39
67 73 5
42 63 46
29 45 89
81 35 48
79 60 36
1 40 51
71 30 9
36 45 3
11 2 64
75 97 49
76 6 31
51 12 30
96 97 53
64 92 13
87 19 55
29 26 21
15 72 44
34 61 46
94 95 72
10 5 52
16 82 75
27 40 48
90 31 83
58 33 61
5 53 6
31 47 22
42 35 74
54 77 21
47 2 29
54 69 29
68 96 14
26 27 41
28 53 45
17 8 38
87 14 61
44 97 18
59 100 5
97 45 28
52 3 54
83 79 22
45 44 24
74 43 66
66 27 19
44 82 83
46 85 82
84 23 65
30 99 89
69 49 97
66 89 6
78 37 6
20 53 95
55 68 42
48 13 57
2 37 82
5 41 33
76 10 41
77 34 27
16 38 78
37 100 25
76 76 16
45 100 53
90 82 24
33 88 85
78 51 98
40 25 76
27 79 100
76 81 40
76 27 78
6 57 3
24 22 89
40 98 34
67 85 24
54 78 61
40 70 62
60 96 70
14 34 65
3 9 17
88 59 37
54 92 60
33 29 79
36 36 97
46 41 51
43 56 97
56 37 57
86 55 17
59 37 18
64 100 99
32 37 76
30 43 73
82 2 16
94 60 67
96 20 62
90 75 89
76 92 28
33 69 99
91 68 51
23 33 70
82 68 27
6 68 96
50 23 90
79 99 59
68 10 65
7 35 74
23 36 44
100 96 10
17 5 32
31 26 20
25 2 100
35 55 8
72 92 66
94 99 59
89 75 18
4 94 96
70 46 61
5 29 53
45 88 37
98 39 29
21 10 33
16 69 22
11 17 70
13 55 62
94 92 88
66 53 25
40 76 82
81 41 14
68 14 41
71 64 91
93 5 72
20 2 53
25 24 85
8 55 77
32 55 93
19 78 42
54 97 82
46 99 39
48 92 16
55 90 94
3 4 43
71 72 73
12 7 6
86 52 99
19 50 5
19 6 92
57 43 66
17 33 68
83 10 98
65 63 71
91 37 85
24 90 21
19 7 64
33 50 4
6 80 18
50 68 34
82 60 99
44 81 12
19 96 84
34 19 63
99 83 85
98 84 19
79 92 66
32 71 23
83 72 69
9 17 61
72 48 98
3 21 68
99 75 52
64 8 14
34 37 95
17 99 88
56 22 54
67 24 56
14 26 46
2 81 84
68 29 16
81 80 91
95 41 55
70 32 31
55 62 41
12 95 36
43 24 50
3 86 48
33 74 94
34 18 7
72 18 97
73 65 17
68 17 10
62 74 15
58 24 43
88 16 53
63 97 67
32 53 3
64 91 45
56 20 9
11 38 33
5 3 58
77 82 53
24 89 83
41 34 61
30 66 31
81 23 8
69 14 15
44 50 6
4 47 76
87 22 82
75 80 97
48 50 22
54 96 34
51 83 31
37 38 63
46 82 13
18 93 27
60 18 54
97 74 46
11 52 73
77 82 59
47 16 73
81 90 93
5 50 1
74 31 4
70 64 59
30 54 64
95 13 11
34 45 56
7 33 90
23 71 48
20 48 42
87 42 55
89 7 97
30 19 35
96 95 5
18 59 3
42 45 100
53 19 71
26 25 83
95 12 98
90 3 58
72 74 14
1 82 50
73 13 69
3 71 38
68 44 73
75 13 49
26 38 70
5 51 96
48 69 54
44 59 100
100 37 66
96 44 57
4 32 43
29 20 68
59 39 92
19 19 93
54 24 73
23 7 18
72 49 36
36 79 56
76 71 61
44 61 8
36 26 86
58 93 9
72 54 75
89 84 62
52 51 8
60 25 60
98 88 60
29 91 52
52 48 10
55 59 83
31 73 4
35 56 29
22 8 62
73 51 21
22 69 47
91 54 88
87 97 13
14 77 81
93 86 15
19 76 75
47 82 95
77 85 5
86 7 56
98 56 99
28 92 91
10 81 48
82 6 11
98 45 1
16 93 15
23 37 88
88 11 2
9 82 22
34 56 82
69 34 33
96 80 32
84 62 84
29 47 91
75 42 90
65 30 71
55 39 59
24 5 2
22 97 56
16 82 85
34 93 10
74 29 6
81 22 1
40 32 83
24 4 85
85 66 44
98 94 51
91 87 25
29 29 6
82 41 70
60 18 76
28 9 94
87 6 64
20 20 63
51 11 3
65 58 60
57 80 11
17 54 2
7 4 59
70 80 54
100 7 58
69 85 59
96 96 27
43 57 52
29 13 4
15 79 56
65 76 47
97 79 2
1 62 9
20 46 48
28 77 65
69 17 38
6 85 88
34 99 59
71 65 20
81 10 70
98 42 48
36 9 51
52 30 14
44 89 4
85 96 41
3 30 81
43 8 9
45 58 43
65 67 75
47 26 63
90 40 96
6 35 27
80 100 76
61 55 42
7 93 48
94 36 79
71 44 85
59 24 36
72 62 34
67 7 82
3 44 58
1 64 53
99 37 59
62 87 7
70 67 58
44 37 69
68 4 54
15 64 11
65 3 95
73 76 64
52 28 54
86 50 56
19 23 84
9 59 56
87 42 21
97 21 35
57 25 82
78 43 56
65 37 31
5 100 45
72 16 53
5 66 67
58 87 69
21 59 45
54 87 60
99 66 76
32 16 82
40 36 66
38 95 29
49 79 53
92 57 44
30 12 84
98 44 22
38 14 51
45 16 5
43 85 4
24 19 41
49 4 29
59 59 58
52 79 60
72 27 48
58 28 60
56 30 78
2 25 82
67 25 80
6 39 16
39 60 24
24 59 56
83 38 84
82 50 72
98 43 57
25 18 69
63 47 60
26 26 38
72 62 17
78 22 50
71 15 12
21 48 8
20 33 12
100 83 16
43 14 30
18 80 82
39 50 6
95 66 47
26 68 34
88 49 64
41 39 89
28 28 89
91 69 13
34 88 39
24 94 90
21 7 28
79 51 55
81 66 82
47 81 78
34 58 80
71 21 9
62 76 56
93 53 73
15 86 23
67 26 62
71 48 21
11 89 57
48 5 80
34 92 45
96 78 23
1 32 47
100 65 81
18 17 15
73 48 12
65 45 43
30 65 61
20 11 67
11 56 32
31 82 89
51 8 19
7 25 100
1 44 72
90 52 49
92 57 39
19 95 43
7 76 83
4 82 67
78 2 82
77 76 43
24 60 6
15 76 91
37 76 97
45 31 49
61 16 13
51 13 5
25 23 21
40 57 18
86 94 65
78 21 74
77 60 95
38 28 43
62 47 54
29 25 36
68 79 36
2 33 20
86 43 52
26 63 12
74 58 29
1 7 32
3 19 23
61 8 38
18 46 17
70 12 14
14 47 52
46 38 15
93 13 43
46 39 45
83 22 97
49 32 72
30 37 16
71 33 38
72 32 99
100 68 9
52 11 18
54 53 50
50 4 5
57 13 57
1 9 20
98 36 66
17 93 10
69 79 47
36 63 40
5 65 20
96 2 6
72 15 26
99 97 50
53 2 1
21 35 21
97 15 96
50 25 54
55 64 100
58 5 64
22 32 31
97 82 5
65 93 14
83 77 38
94 78 48
88 100 73
88 23 34
13 49 53
12 27 38
91 86 23
22 99 4
38 80 91
7 18 52
3 100 58
85 62 42
6 46 20
82 40 15
65 4 89
66 68 30
74 71 41
4 60 5
29 11 88
98 39 13
41 99 24
57 15 62
70 9 61
13 41 90
53 52 56
50 23 9
90 63 17
24 92 18
96 35 71
71 71 94
73 77 71
97 96 19
88 6 31
63 49 16
48 93 34
66 53 76
36 91 60
36 89 88
79 53 91
80 52 43
25 99 80
68 86 94
86 92 69
42 62 15
52 47 31
55 32 99
64 73 11
14 12 78
46 18 82
59 20 33
87 49 36
92 80 11
18 88 89
78 73 45
71 6 1
6 17 9
7 50 25
93 29 37
35 65 96
14 32 95
76 7 1
90 22 39
61 35 14
9 41 48
39 83 73
55 89 44
81 49 31
72 39 88
24 58 76
29 19 63
89 16 95
40 14 96
89 4 29
52 59 82
19 13 99
26 22 53
70 18 54
60 94 46
30 24 50
24 3 88
77 87 92
70 36 75
60 89 22
89 95 69
29 16 22
56 7 56
86 17 70
18 74 81
96 100 37
64 17 90
58 50 85
37 91 24
27 59 95
78 25 53
42 86 65
17 68 74
39 88 58
31 23 9
35 79 49
18 51 14
64 15 65
68 95 67
91 98 86
40 64 5
51 93 33
22 95 58
39 75 47
83 31 25
38 60 52
34 11 43
79 6 3
63 18 76
85 68 35
94 73 13
62 46 10
4 49 88
76 55 71
82 78 33
83 57 92
33 39 58
72 84 20
68 50 1
25 58 79
62 26 90
36 38 81
7 83 49
82 2 80
54 83 37
25 40 17
46 22 43
58 73 92
43 18 67
45 93 71
86 86 35
45 39 64
50 17 48
69 3 7
24 11 80
16 53 50
36 59 72
2 10 96
16 21 19
24 24 85
16 70 15
29 80 13
37 58 88
86 30 63
21 62 41
20 34 74
68 7 83
42 2 99
67 54 75
29 91 49
77 60 52
54 50 66
65 6 60
71 51 86
35 87 56
2 16 85
17 25 13
90 76 13
78 50 54
82 69 25
85 15 71
49 99 6
75 37 25
13 54 37
29 35 65
16 94 62
26 99 64
32 73 50
93 52 2
71 100 69
32 33 19
86 12 35
96 25 69
57 58 45
22 35 94
47 8 65
52 22 88
24 34 8
18 61 26
26 42 40
73 44 82
96 36 22
99 94 27
60 18 7
64 70 46
15 7 67
39 60 69
21 47 36
52 97 4
45 37 69
26 38 40
26 24 45
38 86 33
100 85 18
11 66 83
83 54 37
16 21 63
74 2 73
56 71 93
38 64 29
62 46 40
89 58 50
17 93 94
53 53 88
5 93 34
50 69 73
96 19 71
3 42 90
13 10 20
11 1 66
24 99 56
36 43 1
1 40 46
74 16 56
60 58 28
12 99 53
90 27 38
38 14 27
8 12 55
43 24 11
76 73 88
59 51 74
97 21 15
77 32 75
98 77 30
3 11 100
95 39 52
2 47 28
37 76 11
33 36 2
95 60 22
40 47 58
59 24 6
65 17 15
69 30 71
68 7 47
9 24 11
36 61 42
67 67 97
36 24 47
45 100 60
69 13 85
92 85 79
43 97 87
82 1 22
4 87 28
97 100 47
95 56 45
30 60 37
50 85 24
15 33 34
35 20 94
85 35 86
27 93 12
25 40 51
18 95 2
36 7 36
44 50 97
53 78 46
48 78 35
72 2 3
36 68 33
27 3 91
25 41 19
70 74 14
32 50 4
75 75 50
100 91 50
44 12 74
7 63 41
33 98 35
41 19 38
17 3 13
42 38 8
26 45 29
76 47 85
77 66 91
45 29 36
63 53 91
97 92 97
34 81 74
5 72 37
55 67 89
94 75 18
90 22 57
12 47 1
67 96 38
79 53 43
47 31 80
43 36 64
29 9 96
79 64 53
73 57 91
57 70 14
16 97 2
15 67 2
47 13 29
24 50 87
14 93 12
75 77 10
55 74 30
41 57 13
99 98 74
55 67 36
22 98 51
65 30 23
37 54 100
53 81 90
45 73 50
49 62 19
44 4 69
30 30 33
25 70 63
88 46 51
68 19 77
13 13 66
66 82 18
23 75 83
21 34 48
42 10 27
27 33 86
84 26 65
16 37 45
34 61 19
95 3 69
64 53 57
78 100 73
45 59 29
5 67 28
42 37 43
70 81 90
37 59 50
13 45 3
81 30 71
64 59 6
6 9 46
98 91 73
99 20 9
30 57 72
18 76 43
59 78 51
12 34 71
53 72 69
56 4 66
54 46 14
70 89 72
36 17 15
3 75 73
63 65 12
8 1 36
1 93 84
78 26 40
1 38 9
52 31 49
16 50 11
53 44 25
89 29 95
47 81 40
47 54 79
42 39 31
33 18 69
9 46 74
85 91 89
87 68 71
63 96 61
27 81 90
9 3 60
71 26 12
53 76 24
44 24 7
22 25 69
59 94 8
64 66 5
71 23 42
96 9 98
58 3 72
91 65 38
69 73 89
57 11 83
36 56 67
15 64 56
61 78 51
94 93 35
32 19 20
39 40 15
17 84 23
100 49 52
60 50 4
28 43 91
42 34 77
1 71 26
2 65 27
44 1 97
6 96 94
4 46 65
72 58 69
79 2 87
11 89 39
63 83 39
27 56 25
25 12 63
6 48 40
23 18 5
28 14 10
39 50 32
76 89 7
65 5 73
93 43 76
69 26 98
55 89 47
95 98 55
35 57 28
64 35 62
57 52 13
98 19 33
47 46 27
6 88 4
14 62 94
44 92 64
88 9 51
63 24 79
97 50 1
94 87 13
91 64 47
26 96 35
4 36 5
58 13 44
80 36 43
83 9 68
33 92 32
92 44 91
39 54 56
24 39 59
12 31 80
94 83 28
100 91 22
30 69 39
68 66 43
30 44 7
75 85 2
8 6 4
68 5 87
95 95 72
53 60 37
80 5 82
17 13 2
13 54 1
72 87 91
82 11 56
35 5 50
49 27 77
33 71 17
17 60 22
21 44 11
72 19 98
62 22 50
64 40 62
52 17 78
9 47 50
92 38 20
51 16 54
34 4 57
78 12 21
82 13 16
23 45 82
52 61 14
47 30 98
1 67 5
15 44 64
86 12 62
33 39 85
39 2 58
95 69 80
43 84 93
64 99 22
4 64 37
30 23 62
76 50 25
51 89 3
21 63 38
53 86 9
24 11 52
77 76 43
68 89 31
33 5 72
75 41 86
34 99 43
26 16 97
50 93 34
36 5 54
70 50 100
44 45 4
33 45 89
32 64 2
10 76 37
88 58 36
90 58 72
75 87 82
71 65 40
79 1 57
13 8 48
85 79 18
2 78 61
15 97 39
100 36 52
9 11 4
62 97 72
23 75 45
73 90 86
95 97 60
43 41 98
88 59 53
42 14 41
67 91 37
1 61 21
42 85 47
21 29 80
59 19 71
23 69 99
76 28 92
91 10 71
53 8 96
78 22 54
11 15 40
52 91 11
2 20 9
30 58 88
30 54 32
74 90 68
61 7 72
54 69 100
5 9 40
84 56 87
33 22 50
92 58 22
70 42 68
75 13 28
24 20 51
34 46 86
97 26 17
63 73 47
83 43 25
5 41 77
97 10 42
35 96 65
91 53 76
22 8 77
71 68 74
61 76 80
1 10 65
69 34 63
46 68 35
19 89 60
18 44 31
72 24 79
96 56 13
9 26 77
13 100 92
64 14 15
52 29 73
67 100 91
28 14 86
55 63 41
67 67 13
25 55 86
88 96 20
21 67 28
98 73 47
4 100 1
52 17 12
88 9 21
57 73 58
48 40 94
97 21 41
77 78 74
4 30 74
10 8 17
97 35 9
68 69 36
83 6 18
28 20 98
21 29 28
83 100 2
80 18 64
61 28 44
61 1 45
3 28 95
3 65 21
99 20 70
7 56 47
42 73 3
92 54 11
54 45 52
63 7 99
29 7 52
33 3 80
17 21 86
48 66 1
24 2 3
63 45 97
54 37 24
37 44 54
12 7 3
11 65 46
9 24 91
14 93 8
19 25 52
60 37 7
59 79 99
43 55 8
75 37 44
67 70 19
94 56 83
73 35 63
69 52 89
97 90 68
94 10 86
37 29 53
6 38 33
31 72 88
78 18 83
18 92 82
90 56 60
87 6 47
83 59 76
65 71 8
49 68 19
16 1 13
43 58 5
8 17 51
94 2 99
23 92 16
87 48 35
50 98 26
58 32 85
31 31 49
97 4 49
26 10 96
53 87 3
70 5 32
70 76 49
59 80 59
22 54 88
21 31 79
99 85 32
91 9 34
91 21 12
19 18 69
99 79 75
14 7 83
5 89 95
96 15 96
65 46 78
87 46 71
85 85 82
53 62 55
69 81 94
40 29 88
9 80 83
95 78 77
45 82 59
33 80 69
24 16 88
29 48 55
13 13 49
76 29 85
15 99 16
52 75 31
15 69 99
60 56 4
61 23 68
20 69 24
83 5 47
56 83 4
63 13 59
17 40 81
27 37 73
86 8 90
52 87 53
67 19 21
30 5 89
83 18 28
45 83 25
50 68 98
96 76 53
12 13 39
6 11 87
25 77 15
56 34 78
20 56 16
65 54 88
81 63 30
21 31 82
81 25 91
13 91 97
60 42 40
27 7 85
19 18 7
62 89 13
69 59 91
83 66 97
98 61 62
90 66 2
64 9 17
59 83 1
13 37 95
59 39 13
99 98 70
86 20 71
89 57 6
36 13 45
68 96 41
89 65 46
46 12 34
56 25 24
77 16 66
37 4 7
7 40 90
29 57 31
65 7 57
55 39 25
62 72 54
38 64 36
32 53 69
90 58 2
84 10 63
100 92 88
62 26 15
23 27 34
44 67 56
74 5 43
76 40 70
82 60 37
62 6 76
70 9 8
55 16 82
62 75 22
18 75 25
70 67 73
25 59 88
77 33 38
75 99 13
36 80 69
53 30 94
10 28 7
23 64 99
91 29 66
12 5 58
76 57 47
23 21 61
8 82 25
10 8 26
16 59 80
32 57 54
54 49 57
18 77 51
86 1 87
61 3 87
15 47 36
63 83 28
79 56 37
97 9 40
9 98 94
70 99 100
47 35 23
61 54 85
79 99 56
3 17 8
75 25 50
59 60 16
71 69 37
86 42 77
11 60 52
5 20 23
38 51 86
66 24 60
15 7 95
43 3 88
52 91 53
40 75 56
85 73 37
69 24 6
55 28 5
57 25 6
86 42 27
43 60 80
56 92 16
67 25 4
97 34 96
86 89 67
87 51 19
28 21 40
49 8 63
97 65 42
68 89 53
51 66 16
10 12 90
52 31 64
37 34 33
55 90 9
82 69 45
59 62 10
36 92 32
30 17 19
21 89 92
53 78 48
93 17 90
69 27 21
30 65 12
32 15 19
42 62 81
25 31 87
84 65 63
52 60 45
17 58 47
37 88 28
18 99 75
42 57 31
3 65 77
10 65 68
95 66 11
9 29 66
68 94 38
92 67 25
100 39 36
84 41 96
44 18 58
97 96 98
33 69 56
8 2 91
67 92 89
1 41 61
50 14 20
72 57 32
22 61 77
70 45 87
65 41 33
76 45 7
18 68 33
1 40 15
18 54 44
80 68 15
38 86 78
76 89 47
55 16 4
22 90 27
2 82 99
34 47 66
47 75 72
45 60 3
61 57 72
57 75 73
64 31 80
7 70 98
50 71 81
10 32 18
26 27 62
93 19 15
59 89 5
82 78 48
5 11 5
38 73 1
47 28 7
29 7 44
87 75 45
98 71 34
20 83 56
41 39 50
98 29 69
49 75 43
34 10 35
38 32 80
22 31 54
13 90 23
32 6 82
16 92 39
98 82 28
70 79 83
56 85 49
60 79 1
63 41 34
72 58 88
4 94 65
41 76 57
39 57 22
56 29 31
65 57 83
34 85 58
42 28 47
49 82 69
48 69 22
20 71 65
76 45 7
21 16 72
75 13 32
38 11 22
94 73 13
64 62 81
29 79 13
20 13 5
92 3 44
68 94 26
84 43 85
83 43 88
25 44 47
59 62 35
15 8 93
27 11 7
28 16 91
80 52 57
20 34 21
66 66 50
72 89 3
83 83 37
61 61 65
71 16 32
10 20 12
14 25 49
40 96 33
3 41 63
45 6 57
32 25 53
49 52 4
99 6 88
60 52 5
50 11 36
51 36 29
84 12 81
65 17 21
34 65 27
6 72 37
32 52 67
75 45 25
100 59 92
88 43 88
91 39 31
94 72 3
61 62 12
43 12 74
73 32 89
38 48 51
77 67 72
9 69 13
26 85 100
98 6 56
59 51 78
52 3 58
61 94 23
88 16 44
44 72 100
98 17 71
57 64 53
78 62 26
29 21 10
54 77 27
96 62 46
5 95 43
98 38 84
48 49 75
15 85 31
38 78 62
8 6 57
25 19 96
36 76 22
65 3 28
35 52 37
32 85 22
76 28 22
49 25 100
43 53 50
17 1 49
22 46 62
49 77 27
97 33 77
52 19 38
89 21 90
65 35 77
34 94 61
58 92 49
22 28 24
62 72 44
35 52 18
53 74 63
59 69 25
58 49 16
44 24 79
65 97 18
11 71 90
63 13 92
39 52 43
37 69 58
70 13 99
35 32 1
76 36 72
87 94 68
27 14 74
21 46 61
60 91 85
27 83 44
8 40 65
42 81 17
3 28 47
75 26 9
58 46 98
31 49 44
47 11 49
59 29 37
11 49 75
59 61 38
100 29 39
81 11 100
71 65 19
52 57 11
52 21 55
52 20 30
89 17 12
55 55 17
45 84 78
97 49 58
45 47 31
50 69 6
41 57 89
54 97 39
91 81 33
45 70 94
80 23 51
86 35 23
17 97 22
92 17 51
2 62 27
23 95 79
28 33 42
45 74 65
33 6 80
22 1 5
88 72 79
24 79 18
53 56 6
23 80 25
81 36 6
59 86 15
48 95 72
35 33 74
49 75 59
86 28 60
40 56 91
93 11 83
26 6 3
31 92 22
47 12 34
39 13 92
30 21 84
26 82 54
93 71 14
64 100 69
88 2 56
26 37 64
47 63 68
71 59 100
91 46 51
8 79 64
33 99 95
44 8 14
31 58 85
31 99 49
87 93 63
26 12 42
28 85 91
4 28 36
8 100 29
47 26 41
58 89 67
4 79 32
40 38 68
41 43 56
13 100 31
5 80 7
94 52 73
52 72 53
73 99 89
21 31 37
48 41 23
25 6 99
54 31 56
24 10 9
6 52 18
22 88 73
79 43 73
17 83 5
16 2 28
12 18 97
91 32 44
78 67 59
93 61 19
75 13 29
79 94 96
35 35 15
74 27 65
95 78 63
62 27 78
67 25 39
36 24 95
72 49 92
13 35 70
56 3 11
80 85 76
90 78 38
97 9 84
53 33 62
13 4 29
20 44 95
17 85 57
3 67 54
30 97 99
58 58 2
44 94 26
63 60 88
19 23 77
71 46 8
48 15 38
39 11 79
48 70 38
34 56 16
32 89 95
96 67 76
33 18 99
7 74 41
3 6 60
18 95 39
86 57 59
24 6 64
90 42 90
79 16 25
41 10 71
49 29 72
91 43 80
37 43 95
4 10 17
12 47 37
47 97 54
48 26 51
77 98 71
73 29 67
25 16 53
87 94 19
46 27 33
42 60 95
80 22 76
29 45 87
33 72 75
62 56 82
34 80 73
64 5 29
4 49 45
58 11 79
71 28 24
40 8 27
13 3 91
72 58 39
37 51 41
41 50 67
75 13 18
72 22 49
94 90 81
32 81 14
97 31 29
28 3 2
22 43 99
16 19 62
81 91 29
71 16 72
36 8 93
82 81 98
93 41 96
67 41 55
65 37 56
93 60 16
82 13 44
2 26 71
55 59 28
4 2 58
95 62 55
86 82 83
38 96 78
91 11 82
18 26 63
47 68 17
49 24 56
21 65 12
47 29 18
27 46 94
64 7 22
41 60 6
92 5 16
56 56 39
28 37 88
50 92 91
27 26 78
32 39 85
2 29 47
16 97 16
56 48 17
45 38 17
86 93 96
19 85 58
70 56 29
57 96 14
80 80 59
64 10 14
37 45 50
83 64 57
65 88 59
49 36 64
51 55 10
46 46 21
91 74 46
92 3 52
98 32 13
29 77 93
83 73 31
68 62 34
74 88 43
27 46 63
60 46 68
41 56 16
34 88 85
14 78 55
47 37 83
23 5 73
90 32 7
13 43 56
76 7 95
55 66 82
4 11 60
98 55 90
41 66 87
7 20 84
96 31 4
84 92 57
27 57 95
13 25 22
84 31 29
18 1 97
22 82 2
100 2 53
70 6 53
37 57 16
85 95 56
31 92 6
81 68 9
46 34 78
98 92 56
8 57 91
22 16 83
5 95 92
20 31 57
52 40 8
22 21 27
25 98 63
85 39 43
78 56 16
45 78 27
100 13 75
48 10 17
62 43 72
54 87 47
58 7 67
64 80 66
26 3 67
92 44 36
100 90 26
80 6 85
61 57 32
23 73 66
73 73 13
44 63 14
70 67 76
65 2 95
5 49 57
43 32 24
70 63 96
86 12 70
96 37 54
18 24 13
33 47 11
9 39 2
78 28 36
22 78 15
89 69 87
9 49 24
26 30 20
98 30 48
52 20 40
20 32 95
21 97 39
70 49 91
31 94 46
53 19 17
91 33 77
21 37 18
25 64 4
77 66 18
30 56 49
62 7 91
7 90 8
33 61 46
21 75 69
8 22 95
44 51 46
97 18 13
38 84 9
64 80 49
3 21 8
54 32 31
20 63 30
18 27 23
98 100 97
64 70 34
5 85 32
30 86 77
57 61 94
80 26 61
14 67 83
94 47 53
56 47 67
3 18 29
95 86 14
38 50 66
44 70 19
61 2 5
95 7 79
41 91 47
13 24 73
28 4 44
96 21 33
73 67 99
32 4 82
92 31 89
22 78 84
25 39 50
100 17 90
81 1 5
51 64 25
42 87 72
95 16 31
6 52 43
50 17 48
5 4 72
65 99 95
95 28 83
52 5 4
63 61 35
62 6 69
57 8 93
32 45 36
1 59 52
72 83 53
34 42 51
44 79 72
47 54 91
44 58 83
25 61 86
94 21 93
38 60 7
75 5 85
73 77 15
62 58 75
92 88 2
85 11 99
23 28 92
85 34 19
92 5 88
72 10 65
8 13 88
71 73 7
87 63 46
14 28 43
37 94 68
37 59 54
8 5 91
3 37 49
64 66 39
86 23 90
64 63 12
15 16 45
21 73 44
56 67 72
65 9 78
3 15 77
17 32 6
50 31 88
88 65 33
37 16 75
46 19 86
79 18 6
56 7 54
45 16 100
39 53 87
5 29 89
80 53 29
80 4 50
93 53 43
39 27 65
42 1 3
61 99 32
13 42 98
33 33 40
67 72 18
45 91 44
77 31 57
15 22 53
89 54 91
50 86 10
82 2 100
11 21 27
70 67 37
51 24 54
46 96 35
32 75 85
79 1 85
3 43 3
55 85 36
47 43 22
30 40 65
26 2 47
18 24 97
91 55 14
13 1 89
33 65 93
76 68 86
13 36 16
93 36 29
76 52 95
2 76 99
26 16 5
71 2 83
46 28 31
96 71 86
6 1 4
16 31 69
97 33 90
64 82 32
41 81 55
30 53 7
69 18 56
78 100 95
67 100 6
75 52 36
7 45 28
94 79 52
10 77 93
74 85 58
42 93 68
6 27 78
56 7 37
10 89 82
10 24 72
95 50 45
36 46 90
85 90 15
48 97 60
28 38 26
45 36 18
17 2 85
23 15 55
4 94 12
100 49 31
40 51 10
90 27 42
70 58 95
47 47 32
26 5 7
73 48 23
85 22 28
9 25 58
15 77 42
15 11 43
7 27 10
69 80 32
35 90 20
19 50 82
42 96 15
59 4 54
73 68 38
89 91 58
96 92 5
73 88 29
13 65 41
73 29 72
24 40 30
41 87 39
84 32 18
80 59 69
26 98 96
26 97 50
95 55 30
16 63 17
90 78 98
48 4 28
70 2 47
33 88 73
75 75 50
57 26 12
95 88 25
75 30 38
88 27 40
15 81 8
76 42 71
25 100 80
92 53 28
74 49 11
82 59 45
97 38 30
60 96 12
95 58 11
19 26 94
86 63 33
61 1 44
29 19 71
47 44 85
91 90 55
15 70 38
8 43 16
6 78 77
7 48 77
47 70 27
25 56 52
17 28 67
33 63 98
49 60 91
69 31 82
59 73 69
56 57 44
83 71 68
66 53 39
98 100 36
9 99 45
83 37 80
2 3 37
61 72 85
7 95 76
88 41 38
34 72 32
36 4 66
37 65 62
77 37 16
51 23 86
82 93 78
61 83 47
87 89 76
1 4 57
67 77 84
60 44 5
91 11 57
83 49 73
97 32 75
40 29 59
62 24 5
68 83 54
99 92 24
8 74 15
18 61 51
80 10 74
71 1 36
96 81 9
15 53 37
76 23 98
17 31 36
52 42 77
63 77 35
76 18 4
44 15 38
40 73 47
97 60 4
13 84 86
60 38 34
71 65 55
30 86 55
33 95 45
52 43 67
19 83 75
72 75 92
88 100 69
80 62 8
82 36 50
32 24 53
70 98 90
62 69 79
60 36 45
98 72 97
69 55 94
99 31 47
24 39 80
70 85 56
23 1 16
14 54 11
8 33 74
55 8 51
59 65 48
99 72 24
61 40 62
82 34 98
35 88 13
73 76 24
34 8 12
6 93 40
96 98 35
24 83 52
47 84 74
3 71 10
25 6 67
11 81 93
76 41 55
79 77 27
28 69 22
100 6 95
4 39 67
67 86 34
96 96 20
31 67 66
51 11 97
1 58 39
95 28 88
12 86 62
33 46 90
56 17 90
47 72 59
76 100 60
51 56 47
7 88 13
13 97 47
45 24 11
95 18 100
6 19 26
73 46 23
76 77 78
70 83 16
84 65 12
37 8 12
41 83 13
89 71 8
35 98 8
94 28 67
59 22 69
6 35 68
95 81 96
99 89 73
11 6 11
21 6 47
60 52 50
87 79 49
92 61 90
55 77 34
61 7 49
69 99 1
97 56 75
3 31 99
76 35 27
36 45 100
77 74 65
87 81 41
39 13 50
70 86 35
7 16 53
20 34 65
90 76 13
69 30 8
74 81 10
98 40 23
53 85 69
47 15 35
95 96 8
87 60 73
7 82 60
84 64 29
76 10 93
84 66 2
80 18 67
52 6 72
41 39 64
2 45 6
85 7 22
30 45 60
53 59 79
8 83 52
94 92 29
86 73 43
38 83 11
97 88 100
31 96 8
35 5 18
4 58 54
34 76 29
28 20 55
85 9 40
40 36 59
46 11 80
12 6 24
69 24 53
98 91 37
87 32 76
62 60 67
97 10 77
3 48 35
27 47 59
79 92 37
27 53 16
43 82 31
13 84 86
83 89 99
96 65 34
73 83 60
27 56 45
72 7 73
79 52 47
17 15 55
5 59 6
78 63 12
26 70 23
5 82 64
83 7 43
11 16 3
68 72 7
54 75 37
85 90 65
52 78 26
53 2 87
58 82 64
98 82 66
9 25 76
55 5 67
14 37 67
15 65 51
22 4 95
38 99 4
44 28 91
39 82 66
1 9 8
81 22 97
52 45 50
3 66 59
51 75 25
26 25 22
25 64 11
11 44 72
59 94 34
26 26 46
77 49 13
82 93 38
99 56 29
97 53 91
72 77 40
81 77 41
91 93 21
75 2 47
26 39 95
71 50 2
46 39 92
65 95 91
58 85 7
30 6 44
100 67 60
71 29 60
45 74 65
61 86 35
79 5 73
91 78 21
76 26 10
6 20 15
49 27 74
92 51 30
7 10 41
27 68 17
42 63 34
23 72 3
53 75 66
62 68 14
98 69 54
37 36 92
70 34 15
98 7 95
82 13 11
93 81 46
100 44 52
41 73 44
48 24 83
26 80 28
8 16 82
3 85 69
18 10 51
64 34 9
60 50 79
91 22 79
49 33 98
56 61 8
83 53 80
14 80 89
71 85 43
45 17 9
14 56 31
90 86 21
8 76 92
2 69 75
95 55 98
9 49 83
99 62 27
93 41 14
27 19 14
91 73 59
12 68 38
76 5 4
40 40 61
34 89 75
25 96 77
1 8 78
40 75 67
74 35 93
72 95 18
87 37 43
12 57 18
98 49 100
85 34 48
43 33 15
2 71 68
55 86 81
67 29 49
6 63 38
80 10 35
83 91 99
23 59 73
93 64 75
82 56 95
22 35 55
83 88 13
73 59 32
58 11 75
100 55 65
91 86 68
24 21 93
92 31 45
88 49 4
26 97 57
37 53 89
94 17 41
77 76 24
89 42 71
90 65 96
91 36 45
72 66 59
57 50 54
91 96 68
60 17 81
65 36 82
94 81 62
36 37 54
39 18 73
90 95 91
25 34 20
99 24 75
20 81 84
63 96 26
99 96 38
100 25 6
62 93 98
57 61 78
35 28 79
35 26 68
31 77 40
15 87 54
51 53 43
61 56 11
5 92 50
77 62 10
78 41 30
25 39 18
96 99 18
28 3 53
33 84 62
17 97 4
51 92 87
36 13 16
92 22 95
41 39 45
37 56 57
44 60 64
97 45 32
2 72 43
70 13 99
100 77 71
98 34 19
3 79 72
8 77 26
25 70 55
49 100 87
54 35 33
2 62 93
85 93 94
33 45 4
30 46 55
100 6 100
56 3 28
83 8 98
91 38 34
95 39 36
70 28 50
26 85 73
18 17 81
71 51 19
46 98 74
67 12 33
45 30 93
31 91 89
74 1 59
67 8 94
1 37 32
64 58 72
72 40 10
76 86 68
27 95 47
33 93 61
19 68 21
44 95 67
44 65 70
67 10 26
56 92 58
1 90 33
64 17 71
30 70 9
68 93 61
100 64 66
52 92 83
83 74 61
80 43 4
1 16 18
46 45 60
68 49 54
41 77 42
62 36 76
59 41 35
52 97 56
96 74 23
97 52 76
3 6 50
70 8 46
93 84 81
2 78 55
9 60 18
66 72 56
82 69 16
86 81 71
35 16 3
83 72 25
16 4 18
80 27 40
53 14 10
21 81 65
3 13 79
49 83 56
60 25 6
83 95 45
75 22 4
59 72 80
91 66 13
64 95 97
59 76 47
86 33 55
91 5 91
84 30 65
80 15 74
4 19 30
13 14 42
92 35 61
15 16 69
85 92 37
32 23 10
50 66 100
89 40 55
20 9 14
34 90 96
100 32 31
87 23 17
11 27 68
65 77 23
58 58 39
81 12 34
25 40 62
88 77 63
2 96 21
35 100 43
43 27 63
85 94 10
19 31 76
15 9 96
73 74 14
96 79 89
36 24 76
84 14 9
59 87 1
50 69 76
85 61 34
85 66 44
32 42 93
64 39 60
52 43 72
77 10 12
79 49 73
34 45 75
78 90 81
93 55 81
58 99 89
91 39 79
36 94 38
76 52 25
55 54 83
38 80 53
89 17 9
73 35 62
97 17 21
5 40 14
1 52 6
82 84 48
93 76 18
42 69 83
76 38 46
35 19 48
1 38 48
83 83 44
99 10 70
15 37 29
26 31 37
14 14 77
61 86 63
55 48 27
33 88 7
25 20 71
88 94 71
25 44 54
73 18 58
29 9 40
98 100 31
65 16 44
28 69 13
98 47 53
32 43 3
46 42 98
5 53 72
64 3 52
39 29 16
28 60 37
39 89 69
25 22 16
89 95 92
98 97 18
22 49 2
63 78 21
31 2 75
13 34 81
18 72 5
15 98 62
36 94 23
49 21 63
72 92 11
52 50 57
53 90 51
32 96 10
41 47 49
73 87 2
3 31 13
5 35 14
62 7 4
30 46 40
3 46 41
63 29 100
6 19 55
53 72 88
55 32 31
80 2 91
47 60 83
44 6 1
27 93 41
32 6 39
89 17 19
81 19 38
4 20 96
87 70 51
38 81 78
23 78 27
95 92 67
17 48 23
25 66 11
32 88 57
2 56 32
9 15 21
77 36 3
80 11 36
91 18 31
79 95 5
7 71 35
58 62 33
19 24 52
12 80 97
24 3 18
59 58 64
13 97 4
55 65 77
52 38 81
77 98 33
62 32 56
61 59 13
16 79 91
98 60 47
84 94 21
26 22 3
34 37 67
50 73 83
25 64 43
18 58 80
96 59 80
33 22 83
85 95 99
18 52 92
91 29 53
51 32 59
13 14 26
37 29 85
29 78 63
77 58 24
52 50 57
88 69 43
59 18 39
90 52 66
41 91 76
20 64 5
68 53 29
77 18 50
74 17 71
21 43 31
20 57 45
3 59 11
61 25 95
78 18 100
39 85 83
18 22 88
84 2 16
78 66 75
29 100 7
72 100 79
44 42 70
44 13 69
27 65 98
6 79 58
24 66 39
54 23 10
91 55 71
31 9 86
66 13 53
49 56 89
58 46 48
66 84 51
31 57 72
44 3 64
37 55 70
93 71 38
19 8 35
49 37 1
87 67 79
34 96 62
100 11 59
34 52 11
13 78 34
52 86 15
49 3 58
47 26 8
80 18 73
54 88 29
67 22 52
53 40 70
79 72 79
13 41 40
46 97 32
77 58 56
5 53 69
48 49 66
98 26 65
99 6 66
85 54 53
85 37 1
47 20 41
8 73 85
33 35 17
34 22 67
19 50 11
25 90 68
94 83 60
32 88 92
56 12 27
45 50 56
84 94 8
72 94 26
76 100 80
86 78 19
6 100 92
14 37 88
89 18 13
2 93 41
51 37 92
44 77 33
28 37 87
91 23 20
60 68 61
85 55 10
30 21 74
54 18 3
43 61 8
23 24 54
68 14 84
98 55 98
39 67 16
62 80 18
56 50 13
100 77 71
99 53 44
10 57 88
91 86 26
60 89 82
38 9 61
27 88 49
59 2 75
23 56 43
79 25 1
38 92 100
53 90 20
23 80 56
91 44 22
74 56 92
43 79 6
22 84 20
35 87 67
95 33 93
58 41 61
85 17 41
77 10 62
49 37 16
19 45 89
95 87 7
1 48 10
6 26 14
3 15 65
57 41 93
83 58 57
13 24 1
79 14 81
74 99 16
5 62 71
88 22 4
86 86 84
26 68 86
84 1 92
61 38 35
90 28 43
38 68 98
56 87 47
11 69 7
37 22 29
39 69 24
42 46 62
91 52 29
47 56 37
21 97 39
94 85 32
91 40 20
23 76 52
32 63 46
17 81 70
42 85 29
55 83 88
4 86 98
48 49 69
73 36 100
7 25 6
87 45 79
37 37 7
22 37 64
45 86 74
39 5 66
96 76 79
10 66 6
65 3 45
1 97 43
49 100 79
76 33 68
36 29 54
58 21 40
68 68 77
92 54 56
5 67 45
5 25 56
100 24 66
91 20 8
67 38 17
80 2 52
79 43 7
6 25 32
13 7 4
56 73 79
23 60 79
56 94 86
28 13 4
35 23 55
73 60 7
89 70 71
24 2 13
41 76 54
24 26 19
1 36 29
14 58 2
6 11 6
100 36 44
3 13 83
28 37 80
16 92 75
84 78 71
21 60 29
93 72 66
42 46 51
64 16 79
7 67 24
44 41 17
67 89 88
50 72 7
37 90 86
31 80 50
79 89 97
18 24 85
99 30 86
35 98 62
37 47 79
95 3 83
11 42 41
66 68 12
94 58 37
62 97 13
43 91 18
61 67 82
60 52 6
58 83 1
84 17 70
67 86 26
58 80 69
44 4 5
75 85 79
95 4 31
96 20 35
77 73 18
80 1 59
9 72 97
34 14 23
97 97 31
98 85 60
76 78 81
83 21 23
43 62 41
92 75 67
54 26 74
25 18 50
30 59 69
51 4 56
88 42 81
89 24 79
13 73 45
78 16 89
89 54 72
89 86 93
33 22 64
12 44 32
17 29 13
67 47 43
76 55 35
94 58 1
40 83 75
86 97 89
80 47 66
33 13 4
64 35 68
76 99 31
93 61 86
21 10 19
19 7 28
8 52 85
38 95 85
88 13 67
14 77 61
64 48 62
49 69 52
50 36 60
44 57 32
70 20 51
58 61 94
67 5 91
16 2 95
70 49 52
74 14 12
73 17 71
49 55 94
85 83 39
74 79 100
86 6 37
94 34 78
71 88 64
44 89 2
24 5 56
71 38 98
71 18 5
39 40 26
48 56 88
59 70 77
100 98 10
40 40 17
31 92 13
27 69 6
43 91 80
31 66 100
51 12 34
77 64 36
60 14 8
57 49 100
21 4 89
70 56 36
80 41 38
4 43 80
59 42 14
90 62 84
44 96 93
59 44 79
39 27 68
16 30 48
56 51 14
58 35 8
87 87 97
51 57 66
1 69 1
11 89 45
41 8 26
100 61 74
90 62 93
56 24 1
26 40 71
79 1 29
11 72 79
10 93 33
55 79 39
26 72 79
57 38 94
19 27 33
47 96 51
76 22 6
74 62 12
58 62 20
66 45 92
71 54 64
31 84 23
38 59 11
43 36 37
55 97 18
55 72 56
54 53 80
92 57 82
13 22 60
25 52 7
10 52 6
58 4 18
74 64 16
62 3 11
71 93 63
56 5 52
84 20 33
79 33 12
67 26 63
57 38 78
23 49 25
90 24 73
1 100 92
85 72 59
98 20 94
70 84 98
9 54 97
39 19 10
56 48 21
73 92 58
93 94 34
42 11 75
40 90 77
6 3 89
68 6 50
79 76 59
71 46 42
88 6 53
27 88 45
94 66 44
46 89 95
89 62 26
88 16 91
21 4 16
69 53 2
16 18 49
16 41 98
46 49 59
96 51 78
33 78 23
97 70 10
62 37 97
45 55 74
89 6 43
56 66 25
59 63 23
34 59 80
55 55 9
68 69 66
78 79 5
97 100 66
18 92 6
100 20 42
7 30 68
18 63 30
61 7 87
52 99 75
28 5 1
46 86 65
32 1 97
71 66 67
72 72 7
71 66 64
88 66 24
44 79 72
96 5 54
99 12 96
50 70 63
56 6 49
83 88 50
58 32 56
80 19 20
65 36 25
66 17 34
40 8 90
99 38 33
32 83 59
95 9 14
50 27 40
42 46 21
84 59 57
38 65 8
10 69 89
84 99 4
50 50 60
35 90 20
98 45 29
8 22 97
27 9 20
45 82 73
2 90 78
32 73 89
62 4 64
25 31 76
21 85 60
91 49 75
71 33 61
85 42 15
38 90 70
81 32 11
50 27 86
67 34 33
36 69 13
47 3 44
88 4 43
48 42 8
32 5 88
59 59 73
68 2 83
56 45 67
18 63 15
61 94 61
56 65 40
5 59 13
75 62 61
28 10 68
58 71 19
46 19 10
15 49 5
4 94 35
12 22 56
28 20 9
33 89 36
55 6 11
74 98 15
56 49 85
19 40 8
46 92 83
29 93 94
17 83 36
46 90 46
71 99 73
14 45 5
73 93 55
84 63 34
2 92 72
27 19 55
4 89 87
23 5 75
59 32 25
17 48 12
13 94 98
32 57 69
12 93 61
98 94 81
18 44 75
9 4 76
55 65 21
42 39 76
79 45 22
31 18 67
86 45 87
81 50 16
92 43 95
8 47 76
34 22 54
10 31 72
34 10 9
79 7 39
78 11 67
40 50 2
94 38 34
81 36 66
45 51 62
48 59 76
18 90 38
25 71 70
26 28 3
38 68 84
61 92 56
29 26 90
16 83 92
49 57 82
44 98 15
93 94 33
34 13 49
90 65 55
94 34 46
20 13 44
64 8 98
62 52 2
19 81 77
97 30 61
90 49 54
93 8 77
73 79 4
17 100 24
13 59 43
19 72 88
96 5 31
59 66 18
41 88 67
39 6 58
42 96 70
42 17 15
88 99 72
12 78 41
23 53 37
37 37 43
16 64 66
96 85 95
50 76 88
15 22 92
42 82 11
55 56 75
51 2 76
52 30 78
65 31 79
33 45 22
10 54 85
83 87 25
10 76 92
77 8 42
30 11 52
4 49 66
17 6 79
8 34 33
94 37 91
9 56 92
18 16 43
12 47 80
25 64 80
23 1 54
2 86 96
65 40 42
48 79 3
26 37 29
39 45 5
24 44 29
85 97 22
16 25 49
98 5 92
21 76 89
43 57 69
34 64 83
48 66 45
62 83 1
10 17 81
97 91 60
78 32 47
98 6 39
53 96 9
98 65 93
39 91 3
95 91 22
75 48 68
70 81 48
74 7 4
59 98 40
96 93 61
24 1 79
5 57 54
74 59 49
61 21 23
1 83 16
74 78 26
46 10 51
97 40 38
68 59 28
17 46 63
1 39 13
12 85 97
44 43 79
14 54 2
13 28 99
66 58 43
53 9 77
12 53 54
30 85 32
15 32 58
42 68 81
98 20 68
62 49 53
53 80 5
61 24 89
61 54 88
89 22 4
13 38 10
89 91 57
73 42 98
26 52 28
83 45 7
96 73 100
17 13 99
52 22 43
8 44 52
6 99 7
63 11 79
93 81 19
89 30 19
79 4 66
20 47 87
41 100 52
65 87 57
83 10 90
53 6 100
80 83 28
29 3 49
44 4 59
36 82 56
98 6 58
93 55 19
56 27 33
34 14 84
61 77 33
93 89 76
13 18 56
43 26 70
51 80 95
76 36 3
53 24 88
2 87 28
83 95 75
80 67 47
44 14 42
62 22 57
81 99 6
62 56 44
51 37 4
12 88 76
48 50 4
94 90 27
41 13 18
15 57 89
80 65 9
86 47 56
81 49 36
7 85 99
60 73 66
30 48 15
79 52 80
80 41 23
97 28 3
2 26 15
9 25 88
67 4 53
4 31 69
75 88 7
76 88 5
53 94 90
40 68 34
27 76 80
80 4 59
85 37 99
99 98 48
55 16 80
12 62 96
74 64 45
77 47 32
77 60 54
91 27 35
98 79 88
85 13 53
80 66 36
75 62 10
39 66 31
31 48 33
40 27 63
26 72 79
40 100 57
52 75 4
9 40 81
54 56 80
79 90 96
40 88 1
94 15 14
95 24 87
77 73 59
36 10 34
36 52 37
43 9 10
48 41 33
39 47 97
35 80 18
52 90 61
27 32 100
38 66 36
70 79 5
65 96 94
29 5 45
75 75 28
49 30 68
26 6 50
94 77 19
98 37 64
66 99 97
90 73 24
35 30 90
7 20 55
40 85 79
13 45 66
56 100 43
1 60 75
95 36 18
7 3 95
45 30 55
63 13 52
15 18 22
54 24 95
17 70 48
5 22 47
65 15 84
18 45 57
75 3 31
35 75 16
16 28 31
47 25 99
37 87 88
43 69 80
100 35 38
10 54 80
67 95 75
50 85 52
20 53 2
13 55 21
83 16 22
43 28 75
92 92 11
61 11 1
41 56 97
85 25 66
66 19 21
98 9 71
59 25 53
88 15 62
5 56 50
18 96 81
66 77 26
33 40 17
93 64 32
57 98 41
69 86 42
39 100 50
35 8 17
30 48 86
56 11 53
95 32 72
34 38 70
68 15 20
27 24 18
12 9 27
15 21 42
44 39 11
24 24 99
45 92 47
33 10 33
37 46 55
62 39 25
97 53 11
19 82 29
93 73 97
46 50 4
37 7 22
9 11 32
27 85 29
30 43 50
42 94 46
68 94 48
65 95 83
14 46 78
38 91 18
10 72 4
92 78 20
15 85 83
55 65 71
61 52 2
46 7 60
93 88 16
51 79 7
10 100 7
56 87 45
46 72 2
20 7 54
24 65 90
99 40 26
4 13 83
44 70 15
84 17 15
58 90 81
14 56 32
15 84 94
60 24 97
1 75 76
28 8 38
59 12 15
81 56 24
29 1 82
41 77 33
39 3 99
14 51 26
43 67 76
77 22 44
59 31 76
23 30 68
29 89 22
60 89 31
95 45 54
74 16 47
7 97 31
34 30 77
69 69 31
27 79 2
97 80 88
23 61 26
22 53 60
80 53 100
16 15 65
30 76 69
76 11 97
80 91 76
36 69 54
15 11 80
65 83 72
70 56 73
72 22 18
4 59 3
17 56 75
61 44 13
38 43 75
73 82 66
96 33 96
58 56 87
39 3 66
81 30 21
10 69 45
20 78 41
53 34 26
83 26 84
16 30 8
45 73 92
4 1 57
67 41 81
98 60 37
80 100 50
86 100 67
10 27 98
27 70 15
22 80 91
41 95 99
8 46 48
25 37 52
76 33 34
14 44 75
42 66 99
55 75 37
30 51 71
98 79 69
96 58 2
25 98 40
57 46 15
65 14 40
54 90 30
28 33 81
63 16 52
35 75 95
23 75 44
77 57 66
40 22 73
37 9 23
90 91 39
17 65 55
53 5 50
27 91 28
14 14 78
41 75 69
46 48 93
94 58 69
76 91 6
88 52 69
44 82 75
13 77 33
23 49 59
23 92 43
7 24 29
12 12 62
37 6 85
81 87 45
53 98 34
38 9 63
95 59 39
67 16 11
92 85 89
80 83 18
6 73 72
85 50 5
60 31 7
83 87 64
19 96 77
53 73 3
40 91 28
69 18 39
83 85 4
47 98 10
45 96 9
67 97 76
100 90 27
77 86 71
80 34 40
21 17 14
38 36 92
68 53 4
17 72 75
96 91 87
59 15 40
60 88 1
34 20 38
47 99 54
15 46 33
36 80 57
13 74 12
3 39 3
45 61 62
37 99 1
7 61 41
62 97 79
86 62 27
33 37 32
79 30 63
83 41 74
76 18 36
36 67 100
65 68 61
59 46 27
76 92 5
84 63 90
30 51 96
71 35 15
2 92 56
19 2 99
64 49 53
26 67 57
3 46 96
52 94 46
33 4 100
84 16 73
29 5 100
22 36 91
15 22 52
11 76 43
100 81 19
65 93 33
17 33 21
1 73 31
83 53 73
85 88 49
53 19 55
65 28 53
86 59 54
29 89 47
59 72 49
84 24 82
83 39 99
60 24 83
32 5 45
22 49 60
29 29 59
67 54 83
34 20 96
6 99 3
2 54 73
1 19 90
74 23 9
76 60 43
78 98 15
70 76 59
51 49 50
53 90 12
32 97 28
87 62 27
34 11 100
43 2 31
56 91 73
40 11 91
72 1 43
52 91 88
78 58 91
20 35 38
79 85 4
4 77 14
65 35 14
40 11 80
79 70 98
63 81 94
54 81 14
11 11 72
97 2 32
79 87 37
17 22 28
73 25 56
91 32 76
54 31 54
20 62 40
72 5 99
65 64 66
80 15 40
45 66 75
36 36 3
85 67 52
33 35 68
1 6 22
5 4 52
58 37 32
41 66 39
88 65 10
71 21 23
41 73 18
44 99 54
22 63 21
51 66 18
43 21 9
64 49 60
1 20 65
30 53 28
77 23 81
59 5 66
69 18 97
59 21 12
76 11 24
49 16 100
11 78 63
78 22 3
45 82 24
44 35 62
46 12 33
51 43 44
57 92 57
25 42 78
54 4 64
21 25 60
34 76 16
54 32 24
96 76 89
71 76 32
96 72 47
29 96 21
54 84 8
21 54 16
41 49 3
55 79 54
83 61 90
27 83 95
22 30 20
38 30 10
76 56 24
88 11 7
79 6 16
4 31 24
78 16 31
92 76 36
88 37 88
75 27 86
6 94 38
4 30 33
36 45 67
26 17 12
63 24 100
61 47 87
4 82 47
77 60 18
9 82 53
37 27 62
13 37 11
28 8 62
50 54 6
28 89 82
50 51 14
64 27 40
66 24 5
69 56 58
82 87 50
40 85 95
63 24 88
6 44 100
7 3 89
37 25 91
61 15 35
22 49 69
59 54 50
96 85 28
28 77 71
63 41 68
79 79 5
3 100 50
3 55 30
68 75 73
45 98 12
87 24 50
32 46 35
24 30 15
10 47 64
15 13 47
39 93 19
39 46 74
49 95 13
24 5 47
28 79 49
26 45 60
78 61 20
1 57 50
32 89 3
76 61 84
20 86 98
85 91 67
18 30 17
27 5 50
71 72 43
80 83 87
18 92 76
16 4 37
96 48 61
64 71 86
57 42 33
93 36 66
74 76 80
48 99 24
15 15 9
10 43 100
95 50 45
33 62 42
33 59 64
28 31 16
71 89 80
51 9 17
92 74 42
19 19 30
77 50 83
39 58 73
8 49 47
4 62 38
3 13 73
36 28 43
93 59 60
42 44 99
65 12 34
45 61 8
97 64 76
60 16 60
28 24 43
27 59 100
95 42 68
79 61 8
90 97 18
70 35 17
83 23 40
61 56 73
30 68 21
62 52 67
91 67 60
16 55 23
18 47 43
83 17 9
40 91 92
36 85 87
29 36 76
66 100 87
52 7 91
93 59 32
89 47 56
31 5 53
83 100 22
78 65 86
61 97 52
42 92 87
28 50 99
58 80 18
64 74 94
15 89 82
21 74 78
47 92 4
39 50 3
65 49 87
51 82 76
85 15 34
26 16 85
10 82 57
36 79 85
29 70 38
74 34 38
39 34 30
100 53 56
25 81 90
39 11 75
90 33 30
5 55 93
13 75 28
60 7 100
81 39 75
6 67 53
31 16 64
44 7 66
40 55 34
59 37 24
23 99 85
100 95 36
57 98 38
82 43 69
97 28 64
38 33 86
75 55 77
27 32 79
75 76 92
20 49 50
22 32 76
37 57 66
3 1 82
61 32 57
79 25 73
44 10 23
65 99 85
94 30 33
8 76 28
78 8 27
76 36 45
83 96 21
18 37 66
44 49 44
100 7 91
80 42 19
56 25 92
50 76 67
92 43 92
63 89 25
66 66 6
53 63 84
47 91 52
28 17 55
68 24 5
81 87 32
89 52 79
84 84 15
59 22 36
27 65 17
62 66 73
98 97 6
39 21 8
66 25 1
62 22 13
23 12 93
62 45 99
90 67 58
21 100 73
4 9 19
99 15 78
44 25 16
91 36 16
39 76 79
11 60 73
51 22 60
64 54 18
88 22 47
85 57 18
1 71 78
1 42 27
82 40 84
26 92 52
10 39 45
46 16 4
88 57 53
35 16 89
64 14 21
42 43 32
96 31 29
89 7 80
49 49 3
15 50 89
98 63 96
17 72 11
54 36 45
62 28 4
52 50 66
48 90 30
18 89 59
56 72 83
94 93 19
100 20 86
92 94 62
18 100 16
60 93 84
8 72 49
96 73 22
26 5 32
4 88 58
48 49 47
82 54 79
79 2 64
31 24 66
43 72 57
33 49 80
95 43 4
93 56 80
23 84 94
14 100 69
20 96 19
61 66 56
22 28 58
17 21 46
92 23 62
28 95 25
81 9 46
71 60 76
59 78 94
67 50 72
24 3 52
34 57 58
91 16 89
22 43 85
17 7 54
72 84 9
48 42 34
25 2 3
68 47 76
41 22 45
42 58 67
51 60 49
50 18 88
25 20 21
32 89 85
82 32 22
16 14 93
75 29 1
54 8 96
80 32 82
82 6 97
97 36 52
24 92 29
76 9 23
42 24 53
87 75 92
80 25 52
57 36 43
31 91 22
19 93 14
83 73 28
12 16 95
58 73 53
79 37 82
14 87 60
23 70 10
74 40 81
57 95 56
54 52 66
69 71 46
49 79 3
32 73 49
51 25 97
76 43 97
90 94 70
49 9 19
10 57 25
22 69 24
15 55 15
100 77 65
23 21 30
80 88 37
14 29 4
90 31 95
83 50 100
35 58 22
60 45 87
99 21 98
7 49 24
30 6 25
92 80 85
60 53 97
34 1 4
15 96 48
54 46 78
39 19 35
37 90 65
100 5 83
80 92 56
27 40 9
54 63 93
33 32 97
23 31 52
81 94 21
37 66 22
31 53 31
18 45 37
62 77 55
79 59 64
49 54 29
81 32 66
31 52 13
73 94 17
34 80 83
65 65 93
55 16 85
99 45 39
43 84 26
4 7 31
20 83 72
72 66 11
58 17 78
98 4 54
84 50 53
28 79 22
80 15 51
4 77 55
70 6 18
42 37 59
68 33 93
75 64 49
1 99 31
43 58 100
35 1 85
88 88 97
77 41 15
16 34 23
10 36 95
57 87 60
37 95 85
80 6 31
98 61 78
13 95 87
32 97 3
96 74 12
22 57 7
15 55 65
41 16 5
4 80 76
37 97 18
58 69 67
13 9 46
27 72 18
4 48 71
53 83 52
64 39 66
60 80 44
5 46 77
69 57 37
78 48 9
67 50 67
71 27 8
2 41 19
67 13 1
25 71 35
20 68 81
47 1 92
85 74 12
73 26 15
8 67 76
72 94 81
3 60 43
61 2 97
81 51 81
95 49 2
92 72 64
94 50 79
16 23 26
84 44 1
61 49 31
28 3 92
99 69 89
32 45 73
35 51 48
64 12 74
80 47 88
79 17 70
88 47 76
44 53 4
86 82 99
19 89 72
60 97 28
73 21 55
3 39 85
66 27 77
78 35 27
93 47 89
14 5 83
12 61 26
76 1 39
46 85 54
68 37 73
36 69 52
73 75 59
71 66 52
44 29 47
95 62 27
49 68 38
22 49 64
50 1 50
56 37 45
95 19 71
70 81 30
1 41 63
75 5 50
78 5 36
40 6 92
80 29 44
50 75 50
99 6 5
40 35 68
51 53 5
55 22 52
77 53 44
7 80 44
58 84 41
70 50 67
80 20 23
86 57 95
18 100 60
95 5 66
15 70 98
19 98 86
44 45 66
96 36 18
39 51 61
52 2 89
14 45 39
63 13 64
56 81 42
14 70 77
43 23 14
36 56 92
35 83 99
94 32 83
80 59 82
89 99 80
92 2 56
78 28 58
14 12 33
81 65 38
8 15 34
23 96 30
88 50 29
21 53 49
72 96 20
2 94 46
22 83 32
6 64 31
96 16 57
10 55 65
51 49 80
30 6 75
38 48 68
98 97 16
35 46 15
63 25 43
39 25 45
87 38 8
87 90 38
88 66 6
10 18 5
82 75 66
97 66 28
11 22 53
70 43 45
67 48 81
60 50 85
5 54 16
51 2 22
67 75 36
98 25 97
81 62 71
23 64 58
77 78 74
65 46 40
28 17 94
93 89 100
79 15 20
27 21 27
54 70 98
43 3 83
27 12 55
90 26 14
13 44 53
77 30 33
63 80 52
8 53 57
43 89 22
22 50 32
82 63 20
40 40 63
53 13 97
85 4 2
84 79 45
88 85 89
95 31 72
1 24 32
30 11 67
96 3 99
77 54 85
35 26 48
41 94 71
51 91 2
53 60 4
28 42 65
79 58 88
69 82 4
38 89 76
50 36 69
67 47 97
43 67 92
75 43 92
68 18 75
66 6 57
36 4 7
38 82 31
63 47 100
93 65 14
13 92 59
3 56 83
89 39 79
29 75 24
73 43 95
98 84 78
28 73 43
9 74 68
14 82 24
12 43 47
3 15 96
47 18 64
82 53 24
82 53 56
92 82 79
14 50 16
1 75 50
79 29 67
58 24 82
34 50 79
20 35 94
75 68 46
23 99 24
60 3 53
64 45 52
14 56 89
31 35 34
69 9 14
29 34 77
2 12 14
17 8 14
23 15 63
30 23 21
44 86 48
7 81 70
39 49 25
17 36 99
71 1 79
7 45 58
16 87 37
75 100 31
9 28 37
45 41 42
33 23 12
11 28 54
39 22 87
53 60 7
10 29 31
78 78 61
29 1 44
46 88 87
20 30 34
76 93 19
69 52 58
11 33 27
1 47 24
46 51 61
2 39 7
32 28 24
79 97 60
18 93 63
55 79 2
50 72 37
98 20 26
33 56 92
56 37 59
80 8 51
71 6 67
21 36 44
93 67 2
68 40 48
18 67 60
46 20 55
23 47 29
46 98 96
39 80 95
64 40 65
41 74 62
54 48 21
16 17 14
15 4 67
17 80 97
78 78 96
7 43 87
61 37 75
36 26 30
83 31 16
5 67 18
45 63 38
6 85 11
77 33 74
32 78 93
71 88 52
49 79 80
45 70 15
35 36 57
30 2 29
16 54 28
79 29 99
44 18 47
76 56 44
60 1 69
79 2 13
4 9 68
93 9 46
85 48 68
31 75 18
54 70 62
12 21 12
17 6 28
21 18 39
23 75 83
60 78 68
2 28 76
72 92 24
2 29 64
90 37 24
45 56 64
85 41 93
94 61 10
86 5 88
10 11 18
76 55 30
10 76 57
89 12 98
60 40 93
94 3 91
77 42 35
61 99 16
72 7 80
70 55 63
90 69 80
70 65 27
80 78 84
14 19 86
25 1 28
84 92 54
75 12 33
38 4 54
55 9 78
95 21 20
20 18 16
78 1 97
32 32 43
64 58 52
43 21 35
79 61 94
34 70 65
96 69 79
40 65 19
38 85 80
85 22 83
23 69 57
32 81 61
72 35 71
64 81 23
9 45 69
98 77 19
89 49 37
28 80 92
1 97 87
49 24 2
26 37 28
79 12 55
36 96 93
43 11 29
66 39 87
76 30 15
42 67 43
78 39 47
10 49 7
75 33 40
93 83 59
53 13 66
19 85 44
23 72 91
48 76 64
12 10 68
11 57 16
78 92 16
62 68 74
77 81 12
68 94 68
80 13 22
83 58 44
66 51 21
2 65 33
64 52 54
14 82 87
80 24 59
82 78 35
16 75 52
54 67 64
62 36 53
27 26 8
28 45 92
43 90 77
2 1 25
56 33 63
47 94 23
53 54 53
12 77 35
25 14 81
31 2 57
5 92 36
16 100 13
56 35 23
60 60 91
95 70 48
56 51 93
18 75 31
5 67 66
67 72 24
32 59 24
6 71 34
18 19 17
100 74 81
66 43 72
97 56 66
40 61 65
91 92 25
58 70 23
24 27 9
54 67 69
47 41 70
35 69 7
65 4 37
59 25 91
50 63 12
100 97 58
4 60 39
81 76 54
56 96 21
55 89 64
75 57 54
36 65 38
97 11 76
1 92 72
36 27 98
99 40 61
4 62 78
1 65 77
88 43 97
29 22 45
37 71 8
22 36 52
62 67 80
73 19 35
69 39 13
26 3 88
24 5 83
74 40 26
83 33 78
33 89 47
17 54 64
95 86 27
94 3 45
82 88 79
84 99 67
33 67 53
45 19 41
57 73 87
73 57 49
88 77 8
82 98 71
38 96 55
42 47 72
82 42 26
54 31 76
56 21 35
39 92 58
75 90 12
15 100 97
48 11 89
88 50 24
4 31 95
2 67 44
83 37 29
80 89 29
37 53 44
55 46 93
22 13 36
12 88 39
62 43 28
90 36 83
92 60 37
33 33 65
49 51 74
71 25 97
19 63 40
83 76 80
99 19 38
95 67 80
97 13 56
87 99 88
11 24 89
54 10 12
22 21 90
94 95 99
5 80 82
26 90 15
37 32 45
12 31 100
26 7 79
95 88 24
50 39 83
27 28 45
82 28 79
32 92 4
40 9 48
64 92 59
3 48 84
17 74 34
83 73 99
56 64 92
62 23 40
75 39 97
57 24 67
91 85 49
43 31 32
94 39 97
37 75 24
9 52 99
50 23 27
40 1 11
10 99 76
59 4 36
61 76 79
59 96 38
60 11 25
37 75 82
51 65 81
13 100 32
40 1 3
40 76 16
49 60 83
55 74 55
51 85 89
99 19 51
60 71 17
24 30 8
67 47 82
30 78 84
88 89 29
35 70 40
12 60 47
65 88 67
54 2 13
14 13 87
64 100 5
49 27 98
32 2 100
29 93 30
12 87 28
12 59 79
21 61 93
18 85 100
76 17 30
83 32 7
77 74 12
92 100 56
30 3 28
93 14 96
18 4 49
82 79 28
32 50 66
42 60 5
81 47 53
72 5 6
44 1 57
35 72 92
95 50 85
17 33 62
71 5 47
50 94 26
36 32 83
21 75 59
24 63 9
56 25 67
31 3 73
87 59 43
59 52 11
2 73 57
3 59 79
75 3 73
43 77 68
96 47 2
20 35 65
37 69 80
2 97 39
71 7 67
19 64 22
75 40 23
34 54 92
97 76 75
75 97 32
94 8 68
72 48 71
25 24 39
17 83 18
15 3 16
52 79 31
84 34 15
23 52 54
82 73 3
38 49 47
63 26 17
61 100 59
53 45 53
37 39 43
15 93 98
4 6 53
74 27 65
12 6 3
82 13 89
25 11 56
36 89 66
76 18 64
51 47 95
77 46 96
78 57 52
37 7 100
26 27 23
49 14 35
64 8 84
85 55 78
63 60 67
49 50 91
95 33 94
13 96 15
14 13 69
19 40 62
3 76 79
98 5 87
83 1 72
73 78 19
10 2 32
30 6 18
61 31 44
54 63 96
93 74 38
79 87 83
8 57 99
93 80 99
3 94 34
100 53 37
88 63 15
75 53 43
14 29 80
2 3 75
65 76 83
86 47 16
19 80 88
61 4 3
56 33 42
22 29 57
15 13 24
43 89 66
79 26 15
54 70 71
71 59 72
3 2 32
83 38 77
25 15 46
43 57 53
68 25 3
98 56 58
41 76 95
4 43 99
84 15 90
27 16 25
22 44 52
50 20 19
11 13 36
23 60 5
83 28 88
58 80 52
88 91 54
63 52 67
25 71 23
61 27 14
35 36 47
28 49 91
58 20 35
47 69 22
87 32 22
63 2 72
83 85 2
39 99 100
19 76 53
76 90 19
63 31 7
25 77 94
4 18 5
91 1 87
57 1 2
96 50 45
8 55 61
79 56 67
63 93 33
67 18 45
60 53 5
68 71 35
4 31 73
49 69 92
28 94 77
77 68 55
52 99 53
9 12 62
34 80 18
58 92 60
46 14 63
93 53 4
70 52 44
87 69 83
39 47 97
91 94 65
28 27 19
41 41 8
60 2 72
54 12 46
79 76 59
86 89 97
92 50 83
48 47 76
65 46 30
27 71 34
46 76 66
74 69 16
70 49 43
73 50 13
52 66 50
35 60 44
41 100 16
26 92 66
45 67 100
68 29 50
35 80 76
99 83 53
17 28 50
62 1 59
60 40 94
93 2 18
5 68 84
7 8 77
12 15 17
17 91 37
38 88 59
57 32 53
68 98 27
53 67 79
95 17 46
45 55 70
62 31 29
33 85 69
65 17 62
92 40 17
92 82 80
82 72 6
4 4 80
98 72 36
100 24 60
85 49 92
46 40 71
77 93 34
46 25 18
100 6 95
81 36 72
7 51 63
39 4 13
88 35 98
57 50 24
84 82 36
54 80 89
4 92 57
29 65 30
75 76 31
45 21 63
69 59 32
83 45 80
26 11 58
48 48 38
94 54 75
12 46 65
8 16 28
77 63 33
39 88 16
68 88 31
27 93 55
61 35 62
66 76 3
88 8 61
48 29 100
24 10 94
73 77 19
24 67 24
44 64 95
93 79 6
96 47 67
21 74 19
75 48 98
5 29 60
90 32 75
86 27 15
89 35 55
72 27 74
14 34 74
38 90 86
65 47 82
69 54 37
86 97 5
53 6 25
66 68 10
98 42 21
31 20 90
5 29 3
68 80 45
83 77 71
56 90 12
100 12 84
9 87 2
99 37 57
11 43 56
66 73 79
34 1 95
60 61 81
29 21 96
78 41 27
6 87 69
55 77 33
74 93 41
66 13 4
36 53 75
86 50 66
83 29 54
65 10 61
30 58 67
68 61 10
37 53 22
50 20 23
80 89 64
34 99 32
85 12 77
70 66 16
16 80 11
72 45 28
79 6 100
74 69 50
44 3 54
41 51 98
12 92 11
17 87 49
70 64 97
25 54 88
65 73 58
28 66 60
62 95 22
99 31 59
99 80 49
48 64 37
39 79 66
49 58 64
98 83 88
66 87 43
39 55 48
62 13 100
88 89 54
6 27 65
8 96 61
84 38 23
8 16 37
11 17 40
13 54 49
89 3 32
62 46 74
5 69 39
66 45 52
11 54 87
17 52 72
82 88 95
6 29 59
91 85 67
64 19 90
56 40 23
2 99 4
82 29 49
34 16 89
30 71 77
20 54 72
100 39 28
41 28 89
62 54 11
100 75 88
75 100 75
46 57 45
82 78 71
4 25 5
15 45 75
83 34 74
99 31 13
78 79 18
67 14 10
64 70 62
79 64 67
7 60 11
52 56 59
59 52 79
11 56 79
41 37 43
65 14 98
63 79 95
46 84 77
19 29 66
75 60 54
66 72 25
35 27 90
88 62 78
21 16 80
49 23 41
75 6 60
24 5 89
57 69 82
35 48 33
77 51 17
7 83 1
45 90 84
16 14 12
5 81 63
33 73 83
23 90 98
67 89 83
90 75 11
61 15 33
47 24 36
96 28 72
9 8 51
88 74 55
100 18 24
6 10 9
34 41 10
52 87 4
9 78 20
10 58 6
71 10 61
24 14 48
69 22 52
94 82 31
33 8 14
10 75 72
45 60 69
13 75 11
65 37 36
18 10 51
76 50 39
68 49 87
35 97 5
12 11 7
93 5 37
41 55 14
26 81 23
87 57 39
71 52 39
96 54 52
84 24 91
47 26 62
69 97 99
24 64 73
54 99 58
48 100 4
6 92 28
63 22 79
8 95 2
60 36 56
23 66 67
100 11 82
37 1 64
8 17 74
90 63 70
37 30 33
19 58 87
55 85 73
2 23 33
79 91 66
43 56 45
42 68 20
35 15 34
82 39 75
37 51 20
30 57 56
98 18 36
56 98 68
30 92 83
72 5 25
14 99 50
66 2 53
36 71 35
90 56 4
2 63 26
15 66 6
9 99 31
31 37 22
30 26 12
8 28 92
75 54 32
22 18 88
92 10 71
28 5 45
14 97 89
44 45 29
54 99 44
85 95 52
89 65 8
45 71 55
22 1 54
44 71 86
49 92 56
68 6 69
12 24 28
2 56 18
23 28 39
18 97 4
87 12 10
95 22 87
32 1 49
70 32 6
79 76 88
83 15 26
16 26 12
1 60 73
52 25 69
20 12 70
71 40 8
86 58 88
42 97 44
23 54 45
50 56 3
75 71 74
64 46 55
43 65 63
40 62 74
91 57 95
11 75 16
44 95 36
42 55 94
16 32 50
47 86 81
35 90 8
97 73 43
53 58 22
29 66 73
62 21 78
61 59 97
88 17 65
57 9 12
64 47 54
69 47 1
29 11 75
7 22 88
41 32 36
32 30 46
94 43 87
39 7 1
70 58 64
50 80 43
27 24 92
18 49 88
24 71 42
20 97 50
93 69 72
94 7 45
24 7 72
42 21 81
25 7 92
73 1 54
62 62 63
36 44 88
6 4 24
47 71 93
46 41 71
55 91 47
4 3 44
38 33 38
80 19 74
69 54 45
97 27 77
77 19 17
76 7 32
98 28 18
9 69 87
77 67 57
78 49 56
11 83 29
38 96 51
36 5 66
87 84 74
28 85 18
49 48 40
95 44 73
97 44 88
85 21 10
29 57 82
62 22 69
43 91 89
76 27 90
68 22 88
61 58 79
92 77 14
67 30 19
44 58 88
21 59 16
21 92 100
68 87 50
44 2 32
75 24 67
59 68 23
82 75 43
3 80 47
18 49 16
18 47 7
14 25 52
13 63 74
80 36 29
28 31 54
49 65 61
96 90 65
84 18 57
95 35 33
71 8 62
61 100 32
39 25 7
24 58 4
86 77 19
69 76 87
71 88 25
91 23 62
14 21 15
80 62 34
95 22 25
81 10 96
14 81 96
40 4 88
44 67 44
66 10 40
8 78 71
20 79 36
93 16 50
19 53 89
85 89 7
50 56 22
66 52 89
63 28 54
80 57 82
99 84 8
16 33 26
61 22 64
64 16 95
95 3 5
63 17 96
73 36 89
80 9 96
21 42 77
95 7 37
99 53 99
87 52 67
88 23 42
92 70 51
32 92 54
45 57 22
12 53 45
32 28 1
21 88 64
1 93 86
99 54 5
72 2 47
64 72 88
77 14 30
84 22 44
59 37 100
27 87 91
16 87 82
11 80 32
37 100 13
90 95 79
23 38 84
6 90 20
89 5 50
65 85 99
9 62 77
4 97 16
24 66 31
42 4 44
82 96 70
20 89 82
44 13 7
82 15 46
65 76 50
3 81 14
60 77 27
29 17 21
51 73 16
78 46 84
25 10 27
99 83 5
29 5 67
75 21 26
74 72 5
94 24 85
85 50 60
47 74 84
14 9 86
59 10 34
22 13 49
80 30 81
41 38 34
90 95 69
25 36 100
33 92 89
3 35 15
50 33 98
39 59 7
79 33 46
13 92 76
92 34 48
73 54 1
99 32 87
46 43 82
61 82 60
48 97 24
33 51 12
19 56 83
93 26 15
10 85 54
20 66 73
95 67 95
53 87 91
81 96 68
95 42 61
76 44 95
94 32 97
52 90 40
79 95 72
86 5 89
18 47 83
80 100 22
46 89 85
33 4 66
35 3 6
91 11 49
26 51 86
17 42 81
62 49 22
30 57 100
44 29 5
11 37 4
28 49 88
43 66 18
100 55 30
55 11 80
30 51 93
4 90 8
99 43 58
75 58 50
75 94 33
35 53 67
37 80 66
90 94 20
88 88 16
30 44 18
81 14 33
64 3 43
91 14 86
97 69 97
99 30 33
34 64 88
85 10 48
27 1 67
60 3 79
95 61 23
57 47 58
65 32 53
72 41 55
63 7 60
37 71 9
8 84 62
86 93 96
89 38 93
39 72 24
48 73 18
90 8 77
67 69 53
31 34 74
21 48 68
23 3 24
10 21 77
48 51 98
5 89 49
30 70 40
94 39 6
41 25 69
35 36 79
22 94 96
97 12 63
58 57 43
31 74 96
25 69 64
68 91 57
91 72 100
55 62 70
74 41 68
82 11 91
48 60 82
17 27 61
89 45 100
47 59 6
99 37 53
70 34 26
10 94 48
93 88 91
16 90 98
43 59 2
94 66 54
47 23 41
62 4 11
7 66 80
81 21 15
12 10 51
17 14 63
8 9 33
50 34 94
30 88 59
67 56 59
20 59 66
37 35 55
78 81 20
9 93 10
53 53 13
35 19 61
7 20 27
32 93 86
50 12 96
32 1 54
97 47 50
31 88 44
54 67 52
85 33 61
33 14 33
72 57 56
64 85 76
89 79 59
89 60 18
57 35 17
9 52 39
33 83 82
54 58 75
23 92 45
22 50 53
31 3 89
4 89 7
68 94 12
19 85 22
93 91 44
100 39 52
44 4 95
25 39 80
44 96 42
21 8 34
97 88 24
7 63 71
13 83 80
98 21 71
59 62 86
21 54 45
73 3 88
88 4 49
18 3 25
69 42 84
73 75 29
58 58 3
89 58 13
54 52 92
83 31 44
45 66 49
90 77 9
52 79 59
53 72 85
65 12 41
53 93 10
62 26 42
50 35 26
67 21 63
3 29 60
69 69 60
14 82 58
65 88 100
71 61 55
69 33 17
52 93 55
7 15 21
40 53 31
27 19 48
73 52 32
83 39 69
11 98 23
13 69 97
36 65 38
60 100 82
65 57 100
94 96 41
44 30 34
21 78 14
39 40 96
35 98 78
41 87 67
82 34 90
57 72 50
2 44 97
40 81 61
54 61 35
57 37 5
17 67 47
91 69 59
61 92 99
12 92 24
72 54 83
92 36 1
20 92 97
9 51 98
25 68 30
1 80 54
17 72 37
75 45 7
23 49 73
64 39 95
9 59 87
91 17 78
48 53 56
10 39 59
99 37 76
72 11 52
52 28 3
42 28 60
29 36 29
33 59 97
35 45 88
79 87 49
9 66 11
36 80 11
23 37 43
45 55 61
34 89 28
46 70 78
47 68 84
11 23 81
84 9 94
10 100 72
68 71 86
6 82 49
35 36 50
35 67 54
35 32 72
60 57 54
37 67 72
7 63 93
4 22 75
31 57 31
45 36 85
63 36 2
94 88 6
30 41 9
1 95 6
99 48 9
16 80 53
73 59 92
92 100 59
48 70 71
93 41 8
49 97 89
3 37 75
11 33 41
42 81 9
30 58 88
90 3 76
77 6 95
15 2 29
66 83 47
10 98 77
65 91 5
90 7 22
82 63 21
29 71 81
17 35 78
70 50 29
36 31 2
39 56 39
88 45 18
56 48 40
23 74 34
82 97 7
9 33 71
4 21 98
55 36 7
59 11 73
61 91 88
54 75 49
4 53 52
90 28 60
60 85 2
98 20 23
88 96 93
36 69 89
61 57 97
60 89 85
25 81 98
96 94 48
46 65 74
68 4 29
50 100 92
1 76 39
22 60 32
71 35 27
87 66 85
88 14 78
65 13 37
1 42 8
62 100 3
35 25 99
13 7 64
96 45 2
95 39 58
83 54 49
66 22 36
56 75 16
76 42 10
73 12 8
79 51 93
70 35 77
64 53 13
7 41 33
34 41 40
67 28 53
4 57 58
86 78 84
60 12 34
90 4 3
59 76 7
77 65 8
98 25 18
13 45 79
94 20 74
17 15 40
55 60 4
75 81 86
61 36 95
46 34 84
23 41 65
86 47 31
55 1 91
4 31 76
74 91 36
34 18 64
1 64 56
89 56 83
62 47 4
78 100 36
91 4 49
7 5 4
38 68 48
29 68 55
40 69 72
73 2 89
18 47 29
81 7 6
11 4 7
14 34 20
86 56 80
24 68 77
39 53 24
53 3 95
34 96 48
19 62 63
64 49 2
38 79 64
47 81 23
24 71 21
29 71 19
74 14 62
25 100 92
62 55 19
91 26 21
94 95 67
4 25 54
87 53 60
18 29 67
94 95 1
85 58 4
59 72 11
35 52 36
14 1 3
90 1 37
46 15 46
64 34 10
13 89 22
73 80 1
42 67 39
72 69 97
9 20 30
75 25 85
63 46 62
14 31 22
64 63 8
72 2 85
8 87 28
18 9 74
37 92 100
7 69 59
32 51 65
58 94 10
13 67 32
48 29 89
85 16 69
34 47 79
50 60 36
82 14 96
20 3 32
85 93 96
25 81 40
70 90 34
80 99 7
54 73 18
65 9 34
75 63 40
52 82 57
10 74 20
86 77 51
3 22 91
67 75 52
96 75 91
32 81 48
63 4 99
60 75 2
14 93 81
77 96 21
50 7 16
90 21 14
95 92 16
95 3 16
29 4 18
29 39 32
25 28 3
25 10 81
3 28 79
54 89 37
25 32 37
52 17 27
10 9 26
78 74 84
83 73 2
64 89 52
4 27 84
68 53 43
14 81 33
79 100 44
15 47 1
56 44 31
53 96 34
43 10 27
30 49 25
1 45 99
28 44 97
12 15 19
44 4 11
17 79 22
74 41 55
89 57 45
72 22 85
86 76 59
22 43 45
40 2 88
82 62 33
99 19 40
9 13 49
63 25 97
96 69 13
78 22 11
23 16 24
53 31 54
24 31 59
75 100 50
79 52 57
52 33 77
25 3 6
29 6 11
36 7 39
18 92 24
39 2 80
16 14 12
58 99 11
66 4 44
74 72 18
83 100 1
90 92 59
47 80 2
29 38 40
39 56 88
28 24 25
98 77 8
36 14 23
22 31 83
68 64 43
11 76 11
76 92 31
39 83 72
52 55 65
3 53 87
79 14 78
66 14 77
16 80 88
60 73 91
12 56 92
13 84 17
11 47 54
72 41 90
41 10 8
66 36 45
22 41 68
20 25 13
58 44 64
95 18 88
5 18 53
75 96 63
59 59 57
18 40 15
21 87 44
85 64 100
34 74 68
58 95 24
55 11 76
47 8 34
97 97 53
40 7 6
11 77 19
26 48 41
20 55 8
34 28 80
3 32 82
45 12 55
73 64 39
77 54 4
91 40 55
19 68 62
75 19 98
20 94 9
48 75 82
47 89 4
75 5 47
95 3 36
71 59 79
29 57 6
70 60 80
10 1 11
93 80 79
34 17 94
59 13 64
88 11 97
89 87 43
85 99 13
38 91 66
89 29 97
53 58 31
40 52 92
67 28 69
27 60 45
59 1 72
2 95 5
79 33 78
100 97 76
9 92 56
1 9 78
23 43 53
9 52 49
69 3 60
93 98 26
90 51 35
99 15 63
39 42 63
89 44 85
83 38 17
6 19 34
42 14 34
8 38 71
83 92 16
90 12 14
93 4 72
83 40 34
93 80 54
81 88 59
4 80 36
5 25 87
94 40 21
26 71 21
17 21 20
21 81 33
48 48 23
1 78 27
33 22 4
69 62 40
2 100 31
52 4 49
54 7 5
33 54 22
66 81 15
9 17 46
74 76 80
31 26 35
50 9 98
19 42 96
38 86 46
36 82 66
53 12 35
27 33 90
93 75 43
31 44 36
19 36 69
53 69 49
98 57 79
43 37 43
93 41 55
69 56 43
94 5 85
81 59 39
59 88 49
26 36 75
49 57 4
76 28 29
84 81 51
18 41 34
81 71 90
97 43 52
96 38 77
4 47 7
72 73 49
69 32 31
68 97 56
86 30 86
100 70 12
42 54 29
21 5 49
4 16 76
67 47 88
15 24 18
89 22 92
47 59 32
26 99 69
37 5 1
24 83 18
43 71 33
25 49 79
23 29 80
10 29 85
14 87 59
25 37 56
30 25 37
3 28 37
43 7 53
62 33 10
92 27 63
61 35 68
69 61 17
10 41 14
65 47 22
92 46 35
27 11 59
68 54 91
37 58 16
86 75 4
30 79 72
88 35 46
39 60 16
37 74 34
6 38 17
94 29 85
56 59 88
12 93 77
3 80 66
78 52 7
16 22 18
28 54 100
17 59 85
94 8 90
75 95 50
59 45 39
85 75 31
28 51 33
23 74 15
49 44 37
92 28 80
93 87 73
72 59 28
64 88 24
84 44 75
20 89 28
78 24 59
41 71 93
34 62 27
83 80 4
74 100 1
95 39 54
14 62 19
81 16 66
46 93 40
5 45 79
39 45 24
8 56 76
61 37 13
3 100 11
75 80 83
51 58 24
34 77 46
65 21 38
83 72 2
41 44 64
30 97 50
69 46 9
16 95 57
36 94 12
68 81 74
45 27 10
63 33 77
27 36 100
88 49 76
88 52 5
47 99 25
78 72 76
45 1 82
78 39 49
1 70 90
61 62 17
82 66 4
9 50 91
5 61 70
42 5 56
25 98 86
15 13 45
92 74 15
14 87 59
68 56 7
8 52 47
83 81 68
26 72 88
19 26 74
77 11 36
31 33 90
29 44 88
44 7 43
64 68 40
41 7 88
88 32 37
71 12 74
71 51 23
62 46 84
43 6 7
71 44 97
57 72 64
74 45 37
97 79 1
12 69 13
8 88 59
88 12 20
53 41 61
50 16 11
57 24 80
31 38 14
98 49 75
14 80 92
63 95 73
63 79 80
24 1 2
72 95 49
66 10 62
20 33 15
20 52 72
6 91 88
30 4 87
98 57 58
25 78 94
85 57 76
2 22 44
33 48 81
62 13 31
16 67 6
47 32 95
31 1 64
31 88 87
15 100 76
71 34 65
79 99 89
80 17 86
49 85 11
14 15 46
65 19 21
31 64 37
80 72 80
49 47 44
47 17 38
41 50 67
97 40 96
99 31 2
70 64 3
48 89 97
14 52 45
1 15 51
16 72 66
31 49 67
51 50 43
66 70 26
94 14 98
84 64 100
10 61 17
28 29 75
85 73 57
15 42 27
55 46 23
99 43 99
91 13 1
23 64 45
27 74 41
21 57 3
28 17 19
24 97 88
54 53 7
23 47 56
30 72 80
39 75 29
81 44 57
76 96 70
14 24 73
12 87 80
15 90 33
46 79 92
65 25 31
78 52 73
17 54 100
69 33 46
66 34 86
17 67 3
92 5 92
72 64 73
53 74 34
88 71 70
30 72 31
66 5 25
97 15 61
68 28 59
89 5 73
70 18 99
46 17 62
20 60 16
60 87 29
24 9 40
59 50 31
75 91 83
15 23 20
5 51 86
93 63 34
57 87 92
84 64 31
34 51 46
1 84 46
81 80 59
44 38 86
86 3 31
98 16 56
25 14 9
56 50 45
77 2 76
60 15 10
53 31 4
95 43 79
66 62 33
70 53 32
1 57 56
45 19 34
93 72 24
61 39 13
81 54 36
69 73 24
69 19 71
34 85 4
21 83 49
81 95 1
55 4 6
2 55 8
42 2 92
29 13 69
31 25 87
70 71 9
33 83 45
34 100 88
85 53 31
82 58 76
10 95 59
73 27 86
49 10 61
91 74 35
71 14 40
77 43 64
19 55 40
50 31 91
76 22 82
44 25 100
22 44 7
8 97 50
19 50 67
73 5 54
62 58 11
55 8 94
16 64 31
23 41 20
50 10 74
28 66 36
19 2 64
34 39 89
47 20 77
13 100 69
86 94 9
77 50 44
52 95 80
32 64 7
21 23 61
33 60 89
76 81 20
87 73 82
85 50 47
3 29 83
69 52 24
67 42 78
34 8 33
49 59 53
84 68 10
20 74 23
21 82 97
2 82 72
12 43 44
75 18 79
26 16 13
21 67 73
94 40 93
79 55 17
96 42 77
39 82 53
84 47 29
15 58 25
46 33 35
31 91 18
74 34 27
18 81 46
94 28 83
67 38 48
69 39 18
30 88 13
83 38 93
48 45 24
94 90 33
76 97 32
42 82 32
2 82 36
59 80 3
24 53 39
42 27 62
16 65 17
81 23 40
59 49 13
25 7 80
35 55 15
33 3 57
46 72 1
98 100 44
85 97 87
96 15 74
10 77 93
91 76 79
61 64 43
61 8 26
77 18 4
15 6 67
87 59 100
19 41 78
81 80 3
11 72 89
91 11 87
32 56 3
84 66 3
2 41 40
47 58 69
96 31 39
69 93 48
46 81 93
21 1 72
15 96 9
70 69 79
2 87 25
10 31 13
55 63 14
44 29 28
38 28 16
83 18 44
76 55 51
40 50 24
39 12 62
77 27 46
38 22 28
29 22 67
98 59 57
90 4 67
40 76 28
96 75 88
100 72 92
29 35 15
30 8 94
58 42 21
80 48 20
43 80 39
78 18 29
6 2 100
51 91 45
78 67 100
36 6 66
86 76 2
54 86 33
60 89 6
8 35 68
61 46 90
71 75 24
82 82 31
47 2 59
39 99 76
49 95 66
88 16 79
93 15 77
52 8 41
41 41 40
24 10 23
5 75 32
54 85 3
57 85 92
42 27 33
5 67 100
35 47 28
13 24 6
78 15 96
49 85 79
68 84 98
16 96 23
12 87 53
48 13 82
94 7 43
100 83 3
20 100 60
90 100 44
59 73 95
17 44 31
1 51 17
87 47 88
74 16 69
48 86 70
31 16 91
95 100 13
56 1 47
76 78 20
16 85 25
76 4 52
90 16 53
23 34 20
98 30 46
90 98 35
97 58 99
72 69 53
93 35 62
56 25 53
10 89 97
72 30 96
61 58 54
24 37 18
26 64 57
80 86 35
47 4 83
98 68 9
26 23 98
80 30 14
10 88 3
80 5 32
6 67 31
96 82 11
82 57 11
13 64 53
2 4 37
79 92 16
76 98 10
96 82 56
98 44 91
50 28 73
29 23 8
65 26 46
10 60 100
52 21 94
34 47 37
52 35 41
63 74 62
96 36 24
75 93 15
44 67 25
8 45 7
73 35 96
24 64 31
62 64 80
1 56 64
47 33 21
77 68 40
48 57 36
86 25 3
32 78 33
24 64 6
42 100 83
80 70 68
80 64 6
66 70 17
49 17 38
24 97 36
32 86 98
88 76 29
72 41 51
63 43 47
68 94 8
80 42 21
9 73 6
29 16 88
28 56 75
53 99 83
67 25 47
87 27 55
25 37 49
41 64 97
41 19 84
80 34 63
8 87 37
29 21 23
3 7 11
11 61 40
27 86 84
19 67 64
78 87 64
11 17 98
6 59 43
45 4 59
45 27 26
62 99 1
66 2 58
49 87 97
33 88 80
22 51 23
72 36 79
1 51 46
69 11 16
27 86 20
65 13 11
65 30 26
1 75 57
39 82 44
80 80 11
46 39 66
100 49 7
34 1 75
18 15 40
50 63 46
7 26 27
6 90 68
82 77 20
36 83 76
34 80 95
62 50 3
21 35 38
87 91 45
53 98 41
94 77 55
76 5 47
30 26 65
19 73 4
32 54 99
20 47 49
18 94 40
18 90 55
60 67 75
9 69 73
62 62 8
17 21 23
87 33 93
25 34 14
94 69 67
30 46 55
11 80 75
27 8 68
78 93 96
63 52 85
63 44 37
44 45 43
15 45 100
62 51 27
48 98 51
15 92 24
67 65 98
17 59 54
75 57 56
45 85 69
50 13 92
91 64 31
66 5 56
12 71 8
83 52 29
40 81 23
35 32 73
4 30 78
50 83 2
38 5 47
39 28 1
19 85 87
61 58 50
71 79 75
72 40 94
63 20 65
48 71 68
29 82 29
26 37 43
6 43 29
62 69 11
98 86 77
15 23 42
71 95 43
76 51 84
44 44 13
27 45 66
67 18 67
8 97 75
26 80 1
57 28 80
30 50 39
88 31 64
26 78 30
12 97 32
17 93 38
59 84 14
67 84 63
96 27 74
9 76 11
59 100 79
27 38 74
29 70 30
33 80 36
69 18 88
67 36 45
13 58 47
2 63 94
20 41 65
23 27 33
43 90 74
15 89 64
38 36 59
19 56 47
55 71 55
86 58 67
38 74 21
29 45 13
31 15 96
2 93 90
30 4 22
43 100 43
86 57 82
43 42 93
1 2 45
28 97 36
7 44 58
36 45 16
40 35 34
27 2 45
93 7 75
35 3 13
80 11 53
32 88 89
27 72 91
82 59 5
12 66 7
60 62 46
32 90 46
38 27 42
91 15 30
87 99 3
45 39 13
35 12 19
18 91 25
42 74 71
22 86 46
83 6 28
7 43 52
97 6 47
79 17 74
63 67 69
62 57 18
9 76 75
45 81 77
14 85 97
4 34 20
19 95 56
40 46 65
26 90 65
54 51 98
37 31 91
49 78 20
78 74 77
96 74 55
89 13 50
38 72 57
8 50 64
76 45 50
22 47 72
93 87 95
64 82 32
30 59 25
17 72 25
33 60 66
5 11 72
2 95 31
1 13 99
99 13 58
16 67 52
46 49 54
30 85 52
80 63 74
57 73 24
43 21 61
71 76 43
28 44 52
61 71 26
28 4 89
57 49 60
32 4 59
57 97 79
49 25 60
99 76 43
73 37 28
18 58 24
81 47 91
22 45 57
65 32 83
68 24 2
16 35 40
91 29 57
25 55 78
23 37 79
35 50 56
18 2 66
9 74 15
78 17 62
43 43 50
67 94 19
54 36 6
84 39 95
94 13 89
95 98 26
59 90 48
85 50 25
73 96 19
32 29 58
97 89 6
36 70 9
56 30 8
51 2 95
58 15 33
88 21 41
20 36 45
40 44 25
37 35 63
45 86 77
100 32 88
7 27 62
12 28 47
98 11 18
73 36 79
95 3 69
1 72 6
58 58 32
12 80 1
11 23 46
6 25 87
62 85 57
24 85 82
45 38 17
2 71 65
68 11 13
57 93 51
89 59 18
34 99 52
28 39 37
56 77 98
12 99 25
68 35 21
76 36 24
35 1 29
46 46 98
74 37 64
24 56 59
67 80 22
90 77 27
20 70 77
12 48 81
97 45 60
28 39 45
66 68 62
28 25 43
84 77 35
91 57 53
37 53 18
57 96 20
34 96 35
2 36 22
97 53 16
92 85 18
68 26 14
37 94 19
63 45 28
24 2 22
17 23 84
92 41 86
71 5 58
31 82 59
27 60 57
25 44 7
18 29 82
64 58 99
68 80 64
62 17 93
22 24 47
22 82 28
57 4 99
54 9 14
36 58 3
10 37 82
21 95 92
86 28 45
58 91 4
45 12 48
70 64 7
27 73 67
75 91 57
85 29 88
73 29 47
91 28 92
68 45 83
95 99 76
68 59 16
63 23 26
19 66 16
77 51 63
70 69 39
75 61 81
47 87 29
31 28 92
81 96 35
31 51 81
76 50 75
14 43 3
54 23 77
76 81 20
55 85 2
20 16 13
70 44 59
76 19 48
87 29 32
83 62 71
76 56 5
73 12 94
50 75 5
15 20 26
85 93 8
98 43 85
40 73 18
4 84 27
67 36 32
58 42 21
18 99 54
80 16 69
47 95 36
67 53 75
35 72 2
25 49 97
22 93 98
97 94 90
71 77 70
31 23 34
41 75 60
73 89 44
58 34 71
53 73 58
46 13 80
97 42 10
53 82 69
50 82 73
40 78 38
83 44 76
29 41 71
76 36 2
31 52 2
77 33 77
90 15 40
89 30 65
50 87 47
79 62 94
29 42 78
63 4 3
88 99 16
14 30 86
64 29 85
59 22 37
69 21 55
20 14 93
67 81 61
26 17 21
52 56 11
77 100 45
3 96 40
76 44 5
23 64 6
40 39 67
7 46 19
33 23 90
64 62 96
84 11 89
44 30 86
87 47 7
40 76 29
44 76 64
42 3 100
34 47 67
86 90 70
34 11 4
53 54 2
53 61 35
4 40 98
49 85 97
64 84 51
62 91 67
47 82 11
40 95 18
89 82 66
33 29 97
93 13 31
97 50 80
16 52 66
52 75 36
71 64 83
19 6 67
12 3 44
44 25 2
47 91 54
75 11 6
75 46 34
95 98 19
73 24 60
55 47 100
26 63 35
21 51 93
42 14 23
9 81 65
13 34 19
74 47 56
67 45 53
13 12 68
100 67 29
46 31 25
85 36 82
11 40 70
45 89 31
80 64 7
74 62 84
9 76 36
62 57 64
62 5 52
20 82 13
98 100 56
48 89 88
56 91 76
19 46 33
32 71 74
89 97 37
38 63 62
55 95 89
22 68 86
57 82 2
9 23 8
53 44 64
32 96 68
62 57 54
57 7 59
43 29 89
50 32 57
79 22 92
37 96 33
8 16 49
58 82 3
60 90 8
91 79 52
12 11 52
47 73 57
27 72 60
45 28 57
53 87 36
48 75 80
3 76 85
76 41 17
45 99 54
21 62 40
38 80 28
3 12 15
45 31 60
52 16 75
35 63 96
5 68 86
12 17 81
25 42 9
1 27 19
97 72 99
89 84 74
91 100 57
88 33 78
48 11 66
62 82 16
94 11 52
33 53 6
93 7 1
24 69 80
51 25 49
8 52 60
65 30 27
28 28 66
49 49 50
54 49 67
62 37 67
41 67 7
31 21 70
12 84 81
27 91 11
93 73 50
5 79 54
85 29 56
15 95 76
89 66 72
47 35 78
8 99 25
84 25 45
72 37 3
41 57 37
83 95 67
48 1 18
58 7 52
64 94 10
37 88 57
40 88 54
25 15 30
52 85 56
74 53 39
40 12 93
27 4 75
71 29 67
93 34 42
99 43 79
19 18 79
89 99 80
10 78 61
50 88 79
73 52 47
40 54 91
80 23 81
21 5 32
98 20 65
60 33 78
92 7 59
1 91 52
93 47 44
8 12 63
15 79 57
1 92 44
99 54 59
21 41 46
83 49 24
38 17 93
74 99 58
70 27 65
56 33 98
56 10 63
20 100 44
44 75 100
7 45 54
27 75 67
53 100 45
54 79 67
33 53 85
46 78 10
30 80 87
83 87 2
50 58 53
9 40 84
94 69 82
7 92 76
89 35 21
89 50 97
61 34 38
96 71 26
31 2 95
79 18 85
56 32 4
85 5 72
98 54 44
73 93 46
61 90 93
17 44 53
36 37 66
27 31 50
49 58 1
28 60 37
67 16 1
37 29 88
30 41 94
6 68 38
10 4 58
99 60 6
12 35 17
93 6 24
22 90 9
63 28 49
45 82 72
48 42 65
17 39 89
20 96 30
35 17 65
17 24 56
51 57 2
25 73 36
41 65 38
93 78 9
83 63 40
42 61 19
4 79 80
69 9 12
69 43 58
82 52 69
74 93 8
19 49 87
26 24 76
58 41 35
47 24 89
11 76 83
10 3 73
91 43 1
43 34 71
4 41 35
79 80 82
54 40 10
28 54 49
97 51 70
61 23 41
97 22 1
30 79 47
64 14 19
71 54 52
36 88 13
10 46 98
26 13 11
57 58 79
46 48 8
84 28 45
86 1 91
55 57 53
64 18 64
80 6 100
68 5 85
86 42 33
41 87 2
74 92 37
70 17 20
18 94 9
15 78 70
94 70 63
51 2 69
20 27 42
98 32 66
88 60 72
41 20 46
53 82 83
9 91 45
100 80 52
69 75 58
49 66 99
39 79 37
66 51 14
73 18 95
53 40 81
43 90 8
82 57 53
82 33 63
64 98 26
30 72 31
54 28 25
78 51 30
84 31 11
50 46 30
2 39 43
70 58 91
10 55 46
21 47 56
14 93 41
83 2 58
91 83 58
27 13 66
28 3 57
96 13 87
80 7 66
93 72 88
72 24 37
97 6 45
12 25 22
43 61 96
57 67 37
11 85 58
92 45 5
96 1 53
45 84 93
23 73 16
27 59 50
10 46 12
73 60 97
10 38 42
40 54 6
53 60 87
26 98 70
74 52 49
97 40 65
24 75 52
82 52 56
+1
+4
+5
+6
+7
-9
-12
+13
+16
-17
+18
-20
-21
+22
-26
+28
+29
-30
+37
-38
-40
-42
+47
+49
-51
+53
+54
-55
+57
+58
+59
-62
-63
+64
+67
+69
-70
-71
+73
-74
+75
+76
-77
+79
-81
-84
+87
+88
-90
-93
+95
-96
+97
-98
