100 10000 52
41 37 84
81 45 97
26 86 23
42 83 76
3 7 96
88 54 61
74 64 98
1 79 82
58 46 21
89 93 12
61 38 67
92 95 12
12 31 40
27 70 73
60 26 95
78 8 67
83 33 70
80 13 7
32 18 82
77 87 12
53 41 11
86 25 51
67 61 81
48 42 31
35 46 48
83 87 84
98 28 72
55 26 87
60 95 68
26 63 75
19 76 67
54 95 15
68 39 48
59 50 21
92 16 66
91 25 42
9 94 40
82 54 19
22 59 86
53 85 16
79 61 15
99 2 77
19 34 38
81 97 50
36 30 57
50 21 15
46 43 89
23 75 32
59 37 98
33 32 26
60 84 9
35 82 79
81 10 36
35 1 39
53 13 40
40 62 23
83 55 3
96 30 23
53 5 4
40 85 45
76 55 26
63 12 14
85 89 81
30 57 27
1 98 71
53 44 8
42 31 42
49 15 30
22 4 38
46 73 70
91 46 3
36 26 14
71 3 65
59 16 23
89 45 80
75 23 34
6 86 1
88 57 78
76 89 76
30 26 14
5 16 78
11 45 30
84 18 42
46 68 93
87 20 86
60 17 22
24 1 66
91 45 32
2 70 69
55 92 40
18 61 30
50 52 96
68 1 44
10 45 5
17 76 29
44 36 94
96 18 90
43 13 2
72 9 59
6 87 37
82 48 15
62 85 1
84 90 96
68 49 25
50 12 60
92 39 24
84 64 57
97 40 79
11 42 41
25 56 90
3 96 99
84 53 79
3 98 15
47 5 8
48 78 44
1 79 6
25 47 100
26 34 46
63 33 25
59 4 23
19 34 45
49 22 70
11 27 43
41 20 23
11 14 19
41 71 12
100 87 61
71 53 41
18 46 60
71 15 1
52 54 63
23 38 83
60 13 36
97 58 53
28 98 87
68 88 13
100 89 30
21 7 22
32 54 63
37 100 70
14 15 48
54 26 27
29 84 85
87 37 98
53 73 42
6 80 21
99 100 33
29 43 37
19 27 89
13 45 59
3 46 89
92 64 78
46 50 21
23 20 19
23 68 71
20 56 77
54 43 76
81 16 78
5 11 58
91 73 79
39 16 19
18 29 3
90 67 45
80 79 42
53 59 29
79 87 23
44 62 75
25 70 99
38 27 93
59 13 58
36 39 95
71 71 3
47 19 97
12 80 14
80 86 81
79 15 9
43 75 3
79 62 78
87 60 8
18 28 88
41 45 83
17 64 66
11 84 19
6 32 15
62 68 54
47 51 56
72 84 24
25 8 95
47 30 65
56 81 20
70 28 41
50 77 35
68 44 1
75 57 71
10 85 43
1 33 99
91 29 60
13 38 76
3 36 82
80 84 62
59 34 65
71 23 9
90 94 11
82 92 51
49 41 100
91 78 20
8 100 35
65 20 87
32 6 94
3 12 27
36 14 8
94 52 2
66 23 12
21 91 31
14 68 34
84 22 31
47 36 73
12 25 33
28 39 65
47 83 75
17 90 72
23 34 62
96 17 73
73 40 56
56 88 72
3 8 55
43 13 72
18 60 63
82 19 98
27 24 27
92 75 71
13 55 45
77 3 29
61 15 62
70 7 33
91 64 60
48 28 33
32 53 13
53 19 9
66 94 11
47 93 5
49 26 55
41 23 45
47 1 8
100 54 80
32 29 55
9 72 13
50 73 52
2 45 64
84 19 29
16 42 56
90 51 82
89 62 93
75 69 25
77 25 92
68 88 77
8 78 62
14 84 57
19 27 66
61 89 48
29 58 69
82 90 47
5 5 12
37 1 9
6 13 56
39 95 14
8 54 45
87 1 84
82 32 26
12 48 87
21 5 83
3 64 29
1 81 9
24 85 27
75 55 60
66 30 20
69 68 54
58 46 87
76 33 74
51 79 42
22 68 97
21 78 44
82 68 54
73 69 100
61 90 82
57 44 9
91 25 6
98 80 3
60 48 81
49 16 76
27 17 42
40 71 87
39 27 87
28 88 41
30 95 15
40 37 23
28 62 14
42 69 49
50 89 19
14 37 95
1 95 65
66 24 44
97 88 25
4 31 100
1 16 4
8 68 29
15 9 76
12 39 15
63 73 51
59 9 55
93 1 21
52 52 40
30 68 83
26 3 71
12 51 40
93 67 64
82 83 23
79 80 50
54 41 70
40 7 91
94 83 62
47 89 60
58 27 12
59 36 51
70 38 68
10 83 19
12 17 53
58 88 92
44 27 9
20 80 57
92 55 5
45 75 16
7 86 61
71 49 72
3 80 84
33 30 46
3 19 59
39 93 45
84 90 94
58 85 3
9 46 38
49 72 70
75 73 90
77 75 30
49 34 61
32 71 34
42 14 87
28 57 85
39 22 33
56 15 46
93 59 46
40 56 42
70 62 37
9 89 57
19 64 9
20 5 29
78 85 68
44 58 92
34 8 83
38 12 43
62 35 100
29 54 9
77 28 94
100 41 69
86 69 11
26 81 97
5 45 87
96 64 81
86 41 7
61 46 64
34 16 3
90 75 21
18 15 32
23 54 21
32 75 20
22 15 75
35 71 84
13 54 29
71 76 4
25 66 1
96 30 32
90 77 96
19 30 68
55 78 19
1 21 24
65 12 81
88 34 81
31 91 69
31 84 16
66 37 68
27 12 14
86 81 1
43 71 39
65 15 30
17 6 58
78 7 91
65 76 12
91 73 100
50 9 78
55 66 26
61 63 84
12 5 14
99 62 93
57 50 39
86 43 37
31 8 71
3 63 29
17 80 27
24 6 91
15 96 35
81 39 37
21 16 71
97 23 12
96 93 84
35 19 76
59 21 50
37 52 17
42 59 34
16 37 32
28 20 61
44 16 27
36 93 19
78 71 57
27 68 45
80 30 3
53 8 1
71 77 49
81 100 77
63 3 4
48 82 28
21 12 24
50 15 89
37 56 94
68 24 93
5 81 15
50 54 61
13 4 29
50 29 12
80 53 40
22 75 80
75 88 53
13 89 30
25 65 60
23 86 78
48 58 2
71 67 14
10 76 63
59 80 20
14 37 78
94 43 55
24 86 45
6 3 24
26 60 97
5 67 62
47 44 12
99 6 79
100 14 19
63 93 80
58 66 16
51 75 8
86 85 3
32 82 25
70 83 1
45 1 57
2 9 93
56 46 9
8 43 87
7 22 92
94 91 47
36 57 34
13 24 5
58 55 71
59 31 51
75 57 54
64 50 48
1 65 75
79 1 37
25 21 27
51 94 6
26 62 19
14 83 95
69 23 24
49 63 67
6 55 86
80 50 27
9 24 27
47 64 98
41 13 88
45 16 89
11 84 93
61 48 60
28 24 29
26 13 33
52 71 97
76 77 40
31 26 19
54 1 37
55 35 17
83 13 10
28 81 54
1 16 27
23 45 68
13 20 44
5 3 68
99 22 53
8 45 80
53 88 96
90 86 55
55 40 73
39 59 1
25 97 5
75 39 23
51 72 35
1 64 50
8 20 12
86 1 59
87 55 38
3 7 17
57 36 13
40 60 12
74 9 37
34 72 74
7 37 29
23 3 60
79 66 19
44 20 68
9 55 26
31 32 30
34 54 32
47 63 67
33 14 89
15 22 53
61 3 14
18 79 73
31 11 28
11 64 19
1 48 24
49 35 36
98 90 79
13 5 59
36 65 62
27 75 15
98 76 20
97 39 50
63 25 47
16 29 81
79 51 42
72 53 42
95 40 96
61 83 95
34 29 93
21 80 43
48 76 68
16 86 78
6 62 46
84 65 55
31 96 79
43 17 7
85 71 20
30 61 15
61 43 1
81 4 12
54 85 19
47 61 23
59 87 30
27 56 41
27 12 84
97 89 55
79 86 4
30 91 28
81 56 22
5 14 87
80 66 45
11 93 24
87 52 40
9 85 21
80 4 86
17 44 39
22 29 93
16 77 70
17 67 12
78 57 50
35 5 64
4 81 12
9 90 72
84 44 64
85 39 48
31 42 72
53 73 25
4 83 23
87 40 100
3 64 78
46 1 75
99 2 99
28 74 100
33 97 26
60 5 21
39 52 2
48 18 51
26 45 19
35 69 51
99 16 86
91 4 14
79 78 27
41 39 26
35 4 5
90 65 19
24 90 11
63 1 50
38 34 98
32 81 8
67 87 80
56 31 41
35 67 65
39 67 23
56 67 81
87 37 76
66 52 40
76 13 72
42 20 4
57 39 63
48 8 20
97 12 64
25 5 45
58 63 38
60 84 80
1 3 38
69 8 16
30 13 31
89 77 88
37 57 50
1 43 32
19 56 92
33 61 46
40 66 80
33 45 54
88 68 9
67 80 23
10 1 97
49 47 94
43 86 8
51 26 24
59 25 18
27 88 25
87 38 61
50 87 67
98 60 3
4 18 77
24 65 4
16 16 5
58 85 57
96 81 3
26 18 58
61 94 77
25 74 28
57 18 99
16 70 49
56 6 58
99 64 14
59 16 34
92 16 62
47 37 23
11 78 67
90 1 20
13 48 24
69 36 70
11 76 68
42 3 34
54 85 21
6 66 95
53 41 58
3 97 27
68 89 86
64 59 93
3 53 47
2 49 99
1 42 22
42 50 71
34 71 8
68 74 94
70 51 7
99 91 70
92 38 12
61 4 46
71 75 32
19 4 39
32 44 39
47 64 63
26 82 17
30 82 7
17 6 58
86 40 72
80 64 85
64 84 87
33 84 8
60 32 57
93 19 29
15 14 87
22 66 21
19 28 69
29 67 78
15 62 8
82 50 54
28 7 94
56 46 78
22 78 76
8 3 89
53 24 29
75 35 58
86 44 98
81 90 22
80 76 45
25 93 64
83 16 50
69 82 72
64 13 53
17 76 60
5 44 87
55 60 16
35 85 3
17 82 94
67 21 15
20 98 37
21 63 34
61 19 9
20 68 84
35 31 11
57 28 11
31 32 93
94 4 63
28 83 15
26 90 40
26 24 34
95 30 45
5 38 62
5 97 46
20 8 63
93 20 89
89 81 71
82 73 56
7 24 38
51 43 19
11 80 85
49 12 66
59 63 85
40 32 38
34 73 52
39 21 3
38 3 19
66 13 42
45 46 60
91 73 25
60 1 93
28 32 65
26 1 50
22 36 28
19 67 54
3 15 24
29 22 36
67 52 58
83 65 75
35 86 97
55 42 77
78 14 39
40 27 62
62 62 54
70 91 22
41 1 71
73 35 96
67 46 78
21 60 87
43 86 29
10 57 61
94 63 20
32 16 5
90 8 19
98 95 97
80 32 23
98 90 28
19 34 12
93 88 53
98 5 12
40 29 37
28 17 49
34 54 3
46 8 50
68 55 98
31 89 55
94 83 15
17 53 35
52 67 86
89 95 48
11 80 5
59 26 20
2 27 83
44 27 64
61 14 12
33 44 97
51 10 82
37 16 37
80 81 54
84 93 68
87 39 46
16 88 13
66 100 96
33 64 95
31 69 94
69 93 8
25 5 43
80 37 29
12 95 76
27 96 58
85 61 54
79 84 71
95 48 57
95 45 67
30 41 49
62 12 3
55 48 50
2 20 15
98 8 93
52 83 15
16 85 46
47 58 96
70 6 56
14 23 1
18 44 20
59 28 77
53 72 73
94 90 92
88 3 71
32 45 67
42 16 78
99 89 60
91 73 88
22 57 8
38 69 28
38 54 14
91 77 92
40 35 99
81 48 71
63 76 12
30 12 55
58 76 15
100 92 6
72 5 93
78 65 59
35 29 97
97 96 74
34 86 30
49 49 79
2 23 3
12 1 34
50 44 19
41 93 89
85 71 98
23 63 89
82 100 72
94 24 86
89 50 57
2 67 39
56 18 69
71 48 23
14 28 17
77 2 69
83 91 70
53 61 26
20 6 51
65 68 16
38 67 12
87 77 99
32 21 57
84 90 2
84 16 26
63 21 86
79 45 23
31 24 8
24 85 43
98 67 43
79 22 53
65 68 19
40 80 34
1 78 43
69 99 79
45 21 85
75 24 46
72 67 54
100 23 5
59 33 22
11 72 42
61 3 98
31 30 43
67 75 54
9 77 40
69 37 8
28 82 41
9 7 31
84 53 96
10 26 76
65 95 63
1 14 45
55 2 56
78 4 19
32 85 14
16 43 30
94 39 71
14 87 71
91 48 8
93 51 70
62 89 15
5 11 90
48 43 30
31 80 59
5 27 38
51 1 20
71 57 26
17 66 27
22 8 48
35 57 8
39 76 45
60 60 71
96 77 42
19 80 57
97 58 7
53 87 23
2 29 95
91 51 77
39 15 34
73 86 5
35 73 56
15 25 47
86 62 4
92 4 30
91 26 75
59 2 40
49 47 2
32 88 90
66 74 88
97 41 69
32 74 7
60 13 11
24 71 3
8 57 60
57 5 45
77 55 37
24 33 31
14 38 89
55 56 40
61 33 91
14 92 79
40 72 69
60 9 29
50 57 85
13 83 37
82 71 4
50 29 27
50 61 1
18 73 52
84 59 86
5 60 89
47 79 73
60 97 48
90 10 92
90 66 55
40 8 83
10 74 56
43 75 12
62 21 39
5 17 35
67 86 67
37 29 50
59 9 80
61 63 21
16 5 75
51 54 89
32 10 42
16 1 68
86 3 59
5 62 29
99 86 81
28 33 100
21 52 49
43 71 1
12 87 8
84 48 27
78 39 20
16 83 45
1 58 40
64 30 3
37 15 23
77 97 61
84 15 55
85 60 67
30 98 83
87 96 58
89 30 44
28 3 50
57 26 46
28 8 48
71 60 89
7 85 23
53 13 33
62 9 43
51 50 26
91 2 17
91 72 36
94 81 45
39 93 23
6 84 61
79 68 61
16 18 36
55 27 80
94 19 59
77 26 80
62 7 79
18 51 10
93 72 31
88 15 55
84 89 34
63 11 73
1 46 15
69 38 15
89 63 46
74 3 97
61 84 5
45 59 66
5 87 16
55 35 69
33 93 20
71 20 38
16 87 14
17 26 78
40 89 66
95 17 88
56 50 5
52 28 51
69 68 78
42 24 75
75 30 43
1 64 71
58 38 97
41 63 30
87 37 23
47 10 58
65 72 91
12 1 67
41 63 12
64 35 56
70 24 71
82 81 83
28 95 20
68 63 3
40 1 78
99 16 97
80 30 81
89 87 84
8 49 91
12 86 55
63 54 23
48 3 37
68 81 65
100 66 63
65 88 53
33 73 79
73 49 11
15 1 63
25 31 10
89 18 22
34 67 14
11 75 50
8 37 75
81 25 74
16 16 86
71 81 71
40 1 57
31 8 57
37 94 33
7 66 93
6 93 84
71 5 44
23 8 12
99 4 55
86 85 32
18 69 10
10 18 96
14 63 12
16 35 41
42 88 31
27 44 50
36 19 54
44 56 52
76 63 78
74 65 19
88 44 27
2 13 73
78 35 88
41 71 19
7 4 20
42 21 87
27 33 92
88 70 11
5 60 21
3 43 67
47 66 98
38 48 84
51 62 34
64 44 39
98 20 23
43 48 19
85 37 89
26 62 27
25 35 77
14 17 33
15 89 15
64 66 3
16 24 14
48 46 38
71 18 31
88 52 77
8 99 58
73 61 26
10 64 71
85 86 64
84 3 83
40 33 25
59 55 83
32 95 65
39 86 30
87 30 60
54 100 36
49 70 28
55 57 63
57 70 22
65 44 81
34 83 67
84 49 79
40 24 19
93 69 2
91 74 69
35 79 7
31 30 64
27 49 18
13 13 91
87 46 26
67 57 32
83 14 16
75 96 94
3 4 44
93 30 84
72 74 53
64 20 46
48 78 44
34 66 3
60 98 85
65 46 54
4 28 25
44 90 51
37 12 39
86 38 44
81 25 72
35 83 84
29 21 86
57 99 73
15 19 80
68 80 30
87 21 9
15 71 14
84 98 38
22 81 78
63 31 33
53 75 97
85 87 66
19 25 90
62 76 39
29 21 1
55 21 23
97 98 64
33 19 5
75 14 19
39 23 66
89 26 61
88 47 25
17 60 20
67 10 17
16 98 38
12 31 2
42 7 88
40 46 87
91 26 27
96 32 71
14 33 11
4 84 98
47 7 2
9 59 80
67 95 5
39 27 3
12 54 45
39 85 68
25 79 88
69 57 71
64 62 68
17 21 66
70 32 12
100 25 99
62 98 34
57 85 37
6 23 21
60 93 98
65 79 82
66 46 63
57 95 20
63 60 9
29 16 71
93 50 23
45 61 57
6 77 52
87 100 47
8 42 90
1 64 8
16 9 16
17 42 69
80 13 72
4 57 16
12 77 47
78 29 84
6 47 41
19 85 68
59 15 95
54 12 71
10 5 24
21 72 42
85 89 32
61 87 21
63 12 78
75 69 13
80 37 76
76 76 19
99 26 67
39 42 18
62 98 45
81 46 87
74 63 9
91 1 46
17 95 24
82 99 94
33 43 55
33 84 75
47 6 74
1 18 6
71 63 26
11 94 88
68 78 60
64 78 39
77 29 21
84 5 65
64 9 1
12 80 98
62 91 33
14 55 37
37 2 90
27 30 3
83 86 12
54 38 30
15 75 61
64 63 57
43 36 42
4 31 10
4 98 21
25 48 24
9 57 29
75 17 88
25 7 36
44 39 48
100 65 75
92 44 84
66 16 81
8 35 73
81 90 96
46 72 2
41 24 23
96 93 14
68 68 66
99 42 70
22 61 27
20 83 23
98 25 2
13 21 37
27 10 13
2 32 24
38 49 7
22 30 76
83 63 16
82 29 20
74 8 39
31 44 81
45 49 11
41 66 16
57 91 56
3 11 36
42 68 86
15 20 67
21 47 31
44 93 85
17 9 12
83 71 16
78 65 50
18 76 64
82 56 52
90 48 86
28 40 69
14 43 54
16 11 88
92 84 29
68 72 92
36 5 78
11 87 93
94 30 27
42 55 1
43 93 21
79 89 5
60 46 60
11 11 69
85 78 24
92 19 84
20 70 74
31 33 58
35 51 41
57 58 74
71 13 35
54 6 77
91 46 45
84 8 45
98 86 24
3 45 85
9 95 80
3 47 94
40 93 27
94 50 27
94 39 16
84 69 47
78 5 48
31 26 64
10 74 94
82 14 62
75 46 16
77 62 23
19 1 59
100 14 86
13 63 60
33 69 100
91 91 28
79 25 99
75 54 12
31 86 32
47 4 75
35 44 54
81 25 47
77 90 49
84 66 86
64 40 49
70 28 41
6 8 3
67 85 32
67 94 13
74 20 61
90 98 76
8 52 88
27 35 92
48 19 39
92 20 85
59 7 41
86 23 21
27 88 82
25 91 25
6 51 100
33 71 57
85 21 44
5 19 30
37 37 67
83 84 21
45 48 12
99 75 1
52 3 1
11 1 12
89 66 95
36 87 30
32 22 88
87 14 83
99 28 94
5 55 87
59 32 81
23 72 77
37 51 69
91 86 1
68 30 61
49 45 16
47 4 3
3 89 55
20 53 17
7 2 11
90 39 64
3 32 84
24 46 81
43 65 64
18 19 80
15 100 69
17 81 15
57 53 17
47 9 39
8 6 25
64 97 38
53 86 66
71 84 89
99 9 86
45 23 5
71 32 23
65 24 80
95 11 56
98 38 32
8 63 5
25 39 19
68 29 93
13 2 18
35 99 94
68 2 79
44 8 37
18 44 86
29 21 87
85 85 57
44 5 15
16 75 21
78 13 18
33 11 41
58 85 27
80 8 63
75 28 36
48 5 24
69 25 53
56 67 83
23 6 100
55 83 8
62 39 81
44 64 39
25 83 89
47 66 46
55 24 3
24 76 59
21 29 5
82 31 6
41 80 68
41 69 31
28 44 75
93 71 46
56 45 44
87 35 51
10 52 94
44 15 5
47 39 71
9 38 44
39 1 14
30 22 35
30 18 42
26 68 81
87 49 25
38 34 14
96 17 49
78 69 72
47 32 16
78 99 69
97 8 62
82 48 93
16 88 6
69 29 16
51 7 6
26 64 19
47 40 28
42 36 88
96 60 19
76 6 41
21 79 58
18 64 84
8 94 35
59 57 1
22 1 95
46 85 26
78 25 41
22 44 84
97 27 67
66 67 89
58 22 73
71 44 3
14 59 57
51 74 17
35 37 65
28 98 32
27 60 80
26 46 27
41 31 7
3 70 28
50 70 100
86 62 75
75 76 63
47 23 34
17 30 32
37 14 68
63 67 50
99 16 93
95 55 16
95 8 21
3 72 53
95 7 11
100 66 1
26 16 46
45 11 10
44 1 12
17 87 37
95 62 57
83 95 66
40 49 77
47 37 57
23 12 80
18 17 18
51 44 20
2 29 60
27 76 64
97 29 54
90 43 30
53 98 62
63 63 86
49 19 20
89 11 33
27 78 45
49 42 70
40 60 26
38 90 11
85 97 95
59 98 85
27 66 62
65 42 17
9 40 51
14 82 31
100 8 1
58 83 12
25 87 60
87 34 30
99 11 79
38 82 31
96 73 58
25 99 70
3 99 51
22 5 48
51 72 11
27 82 17
11 58 56
24 96 10
100 61 5
74 32 19
16 78 45
99 86 14
95 98 66
39 19 46
74 43 57
4 49 17
39 38 20
22 4 67
55 45 37
19 76 48
12 7 10
25 8 23
57 73 17
60 24 98
26 32 50
41 42 2
25 10 96
94 81 32
32 39 95
48 70 100
73 68 85
57 24 19
21 52 2
64 73 69
32 23 19
52 89 65
14 3 64
26 86 23
45 98 3
3 14 54
81 55 21
34 98 9
95 2 94
94 3 87
69 62 48
50 12 32
27 29 20
14 48 68
23 38 83
48 11 41
64 99 79
10 76 1
11 39 60
13 39 59
51 24 71
40 12 30
42 66 34
13 87 26
29 44 60
38 95 3
8 47 22
25 77 100
81 57 45
27 27 84
46 37 54
76 70 74
82 36 18
60 84 83
31 4 60
6 81 27
66 59 32
97 12 67
58 26 38
84 21 84
47 62 64
13 16 15
62 54 9
84 6 49
14 52 11
63 93 34
25 13 100
92 63 81
62 18 33
53 26 78
12 85 48
7 64 26
21 34 4
51 86 43
87 100 42
76 27 3
46 14 27
15 65 50
22 35 47
55 87 75
78 23 37
47 96 90
79 74 17
94 60 44
93 37 57
23 16 3
97 83 71
26 44 97
12 40 13
3 55 16
71 4 66
65 14 23
46 64 43
89 64 15
36 45 93
50 55 93
63 57 4
31 26 57
78 61 44
62 63 55
67 83 37
70 60 26
25 87 98
83 67 64
62 27 45
2 21 54
40 63 57
85 14 45
13 13 90
33 88 13
65 37 46
80 72 13
38 67 97
91 12 59
58 29 16
77 10 33
97 58 99
37 11 22
83 50 26
52 69 70
42 39 76
65 32 54
67 33 82
25 97 80
39 46 16
36 82 70
14 71 45
80 38 9
26 81 20
59 57 95
29 34 37
63 30 39
13 47 96
26 84 55
8 61 63
8 76 80
47 77 40
25 24 61
72 97 98
42 20 50
15 99 10
19 37 87
53 60 59
100 70 28
96 55 32
74 9 19
4 83 55
9 60 32
6 40 17
77 55 44
99 69 88
65 43 98
99 5 57
47 100 96
27 4 86
46 63 75
82 4 67
17 95 38
16 76 63
100 69 90
96 44 14
79 100 74
71 59 57
15 98 75
31 74 41
44 19 8
17 89 38
48 46 21
43 78 39
38 61 80
87 5 50
32 84 15
60 5 43
39 91 90
50 99 92
39 29 84
39 71 16
52 83 66
97 19 86
30 50 12
30 98 29
9 98 1
40 89 87
95 96 41
14 20 55
45 78 1
52 27 12
16 31 7
28 96 52
47 2 28
86 86 12
62 83 63
69 53 77
64 15 68
33 81 84
32 30 46
46 55 32
86 38 98
90 31 69
41 35 7
5 24 65
89 20 39
64 63 45
89 27 84
84 63 1
91 50 30
7 27 46
16 66 78
1 73 18
7 24 61
60 12 81
89 76 85
41 58 11
68 6 42
4 35 18
36 14 45
74 2 99
43 47 22
59 14 89
10 7 40
42 98 66
32 5 64
26 74 10
70 41 90
98 67 54
11 17 7
85 17 72
53 82 70
41 26 32
25 60 54
85 52 69
80 73 41
63 54 9
43 82 52
70 82 18
21 97 68
84 51 56
39 67 59
22 34 97
49 88 56
41 65 23
24 65 4
93 91 99
42 10 72
53 39 83
24 77 40
59 2 49
24 67 46
94 28 22
69 62 87
53 62 26
76 51 74
20 86 48
14 34 32
11 63 66
48 80 12
27 67 87
5 89 3
80 50 54
95 29 59
83 84 12
61 55 89
30 97 14
39 63 65
64 84 5
1 17 56
79 8 19
46 85 83
11 23 44
79 75 5
39 100 25
64 12 21
87 46 67
87 53 33
48 73 58
13 15 1
74 60 32
76 55 98
33 45 87
27 91 13
13 80 8
33 23 83
48 14 30
22 44 83
39 92 6
21 86 78
17 2 6
52 28 69
14 27 89
45 63 98
39 1 86
42 56 74
49 78 16
42 57 71
87 37 43
67 63 39
36 10 22
88 6 56
16 59 19
73 65 63
59 50 48
68 43 80
62 90 41
91 43 29
80 41 73
47 32 95
17 59 93
49 100 96
68 31 58
5 30 55
95 84 86
76 46 45
18 58 47
87 43 8
36 97 3
59 74 40
11 62 12
94 27 78
22 29 98
98 36 10
10 84 19
66 21 27
68 68 78
81 63 32
14 98 20
44 60 57
7 57 21
76 60 38
47 80 29
83 52 31
31 9 83
21 42 70
47 10 56
8 6 35
5 20 62
34 77 99
65 74 36
6 15 65
98 12 19
59 66 26
56 46 14
13 69 79
46 58 51
88 95 24
44 81 19
11 86 21
67 85 19
23 85 66
4 28 36
23 16 39
81 7 58
92 71 5
16 40 73
22 21 95
1 78 16
48 43 1
88 94 35
11 75 80
36 9 21
23 86 12
13 96 10
79 38 87
21 37 29
29 66 37
77 94 88
56 70 42
66 39 20
92 96 13
41 3 39
27 19 48
18 3 76
24 38 59
54 87 30
46 21 34
15 65 3
9 26 12
48 67 59
16 58 42
62 58 47
77 86 4
11 90 53
48 52 42
69 43 76
78 31 79
66 17 100
23 69 56
83 59 26
31 47 73
83 16 32
32 65 59
32 32 8
30 51 25
46 94 73
61 34 81
25 69 58
49 24 75
38 100 91
57 50 16
78 21 65
49 35 10
88 38 45
60 84 62
61 89 20
65 45 62
4 54 4
82 72 36
95 71 20
78 70 18
17 34 67
52 12 20
24 8 67
36 74 52
9 4 62
49 58 96
44 3 75
3 24 63
25 8 60
8 63 81
60 95 43
67 50 29
56 30 76
30 37 29
49 22 96
69 70 17
64 9 44
79 19 5
23 55 63
25 88 11
79 91 53
13 4 12
4 5 65
87 25 74
20 83 27
11 80 30
82 62 39
2 17 7
77 37 98
75 87 61
63 34 63
16 51 56
79 34 67
27 5 3
84 56 82
75 52 11
63 8 15
38 71 16
35 83 34
68 54 85
27 91 72
98 39 71
69 19 86
99 30 15
94 78 34
1 3 59
63 97 37
41 36 33
42 24 44
89 92 6
29 64 67
34 6 99
11 85 48
56 55 23
48 68 30
80 22 13
33 93 45
14 62 1
17 21 97
76 43 23
93 81 76
66 32 64
87 18 2
66 15 1
87 57 16
23 20 21
84 53 18
81 30 3
23 87 12
2 37 86
82 23 67
12 51 77
67 98 80
60 14 29
53 41 2
15 37 89
83 74 25
87 57 20
73 60 4
32 76 81
37 57 86
18 23 48
46 41 53
9 35 2
62 44 76
42 54 68
61 41 31
8 21 93
85 59 97
68 85 97
1 64 80
68 38 48
37 34 64
65 14 20
45 88 7
39 15 80
100 5 95
10 15 34
29 45 8
90 93 67
89 65 50
70 98 71
88 57 3
6 54 85
96 21 24
6 57 38
80 67 14
19 80 9
33 2 52
50 8 14
57 80 66
83 86 26
23 53 47
88 19 84
78 46 55
38 76 3
12 28 53
93 36 77
26 84 83
38 98 57
78 4 15
60 92 90
79 20 65
14 73 58
6 55 67
74 27 64
100 24 1
8 71 19
43 14 30
60 14 12
75 73 35
62 3 75
22 44 97
58 98 89
96 64 76
95 14 38
2 99 88
71 9 26
13 19 65
45 100 47
91 74 41
67 66 14
69 97 48
74 90 69
33 14 46
3 50 87
78 23 1
51 59 86
45 1 63
50 9 1
53 7 92
82 32 8
96 46 57
87 66 14
7 29 4
15 23 67
69 58 42
49 61 27
77 43 50
40 87 84
20 53 82
26 47 17
44 74 51
72 22 53
38 12 4
85 92 7
8 60 1
24 54 59
33 12 4
24 4 54
75 67 78
17 89 85
20 31 73
89 61 86
69 69 35
97 12 46
32 46 98
33 90 73
87 51 53
100 35 53
28 89 54
6 61 97
73 58 73
15 85 8
25 32 45
44 61 84
41 39 85
87 17 53
57 38 55
14 3 29
64 4 62
59 83 71
36 59 64
25 59 75
14 98 59
98 32 37
62 15 71
29 69 56
21 45 83
48 77 11
1 65 21
73 9 45
13 15 23
8 11 40
57 61 71
13 15 14
65 1 16
38 43 21
49 87 93
79 11 33
80 57 89
36 5 80
47 59 65
92 21 55
11 14 86
75 72 88
56 9 80
55 52 18
86 8 87
44 5 43
69 45 57
86 6 82
35 84 27
1 81 30
89 16 85
56 30 23
18 19 61
3 45 38
22 81 45
22 1 45
12 87 16
39 60 19
66 17 91
41 32 64
43 23 8
68 25 79
91 57 80
37 82 73
74 83 30
70 28 6
66 67 23
5 7 100
16 3 76
73 21 48
5 64 68
6 94 17
69 4 20
5 54 66
72 77 13
51 47 52
56 86 39
8 2 31
15 94 40
93 88 18
15 87 38
34 98 83
71 86 4
3 32 9
78 34 9
78 44 32
96 14 93
61 85 4
33 38 5
60 14 21
5 99 91
70 97 23
5 60 19
100 19 24
58 30 87
19 8 21
72 29 46
69 13 28
21 5 65
45 27 64
18 17 70
67 52 31
75 86 98
1 55 32
97 15 85
90 43 26
9 20 48
28 64 60
8 97 26
65 14 61
14 35 73
76 23 1
48 57 71
24 27 71
86 1 93
59 27 29
87 26 59
55 14 54
100 8 59
89 15 68
19 5 60
90 24 98
45 25 77
71 83 81
66 63 38
34 2 88
54 22 94
81 81 66
97 32 15
31 37 84
82 99 74
60 59 63
5 14 55
25 33 11
97 78 8
8 83 38
65 87 43
23 9 54
52 43 76
71 23 4
3 11 53
26 79 74
55 3 78
80 35 41
80 71 75
49 4 3
11 8 48
10 17 35
33 97 15
90 46 14
61 24 50
42 48 59
90 2 7
61 82 7
35 72 33
93 49 70
23 69 77
69 93 4
59 40 35
67 88 72
31 96 70
11 45 97
52 57 71
85 21 12
98 17 18
96 89 14
3 5 67
19 71 5
25 57 46
68 31 74
44 9 23
13 21 65
97 65 39
43 42 36
64 82 90
13 68 67
37 19 83
50 32 75
22 84 46
35 22 47
6 44 98
44 88 49
52 44 24
88 4 45
64 14 23
41 53 96
80 83 93
8 33 94
40 50 46
63 42 22
3 75 23
90 26 78
58 100 74
38 3 83
44 83 84
23 99 77
69 37 54
89 24 84
40 13 69
9 90 69
90 96 74
35 65 89
63 20 37
26 20 48
65 80 19
95 85 3
69 58 49
9 29 76
32 52 51
4 66 76
5 44 57
99 95 20
29 8 81
61 99 40
73 8 71
86 5 27
37 40 88
62 55 30
23 92 47
46 59 50
98 65 29
11 14 8
94 89 64
66 66 54
2 56 13
47 64 95
50 19 89
51 85 20
68 49 77
38 74 31
24 87 67
63 26 68
43 66 20
92 23 45
63 92 42
93 93 3
50 49 10
62 54 29
63 67 21
24 67 26
2 95 46
85 59 14
16 34 78
31 50 67
20 62 71
88 62 34
91 64 78
87 66 80
83 76 24
84 18 94
62 24 54
87 70 92
29 82 92
63 59 71
28 52 33
2 5 98
57 100 11
13 30 63
6 11 94
15 71 67
54 15 61
39 7 41
95 49 100
72 19 45
50 25 56
97 6 74
4 25 49
70 1 19
83 11 77
55 3 9
87 23 32
64 18 79
93 24 21
97 84 26
88 96 99
11 57 83
6 38 43
30 76 83
15 55 1
23 98 27
24 98 34
67 62 55
67 59 20
93 38 9
4 26 23
77 66 5
23 19 29
77 98 67
60 59 57
29 38 71
7 66 43
89 52 91
90 66 23
26 45 68
8 61 54
23 6 52
21 53 91
81 48 81
13 26 54
18 22 99
74 31 69
29 85 93
73 99 72
60 55 5
31 17 52
67 85 55
34 30 75
33 32 50
62 44 21
70 50 71
23 26 68
23 78 87
26 12 59
22 57 34
22 63 20
51 96 90
61 37 95
87 27 12
88 61 16
84 88 25
9 73 51
57 12 64
93 35 82
56 59 3
16 4 37
27 23 55
12 66 55
12 82 11
20 48 37
8 82 69
33 70 28
59 16 95
62 13 56
23 78 26
51 80 83
32 88 99
11 24 20
20 92 74
47 76 38
35 83 1
64 59 4
39 40 74
45 87 48
39 42 51
11 4 29
58 37 80
50 78 5
93 15 1
67 42 47
14 46 75
47 18 40
40 15 4
11 14 84
87 75 60
96 13 92
31 96 11
3 45 24
78 80 64
82 73 18
9 85 67
61 13 33
55 18 88
57 20 4
62 81 61
99 100 72
5 93 32
65 78 84
90 93 12
18 47 28
20 49 92
65 82 90
75 9 24
4 35 69
4 63 29
80 80 60
12 50 27
50 9 12
94 17 100
92 44 98
28 69 94
91 93 60
88 55 27
89 72 96
13 27 9
57 78 29
61 46 68
4 37 97
66 64 48
19 17 49
3 34 98
9 15 76
94 63 97
10 29 27
100 27 30
28 30 54
95 81 80
81 40 25
52 81 67
96 40 70
68 82 91
93 62 21
41 74 33
52 75 89
36 38 26
91 55 80
7 18 99
93 59 26
14 96 100
80 36 69
76 82 11
28 44 95
37 100 42
57 25 18
56 10 92
22 77 17
33 82 18
24 18 90
99 37 8
14 71 87
60 23 43
21 31 82
56 6 17
75 50 44
45 24 12
17 98 78
89 18 58
90 63 68
49 44 67
36 30 44
30 67 81
55 58 31
73 71 62
90 47 13
77 53 100
27 90 56
36 81 76
6 52 41
100 22 31
44 41 52
2 23 84
32 45 9
62 7 79
78 19 87
13 39 4
65 51 40
36 90 69
96 3 54
8 41 11
37 83 12
96 89 3
51 3 84
23 88 28
43 62 21
73 4 76
15 88 6
61 1 97
34 83 50
98 63 9
94 64 75
64 34 19
67 22 51
87 11 36
1 80 16
77 65 30
88 69 70
13 81 62
63 54 34
50 40 33
29 74 28
89 57 38
6 34 20
12 68 16
65 13 35
69 58 94
83 57 87
39 20 46
46 95 45
64 78 61
90 75 12
97 71 16
51 97 83
28 24 68
55 8 43
14 90 11
85 38 54
31 24 71
17 3 61
61 48 45
83 23 97
94 76 1
6 8 63
56 46 54
24 34 57
21 80 78
27 67 32
83 8 84
35 67 98
35 14 66
23 59 84
4 44 59
5 20 57
79 46 61
33 53 35
51 95 9
63 6 47
88 58 79
32 15 45
78 21 19
89 26 32
97 75 67
52 49 53
95 52 36
43 35 79
19 86 64
80 78 98
69 84 15
58 80 87
79 69 100
72 27 4
19 99 73
10 14 48
56 33 22
10 81 95
47 63 68
88 73 47
40 33 79
49 65 3
14 80 63
8 39 89
48 1 3
25 81 61
41 36 91
64 26 1
37 8 66
24 70 77
76 44 86
26 75 14
92 100 99
39 37 75
96 37 87
20 3 20
13 77 10
19 17 51
59 71 86
100 50 85
61 46 24
35 9 61
2 67 29
34 1 60
2 49 53
22 2 35
6 30 23
18 86 29
1 98 87
49 64 14
41 59 75
75 14 23
29 2 56
1 57 87
47 68 38
61 73 79
84 90 74
82 73 77
48 34 85
58 35 7
67 31 28
52 95 19
95 88 74
5 70 40
93 57 65
49 93 8
8 92 73
41 48 57
11 92 13
63 34 1
81 67 34
36 49 7
78 46 97
81 64 3
28 90 96
43 24 78
70 40 7
14 19 37
95 31 82
99 68 86
39 37 63
94 19 27
50 92 82
14 67 61
21 35 17
13 94 17
32 39 76
69 34 46
67 36 70
67 50 15
60 31 79
80 94 7
41 79 25
37 40 73
41 4 87
5 90 25
96 72 69
4 95 68
44 55 50
68 40 7
45 4 9
48 9 62
76 15 95
89 97 95
23 95 45
91 80 93
96 68 78
93 83 14
23 16 9
37 82 25
9 64 85
9 31 79
37 96 31
57 24 75
77 33 22
5 62 57
45 10 41
33 7 96
47 82 28
31 59 12
23 37 1
66 12 75
72 47 6
81 46 45
43 38 75
80 49 92
51 2 99
21 15 27
86 4 27
77 38 15
1 52 47
60 74 53
82 43 14
24 68 60
35 18 90
6 43 39
45 20 66
75 64 63
30 76 45
2 94 28
13 5 61
68 81 24
7 91 25
91 58 92
77 3 19
40 16 27
5 91 2
32 21 61
70 19 87
36 73 94
9 1 81
96 52 42
68 12 54
95 87 71
25 72 22
86 61 38
35 53 77
13 8 24
31 96 40
90 13 36
47 45 14
42 54 65
33 30 48
31 96 79
14 61 63
40 37 20
95 65 37
38 87 86
16 20 87
73 86 59
7 98 65
1 3 34
78 54 97
61 41 53
90 10 28
72 90 79
57 32 20
20 11 18
97 49 82
80 83 66
89 86 71
47 61 78
19 71 65
77 66 64
52 1 21
12 55 64
35 12 68
37 93 81
84 48 80
86 13 36
35 9 15
98 64 30
2 98 48
20 8 39
72 34 46
63 48 67
30 13 2
62 87 71
4 63 16
55 78 43
16 48 27
76 15 89
6 65 37
65 84 71
27 25 79
34 13 73
87 56 52
69 11 18
92 50 66
27 72 41
39 13 18
17 49 77
1 32 84
34 86 39
76 34 80
73 13 42
11 84 24
98 18 31
60 51 100
53 48 16
6 98 64
45 89 83
97 59 4
50 55 62
85 93 23
95 66 32
76 23 68
48 44 3
20 84 75
29 83 78
56 80 84
66 58 40
7 98 16
21 23 5
87 23 43
100 2 47
40 50 32
99 96 31
31 48 62
17 76 67
35 37 24
74 7 36
13 88 94
67 48 34
23 9 55
38 25 96
34 79 96
40 63 93
57 50 19
84 64 85
82 29 19
56 44 20
75 50 93
53 82 31
55 46 65
43 89 60
22 68 37
42 63 68
27 45 97
27 26 98
74 85 65
7 90 69
41 19 61
68 84 4
90 30 54
51 99 31
19 29 71
62 55 14
29 80 84
79 57 76
59 91 40
40 16 71
77 64 80
58 32 39
39 99 49
82 69 28
68 74 94
8 64 61
26 58 79
1 67 16
99 58 18
92 40 49
67 49 47
57 43 64
81 35 36
18 46 95
24 15 46
88 24 55
27 1 34
30 61 66
50 51 53
72 40 36
2 34 63
100 92 79
78 23 30
65 19 24
26 25 18
94 71 76
81 83 78
22 95 8
62 54 84
77 61 57
62 19 46
28 75 4
63 23 14
9 32 71
96 36 100
61 10 17
35 12 43
71 16 54
99 44 54
3 22 11
71 89 39
19 94 96
59 92 22
82 61 59
15 87 84
99 15 4
5 79 69
88 60 32
61 34 66
78 57 65
74 9 44
49 83 24
76 6 74
89 38 89
53 76 29
55 91 2
100 89 98
97 95 3
67 86 61
71 46 85
1 87 20
89 25 51
11 87 55
79 71 26
23 10 40
29 23 93
90 92 36
37 21 95
67 88 82
16 91 13
11 40 2
14 68 34
72 87 45
1 77 22
57 87 30
93 79 35
3 55 39
99 29 37
51 9 85
57 84 75
2 85 93
37 65 75
51 6 77
17 55 26
64 24 86
7 81 85
92 63 89
37 23 45
49 66 57
70 40 2
39 33 72
76 78 46
73 73 17
51 53 90
82 26 12
33 75 3
50 3 38
39 98 87
65 45 93
31 47 42
21 5 97
78 24 68
80 21 23
84 12 97
91 23 89
40 64 59
3 75 48
70 20 38
62 38 62
33 94 58
1 45 60
17 6 51
86 71 66
49 37 64
91 4 86
63 98 19
7 85 81
61 44 64
33 50 62
40 73 36
70 34 71
95 80 65
51 87 12
18 51 58
84 44 39
9 51 42
76 84 98
68 25 100
73 15 63
42 23 12
43 3 4
29 29 75
5 21 12
37 6 49
79 33 70
5 10 52
1 59 44
98 87 71
36 70 58
71 2 11
56 53 58
60 38 14
34 47 18
53 64 95
61 60 9
47 87 19
87 83 37
30 39 86
34 96 73
90 57 66
90 26 98
39 70 58
44 64 80
13 1 8
52 32 76
1 46 3
40 86 68
5 54 61
96 72 82
56 54 5
11 47 100
11 10 13
63 80 38
6 51 82
27 12 81
55 82 11
18 55 43
65 45 9
66 30 95
25 94 69
29 44 46
46 89 65
34 76 95
64 24 27
59 25 99
82 31 47
98 28 2
24 10 42
11 20 55
19 1 4
36 79 10
80 9 37
72 71 93
8 17 10
27 99 51
89 75 26
34 19 27
33 39 81
3 30 9
84 97 54
58 37 86
69 84 44
48 80 4
89 31 92
23 79 82
13 68 19
4 78 83
54 95 43
63 86 3
27 64 4
69 16 38
35 30 67
17 15 76
16 30 23
42 41 91
41 81 9
57 9 21
48 74 10
56 31 18
81 9 12
65 85 16
69 76 97
46 9 65
100 96 74
99 3 48
11 1 27
85 55 67
63 5 23
15 67 43
74 98 16
36 86 4
31 35 6
1 38 8
92 69 13
71 32 48
97 38 39
83 91 11
93 1 29
36 88 70
18 79 73
51 21 29
82 5 26
22 21 95
16 92 6
46 87 67
65 77 47
95 53 2
30 77 42
82 4 59
6 100 31
49 75 83
9 60 80
27 67 64
98 43 15
9 22 31
29 17 18
11 65 3
5 54 1
85 47 13
67 30 71
98 18 49
12 41 22
74 73 96
57 1 83
79 74 79
68 26 95
6 29 81
74 23 15
58 92 13
54 51 58
21 63 89
92 17 51
61 42 17
98 14 30
82 37 14
29 73 42
36 13 90
51 28 94
87 67 76
49 89 97
68 59 32
92 26 66
49 24 3
3 33 77
24 25 17
72 52 33
28 57 45
57 54 80
73 61 78
21 13 42
65 59 95
100 27 48
35 81 9
28 43 85
50 74 40
14 5 8
42 31 17
77 41 96
58 14 43
100 71 54
92 63 26
6 94 91
76 61 8
34 37 98
5 67 37
42 65 5
32 47 31
44 26 67
32 52 82
3 30 85
68 45 12
20 95 43
66 20 8
8 76 34
51 53 7
35 13 94
33 48 15
13 92 73
10 3 29
80 93 62
88 23 93
51 9 32
28 4 3
44 90 31
85 78 43
68 94 58
31 71 8
98 46 39
94 23 75
67 81 20
54 86 84
17 76 12
92 30 64
82 1 12
96 64 75
50 43 16
6 98 48
22 15 78
20 8 76
4 66 27
28 71 14
56 25 90
39 76 32
3 10 35
75 8 65
70 100 77
22 88 58
10 82 33
50 45 59
69 99 11
55 85 24
75 2 73
24 46 15
16 59 60
95 65 27
46 52 53
51 99 11
48 9 44
92 64 66
90 64 27
81 42 17
98 70 41
89 35 52
90 91 99
28 79 72
83 9 39
93 76 5
5 26 59
12 49 7
83 68 54
15 9 20
22 92 74
67 54 50
80 25 40
51 82 88
28 18 40
57 54 19
37 9 19
48 31 82
70 14 38
47 44 50
91 14 5
99 37 89
58 13 17
99 34 45
7 89 93
14 7 35
5 42 58
25 74 25
1 95 66
78 35 74
89 20 12
7 24 44
40 96 13
86 4 78
5 4 95
100 97 84
7 10 56
13 94 92
6 67 95
55 74 33
88 28 17
95 40 33
25 44 24
10 2 51
62 95 27
41 54 38
29 24 95
77 50 24
33 88 47
57 58 13
53 70 42
48 16 67
86 55 85
46 68 65
85 2 25
69 82 10
97 58 40
35 33 2
5 38 45
26 79 6
31 43 66
11 92 53
2 71 16
93 90 74
34 11 79
79 37 87
65 23 45
48 84 37
71 45 19
84 39 37
46 37 57
16 76 14
50 20 67
35 93 4
45 33 56
32 35 40
62 74 18
44 80 4
29 41 10
99 30 9
50 85 19
82 91 42
77 32 62
72 88 17
21 39 81
66 95 78
90 20 68
52 18 31
72 61 20
34 58 79
24 79 2
80 54 98
81 43 98
49 40 17
14 63 85
75 35 72
59 40 11
46 40 11
98 80 43
77 77 58
25 76 64
52 98 43
73 73 10
57 56 22
49 75 14
56 92 73
3 24 97
5 89 65
65 66 38
1 80 48
17 63 44
62 72 70
83 32 19
84 71 12
56 67 39
23 51 36
28 44 76
97 90 92
97 38 50
33 44 27
6 78 64
39 6 77
64 72 2
16 55 71
65 67 8
18 98 48
47 5 66
60 15 83
56 43 54
39 73 41
28 1 23
47 57 26
32 49 74
20 41 99
92 67 48
52 33 53
33 41 40
93 51 18
68 21 16
20 90 58
18 29 43
58 49 73
73 94 88
19 29 84
82 7 40
57 51 72
60 96 40
81 87 20
69 2 52
62 86 44
96 41 91
74 91 73
61 39 67
51 7 88
50 83 27
46 40 10
39 29 30
25 43 81
4 100 11
54 97 87
10 68 57
22 8 20
61 27 30
23 78 59
40 46 19
41 24 34
77 89 97
11 78 39
26 18 74
23 89 66
34 61 60
92 70 92
2 75 66
2 3 26
74 90 49
5 64 76
86 80 46
80 75 87
67 46 75
33 58 96
98 60 61
30 68 59
74 84 48
34 32 93
89 76 63
66 48 54
53 40 77
88 78 45
57 68 85
14 55 38
65 24 8
75 82 28
75 16 55
86 30 12
12 66 39
96 38 32
5 69 82
34 4 32
63 30 43
96 63 16
17 92 7
63 21 75
71 58 74
80 4 21
83 13 96
10 17 11
34 29 71
29 27 32
61 3 67
83 30 1
61 42 40
39 13 40
40 51 25
64 82 2
61 52 74
100 58 69
95 91 100
85 59 14
16 27 57
62 20 57
39 89 54
46 45 62
74 83 9
18 66 39
7 42 88
80 86 66
61 6 13
67 67 37
89 14 67
81 55 76
88 63 46
65 61 21
31 25 82
30 36 35
81 76 37
16 54 50
31 40 51
45 92 58
99 9 95
71 10 40
11 73 53
9 24 60
71 24 14
41 9 95
2 34 55
50 31 22
14 68 15
28 86 46
72 18 96
86 67 23
44 67 83
40 88 17
32 85 62
17 10 99
40 11 18
15 74 58
43 4 37
12 66 19
84 100 41
22 16 38
99 21 95
60 78 24
72 49 88
94 46 71
14 55 78
60 41 53
34 2 41
29 51 88
35 23 62
44 11 79
72 96 73
25 65 21
63 29 16
4 83 66
60 84 86
98 77 51
69 19 45
41 12 97
92 98 66
88 88 2
73 60 45
57 76 62
69 45 78
3 25 7
8 54 32
85 71 27
36 57 39
7 79 74
66 35 82
1 19 4
58 89 43
50 57 60
50 29 95
49 30 65
43 95 68
37 75 24
13 89 64
10 51 18
6 67 3
15 22 58
33 38 45
38 4 12
95 22 10
85 40 51
63 54 38
100 100 72
92 47 35
69 37 29
81 84 21
44 27 5
73 32 76
47 67 12
70 3 76
16 85 26
82 39 23
68 84 68
47 14 68
88 5 93
11 79 99
57 69 40
20 57 61
45 2 13
51 78 23
20 32 38
41 92 73
97 45 20
32 85 55
8 76 44
55 36 94
21 9 8
13 89 64
18 62 93
68 49 18
97 9 97
28 47 33
32 53 70
6 56 58
8 23 21
17 72 99
67 34 68
83 29 57
22 75 29
47 89 43
2 6 72
82 50 3
22 74 2
14 24 15
55 11 7
98 13 82
21 77 13
76 23 76
57 8 38
34 77 6
24 76 55
46 62 83
68 67 3
76 6 56
80 63 45
14 95 44
37 10 41
77 22 79
85 70 69
33 83 27
71 36 90
30 18 6
77 13 69
83 2 25
81 99 72
51 87 9
50 2 77
26 75 9
3 98 38
42 65 67
29 38 39
30 78 26
18 43 3
46 30 38
40 89 75
31 24 5
14 36 72
42 3 44
80 16 75
21 84 64
5 99 92
77 18 99
57 22 96
69 6 72
86 56 92
24 34 87
50 30 63
67 61 43
56 60 54
45 42 28
48 52 90
76 39 23
75 3 66
64 80 12
41 52 100
89 25 69
39 74 31
96 33 70
91 11 33
3 6 33
16 33 13
5 59 15
33 89 78
67 77 92
32 93 57
61 86 95
28 79 52
99 94 35
59 69 25
44 62 59
26 80 38
3 27 75
65 71 57
41 38 63
68 6 77
90 23 66
63 59 1
75 93 65
35 1 63
52 57 80
66 17 94
47 38 37
36 11 51
98 42 79
25 98 78
94 43 50
95 25 49
6 79 42
90 36 13
54 19 63
38 37 39
59 86 80
16 67 64
88 80 55
78 16 83
54 95 98
25 55 85
4 64 43
1 69 49
39 15 95
64 14 34
54 50 38
35 14 3
26 19 39
68 84 29
64 99 31
46 64 54
48 14 26
56 45 59
29 100 79
74 86 87
10 93 24
36 18 90
66 42 100
52 39 71
9 46 34
86 13 56
41 79 17
90 56 35
90 52 82
42 25 6
95 81 15
86 55 27
94 69 82
31 65 48
35 53 42
54 81 12
63 53 40
91 6 51
17 32 37
74 62 93
96 55 21
40 13 40
26 97 1
4 93 26
74 45 54
28 92 36
65 46 87
62 90 17
41 84 20
56 29 14
12 21 60
47 59 86
28 78 54
23 54 85
62 98 64
5 100 49
80 17 100
52 57 43
88 24 64
68 94 56
90 26 66
80 84 9
20 89 71
50 86 44
51 38 32
82 49 79
83 21 67
89 45 37
65 51 90
91 83 93
86 95 81
60 59 61
2 62 57
81 37 85
38 52 70
53 91 94
24 30 76
2 9 97
86 80 1
87 54 83
1 32 30
20 82 25
66 45 26
73 74 41
47 32 45
48 77 79
1 44 14
98 61 9
72 68 50
76 23 38
57 70 51
37 17 69
26 24 95
36 81 87
17 26 87
74 28 91
26 52 99
66 75 44
83 61 68
2 77 47
51 30 57
56 47 42
47 39 32
62 79 47
61 39 81
60 99 100
37 53 100
10 42 99
94 83 15
61 9 15
98 16 85
45 9 44
21 4 81
98 51 25
98 25 10
46 57 89
49 84 19
36 25 90
8 46 86
33 47 17
16 82 42
39 13 79
7 71 95
85 72 96
20 8 93
76 18 6
14 10 94
49 75 9
44 71 95
54 77 82
40 68 30
83 5 59
29 30 59
38 85 78
47 71 59
72 23 20
65 85 16
16 57 80
44 88 25
39 63 71
27 78 32
57 100 51
60 9 12
53 35 11
93 55 37
9 17 90
1 100 82
99 57 76
60 25 53
25 32 9
74 39 55
7 83 67
32 79 53
42 84 62
10 83 64
23 92 28
66 75 30
25 42 40
81 17 7
83 63 98
12 1 24
71 22 7
71 30 8
33 10 25
14 4 62
44 97 98
40 99 94
52 11 79
73 93 97
21 20 65
40 41 99
66 44 39
76 8 12
15 51 18
26 89 87
34 19 16
66 80 64
100 23 44
20 67 81
66 25 74
39 91 25
45 31 88
13 67 87
47 12 80
77 83 46
91 13 82
65 67 89
43 37 44
12 90 6
99 56 31
61 25 51
67 39 20
84 41 13
16 48 66
62 57 98
72 7 72
65 24 44
53 12 87
64 51 99
30 48 81
90 69 7
61 48 8
35 3 68
15 82 58
88 61 98
14 94 53
51 93 15
17 85 86
2 64 12
67 22 94
51 58 91
93 46 23
4 97 64
97 55 83
66 30 86
76 43 39
21 44 5
26 95 64
43 30 67
77 71 9
29 48 59
36 98 26
100 48 37
92 30 1
18 89 93
66 37 60
32 89 60
81 98 1
52 61 86
16 6 90
20 84 93
72 32 46
91 5 38
60 45 66
17 84 9
97 3 16
28 14 86
96 32 20
60 78 76
77 69 79
100 67 32
77 12 45
71 100 53
93 55 15
79 14 50
69 2 49
75 53 79
100 45 48
88 72 99
49 42 13
63 3 29
87 41 70
83 54 37
31 63 98
96 12 37
78 58 69
33 63 44
11 61 57
17 36 74
58 14 80
11 61 71
47 47 74
27 28 96
7 24 83
14 78 46
66 69 70
21 5 26
83 85 98
40 77 18
60 48 61
70 4 50
93 90 74
19 75 3
38 93 65
68 3 12
1 19 63
1 77 41
90 9 8
17 37 39
96 83 66
35 73 47
69 82 70
18 53 28
89 39 50
92 77 72
17 12 59
73 47 53
87 16 4
90 58 74
49 53 100
72 26 81
29 15 5
13 66 78
85 25 31
41 34 68
38 79 6
24 7 49
92 83 57
17 46 21
92 39 1
1 19 93
42 34 66
6 47 73
21 11 7
53 20 12
23 91 69
60 48 21
17 78 59
82 54 38
94 92 17
30 79 36
21 71 45
93 42 88
79 78 89
20 12 57
85 85 3
11 31 100
36 3 80
36 23 26
67 18 69
79 44 81
55 14 95
35 20 86
97 30 71
59 6 92
52 75 8
84 57 83
77 76 62
30 5 71
86 95 30
61 90 42
69 2 17
74 74 77
53 50 59
93 98 32
13 7 58
32 10 69
48 17 49
25 94 28
31 23 37
50 5 23
1 65 97
65 39 64
3 36 11
91 61 1
82 13 72
73 64 66
38 15 86
37 1 87
33 13 49
57 24 16
88 63 45
24 53 41
88 70 56
26 19 85
52 21 81
84 86 76
77 87 89
16 57 39
27 69 53
67 81 98
2 78 34
16 12 34
49 62 89
7 39 12
69 14 30
3 91 90
43 79 17
77 81 71
70 23 84
40 39 93
49 86 37
71 17 96
76 62 61
61 86 8
94 43 55
34 53 58
94 82 69
22 93 65
7 36 6
13 80 29
18 25 22
67 98 29
61 23 27
80 94 13
9 8 24
2 29 55
78 1 93
23 53 73
56 62 14
80 43 86
72 73 7
72 59 15
25 68 39
37 4 89
51 29 63
51 63 9
87 50 89
19 26 63
27 20 15
79 38 68
69 64 50
68 10 6
45 94 25
68 26 60
34 73 56
47 55 66
86 34 63
41 9 34
36 48 61
70 100 56
78 14 97
44 71 44
38 47 51
40 17 51
12 15 43
8 41 17
14 77 88
2 26 98
15 73 22
61 67 89
45 32 8
40 24 38
44 6 17
69 27 85
37 99 100
46 48 24
84 82 69
48 68 16
41 97 95
40 61 1
62 35 51
88 68 39
87 80 38
39 16 26
60 49 69
69 64 98
26 65 32
55 62 84
92 61 59
100 83 68
6 60 4
6 57 20
12 95 80
4 12 80
98 30 57
12 1 93
99 24 78
32 73 28
28 53 90
84 62 29
35 97 1
87 20 80
51 68 4
8 80 93
66 41 58
99 27 64
22 39 37
53 88 74
74 56 79
32 19 87
48 29 39
1 38 61
53 34 45
62 35 6
14 72 58
62 67 84
40 89 65
45 46 5
27 5 85
63 73 88
15 78 9
54 75 46
20 90 88
12 86 32
32 17 82
61 84 66
76 20 81
89 74 42
11 81 29
85 61 57
3 66 44
83 81 76
29 100 91
44 39 55
9 38 85
44 83 68
58 73 18
66 29 76
83 71 48
89 36 53
8 58 79
27 63 21
79 98 97
47 39 67
9 69 51
71 61 14
10 45 8
22 15 64
80 43 16
6 86 62
18 84 21
60 81 65
16 92 33
44 99 94
26 89 43
81 6 10
97 55 63
5 78 38
2 84 98
18 69 82
90 62 97
64 3 1
4 82 74
8 41 58
18 40 91
64 24 57
63 22 91
52 98 57
61 77 6
36 50 59
1 89 21
88 26 4
82 15 29
2 75 60
22 56 82
93 64 45
67 78 93
30 55 87
32 19 1
88 95 46
53 19 50
32 36 99
61 27 30
90 38 85
47 8 55
37 59 54
91 77 41
3 38 26
4 54 84
95 35 33
20 16 19
55 64 30
52 73 40
100 39 45
70 50 23
16 54 50
35 30 68
72 68 98
57 67 45
17 1 45
42 30 39
18 20 27
40 47 58
51 58 82
53 88 40
72 67 39
38 42 13
5 41 17
2 16 9
17 70 49
83 96 73
26 20 60
35 82 49
60 82 35
74 27 29
88 41 33
77 33 35
64 44 48
25 44 14
24 55 15
53 68 83
67 9 29
29 98 57
50 72 47
20 45 19
78 53 100
33 16 89
96 85 62
83 24 95
93 97 62
71 67 85
20 3 60
20 99 35
9 77 94
89 50 48
43 4 80
40 38 98
40 77 79
65 64 71
78 75 4
12 16 59
53 9 14
19 7 28
99 59 62
90 40 35
59 3 14
90 33 90
83 3 46
98 91 52
49 80 34
99 27 71
46 100 72
89 44 65
76 82 77
53 21 64
4 34 66
72 53 96
28 100 52
92 95 55
82 25 88
31 19 20
64 48 46
38 23 43
9 96 100
51 86 30
87 98 27
51 85 60
4 43 46
95 34 32
84 92 94
35 45 67
18 35 22
90 91 33
91 64 55
79 78 5
98 70 13
43 9 83
72 58 22
36 72 92
52 19 57
58 12 83
43 63 65
2 60 9
27 41 28
61 45 15
65 47 6
93 48 87
56 67 21
50 97 21
23 86 97
53 59 20
85 43 59
52 8 67
96 80 85
70 5 54
91 50 62
3 83 39
26 68 65
57 30 27
83 41 35
60 43 12
44 10 2
73 94 77
92 44 12
53 46 37
73 75 64
83 53 90
42 84 71
66 97 39
60 44 12
44 16 26
51 42 33
65 83 46
48 3 23
40 25 41
88 31 25
8 30 50
45 64 63
44 46 8
88 46 57
24 23 68
57 3 71
41 28 90
67 97 24
68 68 83
12 42 51
96 4 93
5 73 6
99 32 80
88 78 8
20 81 9
18 96 41
32 37 19
5 98 83
43 89 9
11 25 22
35 71 64
49 84 21
63 32 46
12 90 22
70 70 33
96 23 57
35 42 6
56 12 61
78 32 46
51 84 61
26 44 85
67 47 28
97 55 9
54 70 41
37 16 60
58 81 84
90 4 21
10 96 31
31 30 5
29 33 41
52 81 57
71 73 74
60 95 46
14 49 91
48 8 95
46 35 99
13 94 18
14 31 91
45 23 71
67 100 69
3 50 16
95 73 96
80 90 92
4 96 77
94 4 81
88 15 95
42 80 20
7 28 70
17 30 19
86 83 57
28 85 34
60 37 5
23 50 75
5 13 88
37 54 12
98 16 4
67 31 70
59 98 95
28 12 71
60 87 78
85 54 26
83 12 27
53 27 1
50 74 94
23 34 9
30 59 26
26 87 80
20 29 86
97 12 62
35 85 38
31 77 31
26 48 54
55 32 1
83 15 67
69 19 68
48 79 31
37 58 10
99 44 89
21 39 71
14 37 32
74 33 7
64 19 43
61 84 29
54 1 4
96 44 71
17 35 40
50 86 44
21 30 85
18 63 34
95 22 28
98 90 40
63 68 76
50 13 33
47 37 97
68 95 68
73 9 43
46 7 90
59 1 83
95 16 21
36 50 68
46 35 47
1 19 3
79 75 9
33 10 58
92 15 3
76 40 41
58 4 26
18 8 23
92 86 45
95 65 95
66 43 93
62 82 11
10 17 2
66 4 61
87 37 67
76 86 46
64 87 12
31 33 92
72 38 66
80 48 95
58 28 22
57 12 48
16 46 27
61 42 31
25 55 97
81 43 83
94 37 63
88 7 35
64 28 73
23 66 39
93 30 27
100 37 39
36 100 82
49 92 94
85 7 72
100 56 25
45 63 38
83 89 15
81 84 57
25 43 8
85 80 19
38 14 1
92 97 62
95 46 85
9 25 2
5 30 76
37 31 2
50 100 96
50 56 40
81 88 56
12 38 5
72 42 90
54 58 25
40 15 80
75 39 21
85 28 88
77 8 98
96 70 28
85 38 55
98 69 28
45 85 30
45 89 9
45 22 88
25 31 47
3 69 96
64 21 27
10 93 85
97 66 20
98 67 54
73 38 81
81 67 98
100 45 87
4 69 41
21 82 94
86 32 20
97 35 28
59 76 3
80 60 34
96 63 60
29 10 70
34 21 1
47 11 100
12 14 71
5 73 13
17 40 2
79 18 53
6 88 13
99 57 68
51 100 6
6 18 31
79 78 84
56 43 26
52 61 26
17 14 98
4 39 5
2 86 26
65 94 13
57 3 27
54 15 50
42 66 95
33 25 53
44 58 31
64 72 94
11 90 96
45 3 8
34 60 43
95 96 31
21 38 16
60 32 57
26 77 92
4 46 50
87 93 8
36 26 29
72 48 66
69 87 38
88 39 50
49 24 20
86 61 4
61 91 36
92 33 90
18 59 68
65 79 99
13 45 62
51 46 37
95 53 69
33 2 72
36 1 63
81 57 29
98 80 89
55 40 31
82 6 49
52 17 70
13 13 69
96 47 69
55 39 60
41 61 84
36 100 42
35 55 19
34 92 82
1 54 97
96 9 78
82 8 54
68 87 24
62 75 81
42 82 77
68 69 88
26 50 68
9 95 16
17 23 34
83 25 79
44 30 45
83 9 34
84 55 15
44 19 23
45 21 46
39 21 37
67 8 21
21 12 83
74 76 21
6 10 73
9 89 95
40 66 43
58 48 30
81 85 63
59 13 53
8 17 41
77 88 72
60 81 78
35 60 4
71 59 9
15 54 43
27 36 2
69 24 37
76 40 79
33 75 12
69 82 35
81 81 87
29 9 50
51 75 29
26 78 67
16 75 1
81 83 21
26 1 63
6 70 73
49 62 46
100 44 14
44 41 91
95 4 59
83 84 76
32 95 78
67 87 29
2 39 61
81 86 48
47 33 73
37 97 85
43 70 92
61 27 26
75 96 74
96 56 88
22 38 1
87 19 38
42 32 63
56 94 18
5 89 85
80 32 68
96 1 98
32 68 23
82 44 89
35 34 86
80 71 85
75 14 34
14 93 67
95 44 32
25 82 51
93 14 37
40 50 89
58 48 37
51 85 95
54 100 77
94 28 36
28 38 81
98 71 45
79 49 7
25 26 54
63 25 94
84 98 62
96 41 88
43 30 98
67 43 98
66 44 71
65 53 92
95 86 93
33 34 24
45 89 24
60 39 4
95 83 8
11 62 8
98 82 28
83 43 34
7 85 95
24 94 2
73 16 32
76 16 30
55 95 38
64 34 15
2 18 40
48 53 33
19 75 44
11 54 71
27 5 44
37 76 9
4 100 91
10 56 77
50 98 5
32 64 23
8 48 85
5 48 12
73 98 62
60 29 45
23 57 55
84 54 29
96 91 47
85 34 80
86 67 89
16 81 3
58 3 59
87 20 64
6 78 55
97 87 44
100 66 81
12 52 69
62 1 44
61 4 65
71 4 68
39 33 6
20 64 45
44 75 57
27 73 33
2 27 97
66 69 58
65 98 76
46 40 36
88 54 19
28 38 65
54 88 2
97 70 100
21 79 77
17 69 49
62 91 74
50 45 34
98 63 81
95 25 100
41 60 98
76 16 15
77 64 80
67 43 34
65 54 97
9 24 87
27 41 51
29 2 13
56 18 41
64 28 42
99 49 41
66 86 84
16 75 21
9 8 65
47 78 68
21 92 58
93 13 11
29 66 89
98 75 63
33 81 78
79 16 93
62 86 38
37 39 54
59 45 37
88 72 40
75 44 50
44 37 50
51 64 87
13 31 22
67 66 84
97 27 87
22 66 15
37 1 37
93 78 59
74 29 78
89 97 68
22 87 65
69 47 25
66 84 76
91 58 69
41 65 20
66 27 32
12 40 11
2 90 17
65 6 72
55 29 32
63 35 94
6 38 37
88 97 86
97 7 42
4 5 97
78 30 27
43 27 39
56 68 15
94 78 54
69 85 71
98 22 10
55 42 6
83 6 42
89 76 64
45 1 84
9 75 39
1 24 65
90 100 28
52 83 32
57 6 77
44 11 73
70 42 36
17 47 25
87 24 85
31 58 92
68 59 75
69 95 75
75 55 15
77 90 28
50 100 74
72 53 88
46 22 58
68 27 15
78 23 85
30 11 28
83 43 89
9 7 88
57 60 21
34 60 85
41 40 18
17 37 44
82 71 98
31 96 52
38 20 59
6 46 23
32 68 97
92 1 81
37 92 41
84 33 82
66 78 66
56 29 19
2 8 67
19 75 43
41 54 59
36 24 21
87 70 52
92 31 47
72 34 27
32 94 42
28 16 15
62 65 78
40 97 66
93 81 86
7 11 96
13 60 95
80 26 3
15 19 55
37 18 42
45 49 99
95 26 62
37 87 48
3 38 71
72 62 55
20 73 100
45 77 82
20 62 78
54 60 78
28 57 89
28 46 32
47 3 83
86 23 26
3 44 63
51 27 76
13 30 68
45 56 49
82 87 84
32 87 98
70 55 46
25 80 39
70 22 10
82 8 93
25 82 31
32 60 84
19 70 92
43 42 2
92 73 17
25 71 9
13 93 43
77 14 65
32 94 22
79 14 83
73 17 47
5 45 15
5 92 10
64 97 71
32 92 82
19 37 75
68 50 78
85 15 78
72 22 11
18 15 19
30 35 77
36 84 43
41 62 63
37 68 32
11 82 22
75 24 29
24 86 34
38 62 15
100 91 25
61 58 70
8 57 20
43 1 21
41 5 43
8 98 48
51 82 79
36 79 53
2 5 87
74 44 68
4 18 69
7 65 38
76 22 47
73 62 67
75 89 62
24 55 57
81 71 50
94 10 100
26 21 60
72 98 93
47 70 92
90 50 75
70 18 35
65 12 1
29 25 99
25 78 23
84 86 66
14 45 20
70 79 82
59 47 92
50 2 13
70 81 26
67 91 70
59 48 67
71 88 10
86 36 82
56 35 82
59 100 77
74 36 28
52 20 43
22 97 61
22 96 33
41 40 41
59 26 37
13 16 95
64 7 25
71 31 90
13 8 64
80 20 38
20 69 88
37 89 65
49 15 66
63 66 4
4 99 73
93 7 72
86 19 63
67 86 81
58 14 61
70 24 54
23 27 68
98 100 49
69 77 72
32 62 66
58 18 41
20 44 38
21 86 84
85 82 74
31 53 31
82 42 49
29 28 70
99 83 63
45 72 31
52 22 31
40 78 30
54 59 8
6 66 14
35 24 21
28 32 62
95 9 81
72 36 10
92 3 54
51 26 98
69 92 73
8 87 66
10 6 53
91 21 20
86 87 89
97 41 88
57 9 20
100 44 80
67 10 96
58 35 10
76 39 84
1 97 1
92 3 80
3 99 100
74 1 48
41 86 16
40 100 25
29 55 44
5 54 34
82 64 85
18 1 32
20 9 12
83 52 35
3 26 16
95 20 15
89 12 39
12 37 86
95 51 6
68 72 88
53 26 75
79 93 81
36 92 22
64 25 56
92 86 55
21 44 66
31 99 25
40 75 32
86 7 91
43 46 5
11 4 61
14 55 1
70 34 97
69 75 45
89 60 87
37 40 36
91 55 98
3 85 43
26 69 96
48 100 18
78 71 8
93 3 84
31 61 97
40 48 3
63 15 27
53 60 80
62 30 61
57 66 83
44 34 78
57 48 64
62 53 10
71 75 81
81 34 65
43 41 47
5 49 88
69 76 23
35 12 16
61 65 12
55 27 9
26 47 40
40 86 26
38 55 24
74 86 71
15 43 39
13 12 32
87 39 87
26 70 72
33 6 35
90 83 19
14 27 62
7 77 92
89 35 17
42 27 89
29 80 30
60 70 49
47 54 59
26 29 8
64 10 79
28 21 14
59 61 86
4 81 15
98 42 11
3 51 18
27 22 52
79 59 97
7 34 86
76 52 90
96 44 71
32 6 69
7 10 31
26 36 41
61 81 83
32 57 54
64 71 3
72 36 40
62 43 4
55 30 54
3 99 18
87 2 47
77 66 5
21 62 86
33 26 27
65 62 27
54 40 94
60 91 79
14 87 67
97 97 59
53 44 75
19 6 51
65 84 89
82 62 98
55 9 14
80 47 72
46 84 87
39 96 99
19 15 12
37 37 15
27 35 47
92 32 93
93 34 30
1 16 39
72 11 22
9 55 80
12 33 82
38 55 39
29 75 50
68 29 34
77 85 50
62 67 24
73 53 51
40 95 83
88 98 38
88 3 38
88 40 18
53 7 2
91 5 83
18 84 76
16 31 96
18 37 20
64 6 56
87 96 51
86 71 98
26 60 76
3 26 78
14 12 48
91 89 44
86 17 92
92 54 87
12 76 12
39 26 29
91 43 14
6 79 28
100 86 29
42 90 82
18 29 14
13 24 45
1 3 30
100 37 66
7 45 5
91 78 16
85 56 13
61 43 68
79 45 95
11 61 87
67 60 34
51 12 16
91 34 32
77 94 17
68 7 69
42 72 11
60 49 13
46 71 12
100 41 91
50 85 87
4 43 85
35 85 29
7 25 2
22 8 19
63 27 95
75 63 23
59 59 89
43 5 60
59 54 16
41 48 26
62 31 7
28 45 16
21 97 20
73 64 37
26 4 14
67 3 4
64 60 34
68 89 39
58 61 59
1 82 13
58 68 50
20 38 87
33 44 64
98 83 80
57 44 23
79 85 68
18 53 100
90 9 32
31 88 7
47 50 34
82 17 22
68 91 51
70 39 32
47 15 85
58 32 95
65 59 14
88 100 13
2 88 74
50 77 56
60 2 88
18 73 99
92 48 78
61 17 49
58 62 21
23 73 13
46 17 79
58 51 18
63 4 64
84 81 66
34 81 66
83 29 16
22 63 76
91 23 86
22 44 45
24 32 59
63 46 50
15 23 12
20 75 50
72 68 12
26 98 15
13 36 53
43 69 51
100 64 97
1 76 62
23 52 74
27 63 50
28 11 25
68 2 82
76 4 27
1 40 56
54 48 27
86 75 12
64 90 56
22 21 27
43 84 61
7 41 17
76 33 91
31 19 85
96 73 79
15 93 65
80 70 79
10 26 9
17 46 5
58 35 47
11 22 70
22 49 28
68 71 14
86 38 78
61 34 89
72 82 88
98 5 15
25 54 57
40 60 50
19 49 11
37 17 73
66 29 19
96 35 70
16 36 33
36 29 39
64 60 29
1 51 22
40 4 76
28 19 62
36 66 97
51 99 73
4 55 66
9 28 56
87 13 100
7 41 40
66 4 45
81 65 61
47 51 22
68 91 100
53 43 93
70 85 9
96 23 60
92 37 19
81 27 24
64 3 83
96 56 96
78 72 69
35 33 6
90 51 99
86 31 92
7 64 16
21 55 63
59 96 18
90 83 15
21 71 67
76 27 98
77 41 42
49 33 72
94 38 39
80 48 32
82 89 43
65 7 92
78 38 16
64 100 6
28 66 78
66 55 30
98 45 95
81 9 83
4 98 43
25 33 40
58 98 97
68 71 63
98 63 61
72 53 6
86 51 41
56 50 55
40 72 33
74 97 26
92 14 45
27 74 82
15 57 50
100 67 12
85 84 68
24 59 93
36 10 58
85 46 83
13 51 53
43 2 6
45 60 63
22 56 41
61 71 66
69 53 7
45 1 50
33 47 22
85 99 25
14 97 12
81 87 89
33 81 14
63 39 27
67 3 50
36 69 11
53 24 98
73 15 85
98 67 3
20 36 96
98 89 60
72 10 42
17 51 74
18 43 76
32 6 18
10 46 59
9 4 71
8 20 26
81 54 43
44 34 76
33 82 53
96 100 7
24 65 83
48 38 54
38 60 76
23 21 26
84 79 40
71 72 31
60 36 82
18 27 57
8 27 16
79 45 76
77 94 82
45 99 6
71 41 56
53 4 43
56 59 30
100 13 91
39 74 17
36 4 75
50 55 83
96 69 92
18 74 18
11 41 49
8 80 24
85 29 43
46 58 22
77 33 91
98 70 2
75 49 69
49 66 98
19 60 86
80 77 13
91 59 48
30 35 25
73 89 27
70 55 66
10 51 74
85 96 73
68 66 64
63 93 45
25 94 74
94 93 89
88 75 59
79 72 56
52 31 74
55 61 80
46 56 31
88 8 62
21 72 100
37 26 80
95 35 28
3 45 37
29 59 65
6 82 53
52 84 4
52 93 83
9 65 97
99 91 90
70 85 95
75 86 9
32 10 17
73 40 79
60 21 64
93 72 25
85 3 34
80 33 17
17 80 78
20 88 10
47 29 12
34 37 57
13 47 99
44 30 20
87 83 39
19 59 9
46 81 14
38 38 39
40 48 93
22 48 98
84 28 94
19 33 49
51 72 40
68 53 6
46 57 64
56 28 88
6 80 66
59 74 42
64 29 3
93 74 96
74 37 24
15 89 27
1 78 68
4 91 49
99 46 75
84 85 5
34 25 99
80 28 53
38 66 83
18 47 88
49 84 89
50 15 63
13 89 30
38 54 4
52 1 48
53 3 66
33 29 62
64 96 91
3 25 52
53 39 14
29 24 34
88 80 64
69 14 29
73 32 67
34 12 9
1 62 30
45 62 98
29 39 27
8 84 93
97 55 20
73 82 72
14 14 85
80 73 28
42 83 62
66 97 84
60 38 57
89 93 39
73 17 96
72 16 75
83 69 51
23 4 46
36 11 13
26 51 47
19 20 4
38 88 100
96 88 7
41 11 10
86 30 16
79 12 76
13 34 1
52 70 7
48 56 58
93 7 41
82 54 59
63 59 39
96 7 2
89 19 86
85 57 93
13 5 66
32 86 71
88 72 13
81 30 60
44 32 20
82 71 14
87 44 63
85 61 57
58 38 65
86 65 87
21 76 39
14 16 80
41 21 57
56 18 22
87 44 46
71 37 32
58 68 83
35 11 51
55 43 39
92 19 26
75 43 39
25 73 10
46 68 89
91 92 88
66 28 35
94 62 48
23 1 44
59 65 86
3 34 16
90 50 62
42 47 94
93 84 38
62 8 75
55 83 66
5 7 52
23 31 33
14 63 86
66 72 41
70 49 31
82 75 57
49 76 1
52 83 8
4 72 31
10 30 59
80 85 64
1 3 84
76 23 1
96 21 15
55 29 95
93 31 88
50 20 32
90 38 76
76 99 77
94 72 53
46 84 62
44 3 43
61 1 64
29 29 63
63 83 59
94 4 71
15 39 27
75 86 63
40 54 30
56 22 31
36 62 63
67 16 23
73 89 9
68 96 28
5 25 17
98 87 29
78 62 57
95 30 26
93 26 62
59 94 73
11 67 81
11 26 16
37 34 78
61 9 23
32 30 15
39 19 45
23 89 61
28 51 18
2 11 18
61 19 9
94 39 68
52 81 61
19 80 93
79 83 81
77 79 25
30 72 52
11 94 18
37 30 45
59 55 63
3 11 2
44 64 80
17 28 25
39 83 60
80 59 80
27 54 64
18 90 22
10 77 49
5 37 54
21 41 10
67 98 48
61 98 23
23 87 1
7 77 53
27 48 24
57 21 45
94 32 54
40 41 90
99 48 98
34 24 4
13 33 90
13 6 100
62 68 62
99 8 60
96 84 68
10 15 80
91 30 95
89 38 12
99 73 40
75 70 17
20 27 55
51 5 66
98 57 34
2 65 8
99 46 93
79 99 35
59 29 23
61 44 87
29 73 35
65 32 86
79 21 14
79 71 66
9 43 95
66 52 18
47 47 70
99 24 89
28 95 23
58 39 3
91 43 81
50 44 29
42 71 20
45 47 40
19 13 47
31 19 93
75 35 90
5 81 29
74 11 28
55 36 100
38 89 61
10 34 44
96 64 84
69 71 65
54 71 66
99 91 40
90 92 40
47 65 59
92 45 8
17 19 5
36 59 84
44 20 14
31 6 91
79 40 33
78 63 4
45 74 52
70 87 24
22 99 91
4 16 95
10 29 63
67 12 86
8 28 58
90 12 39
95 87 34
25 43 16
29 26 29
28 28 41
1 48 83
35 28 77
49 39 68
21 27 45
66 100 94
10 35 100
74 56 58
41 63 71
51 32 55
67 72 28
81 21 61
4 31 42
56 11 2
19 1 43
39 83 59
36 87 14
22 50 3
90 70 41
20 33 25
88 84 85
94 49 96
80 90 77
60 67 62
95 38 34
60 10 47
44 98 34
63 55 8
54 21 63
83 78 64
77 97 66
86 85 65
28 13 36
10 50 44
44 98 59
16 55 57
59 93 59
64 86 20
52 45 23
80 26 24
100 96 25
78 64 21
26 97 34
9 50 34
53 15 43
30 72 35
15 7 49
68 23 62
21 4 87
79 68 65
64 4 29
75 71 86
10 47 99
17 55 27
19 21 12
15 90 100
9 58 10
49 38 4
47 85 37
8 86 1
81 14 71
95 22 2
45 12 8
5 97 50
58 20 71
55 6 10
22 4 76
97 23 66
78 86 8
70 63 55
75 34 32
77 16 54
100 38 65
35 36 96
21 36 100
86 80 85
96 58 40
26 56 40
55 11 70
11 74 18
31 17 70
11 8 34
13 46 3
60 33 41
16 87 78
65 93 19
36 19 84
42 16 12
98 29 62
8 46 1
86 16 24
88 57 55
92 19 87
75 62 24
4 80 1
33 5 15
15 5 4
20 76 5
82 59 23
61 100 11
100 65 87
68 51 77
85 84 37
38 41 49
60 97 81
50 52 47
93 50 19
13 33 91
86 31 7
5 92 77
65 57 71
36 35 51
5 81 26
47 9 38
92 65 63
34 32 65
37 59 65
97 57 4
85 62 34
34 90 77
87 15 81
87 3 30
88 6 99
95 74 88
68 46 60
13 25 33
28 92 2
87 56 25
94 96 51
76 75 34
65 9 89
58 63 62
77 19 29
8 43 8
57 26 75
43 18 33
88 23 97
21 46 8
25 67 78
34 9 60
77 43 34
53 71 26
2 85 16
88 80 98
52 55 57
50 32 65
60 14 8
57 12 78
26 67 81
5 71 24
57 43 75
17 25 72
84 69 6
41 21 59
48 9 38
36 92 77
5 95 80
89 53 70
34 9 48
74 60 50
4 4 84
84 21 44
73 82 28
50 93 19
84 36 33
20 55 67
78 85 20
32 67 95
20 46 21
17 35 90
80 50 32
87 13 100
11 29 67
27 60 38
59 64 23
48 55 59
32 36 73
93 1 57
15 91 28
49 17 77
83 47 51
68 62 78
97 91 69
30 4 93
59 50 46
2 89 62
13 20 78
62 76 57
8 94 22
15 20 4
64 73 52
91 43 27
41 9 87
13 74 88
53 27 95
12 67 20
21 65 98
29 67 68
97 68 26
7 97 46
19 72 11
57 41 88
29 9 76
23 33 47
30 58 77
86 87 84
49 27 19
87 24 83
30 7 13
55 8 87
4 83 37
84 16 89
43 8 24
1 4 95
85 15 26
92 94 58
67 57 86
43 68 57
49 56 70
37 80 97
13 21 43
15 84 50
28 56 7
83 60 27
73 27 3
26 52 13
94 38 9
82 49 28
44 2 74
44 95 55
1 69 91
69 75 54
51 16 44
95 90 17
96 21 43
72 21 61
42 4 85
80 65 68
24 13 42
80 47 90
25 57 89
15 15 37
64 68 71
12 84 45
53 57 19
53 94 79
26 63 14
30 72 31
36 27 16
55 85 95
94 30 85
62 37 93
22 55 48
28 37 44
74 66 60
54 17 96
21 39 64
7 37 43
71 94 70
14 16 60
84 8 26
28 64 93
29 86 84
61 20 63
5 50 1
26 74 96
96 65 89
71 67 83
76 37 54
90 44 67
23 69 58
87 98 32
46 81 44
30 4 95
38 45 12
65 86 54
35 72 92
85 41 31
60 9 66
85 14 12
59 21 16
37 97 76
52 19 63
83 8 3
41 9 29
57 27 63
8 10 96
72 21 1
62 44 9
39 41 2
48 6 17
2 8 78
31 34 50
100 25 72
29 85 27
36 66 5
67 32 37
28 95 68
57 79 91
47 92 47
12 1 30
19 86 55
36 58 28
87 76 81
2 5 80
75 69 91
43 35 92
24 27 29
89 56 31
16 23 20
44 66 24
46 96 33
60 47 7
88 25 82
79 54 14
42 68 24
9 95 57
21 23 83
60 98 48
47 56 88
60 88 40
51 17 25
60 74 77
38 2 40
72 95 20
44 51 31
21 75 59
66 19 9
12 30 50
47 43 32
42 51 77
2 54 97
100 14 68
23 42 73
83 52 33
94 90 77
65 57 8
56 40 36
14 49 10
93 23 97
68 46 27
99 81 8
44 18 69
28 87 15
8 14 89
65 80 61
5 15 76
99 8 20
37 23 54
14 4 45
54 35 33
34 29 3
74 1 78
75 43 20
2 50 12
84 83 75
72 30 37
69 17 41
71 57 48
95 26 48
63 100 36
61 71 46
89 28 56
69 36 2
32 57 62
86 31 47
53 26 95
57 56 18
30 87 14
74 24 78
47 84 39
48 16 5
23 32 15
41 15 39
28 14 84
29 52 90
58 90 2
45 100 35
60 71 57
33 28 11
90 38 76
65 42 82
73 66 19
64 76 23
85 60 30
25 63 71
5 24 1
85 95 38
56 72 96
21 30 66
89 33 70
66 16 30
32 68 12
49 42 49
78 71 68
88 43 38
18 94 70
93 4 75
55 28 72
48 84 23
87 98 20
56 83 60
7 50 67
91 64 87
31 88 11
94 3 81
66 75 68
41 77 52
31 26 37
41 9 19
48 16 34
74 65 76
100 16 67
69 59 38
6 100 40
45 48 65
3 35 82
71 87 48
19 80 12
91 80 26
41 47 49
57 42 52
48 97 65
30 58 17
87 100 74
90 87 89
68 98 9
24 96 92
14 27 39
42 81 37
14 27 60
52 38 8
79 92 7
39 61 54
14 53 13
66 45 4
19 46 4
81 22 100
52 46 62
84 45 95
28 64 8
28 87 29
44 67 84
30 71 57
5 20 27
51 21 9
51 21 48
57 51 90
35 75 24
97 57 75
15 78 12
32 19 43
72 20 46
25 65 78
40 13 69
36 11 94
48 32 24
12 29 61
100 68 15
35 72 70
72 29 89
35 37 48
44 63 81
76 39 60
66 39 76
72 52 100
96 71 57
91 18 51
8 48 86
24 23 16
29 86 44
9 39 60
83 55 1
76 67 86
57 59 4
91 88 96
72 68 62
13 22 69
47 12 57
68 65 9
94 66 85
96 12 93
60 79 82
31 18 58
81 16 46
10 77 42
73 72 51
6 85 30
1 9 50
90 47 92
60 56 17
88 96 25
56 64 81
35 61 65
55 36 28
55 38 55
99 66 93
73 84 4
6 8 81
81 41 82
4 60 24
45 68 14
34 67 15
61 14 97
18 14 34
5 23 97
69 55 78
91 93 63
67 78 60
33 76 48
58 28 6
21 80 59
39 39 81
66 3 68
40 45 66
78 16 81
39 72 88
26 3 30
12 12 89
57 56 51
91 59 34
7 68 32
82 16 4
53 64 20
54 20 23
7 13 79
72 88 47
62 97 65
87 85 48
60 47 42
15 9 1
45 57 34
91 46 65
9 76 43
18 98 9
3 71 64
51 83 80
30 38 67
40 18 35
19 72 52
64 76 54
48 28 49
82 44 85
66 64 23
30 72 53
73 86 50
81 54 19
86 29 27
56 67 76
47 93 8
75 95 32
70 76 44
86 21 61
7 49 36
72 22 79
55 89 81
97 27 71
15 3 37
71 83 44
94 12 50
55 48 63
60 19 3
5 76 85
31 37 14
16 100 91
5 19 80
32 93 23
61 20 16
93 39 16
16 46 83
19 63 4
6 64 59
60 4 75
74 96 6
52 96 35
27 9 87
55 79 82
34 89 37
43 84 66
53 12 8
77 62 83
48 32 43
95 55 54
13 61 27
15 47 13
13 61 65
41 78 30
56 86 81
20 30 23
20 64 4
65 55 76
31 36 35
70 3 71
32 23 98
85 54 43
70 69 18
2 76 16
63 32 76
94 75 3
39 100 42
30 20 9
33 6 77
19 21 39
15 66 32
31 96 22
97 24 43
86 32 95
2 70 53
70 30 97
88 98 54
6 65 98
100 1 55
90 84 89
36 86 98
58 26 19
7 50 16
56 66 44
6 11 77
70 42 35
91 59 57
17 54 95
33 25 72
36 4 24
91 19 78
11 90 70
9 80 86
70 89 38
93 39 48
38 34 20
35 16 19
38 37 89
39 100 96
67 15 12
74 87 3
44 46 50
58 76 38
64 83 62
62 14 81
33 85 78
54 29 62
92 50 78
80 77 69
57 57 54
55 93 34
9 27 84
62 38 3
64 88 25
100 26 37
36 39 75
40 1 15
16 39 30
39 60 83
100 5 98
3 22 7
97 85 61
49 16 66
10 89 97
93 6 69
62 70 6
8 67 84
98 80 8
96 23 3
7 23 14
22 54 19
38 3 80
54 54 89
32 6 42
62 26 8
96 90 92
12 55 84
19 8 5
55 19 9
31 72 79
74 19 38
2 85 15
95 41 77
26 62 67
22 56 31
84 76 98
2 80 45
72 70 77
71 80 87
37 20 8
93 15 87
56 42 6
24 82 31
100 27 71
23 22 58
46 95 3
1 61 26
17 67 37
85 9 20
56 76 62
92 20 80
67 30 93
61 48 44
93 19 63
83 81 67
28 23 64
22 7 94
61 58 35
24 5 48
83 46 84
43 6 11
86 5 24
37 79 18
72 63 50
13 72 28
74 60 93
56 48 95
75 23 86
48 32 67
71 63 16
40 9 66
3 19 37
63 60 9
70 3 50
67 30 15
95 73 72
1 27 71
55 45 57
45 26 80
50 83 60
62 78 34
8 54 81
43 19 20
68 22 49
97 10 18
69 58 18
64 14 89
97 13 69
73 46 87
45 83 34
60 14 39
52 68 83
85 93 30
44 50 27
71 67 44
32 40 28
38 59 20
3 27 60
7 17 33
29 61 78
44 17 36
43 38 61
8 66 32
99 30 4
59 51 100
30 85 93
64 68 59
87 91 79
24 1 50
64 25 47
3 93 55
93 8 30
6 19 34
36 55 45
57 35 100
2 51 56
2 38 14
14 11 49
11 59 85
79 10 35
17 31 11
90 36 74
97 80 67
15 76 45
35 41 22
10 42 36
85 16 97
48 93 12
99 45 14
35 2 82
58 69 77
85 76 24
15 76 27
45 57 78
29 64 54
31 89 85
13 39 38
48 10 2
82 50 20
29 54 30
65 26 98
76 9 34
36 79 47
87 97 46
5 43 78
16 100 51
98 65 38
9 89 76
94 41 25
17 90 47
15 26 78
62 100 56
70 16 64
77 50 80
72 89 54
27 84 95
93 88 6
93 55 3
65 73 22
5 60 89
44 60 34
70 4 39
90 5 29
59 30 8
9 86 26
91 60 64
99 48 81
18 51 91
49 20 4
47 74 47
80 98 68
75 48 38
67 23 65
39 1 21
92 66 67
58 16 84
45 69 18
96 77 56
57 23 89
11 57 32
94 19 66
17 6 7
77 33 88
23 36 90
5 95 44
78 74 31
72 10 49
28 43 9
32 100 7
35 52 74
9 71 81
8 37 76
12 30 89
19 53 82
15 69 40
8 54 83
45 67 4
31 21 27
14 73 31
5 60 80
7 9 54
11 32 34
70 45 67
97 89 83
80 2 96
66 88 42
83 67 62
37 80 97
68 20 26
2 25 52
21 82 58
4 93 60
27 38 75
6 59 27
79 100 79
63 92 77
34 83 95
18 91 13
32 41 72
62 40 18
9 50 24
28 55 68
14 25 77
21 7 18
42 73 94
72 14 23
33 22 73
59 58 6
13 84 8
50 51 11
92 80 61
15 4 62
81 26 29
41 93 21
46 29 97
25 27 24
65 100 91
96 81 9
4 44 60
94 48 63
86 37 16
8 90 52
63 24 65
74 47 28
93 24 86
49 95 62
20 70 58
48 76 75
23 44 34
91 24 19
63 87 15
55 17 40
6 32 34
34 49 74
97 65 89
51 6 72
18 24 4
74 20 12
57 3 43
95 6 18
95 55 87
45 24 93
88 24 81
35 94 58
88 91 82
44 14 57
63 40 74
100 83 84
59 61 75
92 80 54
12 77 69
18 6 74
39 8 67
42 36 96
90 98 19
41 52 18
56 19 65
86 65 50
37 16 86
32 90 94
82 78 32
29 76 4
48 55 50
68 39 97
49 37 98
6 48 97
39 46 23
93 66 71
74 55 48
28 29 26
75 3 62
6 38 64
67 91 36
93 66 9
32 16 12
96 26 34
37 25 96
53 90 11
4 47 31
17 26 95
53 84 76
75 34 39
95 34 30
91 77 28
75 51 74
78 55 65
11 39 80
71 44 85
100 72 53
85 3 37
80 6 2
37 20 1
17 64 16
1 24 84
9 59 23
62 65 59
16 31 2
37 24 54
37 39 54
14 57 16
56 24 48
86 13 92
11 11 17
59 44 9
38 82 79
46 32 43
80 68 54
44 68 55
41 31 72
2 93 97
6 51 77
46 74 25
91 64 3
13 13 40
83 29 76
3 41 72
91 60 5
32 9 97
47 24 21
37 29 43
34 99 58
19 39 20
15 22 51
72 75 14
71 49 47
91 96 82
36 20 67
94 16 59
58 75 93
23 86 95
30 24 54
48 20 81
96 82 99
98 89 16
16 60 55
72 26 59
33 32 19
17 2 88
94 96 88
20 16 61
59 44 59
100 2 7
38 53 25
11 51 56
27 86 1
33 32 75
71 93 85
81 75 4
34 39 23
39 99 47
80 84 78
65 22 49
52 24 12
75 15 71
58 69 10
95 97 3
11 38 63
39 34 83
13 39 59
7 17 6
12 13 91
45 61 38
12 11 41
33 15 20
28 63 3
65 98 89
67 23 66
72 18 77
6 74 28
68 1 45
87 7 31
70 75 39
23 38 43
39 72 40
33 9 1
32 50 98
85 8 98
6 78 84
52 15 62
13 82 77
69 99 25
75 9 19
91 44 38
51 85 62
40 59 84
38 63 45
60 64 54
58 74 70
51 23 29
8 74 18
31 42 40
9 16 61
78 1 81
30 41 90
12 28 36
79 90 82
37 12 29
63 20 34
48 48 86
23 48 76
22 50 3
31 100 17
43 3 16
94 90 94
39 83 65
64 13 47
8 19 84
64 77 2
45 82 69
73 40 13
9 14 45
42 70 90
35 59 60
46 95 34
97 19 43
72 89 87
43 24 86
8 31 49
34 51 69
10 46 78
100 46 20
40 14 46
51 47 94
65 30 62
71 17 35
64 66 50
33 51 73
67 43 75
98 32 85
100 76 81
16 85 45
14 81 4
25 38 95
98 89 95
78 32 43
48 4 75
89 38 30
89 87 26
24 45 8
35 38 20
54 36 28
83 64 34
30 79 88
48 60 16
57 83 76
3 91 40
75 72 56
89 56 72
23 42 22
5 12 48
58 63 93
58 68 14
34 56 100
43 58 96
91 27 24
34 16 60
6 68 60
9 50 1
99 63 32
65 85 93
6 14 83
95 44 98
16 39 59
17 43 89
4 43 1
40 49 25
11 40 47
55 37 38
57 12 32
3 45 24
40 65 81
78 79 22
74 85 19
94 46 12
31 28 88
5 74 25
66 18 73
82 98 4
8 98 43
99 26 15
52 43 89
8 79 41
81 9 4
66 62 71
81 63 59
4 41 96
9 39 84
91 45 30
1 29 45
79 94 73
67 40 79
55 7 33
99 89 26
85 96 17
85 23 86
54 32 24
100 88 70
67 49 92
57 77 35
91 23 63
13 34 66
6 21 5
33 68 21
20 48 43
75 28 22
6 45 27
29 80 95
60 31 88
60 38 23
44 71 32
57 16 29
40 40 42
50 93 76
44 37 95
72 99 79
12 6 73
34 1 54
5 98 60
34 64 16
1 30 46
37 29 83
36 90 7
92 1 81
87 29 93
88 86 30
32 34 83
90 62 75
68 66 89
90 83 38
9 79 42
37 25 33
41 27 43
4 3 78
60 22 6
66 10 77
75 25 18
4 25 74
96 32 43
22 67 19
44 23 60
28 3 89
71 30 29
47 79 10
37 49 40
82 19 57
90 14 84
51 25 94
5 38 32
76 36 13
43 7 25
26 55 50
66 39 24
21 35 22
90 75 84
96 89 54
14 39 85
39 85 15
82 94 17
97 71 39
66 48 54
67 46 89
24 81 26
28 21 30
34 46 44
87 30 43
59 59 55
69 89 80
26 87 81
21 65 57
94 67 4
32 85 29
61 93 9
61 43 5
38 98 4
30 23 81
81 98 45
46 93 98
13 8 81
74 83 66
57 66 15
60 97 14
41 45 54
40 60 20
37 24 80
100 97 83
22 61 78
10 2 17
53 20 19
100 64 1
82 62 98
12 49 11
44 60 27
98 52 69
11 51 73
24 84 5
24 83 45
21 89 15
43 86 9
58 40 73
100 31 11
77 71 48
24 1 30
26 23 5
89 85 89
5 20 46
73 45 50
45 43 68
19 46 44
42 2 7
34 96 56
84 27 30
80 34 5
48 58 35
67 20 67
4 99 2
43 31 6
77 85 89
35 97 44
45 90 72
93 61 57
93 24 20
15 62 3
46 80 68
14 27 48
61 71 48
80 56 47
95 19 44
81 2 6
4 39 8
3 98 23
2 93 37
26 24 27
34 63 32
40 57 43
39 67 5
61 79 2
40 82 91
67 42 6
55 98 48
45 78 5
42 5 71
25 80 3
25 31 79
39 14 48
12 28 69
10 63 14
54 45 87
77 98 54
75 91 72
10 98 46
14 62 60
41 1 86
75 22 51
73 15 27
43 31 7
29 16 97
56 35 100
22 75 34
79 12 63
41 63 54
65 75 95
53 68 32
73 6 99
18 96 41
97 86 3
54 97 75
80 87 89
59 76 87
77 32 46
86 39 84
94 81 97
83 74 10
96 48 80
67 13 96
92 5 14
45 74 100
99 75 38
56 20 23
82 66 27
32 39 5
45 96 82
96 54 45
1 8 86
46 65 68
89 94 82
63 86 68
21 66 24
12 79 100
38 60 97
4 37 89
26 37 68
71 92 35
75 23 86
57 85 71
39 53 41
81 7 52
50 27 81
27 69 25
46 59 80
55 89 78
89 27 32
2 69 35
55 18 88
90 49 99
65 46 37
43 9 86
76 84 37
89 59 81
34 65 93
11 10 36
12 9 67
53 38 34
92 7 31
98 55 34
86 53 58
67 58 13
9 71 16
97 48 85
50 50 86
23 40 47
64 35 73
67 50 43
100 39 43
77 23 84
22 1 44
4 3 39
12 98 80
77 1 76
23 35 28
88 60 5
57 93 9
77 21 38
4 8 14
94 35 70
58 82 18
29 45 80
64 4 37
23 65 83
71 5 83
12 14 15
82 55 86
53 72 13
84 52 92
28 78 64
12 31 25
98 64 62
70 27 95
95 64 71
67 53 77
94 91 40
27 60 68
26 43 78
80 73 90
96 47 70
23 19 81
93 94 82
29 13 33
21 81 48
96 30 34
75 30 86
14 37 38
40 35 53
12 81 1
29 9 38
31 8 27
34 54 65
25 47 40
54 9 46
21 90 52
62 51 73
82 39 86
59 20 80
54 9 54
89 20 86
72 50 71
75 38 1
58 65 1
51 55 80
92 32 24
26 31 91
80 84 48
44 4 61
32 30 80
23 25 73
21 100 58
16 98 1
1 7 41
63 80 54
54 56 96
62 4 29
56 67 24
57 61 67
87 68 32
57 78 75
93 95 30
36 46 44
91 50 38
44 75 43
88 96 49
12 45 4
38 21 81
30 40 17
35 46 78
71 88 90
78 26 86
50 7 22
80 86 20
99 57 87
21 81 57
6 46 98
63 6 100
49 55 93
58 56 88
4 94 13
13 86 64
92 59 46
54 22 25
96 65 57
7 7 51
32 61 85
13 1 39
29 77 18
39 12 76
93 39 12
42 16 66
87 16 46
74 24 29
11 35 100
20 80 95
24 60 46
50 52 42
12 75 63
53 35 33
29 52 36
59 42 92
81 37 29
5 10 56
93 21 75
13 55 48
64 16 81
94 18 11
44 45 8
25 30 75
3 86 95
86 92 6
14 21 98
22 26 93
20 59 76
25 41 2
39 85 63
10 87 20
71 46 44
56 17 58
80 65 71
33 58 33
77 53 100
35 12 67
65 2 73
100 100 91
24 5 55
55 46 60
16 27 44
25 16 59
11 37 39
57 35 58
64 66 76
44 74 52
76 93 23
76 21 32
69 3 60
35 86 59
40 34 60
55 92 77
2 20 1
55 83 68
42 97 14
53 16 4
97 60 32
22 71 63
39 32 68
12 62 68
58 47 40
82 47 99
81 81 19
80 9 55
96 77 91
41 61 66
52 53 17
82 15 46
81 17 10
82 23 50
44 89 5
22 8 27
18 39 5
81 96 92
46 12 34
82 89 34
62 65 50
54 28 90
55 37 75
89 78 86
39 6 41
30 5 14
95 86 93
6 96 33
60 55 34
70 22 100
75 16 63
29 96 42
100 67 38
95 48 5
26 16 3
22 71 46
37 68 24
75 61 12
13 76 97
91 12 66
9 90 6
33 30 9
2 71 67
10 75 95
42 75 81
52 32 23
74 3 68
1 22 74
78 30 21
27 66 23
35 88 69
95 76 1
75 74 92
68 94 18
25 30 61
97 50 27
58 5 27
44 23 54
91 99 100
66 46 43
88 85 54
2 54 19
1 88 22
68 6 28
95 14 20
16 73 42
88 77 31
35 15 27
92 63 8
89 3 67
84 84 59
97 75 32
100 85 62
91 76 81
67 1 98
81 64 27
84 29 15
93 59 97
25 59 83
69 60 27
83 66 67
51 59 87
54 15 14
41 29 81
93 5 84
2 45 61
70 91 56
79 94 6
19 58 35
58 91 94
28 62 1
69 84 39
4 27 8
12 29 12
100 68 55
65 89 19
46 14 78
49 2 28
4 60 59
54 84 43
19 45 95
34 57 24
24 23 63
87 58 36
9 47 40
29 78 1
84 53 79
82 36 18
80 53 91
49 74 42
78 65 80
36 61 62
36 23 67
6 53 25
64 74 40
14 48 26
96 69 7
14 8 50
45 80 59
59 76 48
50 93 76
32 57 46
31 48 95
30 85 67
41 47 70
70 55 68
99 6 31
97 21 44
58 8 86
40 52 56
97 55 78
8 37 55
64 20 61
34 34 57
3 29 63
88 61 57
15 53 96
32 4 43
32 49 69
54 24 98
74 45 27
86 70 10
49 65 54
15 78 95
27 68 62
87 68 97
94 45 65
4 12 19
56 62 75
89 84 37
39 16 60
36 22 82
16 86 55
59 68 71
47 87 59
47 79 72
39 26 1
86 84 54
1 98 16
29 8 59
63 53 70
78 53 52
88 27 62
59 15 20
73 9 37
22 59 68
45 50 15
5 80 5
55 2 99
3 53 10
5 61 20
33 20 39
65 46 21
2 46 4
22 21 3
8 31 70
4 97 68
67 10 92
94 61 38
23 23 57
94 8 46
14 40 88
66 29 4
27 68 83
68 24 5
4 1 54
20 23 93
99 36 22
29 80 93
55 29 20
60 100 73
62 70 100
79 39 50
77 98 1
74 35 41
88 85 64
58 7 82
1 68 83
9 13 70
31 49 94
44 36 22
59 65 57
93 67 30
83 2 70
61 46 12
90 96 13
15 42 22
3 54 65
20 3 97
38 80 46
56 51 58
70 55 3
5 97 64
20 14 39
93 99 41
29 4 19
85 69 10
1 45 83
9 59 75
17 57 89
40 62 80
39 37 39
60 48 38
25 87 66
17 25 47
35 81 32
56 96 56
59 27 44
87 37 5
23 5 32
11 15 21
89 2 88
28 27 75
7 91 7
59 42 70
29 16 85
14 35 47
72 4 81
4 74 90
54 1 80
31 92 96
23 21 87
72 90 91
1 65 87
17 11 6
87 95 26
5 80 29
75 1 64
50 59 62
24 50 66
86 18 7
46 56 10
30 47 13
77 85 87
76 50 38
98 5 45
15 36 52
32 57 62
46 40 47
91 44 34
4 100 53
13 24 27
32 8 4
35 82 70
59 94 69
40 35 10
73 100 25
20 75 85
40 24 46
40 39 30
48 7 28
52 77 6
26 55 4
69 11 31
6 69 73
78 37 43
79 66 55
6 49 92
61 95 86
38 92 31
27 8 64
67 71 59
36 20 76
45 53 6
76 64 59
25 4 78
48 58 96
14 56 31
45 87 29
52 29 8
18 88 11
44 2 53
4 70 51
70 39 48
46 51 79
40 19 29
53 76 14
25 40 72
79 69 58
29 26 76
69 80 45
62 61 86
62 64 93
59 84 3
92 12 83
89 84 60
16 30 84
53 95 61
41 61 89
35 46 93
75 78 29
28 94 52
19 17 69
99 79 70
15 73 10
4 15 75
61 98 89
47 36 41
74 60 65
40 76 57
66 9 26
24 21 64
74 63 75
31 99 17
1 1 65
83 12 93
56 6 69
86 24 93
33 30 38
12 44 85
80 66 26
51 18 94
50 84 62
59 36 25
84 20 48
65 100 11
22 30 57
73 86 37
31 93 78
20 85 4
60 24 30
78 81 27
12 60 23
49 95 66
17 48 71
31 17 36
46 46 63
99 19 48
58 66 8
90 36 11
28 22 13
14 73 10
80 78 37
91 35 25
25 99 70
97 39 60
56 2 51
74 4 67
14 29 32
9 93 98
78 5 34
88 89 44
74 14 97
6 42 6
53 12 39
32 39 16
58 94 18
6 84 5
17 64 68
58 86 45
41 31 2
87 88 52
55 55 63
3 72 31
86 75 3
13 77 33
68 21 3
46 70 96
39 51 10
72 12 71
55 63 32
72 60 43
75 71 1
65 89 39
14 63 23
83 78 34
80 86 80
89 96 77
74 71 26
82 91 69
48 16 97
83 47 53
4 3 14
62 64 8
71 4 23
10 69 92
12 49 41
97 24 81
39 20 54
82 3 44
82 47 90
31 31 88
86 18 33
90 98 85
55 61 12
9 99 2
84 84 98
2 96 69
75 93 61
48 9 23
49 71 4
89 93 81
40 45 76
50 65 95
63 53 7
6 52 40
35 99 88
67 58 73
23 72 35
20 66 32
40 34 85
96 29 30
44 76 23
46 81 32
52 66 27
4 24 61
66 46 54
92 1 5
14 51 72
80 33 58
59 24 57
10 2 91
79 57 98
70 20 4
34 76 15
52 45 78
38 14 26
80 80 20
14 10 36
91 83 63
96 87 84
84 63 61
30 19 78
76 94 22
47 57 93
63 35 41
61 61 68
63 77 2
20 10 88
97 98 97
96 12 87
29 25 100
21 53 88
81 96 11
9 5 30
45 11 22
35 43 87
17 87 39
60 4 5
17 48 50
43 13 56
20 65 48
59 53 41
29 25 77
72 71 64
57 63 80
85 70 36
32 67 50
72 63 24
64 13 51
78 76 8
94 15 76
18 87 39
43 87 57
13 5 64
100 86 14
46 39 15
32 26 38
12 46 80
57 9 59
43 1 44
53 30 8
19 9 83
53 73 40
73 23 48
3 80 14
25 3 23
77 88 58
31 89 97
78 58 35
83 39 86
20 36 2
20 35 51
52 91 69
91 12 50
78 36 41
53 81 60
50 24 38
79 24 23
68 50 95
81 37 76
40 20 50
28 21 71
100 5 60
70 88 7
90 51 69
8 22 79
68 49 22
78 4 68
67 67 12
42 55 9
72 81 83
68 74 11
21 49 40
73 15 38
53 9 87
13 71 65
43 7 72
69 93 23
43 28 17
6 57 39
36 98 85
52 75 63
9 66 93
59 14 97
12 32 97
78 67 60
28 17 69
73 16 78
11 15 87
30 64 48
60 52 56
66 70 28
26 34 93
28 40 18
39 11 94
27 90 22
2 24 26
2 98 57
82 87 97
86 48 98
56 29 30
43 8 4
71 83 50
42 3 39
10 12 39
48 23 50
5 19 63
13 29 1
41 91 99
5 14 8
50 26 39
48 32 67
100 73 53
40 64 81
21 100 47
38 29 19
17 60 39
70 72 33
52 68 30
84 3 9
46 61 93
11 49 40
90 21 84
56 93 54
34 83 1
78 98 83
23 61 21
37 91 42
45 84 15
55 27 66
18 26 59
20 10 69
74 75 50
19 61 80
83 99 47
16 57 62
90 33 92
42 34 98
18 71 38
81 16 21
61 92 7
47 6 31
20 77 10
6 37 9
91 16 39
20 50 78
65 16 50
81 72 17
79 79 40
20 63 89
9 24 78
10 10 41
31 98 14
48 11 88
54 89 78
6 78 46
21 80 86
14 78 37
15 65 45
49 60 20
92 21 95
36 86 63
33 19 71
51 20 87
31 17 77
71 9 62
19 42 41
77 40 33
47 48 27
18 39 15
27 11 41
21 18 41
3 97 95
7 78 32
72 71 57
45 15 45
45 18 6
46 18 35
88 82 42
4 98 34
1 44 50
78 65 38
62 97 20
84 18 36
30 26 65
8 77 41
30 41 91
27 48 30
71 86 9
63 67 87
36 99 72
92 72 25
11 87 81
5 4 3
19 20 85
74 70 56
93 76 16
50 87 57
62 93 15
86 16 14
58 18 40
38 65 26
24 49 53
80 77 33
46 5 65
17 70 28
61 55 84
40 83 21
47 65 9
57 6 40
44 37 95
98 5 24
5 65 93
87 4 67
55 99 90
78 79 90
51 83 89
73 70 11
15 60 26
20 51 31
7 71 89
60 31 53
80 65 15
54 57 87
29 14 81
56 37 66
15 61 54
38 34 32
63 55 57
34 61 14
36 52 13
67 79 47
73 14 86
69 18 31
45 10 92
96 82 100
71 30 84
4 73 90
71 51 22
98 2 82
88 73 96
39 28 51
54 24 5
55 86 87
19 93 89
31 51 41
79 90 79
92 51 11
43 43 54
44 26 57
65 62 23
8 71 75
11 11 56
6 43 95
56 99 25
48 66 34
64 14 27
11 89 1
8 20 57
76 45 98
74 97 14
22 92 28
14 50 44
38 87 67
28 30 85
22 61 66
31 39 95
7 14 65
61 98 83
1 62 75
24 59 84
90 36 91
37 32 80
91 93 12
49 32 1
92 59 93
46 87 19
52 1 29
10 56 91
9 51 40
58 31 49
81 27 71
56 2 99
60 43 78
95 22 47
87 29 20
45 88 13
54 51 25
89 71 62
25 25 36
10 87 97
24 73 88
17 54 60
50 4 27
76 92 73
67 56 2
55 38 5
39 9 46
99 57 46
43 4 26
17 96 58
61 63 93
98 51 94
41 93 48
50 35 69
21 73 36
92 2 33
46 4 24
26 3 81
69 50 80
27 74 100
40 79 22
3 38 55
68 52 10
94 62 85
2 58 79
37 78 87
81 14 44
7 64 81
98 21 66
30 14 5
33 53 100
100 16 57
10 12 62
37 48 86
36 38 32
88 61 62
31 20 61
16 67 71
87 73 77
82 62 57
20 87 29
55 74 31
10 40 77
2 42 70
5 69 88
2 48 27
66 50 75
22 78 93
94 76 84
87 41 25
5 14 12
41 40 79
17 93 32
97 7 22
68 54 39
10 85 55
68 69 40
65 67 14
82 4 23
66 87 83
66 93 14
78 87 8
89 98 44
45 63 26
46 2 99
22 24 50
60 9 32
26 23 30
61 19 39
37 80 84
29 8 95
86 38 30
50 51 56
36 15 85
39 24 85
85 66 21
30 54 84
58 17 2
56 65 50
87 48 38
39 26 32
14 64 45
21 15 66
69 22 69
80 32 84
15 37 8
40 8 54
69 38 16
90 28 56
36 43 19
100 36 33
83 14 63
69 75 66
87 46 21
17 52 13
81 66 87
82 61 24
78 68 95
29 20 19
37 27 45
37 47 72
10 16 48
4 58 79
49 39 93
53 67 29
42 67 15
95 55 24
98 95 55
81 84 54
62 13 82
54 57 37
11 30 29
7 95 29
10 95 78
22 45 68
66 97 20
3 55 9
52 37 57
89 37 76
97 50 93
33 94 58
73 33 100
87 91 41
33 21 86
58 65 9
82 87 75
15 11 96
48 73 49
27 67 15
22 42 58
55 69 42
30 54 19
59 24 63
82 78 15
97 58 74
16 56 33
95 39 30
82 45 5
14 76 16
59 84 60
56 86 76
66 27 3
74 72 56
65 14 63
85 8 83
64 61 16
50 46 71
58 42 79
11 21 5
71 47 36
82 88 36
60 91 41
19 35 41
19 83 4
98 63 62
44 58 56
31 11 82
41 64 4
67 97 24
35 99 73
24 78 1
56 86 16
41 40 41
82 60 21
82 76 1
55 30 15
29 59 98
97 25 88
75 77 82
77 38 4
30 48 87
61 26 14
20 64 8
50 69 49
67 54 27
92 64 84
61 28 41
57 29 38
79 3 16
48 20 27
66 52 41
51 72 99
82 40 31
28 77 6
92 26 8
19 96 69
59 57 23
35 61 45
40 96 18
59 100 40
27 14 80
69 59 62
27 97 68
55 23 8
97 69 49
68 3 75
20 99 28
48 52 47
43 68 65
10 45 61
76 54 95
90 44 43
44 1 54
58 40 13
100 45 9
22 31 11
66 31 73
35 95 12
45 88 53
58 4 3
34 52 91
15 79 51
63 39 15
8 6 74
12 2 13
9 14 67
37 35 53
20 84 37
29 12 34
79 13 58
38 97 57
69 3 83
54 86 85
88 35 47
93 69 18
42 73 40
2 97 19
61 42 58
21 14 9
58 30 50
7 3 62
58 8 34
77 39 97
81 99 88
54 4 5
83 74 96
34 68 86
40 79 90
76 71 83
11 62 75
65 55 9
53 68 54
73 17 96
95 9 60
100 95 15
87 84 78
22 4 16
97 93 87
63 83 39
94 18 77
85 11 58
100 8 80
81 74 7
10 76 9
100 13 74
50 100 33
31 97 3
27 12 59
29 92 42
1 47 72
33 38 93
92 39 12
32 20 29
52 84 26
98 39 95
41 23 59
43 81 95
96 37 95
33 86 61
62 35 82
83 16 44
57 66 14
4 46 59
34 64 39
86 31 58
27 48 45
65 31 36
2 47 10
10 51 74
94 100 17
95 59 34
34 79 77
73 39 14
87 13 100
31 36 100
81 79 41
7 86 12
48 82 36
23 63 98
8 84 32
4 100 79
36 93 71
24 39 54
11 64 44
93 10 42
8 38 84
100 25 17
16 50 68
98 3 57
63 86 45
30 25 77
74 38 60
63 5 24
77 67 21
56 20 97
21 4 50
81 8 29
6 100 94
20 86 9
20 7 70
87 94 49
31 62 61
20 56 72
50 15 76
6 71 89
31 99 88
43 31 58
95 34 61
88 59 45
62 20 64
1 1 43
41 90 22
11 45 21
30 30 60
57 96 31
26 81 50
53 66 98
87 16 30
66 34 8
75 72 91
91 33 2
67 51 18
15 68 5
54 27 15
20 61 1
71 11 82
90 97 44
3 93 57
70 51 11
49 53 52
58 70 17
64 32 78
71 23 54
92 99 52
94 37 80
58 49 41
93 12 37
82 56 33
54 64 24
63 56 7
76 94 100
23 92 49
89 26 93
91 87 23
81 86 44
80 24 84
27 90 33
46 10 52
34 57 80
69 6 42
100 14 86
90 73 17
59 5 26
46 59 19
51 96 100
81 62 26
6 80 68
75 68 27
20 82 10
28 68 93
51 63 54
17 20 14
76 19 29
69 84 93
38 5 95
88 88 91
91 67 75
42 8 61
2 34 71
21 37 1
51 90 72
47 18 17
76 8 43
14 71 5
76 15 5
80 57 71
52 62 8
34 80 75
63 5 20
84 1 84
92 45 64
76 52 11
97 94 91
49 44 38
95 50 61
4 41 13
80 8 85
17 9 87
57 18 79
14 55 1
75 97 98
73 27 38
60 15 48
76 66 15
59 66 45
1 75 95
63 96 42
56 1 15
19 25 51
76 3 95
87 65 21
62 97 34
19 66 80
84 18 56
87 55 85
45 1 80
85 52 2
26 45 87
96 61 37
4 38 44
78 8 54
82 25 10
69 7 13
6 78 5
41 63 27
30 31 79
38 31 88
51 41 40
7 30 19
47 57 76
35 55 60
76 96 35
100 31 72
94 78 26
8 23 84
44 52 49
2 79 91
63 14 27
71 61 5
28 78 24
94 17 13
46 95 55
22 10 88
34 38 71
74 85 46
9 52 31
95 19 46
12 67 21
87 67 23
13 44 43
83 86 76
97 30 57
61 64 20
32 2 17
71 57 38
50 40 25
70 65 46
12 83 81
10 9 3
10 15 87
60 75 87
87 43 57
19 66 29
15 85 27
7 81 32
47 31 17
6 47 11
84 5 21
72 52 72
14 26 84
81 62 39
39 99 35
26 57 9
6 35 72
11 86 3
10 35 56
8 90 77
41 60 55
31 18 2
13 44 19
62 16 9
56 58 41
1 70 36
27 40 100
53 52 94
50 46 21
96 69 56
87 78 14
20 74 2
89 65 38
52 57 48
94 14 95
39 86 71
78 79 31
22 79 94
95 9 54
7 28 74
46 24 67
100 99 92
62 77 11
2 63 65
59 24 98
48 90 40
76 19 1
99 59 38
32 50 48
24 2 73
53 45 9
54 64 50
26 64 54
54 95 64
88 95 48
24 30 59
18 36 31
97 7 11
18 19 15
7 7 73
7 63 29
28 71 26
76 45 29
95 94 96
5 55 87
41 17 25
69 74 100
41 27 48
61 78 68
17 39 81
37 54 95
66 63 48
26 98 75
83 47 13
29 36 35
62 67 84
34 44 23
4 97 37
43 22 6
6 15 19
26 8 46
80 56 72
76 61 4
38 4 75
48 4 46
93 45 34
63 80 4
12 30 85
27 72 56
68 27 15
47 41 10
18 77 74
74 25 33
3 4 54
29 66 39
1 87 97
98 11 6
35 5 83
68 94 91
49 15 57
75 62 67
16 53 91
3 34 66
76 69 52
72 87 84
51 97 76
44 23 71
54 60 78
37 22 91
52 98 43
72 75 8
92 100 53
29 80 38
19 37 84
7 92 79
6 73 25
92 65 27
8 90 13
60 82 41
40 68 46
58 48 45
89 9 98
73 54 45
25 65 50
12 8 27
6 6 94
9 23 66
82 8 68
19 95 5
56 82 36
10 17 11
10 7 53
31 60 63
85 83 93
5 25 47
75 75 84
97 81 97
77 37 83
81 22 17
47 92 28
96 17 96
66 31 17
73 28 2
57 24 44
24 21 87
14 22 2
79 67 30
37 38 20
12 100 52
58 10 36
43 33 51
39 75 8
19 98 66
94 61 32
50 35 52
68 23 60
73 62 15
32 77 72
73 12 39
92 80 24
69 33 35
54 80 21
9 3 68
65 48 15
57 80 27
42 59 61
12 21 67
76 40 18
28 75 24
28 51 11
48 86 98
34 34 21
34 63 8
52 9 61
30 66 89
56 20 16
62 41 73
86 10 99
16 83 89
47 86 34
2 65 12
67 14 34
17 9 67
94 83 16
18 15 76
79 4 61
93 68 27
38 87 44
6 20 14
77 54 83
96 96 72
37 23 62
59 82 7
56 75 81
77 30 66
31 100 42
10 60 3
90 56 13
13 81 16
30 37 5
29 97 62
82 88 77
38 14 30
60 93 66
69 94 40
17 81 46
46 59 62
22 69 96
76 54 46
38 92 42
9 31 49
70 86 46
37 5 93
95 53 10
51 81 62
11 93 68
36 57 67
51 38 87
64 18 70
100 71 4
74 24 27
98 17 11
18 42 96
94 2 51
51 91 52
93 82 92
35 52 53
47 98 37
16 75 30
9 64 39
44 26 71
37 9 43
4 4 30
50 54 8
17 23 62
36 56 28
54 43 20
90 63 81
40 93 8
85 30 23
37 97 84
95 4 86
61 5 75
93 20 37
80 5 43
28 2 49
90 20 61
22 7 74
95 59 45
83 64 4
87 14 38
4 77 22
73 100 91
48 44 68
20 57 64
9 43 83
17 68 26
83 10 47
81 8 62
88 73 82
51 49 33
33 8 27
58 19 39
7 52 90
36 33 56
50 7 2
36 12 9
17 32 16
43 34 4
7 38 21
99 30 59
55 16 67
48 48 39
70 39 59
4 81 67
6 9 29
59 34 19
7 91 36
65 34 38
97 48 4
60 6 35
99 34 86
78 46 12
26 44 27
29 63 24
88 97 80
48 83 46
39 76 93
25 95 16
50 65 45
75 32 80
47 10 41
53 1 80
22 18 74
47 10 82
52 70 33
83 29 45
72 22 88
48 34 85
23 26 9
6 21 27
58 90 70
3 62 9
70 81 12
64 46 68
94 18 6
11 16 23
20 23 87
87 64 9
62 73 56
38 29 93
75 8 12
1 75 55
44 48 61
25 75 26
25 50 16
80 76 16
31 18 31
93 45 71
27 92 56
2 1 50
84 65 84
46 59 89
82 85 20
26 86 54
2 14 46
76 82 33
84 54 64
90 34 98
65 43 16
6 46 32
94 2 77
10 58 69
88 1 32
76 33 92
90 24 84
23 77 49
13 70 100
26 86 4
70 99 35
50 34 15
99 25 40
98 82 56
64 41 22
17 55 21
50 56 94
92 83 50
14 86 5
96 38 81
43 60 81
52 55 98
88 58 36
25 25 49
64 61 15
66 36 82
53 90 51
38 7 28
47 32 12
42 52 53
41 76 93
78 34 85
94 57 12
94 45 61
5 57 46
32 59 55
31 61 9
50 55 19
69 74 92
14 9 32
20 37 89
44 65 63
36 9 83
8 12 50
33 59 45
38 81 63
36 68 95
99 83 20
72 78 27
12 72 13
83 15 86
35 65 95
84 71 34
54 30 87
2 97 39
74 86 16
52 100 18
20 86 97
100 89 78
82 83 3
16 15 66
58 11 42
94 86 44
37 71 78
83 60 64
2 50 27
63 58 88
53 26 60
86 71 93
17 77 90
35 78 55
46 63 61
97 80 86
33 28 22
65 58 92
1 44 60
96 76 57
23 20 29
27 94 100
41 46 1
96 16 48
72 22 25
15 75 81
49 97 50
31 9 44
18 20 29
76 36 58
78 12 66
31 16 71
23 95 59
23 46 68
70 98 37
95 92 51
49 29 87
9 27 50
24 90 33
78 35 10
28 33 56
35 72 28
36 59 67
19 76 12
94 57 44
21 61 60
65 16 29
55 79 53
40 60 5
10 4 39
33 52 22
93 68 32
10 24 81
77 23 50
52 48 62
96 99 77
49 90 33
79 60 59
71 88 74
11 76 48
24 84 30
78 81 66
82 34 87
40 4 15
63 80 66
22 1 68
17 48 8
85 88 6
58 38 19
60 64 15
98 96 56
52 57 64
79 68 38
70 1 50
99 19 38
65 4 86
8 83 63
72 64 9
52 5 19
99 80 71
41 67 81
73 95 50
73 17 25
52 70 42
1 94 11
41 91 31
52 79 31
40 79 31
79 87 85
59 92 77
56 49 88
56 8 4
58 48 83
29 77 53
61 43 98
90 59 23
18 3 1
19 89 98
99 29 37
14 72 17
25 99 11
30 92 42
11 50 57
33 61 80
69 93 97
74 5 15
69 24 21
38 57 66
18 52 77
26 81 80
35 66 48
7 64 97
49 50 65
4 11 100
23 32 83
76 76 12
82 34 68
57 48 97
59 15 9
95 99 11
89 29 48
11 38 12
100 24 87
50 90 10
43 29 8
77 28 99
100 63 97
79 95 81
37 79 6
40 91 35
50 36 72
82 57 80
75 46 4
43 74 72
1 25 35
44 24 67
32 52 25
23 45 83
64 7 17
59 76 86
15 17 31
41 44 93
3 52 96
13 1 43
65 38 19
6 71 86
45 93 85
88 73 52
82 83 32
31 52 40
40 72 88
13 90 100
6 69 77
68 54 55
98 84 50
19 27 45
85 86 46
58 99 11
53 3 61
78 16 46
4 34 75
32 90 28
84 51 79
47 92 58
27 36 73
78 34 75
65 59 93
41 94 10
58 13 47
49 68 30
12 39 87
64 67 4
40 100 79
18 92 6
52 64 14
73 74 51
69 56 22
79 60 32
9 3 54
88 98 39
4 61 67
60 10 88
33 15 12
32 26 21
32 27 24
84 19 32
79 12 46
15 17 73
5 55 12
51 54 83
50 76 30
75 46 78
63 19 87
3 3 76
50 44 65
58 98 38
28 16 78
69 12 15
27 92 2
5 55 71
69 25 91
3 3 43
11 83 84
3 61 8
47 5 64
10 63 3
44 82 41
10 98 23
99 98 45
77 93 1
34 59 68
73 31 79
87 66 30
28 94 79
76 95 57
40 65 98
40 31 52
1 69 28
84 8 9
51 37 59
100 88 42
90 73 82
41 23 95
21 64 93
40 85 20
92 16 27
91 64 97
93 63 48
58 73 72
39 48 29
47 62 29
31 95 59
7 36 96
75 31 33
59 38 45
43 6 18
24 16 98
8 30 67
3 48 59
57 53 58
76 97 60
16 12 9
28 8 86
13 67 98
75 3 62
46 67 66
65 70 74
75 9 50
87 93 3
46 32 14
70 5 98
78 91 92
63 81 67
45 29 27
28 65 97
72 16 30
33 26 15
69 56 42
31 8 68
33 48 86
1 38 37
38 18 41
33 33 17
25 93 43
28 91 6
45 89 45
89 27 57
98 75 24
22 85 67
100 40 74
87 45 78
95 46 86
98 38 5
33 21 93
91 89 93
56 1 14
22 78 32
83 8 27
90 70 35
37 26 9
100 92 58
47 54 76
57 93 65
45 67 63
80 86 21
62 2 49
100 61 5
47 93 67
24 34 27
26 19 80
16 31 40
98 29 89
51 5 9
68 80 83
95 81 57
41 61 87
52 45 98
2 34 85
39 43 97
19 5 55
66 30 14
51 71 5
83 71 20
40 42 88
11 78 27
61 79 91
66 37 48
13 39 29
7 97 20
80 47 88
14 31 47
24 59 83
24 26 14
30 63 39
8 88 74
2 77 96
81 5 55
17 93 55
18 24 20
99 89 59
72 8 15
88 79 56
13 75 89
20 31 40
41 25 77
27 36 91
33 78 80
74 68 97
57 72 92
21 79 90
76 97 21
100 97 95
23 10 6
65 5 60
16 67 54
82 28 51
28 68 14
19 46 20
1 99 69
4 23 45
10 73 25
100 20 80
5 69 2
36 39 8
80 20 68
100 97 66
13 78 39
53 29 78
78 54 83
82 61 43
87 19 15
39 55 57
54 9 34
96 23 63
54 93 67
53 77 99
82 37 81
46 50 1
45 92 72
47 38 16
58 95 75
8 68 4
22 20 12
25 52 92
28 10 72
74 40 25
26 60 93
99 1 16
97 35 56
83 92 42
39 95 76
81 64 62
48 56 100
14 34 50
4 8 1
81 43 27
79 5 12
54 19 76
80 1 45
84 86 8
72 63 19
64 100 13
80 70 82
8 57 68
5 71 12
77 55 95
87 44 97
26 23 93
78 25 74
62 25 28
34 99 51
75 89 32
95 7 41
9 78 30
40 75 1
80 95 83
94 59 29
97 72 91
98 32 97
84 24 89
26 69 36
95 7 49
33 79 58
40 24 95
52 84 65
21 30 44
81 54 98
96 39 1
100 89 64
50 53 74
48 6 10
42 43 1
88 45 5
63 87 66
25 79 94
41 69 13
84 39 14
70 46 68
93 53 100
26 8 97
88 13 6
82 78 68
72 27 37
8 14 50
47 4 46
47 81 27
66 8 78
78 78 3
15 61 19
4 59 3
100 39 27
34 54 55
12 38 5
47 57 68
48 51 47
3 100 69
43 9 67
25 24 44
49 36 100
73 51 22
91 94 22
26 66 71
36 41 33
59 98 86
53 60 46
19 46 97
62 16 3
18 55 63
30 94 77
55 69 100
89 95 45
60 58 91
48 90 40
4 11 40
35 84 83
81 81 39
36 58 56
35 84 76
87 5 75
27 36 90
18 4 98
34 19 50
89 73 33
97 29 5
59 4 29
79 60 38
35 24 64
29 11 40
54 18 36
81 49 18
71 75 61
38 23 62
58 95 71
22 58 41
100 16 71
45 66 57
38 32 23
100 62 4
12 56 90
56 43 89
1 2 40
99 8 15
10 26 66
17 82 94
68 8 46
5 52 90
77 40 70
26 79 6
40 83 67
67 54 45
8 97 84
71 25 40
12 4 50
86 4 9
100 57 21
34 90 7
81 16 5
36 47 52
55 78 89
88 77 74
83 74 100
47 13 35
47 38 37
21 95 8
22 37 12
4 55 23
80 78 12
16 60 43
56 1 85
18 37 93
48 98 87
72 44 1
76 1 15
66 23 32
71 73 28
98 65 15
15 71 89
28 74 77
82 29 98
71 4 46
95 31 33
2 63 32
21 82 28
87 60 32
82 4 76
85 29 84
34 81 86
66 95 67
70 41 82
27 34 81
38 24 67
42 35 52
93 68 32
4 14 76
71 97 19
83 26 19
84 50 61
81 44 45
69 45 84
96 4 1
56 51 47
73 86 37
67 47 25
48 84 81
30 74 2
35 4 67
29 16 27
72 76 44
68 18 70
24 9 23
34 16 97
12 21 63
91 2 13
72 79 41
32 71 86
98 98 15
62 50 67
67 53 77
35 64 50
21 80 84
52 97 98
74 60 55
84 58 28
58 87 5
9 6 10
97 20 85
76 71 76
13 77 17
65 26 75
1 5 57
25 74 56
47 93 95
11 43 29
29 49 36
19 26 95
12 19 68
45 48 27
62 75 39
16 12 71
22 99 92
29 85 21
69 19 62
33 48 34
62 78 14
45 30 65
100 64 3
66 56 2
8 94 70
76 16 54
99 18 42
65 55 64
47 45 3
91 40 13
70 4 46
48 74 40
75 80 62
55 4 21
4 83 75
57 73 7
35 65 44
57 61 39
93 62 50
44 64 80
4 48 30
70 62 85
61 99 56
17 35 79
32 17 6
92 20 59
83 95 89
1 14 46
48 65 9
89 97 8
75 89 48
41 60 12
29 52 28
11 11 99
31 16 83
69 41 33
39 19 29
72 96 82
35 32 61
24 7 40
91 75 80
61 12 65
96 16 4
83 58 92
59 69 72
56 85 98
21 3 24
93 3 68
30 80 71
98 61 76
22 22 49
88 83 81
79 48 61
92 2 31
14 16 61
89 37 43
13 69 51
22 11 94
80 65 14
60 44 16
45 52 22
16 46 34
28 39 86
50 80 1
46 36 58
69 55 16
65 63 30
42 53 17
21 21 65
23 80 30
90 25 47
89 99 94
27 89 67
26 42 72
40 13 18
29 77 36
80 40 53
22 73 77
79 1 84
82 42 82
26 4 24
78 3 34
77 61 27
51 41 40
46 89 86
87 71 68
90 16 15
62 59 24
93 24 19
84 59 3
45 17 6
44 26 4
62 82 52
40 61 76
89 50 34
29 66 87
31 45 87
70 92 74
73 17 13
49 61 27
15 28 13
94 35 53
28 31 94
36 94 52
65 90 47
24 100 49
8 87 83
44 5 61
81 26 19
48 61 19
43 79 6
90 76 75
33 56 25
28 92 7
41 53 52
79 76 68
82 13 53
45 6 70
66 38 83
13 49 11
88 39 24
24 47 88
78 16 64
53 16 3
97 55 95
23 4 20
84 18 96
66 26 95
19 61 89
82 63 55
59 83 12
6 34 75
86 81 50
56 32 64
69 93 63
3 86 23
18 62 9
82 88 28
31 48 80
54 72 42
38 97 46
31 6 52
80 81 57
63 2 70
44 48 50
14 93 62
72 84 67
56 63 9
30 17 74
27 18 17
80 34 76
76 81 15
65 68 37
43 43 62
48 85 71
5 58 2
51 38 8
75 36 25
26 99 52
64 62 60
22 71 78
2 20 87
86 81 15
50 60 68
46 78 54
48 22 82
39 45 43
76 21 23
66 65 3
95 79 10
35 75 4
54 91 69
94 43 4
47 52 31
24 90 70
78 81 64
34 63 86
28 86 64
8 82 69
65 48 97
39 83 87
38 45 26
34 9 26
25 75 55
96 23 26
25 39 57
69 47 88
88 24 98
31 31 41
39 56 92
62 81 97
46 91 99
69 75 67
40 17 33
94 46 19
5 88 13
85 19 34
89 66 89
95 63 20
74 96 13
11 13 69
16 39 65
97 80 98
68 3 97
81 39 89
72 5 87
56 40 7
54 34 26
100 13 69
95 86 23
54 80 59
87 53 18
24 29 23
26 41 40
24 5 39
35 12 4
54 67 16
49 66 76
66 31 58
27 57 63
87 91 36
7 30 5
93 3 15
32 29 12
67 95 97
18 11 58
87 65 16
62 83 39
32 45 21
50 98 83
36 85 97
13 54 93
7 86 76
34 41 99
90 28 49
55 50 67
16 85 44
32 87 65
50 73 2
2 65 30
41 38 81
87 16 59
66 64 68
53 44 21
33 44 87
39 14 4
60 67 76
91 5 67
91 96 53
24 3 48
25 58 52
3 78 95
7 60 34
98 91 10
15 80 65
91 76 48
28 63 61
81 69 11
99 16 65
63 44 30
21 85 8
23 32 78
25 40 42
80 18 96
18 78 59
35 37 27
38 97 34
69 9 57
34 67 30
51 80 93
91 36 79
96 49 42
68 57 78
97 50 75
4 13 17
71 56 11
44 90 22
84 78 3
74 68 81
66 54 62
38 11 94
71 45 3
100 55 26
2 27 14
97 30 55
40 2 49
22 64 24
56 86 62
37 37 19
100 9 80
18 26 27
35 11 99
34 89 60
64 76 93
29 46 16
68 80 23
92 4 59
87 11 25
56 18 31
33 69 96
19 66 27
65 20 80
45 6 58
72 38 61
99 9 61
85 98 61
50 73 96
8 90 73
17 3 75
52 92 56
38 38 45
87 10 36
85 95 8
99 24 20
6 66 4
56 69 91
51 1 34
43 30 23
91 89 84
74 57 59
52 89 5
72 56 53
39 71 38
28 72 25
70 30 3
36 4 98
95 75 80
15 55 46
95 4 46
100 80 66
40 34 44
16 88 96
55 63 76
43 23 26
81 3 85
6 86 19
90 56 51
68 34 3
8 78 60
42 93 46
8 22 92
60 63 14
51 51 94
77 39 85
14 74 47
97 95 68
100 18 74
37 77 31
87 26 85
100 8 50
66 61 12
51 29 19
85 17 42
21 14 66
18 30 59
95 71 38
80 20 45
67 94 74
49 97 15
94 25 6
25 95 84
22 33 35
43 92 41
20 15 29
40 87 19
55 32 89
54 73 31
34 5 30
83 54 59
76 63 30
72 78 26
33 4 20
17 42 91
17 16 71
5 45 21
87 8 97
76 3 32
44 53 13
29 13 31
40 64 8
18 68 24
98 19 62
69 23 86
73 13 82
11 45 16
10 75 86
5 60 5
35 96 74
25 93 43
88 41 77
44 43 39
40 38 78
40 9 63
3 8 3
44 9 26
17 27 38
33 1 93
16 81 5
88 9 83
91 43 89
80 39 78
40 52 100
1 15 76
48 47 6
72 59 97
47 14 30
39 23 85
35 42 92
33 2 11
57 62 71
65 86 5
39 82 91
58 52 58
92 28 72
41 37 16
31 26 37
89 44 29
68 64 16
49 90 53
97 89 75
19 90 79
98 27 95
58 34 87
74 47 52
80 49 41
96 48 21
84 17 91
58 28 42
19 49 18
10 1 43
5 60 1
78 30 95
72 33 56
4 12 93
87 80 32
73 63 66
90 72 17
91 85 8
41 13 51
44 13 22
35 14 16
30 5 20
23 83 29
74 70 52
58 93 59
63 100 79
99 72 7
35 7 77
39 79 96
85 65 19
36 40 33
38 52 6
94 89 29
45 95 27
27 46 78
67 30 93
29 1 38
47 75 50
93 19 38
36 83 68
80 73 18
65 21 4
70 7 92
60 79 92
75 97 23
44 65 29
2 57 9
55 35 100
56 75 78
29 40 22
22 90 35
89 70 77
12 46 95
70 19 62
50 37 21
45 33 10
31 34 24
58 25 96
74 44 34
95 1 95
13 19 26
18 59 67
82 47 49
68 70 99
62 86 55
27 28 35
100 48 97
46 7 40
65 63 59
3 100 96
86 86 66
72 2 100
70 78 32
89 8 30
91 95 75
97 90 11
40 78 9
13 67 34
68 60 43
86 71 14
48 3 16
47 73 18
14 80 34
95 75 29
2 41 51
32 81 87
7 76 61
88 1 83
64 12 46
82 88 56
50 97 37
21 72 79
98 16 71
38 63 29
60 61 29
97 92 28
87 67 93
41 70 99
11 68 67
53 5 62
72 60 27
37 78 30
90 57 67
62 1 65
6 7 73
94 41 56
61 74 77
71 72 17
72 21 16
97 85 4
48 44 48
93 37 5
93 62 68
92 75 45
26 50 8
26 55 62
7 38 65
61 3 81
84 80 62
37 7 94
41 38 64
24 57 63
6 85 24
38 67 45
91 12 39
80 8 9
61 88 42
6 13 99
91 14 87
81 61 89
49 27 84
63 90 2
10 10 13
6 16 39
81 78 85
93 51 35
19 95 67
74 80 95
62 80 30
18 37 60
54 20 5
78 14 4
68 97 81
69 18 31
17 4 16
45 98 23
5 7 91
85 54 38
72 37 32
77 81 43
64 10 40
96 89 29
34 60 78
31 3 5
78 23 65
65 26 80
40 40 92
48 35 96
97 86 93
75 6 10
78 60 21
2 27 4
27 72 90
67 43 4
76 86 29
+1
-2
+3
+9
+14
+16
-17
+23
+24
+26
-28
+29
-31
+32
-33
+34
-35
+37
+38
+39
-42
+43
+45
-47
+48
-49
+50
-51
-52
-53
+55
-56
+57
-58
+59
+61
+62
+65
+68
+71
-72
-73
-77
-79
+80
+81
-82
+87
-90
-92
+93
+97
