100 10000 54
78 46 15
36 48 97
6 37 52
75 42 90
4 22 63
64 58 79
49 17 85
95 31 9
36 38 39
89 36 97
83 97 52
61 60 98
46 80 24
50 99 77
98 45 27
90 76 18
75 60 7
100 100 33
49 96 41
35 32 7
48 15 61
84 3 45
12 53 6
92 16 99
7 23 4
32 44 64
31 99 49
31 84 81
93 85 96
76 24 80
68 60 96
78 55 19
42 58 100
20 61 34
78 84 9
51 10 100
96 52 38
36 74 16
14 54 83
39 3 45
40 59 27
50 78 7
90 49 71
50 60 22
69 70 41
17 87 78
51 94 28
53 35 60
15 29 23
84 45 52
68 87 50
53 30 60
99 63 81
98 2 63
82 48 12
99 31 20
72 6 27
84 24 83
7 82 45
38 3 97
69 23 21
41 49 87
46 88 11
4 35 40
11 37 58
45 91 3
5 84 15
12 3 48
22 59 83
10 51 81
24 52 18
29 60 86
59 13 66
7 4 66
2 65 61
16 31 32
7 20 15
94 99 50
41 32 70
81 81 51
62 51 81
99 55 45
60 52 80
90 95 81
55 51 34
5 87 81
76 7 51
56 86 95
98 75 55
16 99 88
53 67 56
8 13 87
48 43 33
2 84 17
42 39 44
89 94 59
41 89 56
87 77 78
35 37 68
45 11 81
61 67 91
71 97 25
19 73 51
74 38 58
27 74 62
88 100 94
59 17 11
48 26 41
53 33 79
76 70 5
3 9 17
76 15 99
62 88 96
61 60 95
36 32 87
76 75 94
36 92 45
32 22 70
62 45 69
5 27 57
10 56 67
83 4 71
98 91 10
86 68 56
87 98 23
24 66 11
80 79 19
39 86 49
83 34 71
55 45 92
19 59 57
95 1 100
65 56 69
18 86 66
76 90 94
45 70 22
2 63 74
36 67 47
12 3 37
69 14 3
57 90 89
33 19 45
75 2 78
79 56 8
95 40 95
69 38 56
42 96 32
11 92 12
61 24 14
6 39 42
83 25 72
78 12 55
78 96 63
85 6 64
12 75 67
20 61 63
60 46 81
43 55 56
99 21 63
98 94 44
86 23 49
77 95 9
38 82 93
79 33 76
1 2 88
80 84 21
3 36 54
63 63 71
63 24 83
25 58 97
90 55 68
25 58 59
17 86 71
20 40 13
18 28 80
19 28 58
32 22 32
86 74 99
52 34 29
25 34 84
2 18 92
5 47 48
69 65 88
99 47 80
97 49 22
65 43 1
75 75 52
64 80 94
35 17 73
39 43 54
88 83 37
22 62 26
9 2 23
65 9 29
97 97 47
81 49 16
23 77 41
1 23 41
57 11 5
3 69 19
4 75 67
26 42 69
12 15 65
29 67 82
53 6 72
92 60 40
83 29 23
20 56 54
26 58 37
30 39 67
98 46 62
49 30 71
47 34 65
81 10 72
2 23 84
75 99 66
32 44 18
70 82 69
27 72 59
73 24 19
71 73 71
12 41 17
82 22 34
30 29 13
40 18 3
45 38 1
82 72 3
54 94 6
43 80 47
72 4 99
61 98 95
13 73 13
62 73 60
47 52 76
27 1 53
41 34 63
48 36 3
37 31 85
72 93 45
7 86 13
52 32 20
86 83 76
41 80 10
3 1 19
100 53 33
44 79 93
16 55 3
34 60 87
70 47 27
65 5 81
4 29 84
94 27 90
19 73 40
21 67 89
85 37 80
54 80 91
11 35 96
26 32 46
43 99 9
60 22 74
65 97 38
47 94 27
1 20 74
96 37 56
64 53 39
7 53 54
26 100 12
15 30 77
94 42 93
15 74 70
15 5 71
23 38 67
11 60 61
73 63 4
62 13 21
20 29 21
4 61 29
88 86 15
24 35 29
98 93 100
86 42 10
35 74 11
23 59 48
58 96 62
36 7 41
32 74 30
11 64 33
81 79 100
81 32 46
69 65 4
15 86 77
97 65 9
64 82 56
72 97 67
1 12 97
63 8 36
11 32 84
77 43 24
64 79 59
77 44 10
28 70 77
28 28 44
30 26 70
49 19 92
99 75 38
49 58 76
40 83 3
61 91 25
67 30 98
50 91 53
12 74 4
67 16 70
81 60 85
32 83 19
57 69 79
61 40 35
31 10 18
16 46 35
53 19 27
93 43 58
19 88 13
43 59 52
77 77 5
3 99 41
12 51 70
59 66 29
71 20 34
89 62 2
4 64 28
18 36 94
60 48 45
26 71 46
58 11 26
57 76 36
23 21 16
64 41 46
95 4 70
84 17 7
81 54 90
56 96 20
62 86 35
100 43 52
57 91 52
29 21 32
57 87 98
2 34 73
16 39 90
3 69 1
85 71 34
36 67 100
71 32 99
10 33 19
54 73 29
83 30 46
83 6 55
56 43 18
9 80 59
42 44 82
55 65 62
38 98 99
30 18 79
35 85 11
8 46 49
30 9 34
74 69 42
16 75 44
79 96 60
82 46 5
68 67 28
13 68 56
3 65 35
47 91 72
91 56 69
63 57 90
92 79 14
15 100 91
95 49 20
62 97 91
9 86 9
96 6 10
4 80 33
2 2 4
47 36 39
85 2 34
85 66 16
21 98 34
20 88 81
20 94 36
12 68 59
59 65 96
41 41 70
80 72 25
7 86 29
75 49 87
76 2 61
14 19 52
21 24 93
61 58 28
12 85 77
58 32 81
7 50 13
8 61 21
49 11 70
12 93 10
7 34 23
27 97 8
1 9 65
18 35 7
95 69 67
77 40 21
58 99 4
63 42 56
24 71 30
52 97 91
54 16 87
20 66 2
95 96 51
58 8 94
33 19 92
29 81 85
68 89 3
14 81 20
95 45 53
92 17 41
100 75 80
19 71 74
60 21 31
72 51 70
55 36 39
32 4 40
62 85 95
81 58 53
40 13 62
29 50 17
37 83 1
39 76 89
63 33 10
85 27 48
68 16 15
9 12 36
90 71 40
30 12 75
69 89 39
27 82 97
50 72 93
77 87 17
89 2 31
67 58 24
22 24 97
48 77 70
32 66 85
69 39 33
81 28 89
28 57 14
23 77 99
49 47 68
52 68 8
68 31 78
9 70 73
100 31 22
52 24 10
42 21 71
93 56 24
35 13 35
57 43 19
47 91 80
27 60 17
51 54 39
100 54 44
13 12 94
63 54 53
80 88 65
23 76 37
79 80 36
89 56 59
9 36 69
96 75 3
27 54 64
58 14 91
49 51 71
55 73 46
8 38 56
20 61 74
22 18 67
98 61 22
10 92 89
67 58 100
25 35 4
4 5 29
24 18 90
40 29 5
16 87 29
100 10 12
79 95 2
26 42 45
31 9 88
80 2 86
65 36 75
34 82 64
76 38 42
30 54 3
27 94 27
36 80 10
77 48 53
19 14 58
93 94 48
85 62 34
81 70 71
10 13 81
42 30 98
57 58 27
39 33 54
100 87 74
67 69 38
20 65 71
45 53 24
3 48 93
74 27 76
16 22 62
27 22 95
38 14 80
54 22 35
7 63 9
8 97 18
61 15 70
70 15 23
50 18 82
76 54 76
7 25 48
87 68 57
87 19 53
19 84 11
84 52 53
39 44 82
21 43 54
64 61 4
21 15 29
35 7 87
66 97 93
95 60 32
78 37 38
83 83 3
40 79 39
75 73 81
40 99 32
88 93 53
44 11 51
26 85 66
82 2 74
87 99 26
65 59 64
93 55 25
71 58 57
45 15 40
27 88 66
66 38 10
44 7 17
30 20 21
48 97 33
80 67 6
2 25 37
72 45 38
79 47 59
92 84 15
14 94 55
59 4 13
56 72 19
90 84 73
54 25 45
75 69 64
31 71 66
9 91 92
61 66 32
40 56 72
42 66 16
22 53 58
46 62 29
73 44 39
16 57 27
70 5 31
74 14 43
74 50 26
54 39 59
58 77 22
28 82 8
55 44 75
10 99 65
82 41 98
100 41 17
8 18 8
88 93 14
62 2 62
4 26 77
16 59 12
2 24 80
91 29 86
15 92 82
52 9 77
24 55 43
92 60 17
68 77 22
3 73 9
83 26 16
20 94 79
33 83 44
86 89 58
66 89 27
85 63 15
53 38 24
70 24 28
71 54 28
96 15 60
7 97 47
81 70 35
96 81 7
67 71 4
60 2 26
30 77 4
36 65 78
97 35 60
19 43 38
97 53 36
21 87 23
21 6 24
2 26 34
20 47 67
29 75 12
93 63 51
48 47 55
89 53 93
80 66 74
88 42 79
45 83 47
20 36 45
28 7 74
38 27 12
9 92 19
23 62 13
67 74 77
86 65 46
95 64 28
30 33 82
73 21 99
64 27 28
62 24 54
49 79 27
57 67 58
66 53 10
50 27 59
39 30 31
93 74 7
77 56 14
29 26 21
43 47 75
4 53 37
59 8 36
45 21 13
31 69 79
75 68 64
85 30 84
61 100 27
16 86 60
31 95 78
39 71 65
8 59 12
1 92 53
13 58 56
50 62 99
87 53 24
99 38 1
54 77 84
66 69 52
15 67 27
9 98 23
42 67 45
10 14 45
2 43 54
47 80 3
41 40 15
79 53 94
8 85 95
39 93 69
82 89 10
87 80 79
26 13 81
94 95 77
45 6 38
4 21 62
34 13 78
83 31 87
21 68 100
22 28 94
55 54 56
68 90 24
18 33 56
15 68 27
27 9 26
6 90 79
29 24 19
17 6 59
20 85 15
28 87 86
59 13 22
42 15 11
64 54 59
75 2 99
42 69 80
69 85 63
29 76 19
84 45 89
91 81 5
39 84 23
7 48 64
4 13 73
55 4 23
75 67 69
64 9 17
37 5 51
39 70 87
18 49 7
56 96 15
16 50 74
31 27 39
75 2 74
25 2 4
80 83 28
88 54 91
62 88 70
18 82 69
72 72 28
90 54 75
66 73 40
39 37 14
84 83 54
80 72 28
6 40 9
79 10 14
40 36 47
43 95 26
38 2 21
9 12 27
46 14 38
81 5 84
100 96 34
41 42 52
41 31 81
50 35 60
52 28 36
80 59 89
97 24 18
40 53 38
84 78 60
41 25 19
42 4 26
99 18 14
73 59 92
21 65 16
4 70 26
98 39 72
2 66 98
34 2 86
68 47 68
70 79 37
57 86 62
14 98 41
52 2 49
27 47 97
19 16 32
89 93 28
7 96 95
13 41 96
90 64 55
5 78 95
97 63 71
42 52 54
54 22 5
78 99 17
85 88 61
48 60 21
41 68 38
70 66 61
30 15 46
43 76 54
42 62 30
77 16 4
10 79 91
47 68 6
36 37 97
15 52 18
14 42 12
85 45 100
26 26 70
27 98 70
10 7 4
80 59 6
79 8 52
36 29 4
97 14 54
89 94 93
86 61 96
77 80 97
33 11 98
66 80 94
30 98 20
15 81 15
52 52 72
49 56 76
35 92 47
7 1 33
53 43 24
85 78 66
68 91 56
9 64 79
14 49 20
15 86 74
12 54 89
58 26 15
4 78 40
54 87 35
82 44 54
38 20 23
54 63 51
82 72 37
34 74 63
24 8 3
67 35 5
58 54 3
26 97 89
54 43 59
76 87 88
80 25 6
51 6 91
31 57 58
25 3 53
24 89 38
81 27 72
47 2 49
43 60 81
43 59 42
47 80 69
42 97 89
52 3 33
46 92 3
58 10 28
99 26 46
66 92 19
7 45 94
41 86 70
21 9 61
46 85 62
10 56 12
69 78 2
48 3 93
89 99 5
88 46 81
10 40 70
37 71 87
5 15 7
40 95 71
74 3 52
74 15 51
29 84 20
5 45 97
35 28 79
97 11 41
13 49 65
36 87 2
13 39 93
54 60 34
81 67 91
62 65 7
27 83 91
46 26 34
32 62 49
39 97 14
58 88 40
50 13 15
8 46 78
4 100 52
89 45 56
40 96 61
63 96 50
8 76 97
75 40 15
51 57 91
20 58 94
51 22 4
32 90 79
73 96 78
26 85 95
65 41 98
24 57 58
46 30 96
8 91 82
9 98 63
93 27 36
3 24 68
74 73 9
77 52 36
5 99 35
71 98 96
48 12 67
52 11 35
15 82 28
75 48 37
86 53 83
69 76 19
43 47 93
24 14 19
7 51 88
16 24 68
30 90 10
32 53 57
7 3 19
6 84 73
9 44 3
78 44 53
54 78 29
65 42 56
84 42 6
34 41 74
71 44 48
88 69 57
84 14 55
83 3 37
87 61 22
79 88 50
10 82 38
13 83 72
68 71 87
35 70 26
3 86 88
35 75 55
39 61 20
15 51 22
95 80 28
66 40 4
87 88 9
36 47 39
100 42 90
78 86 31
45 18 48
3 77 23
86 65 4
32 27 44
62 96 26
15 33 72
15 9 32
35 43 42
47 29 9
47 77 23
80 40 32
85 96 17
52 8 43
87 68 8
86 1 92
25 98 81
29 17 88
58 72 25
79 35 66
13 97 82
97 100 67
90 13 65
93 8 94
89 12 28
6 61 29
44 69 24
1 28 6
74 18 68
14 44 12
35 71 96
6 20 46
86 62 49
26 44 64
63 40 34
52 94 89
70 11 95
75 87 62
56 91 76
78 36 100
31 19 56
80 34 61
60 37 89
22 74 85
68 89 72
91 65 5
91 81 35
7 91 45
68 51 95
19 25 69
60 41 85
47 89 14
12 45 47
94 51 63
97 66 70
65 99 30
95 31 81
73 69 72
43 55 83
33 31 46
31 46 63
92 27 91
87 51 32
100 59 67
47 66 71
48 14 52
78 65 87
26 39 94
68 87 96
22 34 22
78 17 2
29 95 35
77 41 5
49 84 65
6 99 31
76 4 77
68 98 61
76 47 38
46 14 38
15 12 64
1 34 74
17 7 95
68 80 94
13 13 49
49 67 38
21 9 81
65 11 9
17 84 78
5 2 35
73 12 56
91 6 57
68 12 14
62 94 39
77 75 44
11 91 69
50 72 45
52 95 96
58 49 74
14 71 87
52 3 14
10 4 22
74 96 20
58 13 77
25 6 55
57 85 51
82 17 35
29 42 72
63 56 80
31 74 88
12 4 41
33 73 66
10 67 92
34 84 78
7 57 69
15 96 78
56 77 31
28 32 88
86 38 33
1 67 53
33 13 31
89 76 10
40 18 44
33 30 40
29 2 26
22 48 53
56 12 94
70 29 22
71 89 69
3 78 26
32 33 56
66 1 92
46 45 27
81 86 22
13 6 90
22 75 76
89 87 16
22 9 32
83 49 46
8 47 42
55 96 61
45 58 48
86 29 60
18 83 6
70 75 69
85 29 23
27 89 10
7 42 48
67 73 49
36 51 16
29 46 40
47 58 36
19 10 43
25 24 67
32 76 47
88 70 81
26 10 44
10 6 3
55 3 43
61 97 83
20 76 44
85 23 7
71 28 43
64 46 26
64 3 37
54 5 70
16 7 13
67 87 4
6 12 67
50 72 36
79 70 35
89 51 13
83 65 71
97 93 100
37 95 5
47 20 35
36 5 15
26 2 21
13 77 46
29 98 66
70 94 43
30 7 34
91 31 22
9 2 49
1 94 75
32 80 52
26 63 60
97 20 41
3 3 39
65 53 91
77 73 15
65 79 42
40 52 97
34 16 31
83 99 98
78 61 78
52 44 91
80 32 50
99 48 94
3 67 3
27 48 24
94 59 53
73 9 85
59 48 55
98 47 3
97 100 54
78 43 1
60 87 81
18 25 100
33 12 75
43 97 27
37 78 87
22 86 46
63 60 73
28 79 33
76 60 98
23 79 80
66 70 71
87 79 67
4 18 75
2 16 78
10 9 50
55 25 48
9 16 99
5 37 47
93 33 97
13 77 87
71 4 85
88 63 77
79 26 11
1 85 95
89 3 76
18 57 36
21 20 71
23 93 68
52 90 54
19 8 12
36 77 35
9 59 24
57 50 46
5 14 94
79 18 69
52 90 47
74 24 52
9 15 51
89 83 89
6 97 42
21 43 48
91 98 41
47 45 79
36 92 36
59 61 21
59 68 44
42 61 49
23 96 81
50 37 18
27 12 54
26 75 39
93 37 44
13 96 15
5 22 78
10 81 61
40 44 25
86 49 40
89 71 21
21 47 76
71 100 82
83 19 39
37 24 42
51 67 3
90 72 93
98 86 60
6 23 30
84 46 61
29 17 40
94 73 5
47 25 92
63 65 99
92 50 73
18 75 76
37 92 54
45 41 30
25 37 56
17 41 15
56 46 99
31 100 28
43 31 73
7 21 51
15 41 62
34 49 11
16 37 39
77 66 63
22 97 44
35 8 92
48 52 58
8 52 48
93 58 89
62 49 98
44 48 47
77 64 100
67 60 17
43 23 20
38 39 8
46 76 68
25 65 20
47 63 95
67 18 38
23 34 71
26 80 64
98 70 20
73 99 60
63 63 49
29 36 42
32 5 70
87 93 6
49 72 57
56 51 63
90 30 95
43 33 64
98 7 62
24 67 75
89 58 59
61 61 63
32 94 76
14 73 11
53 79 54
83 19 91
38 39 90
26 82 3
95 57 33
18 52 3
76 28 91
72 6 18
14 27 91
34 43 52
97 87 70
8 90 55
93 89 100
51 83 45
64 91 47
84 45 83
37 93 67
18 68 72
66 30 9
8 12 75
66 42 75
77 6 47
67 87 11
57 27 8
89 2 51
79 18 42
35 25 57
5 29 16
15 54 97
20 82 27
49 61 15
57 45 55
29 49 34
16 22 26
57 14 75
29 92 75
82 37 10
36 67 82
3 94 28
9 59 25
97 56 12
32 10 57
24 75 97
51 55 54
28 23 84
47 30 96
2 3 72
2 34 63
98 72 68
57 89 28
4 20 51
88 97 79
24 34 7
65 93 53
93 91 25
16 88 34
9 30 86
60 24 83
20 27 36
7 39 1
41 97 14
69 39 54
8 8 24
28 52 53
77 29 34
97 87 86
86 33 90
76 47 28
13 81 84
8 66 40
11 7 16
40 22 70
81 55 25
46 93 28
29 47 94
39 75 92
49 71 5
36 69 93
47 88 95
58 12 97
89 7 13
55 33 56
15 50 96
88 27 58
47 47 19
29 54 89
65 15 60
38 22 16
10 58 38
24 97 39
14 60 84
71 42 89
35 51 21
3 64 97
45 59 83
61 23 99
90 25 75
49 74 5
49 85 46
90 42 57
19 84 35
82 41 35
98 4 60
34 76 14
78 99 34
15 44 42
83 64 94
26 26 51
86 28 14
47 82 47
17 21 41
39 88 98
99 30 81
52 100 92
23 36 3
97 59 45
24 5 78
65 71 77
34 29 5
66 14 64
53 58 91
17 87 63
88 48 54
54 61 66
63 88 41
45 22 88
58 85 21
21 87 7
97 30 7
39 23 17
13 67 12
34 42 67
87 93 8
87 20 85
58 93 48
54 19 33
2 21 15
59 63 11
62 85 50
23 84 22
43 13 87
12 48 75
98 83 27
26 15 50
19 1 10
51 92 28
100 92 79
33 18 24
73 89 58
65 62 87
11 74 2
18 74 63
30 81 29
77 74 46
91 53 24
63 81 21
3 100 57
57 33 75
76 44 75
65 87 85
68 35 77
71 26 34
63 24 72
22 98 84
73 78 84
46 91 100
3 88 11
86 46 23
56 27 72
34 97 76
61 69 38
6 21 32
60 42 1
97 72 68
54 66 86
6 91 69
17 56 12
52 77 81
50 100 27
88 75 97
35 9 2
51 47 91
91 27 44
63 79 54
23 80 38
36 98 23
22 67 76
68 16 32
61 62 71
49 21 84
74 77 17
23 78 46
16 55 54
61 15 95
30 54 83
68 58 48
62 76 80
4 32 98
51 16 2
27 7 17
68 27 64
34 5 41
13 16 26
29 32 63
94 72 12
50 82 39
51 93 75
59 95 40
41 38 10
34 69 8
42 9 86
58 100 10
80 24 12
93 44 47
8 45 8
56 86 21
54 17 13
35 1 100
32 94 79
80 91 92
68 35 73
5 16 85
45 40 41
62 5 88
70 83 52
64 99 23
81 54 28
76 53 92
100 84 17
91 91 52
50 94 28
61 13 4
44 11 77
22 87 16
32 46 95
81 65 30
59 26 86
35 94 36
84 70 23
53 25 54
73 1 72
48 88 4
25 85 66
6 13 46
76 49 20
35 96 26
15 1 58
77 91 72
22 10 76
96 40 20
37 10 82
79 69 68
21 59 89
59 8 72
98 4 78
75 57 10
73 11 61
44 14 19
61 34 51
1 60 88
80 4 63
51 46 22
20 56 100
8 81 60
59 29 85
77 45 25
74 73 41
41 10 54
12 86 34
59 65 16
90 75 43
52 65 85
75 79 57
56 88 74
49 43 94
100 16 35
38 73 11
70 12 25
97 46 74
5 16 46
90 90 54
72 58 12
24 67 72
62 19 37
79 12 6
34 75 10
22 91 89
1 25 75
17 58 90
95 20 71
75 16 31
40 77 4
76 56 14
33 6 100
85 56 14
87 92 90
55 34 95
46 43 12
12 96 95
67 50 11
7 13 29
61 100 44
54 25 42
9 98 32
25 83 93
83 52 92
57 83 79
79 81 51
56 79 68
20 99 16
94 22 85
21 15 51
47 13 77
97 22 63
38 10 47
89 34 13
59 82 36
33 39 19
80 68 72
21 19 90
15 96 26
15 59 91
75 37 10
13 44 69
17 78 16
24 45 69
18 78 81
62 89 92
90 30 32
13 16 49
7 98 73
34 94 53
8 82 28
36 14 53
44 24 89
53 50 9
55 37 14
6 99 95
83 33 3
63 64 6
46 55 3
3 97 3
29 89 14
59 80 1
23 48 27
32 60 77
93 78 60
48 55 6
18 79 69
58 24 72
95 99 88
81 97 93
64 1 45
59 100 25
70 24 44
22 16 99
69 59 1
30 56 14
91 96 31
67 79 39
57 66 31
33 86 63
83 11 96
35 88 40
13 35 74
69 41 21
23 75 83
89 39 36
31 31 66
83 76 43
5 66 15
4 37 94
64 97 69
7 78 2
18 100 59
10 49 11
15 41 26
64 5 63
50 76 55
70 62 77
2 8 36
3 98 77
99 5 41
56 68 83
10 27 44
19 8 39
4 51 41
5 51 30
52 56 1
74 83 91
78 4 40
9 19 100
29 53 91
66 40 63
72 49 81
53 37 38
64 27 36
96 26 30
65 18 93
84 68 90
26 84 88
27 42 69
69 41 63
72 40 35
49 19 8
39 100 1
81 38 79
14 79 53
34 1 8
42 87 73
49 73 46
98 42 83
74 82 53
81 86 51
93 40 46
9 59 27
67 54 43
37 66 2
10 72 48
41 60 62
61 57 83
60 86 2
94 92 12
46 44 52
65 16 86
17 70 7
27 99 35
88 76 27
91 39 43
23 25 1
33 44 68
73 8 1
80 8 58
42 33 8
88 40 21
31 11 41
2 97 90
39 20 15
72 21 60
53 20 49
91 6 58
61 37 24
2 57 37
16 34 4
27 40 50
54 89 79
8 85 78
55 13 99
43 52 18
91 47 97
9 78 88
62 18 91
97 64 42
74 85 16
87 28 89
54 34 35
44 100 56
82 74 13
100 8 54
27 45 94
75 27 12
6 91 1
31 49 81
35 16 81
67 53 6
38 70 7
12 45 52
75 31 35
31 54 28
37 36 57
56 28 19
74 75 59
53 61 15
99 15 17
59 82 52
4 1 28
24 7 26
89 64 57
37 70 5
49 60 65
29 72 55
49 21 51
83 7 85
36 91 45
5 93 72
26 41 61
34 83 64
7 7 23
1 69 93
31 80 64
1 9 78
44 47 52
51 62 51
86 85 88
79 84 21
46 57 67
66 27 80
100 41 96
24 70 11
61 95 26
50 55 19
90 81 23
90 31 9
50 84 63
36 98 40
96 60 87
13 46 2
19 71 35
58 78 31
48 59 97
88 93 56
29 2 63
93 90 76
97 2 88
29 85 60
94 39 76
63 55 18
25 15 73
75 74 32
61 36 100
43 38 44
69 78 46
99 2 49
21 23 78
77 12 28
38 27 67
79 94 8
22 8 57
2 84 34
85 61 29
13 5 49
12 75 19
60 37 64
87 49 70
86 93 92
34 37 14
10 66 81
35 64 39
33 37 14
23 26 20
27 74 87
67 15 99
88 2 7
27 33 3
43 16 17
49 76 80
98 92 10
82 65 60
59 82 43
64 38 33
17 49 30
69 9 74
58 20 60
98 39 45
76 84 60
87 79 90
24 73 74
19 68 39
98 91 93
82 96 20
99 33 90
46 32 88
31 43 12
55 97 48
48 44 92
72 56 55
79 20 29
59 54 36
2 96 95
88 75 38
65 67 80
70 99 84
55 90 59
68 84 15
56 59 33
34 9 84
99 81 65
73 61 84
87 61 13
4 41 87
38 37 75
17 94 1
17 52 14
91 46 98
23 20 61
35 79 83
65 51 22
31 15 20
67 98 46
100 96 78
6 20 50
18 5 46
23 16 49
74 42 100
52 34 20
46 54 45
5 95 63
71 46 84
5 92 8
17 87 98
84 90 59
24 46 49
44 35 22
82 27 58
62 24 38
25 87 85
8 76 79
27 76 3
45 2 98
90 58 56
76 84 30
60 93 14
28 29 22
40 11 7
60 43 42
11 62 50
71 44 38
40 43 75
75 83 48
36 99 95
33 23 20
77 4 70
27 31 2
17 56 55
15 75 100
27 77 41
44 7 46
20 41 86
72 84 5
18 85 35
76 84 88
23 31 2
74 23 13
66 87 71
100 19 43
8 38 28
79 76 39
11 57 91
33 53 83
28 30 46
62 82 37
89 65 99
53 23 32
30 41 9
35 88 32
32 6 38
67 3 91
91 38 80
2 88 66
77 5 9
44 71 15
85 36 100
99 68 94
4 11 5
64 63 4
97 10 48
47 40 66
92 3 19
27 25 42
61 30 78
56 15 21
68 45 42
10 47 33
95 10 3
56 83 38
63 47 39
39 23 20
95 35 2
84 76 18
61 69 94
22 80 18
57 64 92
8 70 17
75 75 38
49 27 92
25 98 71
91 56 48
92 76 8
29 57 14
95 57 45
97 54 53
13 11 66
16 90 72
47 28 36
71 51 60
81 67 59
5 28 89
14 45 75
95 77 86
50 81 88
24 91 43
29 16 62
3 38 39
31 42 19
85 79 55
80 93 97
79 6 58
66 19 72
19 47 80
25 92 100
29 76 37
54 90 10
82 50 63
97 21 30
37 87 74
23 56 100
94 78 29
34 20 81
43 95 66
92 14 83
63 53 1
31 81 4
29 46 77
63 35 63
62 3 47
68 77 23
29 25 43
51 84 41
39 15 66
76 1 18
76 16 49
86 5 16
63 32 46
45 64 36
72 5 88
34 76 39
9 2 74
65 83 48
82 65 81
89 67 94
33 43 3
64 41 50
67 39 83
33 61 11
61 60 87
30 99 87
47 98 71
31 41 96
39 65 73
7 57 25
90 2 5
76 82 25
34 46 50
17 9 13
19 90 39
61 13 35
19 99 78
97 20 51
37 61 66
68 43 14
93 19 44
40 59 37
24 88 46
86 38 82
53 25 36
29 94 90
39 18 64
20 88 78
91 38 79
71 5 85
1 28 48
37 74 86
68 94 18
15 44 100
65 89 10
48 39 52
12 10 33
20 67 48
78 31 22
100 96 7
9 95 78
42 10 33
51 59 42
95 96 99
3 69 67
33 21 81
85 100 12
54 18 38
48 16 86
5 82 54
95 64 53
3 41 15
66 58 36
98 22 30
43 44 36
48 43 57
18 30 74
7 14 24
32 37 91
11 35 87
23 51 40
43 30 78
40 37 14
86 36 64
99 62 15
38 90 72
24 78 99
60 32 66
29 7 40
54 56 59
48 98 11
52 62 96
41 58 53
80 41 13
100 37 64
65 44 94
32 90 37
47 3 76
35 43 42
74 77 63
67 54 72
82 68 59
46 45 75
22 61 49
29 62 74
27 77 65
16 50 77
75 46 77
88 95 16
18 39 91
81 15 23
99 72 80
68 10 80
24 28 18
16 61 20
24 32 5
13 56 19
65 92 36
53 64 44
24 84 71
91 66 73
2 75 100
94 35 50
3 23 30
8 24 25
11 28 94
79 40 65
17 41 62
85 81 40
10 10 12
20 14 39
26 21 41
20 29 62
93 33 64
93 4 71
16 65 7
87 39 89
53 7 73
86 82 42
90 97 24
95 7 51
28 40 5
7 26 11
67 38 58
4 56 83
9 88 31
34 61 30
48 32 31
55 67 45
28 36 80
21 6 27
87 8 68
23 79 37
91 46 65
97 56 12
86 89 91
55 38 64
1 100 64
25 59 72
16 15 70
91 53 59
67 66 84
17 34 26
33 86 26
40 13 23
57 92 27
7 75 55
34 81 63
59 12 1
49 18 79
15 17 22
55 13 29
16 78 11
22 2 5
86 95 81
22 35 41
7 3 79
3 6 100
9 6 3
78 45 69
83 35 70
35 100 67
13 86 95
62 89 57
6 11 87
58 78 77
94 34 4
65 99 77
56 37 91
79 74 98
98 34 17
32 78 60
65 14 75
1 94 19
71 88 13
89 55 14
19 63 71
77 45 1
56 34 40
20 41 88
49 5 29
42 22 50
5 46 85
97 4 22
66 98 29
31 34 21
64 25 80
53 72 82
27 70 30
55 88 31
94 84 63
2 15 40
13 84 74
97 52 45
54 57 19
85 14 1
67 69 1
76 43 67
4 72 59
90 48 18
63 92 8
66 75 52
52 48 79
74 84 62
51 43 83
2 96 16
84 2 5
88 77 4
49 17 86
44 100 24
70 83 80
34 73 41
31 8 14
42 67 6
71 7 71
18 60 26
12 86 98
92 37 56
16 20 30
60 80 56
8 3 56
78 44 68
47 22 26
60 7 96
42 32 86
94 13 2
89 3 43
55 4 88
8 98 32
54 84 87
21 80 83
10 55 75
10 91 64
69 32 16
61 65 88
14 38 90
77 15 81
39 87 70
34 62 17
56 4 49
87 30 34
51 64 43
61 36 45
63 19 3
60 56 80
34 58 82
45 1 8
20 14 42
25 65 66
77 63 16
78 24 48
15 3 80
91 52 69
49 84 50
64 49 13
46 88 74
83 16 66
48 55 64
98 14 44
47 28 54
85 64 42
80 74 81
83 65 84
51 64 97
90 63 17
24 83 56
22 42 47
42 2 15
10 26 2
8 70 7
10 54 27
72 23 22
61 53 1
19 58 33
3 98 7
75 86 77
97 26 9
8 20 15
72 36 12
57 54 72
33 78 46
83 20 78
13 1 27
73 10 79
7 19 82
24 87 4
37 60 87
66 32 13
76 63 61
34 38 19
2 72 42
95 77 35
100 66 2
98 97 80
64 12 59
57 37 53
74 9 74
37 19 33
18 62 70
36 24 72
55 1 97
21 35 5
60 57 76
63 98 23
53 34 5
45 27 97
88 60 21
30 25 38
39 99 40
65 78 31
76 41 85
51 69 12
88 21 95
28 55 69
54 4 16
66 34 60
43 79 1
44 63 65
56 93 59
86 74 40
28 86 23
10 50 16
60 81 5
35 49 78
31 44 18
88 89 56
16 18 54
75 4 99
74 54 69
11 6 57
68 89 10
23 13 63
88 90 43
24 39 67
33 69 91
47 1 12
54 13 88
23 15 41
73 42 57
88 67 55
78 74 84
92 17 41
58 18 82
80 34 11
94 67 10
72 97 94
94 49 21
55 76 80
38 29 4
20 64 53
68 33 12
26 83 76
39 71 31
36 2 60
37 75 67
85 50 74
22 31 66
25 2 50
36 22 74
74 78 17
48 92 39
71 97 68
2 69 59
7 4 78
57 90 39
6 31 85
74 90 91
2 16 65
59 23 62
71 47 48
100 27 57
97 6 33
23 30 4
5 34 88
1 88 20
70 23 50
57 9 11
42 96 65
64 20 62
70 50 2
26 53 91
18 93 97
98 71 41
21 53 93
57 55 28
45 9 31
47 24 68
65 83 68
11 40 21
2 96 66
90 81 35
81 1 75
27 71 62
88 67 72
14 34 63
89 83 67
53 28 97
15 25 10
39 56 79
2 58 28
49 9 85
91 48 82
51 22 77
21 100 97
53 43 18
91 100 24
47 18 90
4 90 79
26 82 43
54 22 34
76 88 7
2 29 77
12 12 10
52 15 23
51 72 14
68 33 55
16 19 90
64 35 29
57 89 42
4 88 46
45 15 73
18 40 29
77 82 100
26 83 92
95 91 82
52 73 23
84 72 25
30 41 63
7 52 100
35 52 56
38 80 39
20 18 36
72 89 47
34 43 68
86 8 93
90 32 73
26 64 79
28 19 94
34 8 75
80 11 87
9 30 29
3 32 65
23 37 76
22 89 59
14 41 31
45 69 100
26 95 63
23 72 37
6 83 47
67 70 77
34 75 91
16 62 84
22 25 59
11 17 85
76 14 57
42 85 51
9 66 21
87 81 74
41 10 64
52 37 45
99 79 75
57 77 66
87 35 26
83 59 24
20 1 67
57 55 28
24 40 62
46 4 34
27 55 90
52 62 9
77 88 41
87 58 76
53 58 27
10 53 67
75 70 66
81 68 24
54 87 30
18 92 6
34 80 54
2 84 11
59 12 45
81 47 14
92 99 4
70 41 46
28 63 35
64 44 33
100 83 18
15 67 75
34 74 95
100 56 27
67 29 32
50 51 40
25 56 58
64 44 93
64 29 70
27 1 52
65 54 24
86 12 48
34 38 89
53 14 76
71 53 27
87 30 50
49 7 73
16 63 11
49 93 28
53 61 21
4 70 5
66 57 89
52 38 28
69 6 25
31 87 22
13 71 4
78 49 7
98 53 76
98 72 67
21 31 29
2 85 99
65 36 52
47 49 30
99 34 20
18 84 70
71 76 14
26 66 30
12 28 27
51 66 5
96 59 82
86 81 84
25 71 74
30 44 92
36 47 100
73 5 81
20 59 94
27 36 47
84 31 16
70 63 84
80 30 26
24 91 27
12 37 58
4 69 89
97 15 99
31 17 71
61 84 62
52 45 93
97 73 61
14 69 83
44 60 74
17 32 50
57 81 16
61 77 88
98 9 15
50 97 36
67 99 95
5 56 89
14 76 18
85 93 39
89 41 98
65 12 52
8 88 60
85 68 3
59 90 72
91 12 94
87 11 86
5 74 87
81 43 8
74 2 16
33 63 65
66 76 82
90 50 13
30 45 39
66 53 58
11 34 9
53 52 82
70 33 38
36 46 62
71 22 35
63 89 18
33 58 12
24 65 26
88 60 7
81 4 17
52 45 6
89 39 83
43 10 24
42 98 31
69 77 29
85 85 98
61 96 7
79 58 91
81 7 62
3 74 34
82 59 24
82 22 98
76 59 39
71 90 42
98 68 97
39 75 12
68 67 8
80 18 6
99 16 29
36 7 85
4 16 88
28 90 92
97 94 19
58 43 38
76 61 11
100 55 82
64 9 84
4 53 91
65 1 93
59 14 43
16 39 55
79 79 57
93 78 77
88 45 54
24 39 53
9 57 12
17 21 17
38 67 69
69 33 64
76 70 15
40 62 23
36 27 6
35 12 75
55 61 20
95 63 60
49 7 15
76 9 11
62 51 77
31 22 26
68 21 2
15 29 4
85 75 97
53 25 36
16 18 52
74 85 70
89 2 7
67 11 77
15 81 7
76 9 20
46 33 68
57 98 63
4 67 64
55 83 56
74 77 20
15 99 66
26 39 1
92 42 58
86 42 47
5 84 49
77 70 35
62 48 92
29 64 19
35 98 22
45 87 88
33 24 19
40 68 92
55 50 51
7 89 79
36 43 54
91 82 53
31 88 41
100 75 18
17 37 55
31 43 92
46 42 54
81 88 70
94 39 38
15 94 37
57 8 100
65 72 55
31 18 56
65 65 11
29 86 70
88 45 43
61 80 67
74 86 49
44 83 76
32 94 14
22 52 10
34 29 87
47 71 17
83 93 76
9 2 71
31 11 34
53 15 50
36 65 70
27 70 49
80 15 95
18 10 69
60 22 86
54 11 40
5 97 52
15 28 90
29 82 79
36 29 34
39 2 5
100 55 45
80 53 56
21 17 86
24 5 35
87 2 95
6 22 63
51 83 82
69 45 10
64 50 17
43 100 53
68 51 7
42 17 78
22 63 26
89 35 78
4 69 72
53 72 1
16 56 39
67 32 34
1 48 42
68 54 42
42 45 12
81 50 20
99 6 48
34 89 59
75 65 88
97 43 57
5 20 30
98 63 11
50 47 3
43 100 64
95 45 10
93 37 8
86 63 73
56 95 87
40 89 90
84 47 57
30 37 45
65 14 97
1 83 56
87 99 86
88 18 52
70 47 89
9 53 94
68 29 51
40 73 98
55 25 72
14 64 6
89 38 69
74 72 59
8 100 8
98 6 92
12 64 36
48 43 8
93 17 85
93 86 21
26 49 21
13 59 68
82 35 65
37 29 98
24 43 64
85 75 53
70 13 41
42 98 15
62 50 61
87 90 3
81 63 60
35 2 20
63 64 54
89 43 19
97 89 38
24 56 36
29 23 2
7 3 93
95 67 43
37 19 52
33 58 43
65 72 97
7 39 68
17 15 86
19 12 76
5 71 62
60 37 48
57 17 31
65 97 90
98 78 51
5 78 85
70 86 41
54 45 55
18 72 75
8 55 72
11 70 66
45 38 72
75 23 11
29 32 20
72 89 83
84 41 40
4 96 98
86 89 100
63 1 75
89 36 83
51 60 74
62 49 62
44 30 23
8 2 63
65 74 63
66 87 86
37 43 75
24 53 28
80 80 19
8 28 64
65 52 100
8 55 75
51 19 55
98 68 33
81 93 92
12 80 67
48 25 44
1 60 51
49 96 63
71 21 4
66 25 44
86 17 74
50 18 19
98 86 62
33 20 26
67 81 32
89 5 9
18 3 55
76 93 44
94 55 39
25 87 40
67 92 76
50 52 45
64 15 5
51 71 17
70 31 46
92 91 48
18 88 85
24 97 54
28 83 39
73 97 83
22 56 89
72 6 3
89 8 55
4 5 15
53 96 66
28 34 51
100 90 64
56 88 84
90 93 90
93 99 65
33 82 83
58 69 48
68 86 31
69 82 12
63 99 87
67 24 36
13 50 31
48 94 36
83 83 94
68 61 30
6 20 21
55 87 40
38 59 67
2 14 12
77 35 61
43 74 62
5 9 77
59 39 58
58 44 25
16 56 45
38 46 2
90 44 67
59 95 29
38 25 93
72 63 20
78 74 84
68 9 96
34 65 22
57 9 88
28 97 100
81 96 5
74 81 62
56 57 44
24 53 12
82 86 49
14 56 69
14 85 41
43 8 24
40 4 49
38 47 12
7 80 97
99 88 41
9 85 16
91 35 51
1 53 6
10 4 9
24 55 89
30 59 45
82 45 79
55 14 76
82 32 96
5 9 17
84 68 83
96 11 65
93 54 42
34 24 3
59 53 45
71 95 9
52 55 24
31 31 84
27 1 75
75 30 98
58 1 14
5 89 94
7 57 38
56 56 93
17 12 97
72 57 90
50 97 8
66 61 86
94 51 50
28 99 85
37 60 71
15 39 8
49 81 11
1 22 16
53 73 22
25 36 45
100 17 77
38 69 59
4 32 50
36 53 80
77 52 97
95 98 13
24 40 99
21 75 97
27 46 71
65 22 26
9 85 11
51 30 77
36 80 39
25 9 87
38 89 25
49 63 21
73 46 66
48 95 21
64 19 58
41 94 79
25 49 35
89 30 70
90 62 9
68 35 49
13 9 51
7 79 37
11 59 8
39 64 12
31 72 36
91 20 87
68 21 65
32 90 80
80 34 88
94 4 16
88 2 84
15 54 25
78 20 21
66 99 74
31 77 84
50 30 63
53 7 29
30 86 11
26 99 31
47 83 56
100 83 92
16 83 94
87 74 31
75 25 58
18 100 8
95 48 38
49 78 95
95 34 4
96 11 73
70 8 48
70 78 21
59 2 29
78 18 69
26 33 38
70 10 94
73 31 77
91 69 10
16 77 51
10 74 78
9 76 89
17 97 94
56 77 11
5 94 89
19 69 56
37 73 65
93 75 24
7 28 59
63 89 93
70 17 60
6 77 71
5 60 74
34 85 29
84 39 82
86 8 6
35 34 7
24 83 37
20 32 30
48 45 58
69 75 48
67 95 13
21 47 92
17 38 42
30 36 19
10 6 82
19 12 80
20 54 75
22 42 19
15 89 64
77 71 46
85 17 81
97 75 82
85 64 54
85 27 80
24 35 77
89 39 1
16 61 21
74 34 62
57 72 18
27 59 27
54 69 43
52 36 91
73 80 82
73 49 87
50 71 5
61 41 95
88 26 73
84 93 58
33 46 29
93 19 67
80 54 56
100 19 8
98 52 100
93 54 10
64 17 21
26 86 51
10 12 53
87 96 85
1 97 64
4 76 3
17 2 62
17 80 92
58 96 65
11 95 88
89 57 27
54 59 97
32 91 90
82 75 47
12 35 98
62 4 23
63 91 42
1 76 90
100 66 88
81 92 54
44 40 51
30 98 50
66 90 8
6 5 29
38 17 70
33 38 93
88 3 28
94 57 53
27 31 60
6 15 46
51 85 11
96 15 31
56 73 29
34 98 74
57 32 34
59 21 86
54 14 25
26 50 71
17 72 90
17 60 35
67 50 4
83 86 61
17 39 25
25 15 32
82 96 7
29 20 46
70 74 15
36 72 27
17 87 88
13 13 66
59 83 92
72 51 95
48 30 31
84 6 36
50 71 23
35 85 21
69 40 78
42 73 31
56 11 60
85 64 18
64 46 49
87 62 85
48 10 55
53 29 71
58 92 64
6 92 82
33 73 95
33 29 71
85 37 55
56 96 74
48 82 92
95 74 29
6 24 48
24 37 72
87 16 35
41 89 48
90 43 100
19 55 48
51 9 61
39 41 85
22 17 22
15 54 59
16 21 61
50 93 91
61 99 22
93 6 27
42 56 92
11 95 23
34 80 52
50 88 7
77 25 44
97 9 96
10 48 64
5 12 47
86 99 46
37 57 1
17 27 75
95 9 31
98 45 76
85 32 88
71 95 32
50 25 82
22 90 75
48 17 99
40 11 29
95 46 60
12 49 9
58 16 32
89 41 26
90 32 63
97 84 46
92 4 98
45 8 42
75 100 36
91 62 26
66 12 25
84 55 24
85 56 57
32 44 64
24 97 67
49 38 72
49 28 8
16 62 86
96 34 78
49 53 100
35 95 9
20 27 100
91 65 20
42 58 44
21 66 74
12 23 16
20 20 70
13 79 6
83 48 89
67 34 73
5 13 98
4 62 11
5 80 72
97 5 40
66 71 9
100 75 19
60 61 51
29 99 70
1 22 41
82 40 15
7 8 90
75 83 43
65 56 54
71 73 95
14 8 100
75 69 92
45 17 51
9 79 59
11 92 76
93 60 84
39 98 71
33 10 19
34 18 100
19 93 8
19 97 8
94 96 84
50 64 3
79 15 46
72 76 97
44 39 100
85 51 49
65 5 13
66 30 95
46 42 44
24 79 80
25 65 11
66 35 62
78 73 20
83 61 51
3 38 24
84 95 22
56 78 2
65 7 95
32 41 9
54 97 59
52 97 89
25 18 24
32 55 18
5 68 55
42 2 5
77 47 33
24 42 24
83 99 77
92 43 75
81 50 41
58 88 41
63 50 41
72 73 88
57 97 45
98 23 29
23 48 3
92 24 91
82 8 97
69 9 62
44 11 30
46 94 45
91 29 46
16 92 10
76 25 69
51 31 30
51 51 99
2 62 96
37 79 90
12 11 78
10 60 70
70 26 81
62 43 67
74 98 61
3 23 20
69 1 3
10 7 95
18 65 29
68 73 22
17 49 65
100 9 51
9 70 17
54 9 32
16 92 76
32 89 37
72 90 89
9 98 35
2 80 83
96 100 55
3 54 27
89 90 38
63 24 12
47 86 31
34 14 79
23 84 95
54 56 12
29 42 68
26 55 3
41 81 7
30 87 74
66 39 1
39 64 67
55 30 13
34 87 20
71 55 33
72 68 82
46 16 60
4 75 94
33 55 75
69 90 28
29 73 21
4 63 73
63 93 91
62 89 38
44 76 67
24 10 54
80 5 86
88 15 85
73 79 56
34 31 86
26 20 11
91 80 45
64 45 83
67 8 24
19 40 32
3 62 78
4 57 90
93 30 87
94 58 47
35 16 41
89 84 81
98 55 59
46 5 9
27 64 43
80 55 72
8 93 79
79 78 49
46 73 96
72 88 81
74 37 93
91 65 98
10 77 41
22 24 18
5 24 75
82 25 67
12 64 76
64 67 92
8 51 60
18 48 92
4 20 65
37 36 55
15 79 45
48 74 86
1 76 55
32 29 4
27 99 11
69 8 14
7 81 88
60 16 31
72 87 7
64 92 75
64 13 66
95 8 80
44 66 77
22 6 82
74 4 65
28 45 3
77 35 5
58 17 77
47 69 90
35 73 4
73 44 80
12 69 59
38 3 8
18 80 18
66 58 27
86 94 28
67 28 94
65 32 13
4 54 28
98 61 22
39 60 17
9 11 77
96 54 43
96 55 83
96 53 48
88 49 11
64 24 27
23 38 33
89 9 65
32 83 68
48 3 52
89 78 88
14 69 6
54 2 65
19 30 35
14 19 52
29 24 72
34 39 43
37 19 92
19 21 81
44 15 86
80 68 76
99 99 23
93 86 50
66 98 15
19 55 24
72 25 48
19 55 39
87 59 10
68 79 57
52 24 91
35 40 78
12 65 26
63 84 35
23 30 96
45 92 55
15 72 8
8 15 40
88 9 50
95 81 46
48 43 37
49 94 48
60 7 16
73 31 50
15 92 53
38 36 43
52 86 17
39 71 16
79 81 13
58 1 55
91 65 78
82 93 44
65 94 10
19 76 100
35 88 46
25 46 11
46 54 59
56 52 89
70 45 68
38 47 45
46 31 61
31 2 84
90 84 26
63 24 37
95 60 85
70 76 1
35 55 37
87 77 60
36 90 58
51 59 93
51 52 80
95 72 25
30 70 7
16 37 89
13 72 52
46 26 17
12 27 52
95 96 49
26 2 29
45 96 15
97 10 58
4 55 94
95 40 98
15 10 28
95 76 58
88 88 74
35 65 49
17 55 93
97 28 67
28 21 85
31 46 31
94 3 24
12 13 88
50 8 38
49 83 89
96 77 95
19 87 9
95 47 53
57 68 39
99 77 78
32 56 89
82 38 89
87 61 35
97 95 50
85 70 2
57 49 32
41 99 9
35 78 32
19 84 51
74 34 31
38 25 36
36 18 6
60 82 54
68 97 8
7 8 44
47 73 50
39 9 85
3 63 34
65 59 44
91 79 91
47 41 31
82 16 49
7 6 42
15 61 99
76 98 84
51 36 38
95 8 69
81 46 98
95 14 27
85 61 46
51 46 40
16 72 19
38 56 93
66 5 86
80 37 25
21 71 70
10 46 62
72 16 78
70 2 15
1 88 16
37 8 36
88 42 37
8 94 54
74 100 91
40 11 41
20 19 89
57 42 10
84 32 49
8 2 96
37 34 87
48 85 22
47 64 45
12 17 22
68 37 18
45 57 28
11 17 13
7 92 10
24 17 86
61 68 75
53 16 96
5 46 31
91 27 47
93 92 28
67 39 37
91 26 49
49 66 2
68 54 67
54 13 26
65 55 27
94 25 27
11 84 29
7 12 6
32 64 53
45 19 6
26 6 33
73 67 27
85 59 100
24 38 45
98 51 85
37 57 69
31 26 9
34 70 30
3 29 31
13 68 43
51 91 18
16 96 23
90 10 52
30 7 71
98 83 54
28 97 33
10 74 86
92 12 6
6 11 35
38 99 50
98 10 43
81 99 16
4 50 63
32 50 40
38 12 55
7 8 48
78 84 78
59 15 96
1 64 58
14 23 85
29 9 16
64 46 61
99 2 65
94 50 51
32 88 66
6 93 83
33 97 33
27 31 88
12 33 76
33 59 72
4 89 48
47 11 41
49 30 15
50 97 91
89 58 48
100 46 49
93 79 33
61 37 18
32 20 15
2 4 32
71 53 97
85 72 83
53 11 51
32 4 32
50 80 100
83 43 47
51 18 68
3 31 23
40 26 41
93 29 4
49 8 42
96 1 3
77 41 84
21 76 38
50 40 9
16 53 76
68 38 27
45 87 31
25 81 87
23 98 35
59 77 81
27 56 69
49 43 75
56 94 10
49 61 30
65 37 56
81 8 89
98 47 89
99 59 25
97 16 81
65 25 1
81 28 89
62 19 76
60 46 99
91 47 55
80 86 49
100 73 40
50 3 76
97 73 29
51 17 74
51 77 22
39 43 45
19 57 58
50 63 32
77 81 46
83 77 35
10 87 62
78 62 70
97 26 20
26 98 40
58 10 53
35 26 22
18 97 92
12 28 8
23 27 18
99 87 65
90 89 14
12 13 85
92 93 75
95 64 90
84 1 39
70 90 12
54 15 41
38 13 11
7 26 62
60 51 84
7 70 85
9 60 11
69 60 4
60 47 33
47 56 64
100 12 1
22 2 84
91 24 56
46 59 25
95 34 46
42 82 93
22 59 56
54 54 48
41 22 77
35 66 77
80 52 45
74 9 16
72 12 8
67 89 38
23 20 22
83 3 19
91 85 51
81 42 48
9 9 4
18 50 78
12 14 89
93 20 63
14 32 30
23 36 59
93 85 96
35 34 9
37 68 80
15 48 75
12 56 59
95 23 26
20 87 5
79 50 29
97 60 88
46 39 6
52 8 42
31 15 50
16 83 28
71 78 96
80 29 13
99 38 82
67 4 34
24 97 64
9 41 60
95 18 6
80 48 44
17 73 32
30 84 66
90 96 5
29 55 93
79 64 52
64 60 77
14 81 63
96 2 4
83 65 34
16 53 28
62 33 93
11 72 56
2 65 61
10 82 10
48 97 83
16 64 94
68 85 51
83 68 58
11 84 13
84 97 6
59 9 74
33 18 69
90 51 40
27 20 4
53 30 65
6 73 50
36 45 47
37 41 46
71 90 38
21 66 74
79 93 67
29 20 5
80 4 87
21 29 15
34 73 81
44 15 11
47 91 72
16 3 52
99 59 25
26 45 52
70 17 96
24 98 70
48 32 71
89 5 71
86 40 5
28 65 86
65 22 99
75 17 86
41 17 66
15 8 33
34 93 75
46 59 39
61 76 56
24 19 100
90 76 57
30 44 18
32 65 95
68 63 61
94 60 84
94 84 9
55 11 50
2 24 25
67 46 9
62 17 61
5 86 63
98 60 98
53 33 44
22 31 63
61 16 71
14 47 58
57 36 18
47 100 27
50 85 60
90 79 8
8 14 38
1 52 48
71 66 5
20 58 91
74 20 13
1 62 26
67 35 15
63 31 23
64 56 79
14 78 30
97 85 7
86 37 45
3 51 2
17 79 27
2 27 36
47 8 6
39 61 46
63 52 76
59 80 25
44 49 50
69 60 62
27 67 97
66 98 60
45 76 57
57 3 10
59 26 96
36 13 7
75 43 47
59 61 46
87 37 68
66 67 6
26 41 22
31 44 59
38 61 98
60 18 58
2 25 59
57 41 16
36 10 19
46 58 1
59 56 58
13 22 70
43 8 12
96 72 36
36 85 84
71 27 33
29 97 52
29 76 94
90 30 63
91 32 65
35 10 80
7 17 70
59 91 19
93 57 72
3 71 4
84 25 91
22 48 12
19 48 68
18 7 20
49 54 14
26 43 6
51 14 56
53 1 54
30 35 98
47 5 66
73 71 88
89 69 8
36 43 52
83 71 46
87 87 99
91 47 8
40 100 39
19 92 54
20 52 27
22 12 97
88 38 89
78 64 94
78 74 98
7 28 6
68 48 97
94 11 70
98 16 95
87 39 58
43 67 91
100 52 89
84 5 98
79 98 35
71 68 12
12 70 41
68 15 22
54 98 74
16 77 65
9 32 26
91 72 44
52 90 10
61 30 84
87 94 76
52 80 47
8 6 57
21 93 83
41 73 87
45 98 31
37 71 13
13 58 37
35 22 61
28 93 80
41 62 11
1 85 7
33 57 48
50 59 36
2 39 12
10 27 58
68 83 64
5 50 96
30 27 54
31 60 95
74 100 76
19 94 97
70 35 98
66 55 89
42 56 100
76 89 8
8 25 14
90 56 28
91 38 39
56 33 94
78 28 25
96 81 65
58 100 82
10 61 26
4 19 6
7 20 99
37 63 46
96 80 54
41 1 10
57 31 2
35 37 38
4 60 49
4 49 70
52 18 19
97 7 61
14 97 89
91 61 46
32 54 94
52 38 37
87 56 52
36 46 29
71 50 96
2 10 79
54 62 99
53 72 1
25 5 34
41 26 22
14 13 15
9 68 6
94 16 70
96 58 39
28 72 58
63 68 72
22 20 5
54 77 26
4 20 74
18 30 95
56 7 99
91 98 46
72 30 16
86 22 95
54 5 61
15 88 73
42 13 78
80 93 12
49 47 48
87 38 53
17 52 56
25 61 71
30 53 25
84 28 64
84 48 10
44 54 36
32 21 71
49 17 13
61 94 44
59 63 87
39 54 68
32 78 46
71 29 73
95 49 60
91 44 91
36 98 26
57 15 50
9 18 27
39 8 67
8 10 75
30 44 55
82 46 86
45 86 2
17 65 81
82 60 13
30 38 79
50 47 10
2 97 45
1 80 12
66 93 39
79 79 100
30 3 28
2 6 42
23 27 8
1 40 77
23 100 94
31 12 72
58 22 99
11 78 86
82 45 64
38 51 65
49 35 95
16 54 25
48 13 99
40 68 89
75 91 59
7 82 19
10 16 26
99 94 44
34 21 98
28 29 62
62 52 43
60 39 67
56 58 68
99 43 75
37 12 93
38 13 99
88 22 98
64 10 6
99 77 88
27 65 26
30 39 12
47 80 27
52 47 93
12 5 46
99 76 43
23 74 73
28 96 61
4 89 25
4 80 48
58 5 84
86 92 38
44 69 48
36 91 24
10 55 6
26 49 87
33 39 97
74 73 63
25 30 20
14 85 4
40 14 59
25 35 74
81 12 94
74 11 60
29 65 22
42 96 50
66 35 99
57 85 9
31 7 73
52 78 73
45 88 99
18 31 96
78 82 93
32 48 10
29 24 75
31 85 5
2 61 31
41 9 96
7 75 92
60 21 7
14 87 81
89 47 25
14 33 90
9 31 62
11 22 86
57 90 57
80 36 80
69 80 42
6 11 51
3 72 68
59 65 62
3 5 22
99 18 27
51 62 11
100 20 77
75 25 10
28 51 15
33 57 52
54 100 94
61 43 42
3 48 42
73 55 6
11 48 1
77 16 74
51 64 37
42 39 82
52 61 22
80 87 32
26 66 20
43 91 18
98 90 72
50 42 93
31 94 67
78 75 12
63 46 30
42 63 9
20 43 18
51 49 88
20 72 45
38 73 34
8 66 99
25 1 91
74 84 26
82 7 31
86 15 31
73 16 11
39 17 81
76 25 8
35 52 54
47 29 13
49 42 27
12 22 84
28 100 43
39 72 19
35 53 47
51 9 23
91 27 67
32 63 16
88 37 33
26 60 31
4 71 46
25 59 91
55 5 70
30 1 36
72 58 91
99 90 8
1 37 18
38 71 40
69 48 27
43 68 90
91 94 68
16 56 79
35 45 24
49 91 90
77 3 80
36 32 22
88 21 73
84 96 2
24 2 32
71 96 35
10 34 50
49 26 96
24 8 64
84 35 50
74 50 88
28 72 54
61 96 4
98 51 78
33 35 20
48 58 93
86 54 6
58 10 6
73 78 5
43 70 4
53 61 5
50 75 90
72 45 83
74 2 98
84 85 81
51 38 27
96 63 65
42 90 68
49 54 33
32 68 59
8 80 55
40 73 17
78 30 49
55 68 44
97 49 9
77 5 31
63 5 50
7 22 21
79 76 43
41 19 75
59 89 93
19 51 15
87 23 7
65 80 47
95 99 15
9 31 74
91 75 8
98 42 1
12 55 58
52 47 59
8 25 100
5 44 10
58 44 45
24 65 66
40 74 7
52 95 29
48 3 24
58 91 6
29 3 1
18 5 46
64 73 96
28 6 19
11 17 84
7 48 47
100 28 3
55 29 26
97 8 28
23 97 67
85 11 50
28 27 92
23 24 100
58 64 89
90 18 10
32 41 20
44 70 84
3 27 68
52 54 39
15 9 86
45 44 94
41 72 93
43 59 72
92 55 83
17 53 38
42 15 22
39 50 35
4 5 66
70 37 18
55 92 59
4 33 19
42 11 50
46 2 87
76 40 15
27 66 26
31 19 48
68 39 36
7 14 6
47 12 57
33 67 24
97 79 92
21 1 55
8 72 54
95 92 14
87 19 14
40 82 44
92 58 44
31 69 47
28 72 58
24 14 1
43 83 75
39 63 29
28 100 93
73 70 88
89 7 17
64 45 91
43 78 11
33 65 20
10 33 19
70 10 54
6 45 52
80 42 76
28 77 20
77 66 17
81 79 42
1 68 94
40 14 53
63 37 27
98 89 83
10 57 76
36 26 35
14 79 25
67 85 63
64 37 68
29 3 80
52 19 58
68 90 89
99 81 66
63 59 90
1 56 19
28 28 90
26 81 21
77 84 5
34 9 65
19 40 29
71 33 10
39 78 40
35 79 54
43 89 79
97 68 43
40 28 91
89 80 44
19 8 25
24 56 48
96 38 76
89 27 47
95 66 87
83 58 28
27 99 77
7 92 55
44 55 54
51 35 73
14 95 40
59 5 65
68 14 58
67 48 14
5 55 25
96 1 3
11 17 22
64 74 65
29 47 18
74 30 77
70 48 59
26 25 83
5 81 88
70 58 6
49 97 82
86 83 48
55 20 9
75 62 2
95 19 56
24 43 92
59 47 56
9 54 10
50 33 54
96 22 35
17 50 88
75 60 81
96 60 96
91 66 85
22 24 92
64 11 2
19 57 47
65 75 44
12 51 66
88 63 46
57 12 14
8 82 69
97 25 8
77 51 61
15 41 13
66 49 73
27 98 70
12 56 3
35 69 53
42 47 97
66 85 35
11 79 27
6 95 9
44 14 93
37 40 62
85 70 30
65 95 30
31 77 16
15 60 30
70 44 10
9 82 79
96 76 33
58 56 69
26 65 5
64 47 64
21 64 43
37 28 6
46 27 56
72 15 96
100 93 38
23 82 57
82 20 71
30 6 82
100 8 55
92 37 68
72 24 19
68 4 81
58 55 97
48 3 76
83 18 64
97 15 71
45 9 2
45 77 60
31 98 2
67 12 1
59 93 24
38 42 54
55 100 69
91 38 91
40 92 37
48 80 8
43 22 85
44 75 6
57 41 71
54 16 50
12 82 59
75 34 62
74 95 71
73 5 17
55 61 26
18 36 8
62 62 23
96 2 60
93 57 24
94 34 74
90 95 16
90 92 33
83 30 2
91 84 85
84 46 66
34 56 27
51 84 2
16 92 57
5 5 86
96 67 43
8 35 34
6 41 63
1 1 24
54 66 61
23 46 66
83 34 70
89 87 13
7 15 41
85 46 22
80 59 10
90 1 67
19 9 21
20 55 8
70 23 30
72 97 28
17 21 98
87 71 26
4 82 52
92 34 23
99 12 47
10 43 3
29 8 14
17 79 69
15 46 84
95 33 94
45 56 25
50 72 42
35 50 74
93 93 67
65 16 88
14 86 49
34 26 17
80 44 76
21 44 24
62 95 74
15 98 81
66 87 78
22 56 75
17 59 1
71 4 34
28 72 43
37 31 40
81 46 49
12 45 42
4 89 82
83 89 92
37 59 89
45 5 49
100 10 12
31 73 5
26 44 92
57 89 69
66 77 98
4 48 67
99 41 20
77 19 90
29 72 55
49 44 80
5 85 29
66 41 81
80 23 62
24 81 73
6 26 29
22 55 58
38 77 63
7 80 44
77 11 5
44 87 96
73 70 40
34 5 96
6 61 40
24 99 70
83 61 96
80 54 90
54 73 2
37 37 56
52 84 11
39 7 4
78 8 67
69 84 96
30 48 76
44 93 38
52 62 70
4 51 23
46 100 92
45 31 29
98 85 34
30 28 75
34 8 18
58 77 66
77 36 6
21 15 86
73 31 26
13 73 41
25 96 17
85 27 79
41 67 10
96 76 45
30 14 79
88 90 92
39 54 69
94 75 6
80 96 20
88 1 27
24 59 36
50 7 16
2 47 89
24 62 66
76 32 15
62 67 33
77 58 42
92 65 51
68 35 60
16 6 56
35 12 55
1 58 37
72 7 65
34 82 58
2 94 93
84 39 6
45 71 95
15 18 6
88 46 15
24 26 41
11 76 80
43 95 84
67 91 100
96 62 17
91 45 28
61 77 51
83 45 27
60 68 54
90 100 58
20 31 87
9 10 44
9 98 40
90 84 87
7 73 4
75 55 45
72 60 13
34 48 80
83 15 62
92 71 99
6 4 16
51 75 3
83 36 68
12 72 64
42 50 81
54 71 22
85 49 17
28 29 41
84 44 92
49 20 78
29 35 85
70 56 45
1 36 58
29 50 62
67 57 25
58 35 21
63 1 43
56 27 25
97 7 63
41 16 87
13 9 96
11 74 46
87 64 59
15 41 46
10 44 92
5 77 99
85 8 80
45 75 36
14 29 78
53 100 47
93 91 42
63 31 35
76 28 19
83 75 83
48 23 88
99 18 90
82 90 83
83 47 97
82 93 64
46 39 48
27 46 15
81 70 95
55 92 8
19 77 87
21 51 74
29 42 24
69 5 71
88 12 97
74 72 83
77 72 69
73 10 43
27 17 4
50 42 44
48 25 24
40 81 46
100 42 72
34 29 96
75 59 18
93 70 23
46 61 35
73 42 94
81 75 38
25 47 19
100 39 82
87 81 26
64 46 73
28 71 74
87 47 3
46 73 78
58 93 28
23 92 64
74 93 91
81 79 3
75 87 49
87 33 67
37 80 14
67 67 55
58 73 30
63 27 39
14 48 83
38 18 55
23 98 71
26 26 20
49 100 3
31 74 96
51 91 43
7 83 1
26 43 8
67 64 39
68 1 53
43 44 58
91 6 1
73 19 33
88 97 91
72 28 82
21 57 14
1 68 36
48 96 77
23 61 30
92 67 28
98 76 100
63 60 81
56 25 19
13 59 53
26 79 97
69 55 1
97 92 18
83 18 6
16 7 96
52 46 34
35 91 37
38 84 5
86 58 75
57 65 86
97 3 12
6 15 98
77 75 89
51 6 48
52 74 50
40 31 99
91 79 12
57 4 5
82 64 69
45 44 83
20 59 91
28 57 37
39 39 75
96 72 6
62 19 72
90 8 58
17 36 42
35 27 47
80 9 98
43 90 44
45 27 75
39 8 57
97 75 90
58 98 77
34 40 61
5 25 38
53 68 57
12 88 81
72 54 37
88 63 62
3 94 38
32 42 47
8 34 71
68 84 46
2 88 71
96 78 85
27 47 100
19 58 59
67 7 78
96 97 47
73 88 86
89 56 19
29 92 43
79 49 78
1 32 20
1 46 30
31 39 52
5 84 61
18 84 60
24 92 24
96 94 72
17 3 36
46 68 52
69 96 40
93 61 62
73 79 82
44 3 69
36 83 58
85 80 79
79 16 29
4 47 27
94 43 57
5 27 91
29 63 87
11 47 72
93 38 80
45 85 26
84 65 88
89 5 85
15 60 63
2 68 12
61 86 70
94 63 31
66 58 59
92 14 53
75 92 25
25 33 76
80 29 60
28 38 100
41 96 62
24 10 52
32 7 11
74 27 54
10 11 85
86 81 32
62 65 71
98 56 24
22 20 2
51 71 84
90 78 32
73 49 46
98 44 68
92 88 29
3 72 79
51 44 36
36 37 25
29 55 67
82 40 20
40 93 58
71 7 65
60 29 5
5 47 28
41 54 43
29 45 36
49 16 31
61 9 65
12 2 35
26 17 5
13 66 60
51 53 59
30 51 87
33 13 32
58 22 32
49 9 87
26 39 25
73 75 53
86 90 42
18 52 44
13 10 28
57 51 26
67 57 59
97 4 62
21 56 28
21 97 18
15 79 33
77 13 98
2 66 60
27 89 27
42 89 47
33 15 70
4 65 26
54 68 80
58 16 96
38 79 94
20 77 41
93 20 16
94 79 45
81 60 41
30 81 11
42 81 65
45 62 30
21 53 6
54 31 23
88 61 98
51 45 56
27 5 21
20 88 46
20 17 4
21 49 61
2 83 58
74 48 52
98 45 6
69 2 84
41 66 20
63 48 42
59 69 55
39 48 89
95 51 5
45 13 78
25 73 99
32 93 94
26 83 28
50 13 29
90 86 77
68 11 95
52 60 49
60 89 92
6 26 88
36 4 30
46 88 51
71 53 69
72 61 35
16 43 58
41 99 11
80 65 5
97 1 33
85 91 10
67 43 69
7 90 80
81 8 10
56 98 16
3 83 72
36 26 51
2 67 3
44 68 37
93 73 9
7 78 74
59 29 81
11 70 46
71 25 3
75 70 15
75 1 82
72 10 6
2 22 70
45 30 5
16 12 37
56 15 16
96 10 24
13 82 67
10 42 75
75 32 77
89 14 89
35 23 61
97 20 84
28 63 9
10 51 7
89 21 81
44 9 40
1 86 16
90 94 10
57 62 50
99 57 19
87 83 90
71 53 69
48 11 88
19 44 33
27 25 76
55 14 100
10 57 10
39 72 33
49 73 16
13 93 53
99 92 43
27 57 47
83 71 78
98 33 94
40 65 74
40 1 12
72 22 70
62 30 4
56 54 45
36 60 78
34 36 6
85 6 72
44 7 74
69 43 28
57 48 69
52 97 53
47 14 53
17 39 8
12 7 78
91 48 59
48 15 29
24 73 71
18 58 89
6 62 98
33 70 95
29 93 59
100 31 87
50 25 83
76 29 41
11 52 54
36 97 100
36 27 3
84 42 97
2 40 61
94 53 59
1 7 9
13 43 12
55 22 95
86 51 65
45 46 30
86 76 28
39 23 34
96 21 34
15 80 79
30 69 52
73 19 68
8 69 37
87 16 77
14 17 98
44 7 17
98 63 99
43 52 33
60 85 81
20 32 23
47 91 56
27 49 7
37 80 45
13 35 7
56 53 58
32 69 37
66 14 79
33 55 36
81 67 37
82 40 34
57 74 62
65 22 86
66 44 45
80 14 57
63 4 9
15 47 67
51 22 32
35 92 24
11 45 82
3 58 75
29 18 28
1 6 28
78 80 28
12 49 35
23 31 20
100 37 56
47 88 77
11 79 64
16 38 79
90 40 85
62 48 1
6 55 10
22 40 73
58 99 95
9 55 100
22 12 47
8 52 12
100 96 31
65 46 61
94 81 98
26 32 96
63 73 7
63 5 96
74 34 65
64 52 6
70 21 31
5 30 49
34 42 25
92 71 11
38 72 27
54 49 51
46 62 32
89 37 36
28 90 24
32 22 70
12 92 19
96 57 44
5 64 6
91 95 85
100 49 41
88 80 72
99 14 91
52 59 6
39 51 71
72 36 1
29 1 59
2 25 42
35 96 74
76 83 6
46 38 3
23 73 99
60 22 95
19 96 99
99 93 89
87 63 77
67 22 70
64 63 66
52 91 58
8 89 39
62 85 61
71 68 28
61 92 27
17 21 22
42 83 91
49 15 32
100 44 38
74 16 85
79 27 56
99 95 60
82 7 2
50 50 74
85 58 100
28 58 33
43 67 14
75 58 56
33 5 30
31 95 9
4 26 85
35 26 35
44 55 67
49 76 37
77 14 64
84 42 89
53 16 34
80 95 98
57 62 40
12 67 36
68 59 6
74 48 28
84 26 66
8 32 2
82 51 26
4 95 60
71 61 23
58 39 8
21 77 61
85 11 49
64 13 78
45 37 53
77 61 31
96 57 56
44 41 96
72 65 78
100 94 93
61 80 48
49 34 66
20 95 86
87 28 83
97 40 7
52 35 16
12 19 59
57 92 90
13 31 61
21 34 16
20 33 37
2 86 49
39 11 41
56 70 98
7 65 96
90 90 91
47 54 1
73 58 67
35 91 36
20 90 52
75 98 78
65 37 38
97 4 95
66 64 93
23 42 47
36 34 9
50 44 12
58 1 100
67 91 48
68 94 79
79 79 72
2 44 37
19 24 27
11 36 45
75 3 48
9 27 100
66 94 24
12 10 72
87 54 67
19 80 64
34 73 49
38 28 37
17 40 87
2 46 73
23 15 60
12 56 19
33 7 70
11 40 5
27 3 53
96 89 93
64 7 41
96 39 92
58 100 58
23 51 85
28 11 40
27 67 83
52 96 30
84 47 64
65 74 20
25 37 10
75 24 39
3 25 91
72 4 16
52 93 64
34 89 75
28 98 62
89 73 74
74 64 1
16 83 38
71 99 62
78 32 62
6 8 100
33 2 29
16 13 46
73 2 63
12 100 56
29 64 69
19 26 88
68 25 56
80 37 97
23 15 22
19 47 14
53 88 34
80 85 61
59 12 93
31 33 58
32 81 96
56 31 23
23 21 34
15 25 43
34 29 62
59 9 99
71 38 12
65 30 17
43 11 77
34 91 8
60 20 98
28 49 77
92 89 44
8 4 34
67 49 30
19 97 53
65 31 9
92 12 55
75 19 54
39 84 81
60 44 67
18 92 24
26 11 26
65 47 14
27 34 2
58 11 22
57 1 48
51 100 90
5 27 47
76 33 67
96 47 92
8 8 90
83 27 36
64 40 32
76 89 38
28 82 53
60 3 6
74 45 47
93 19 56
11 88 51
36 7 98
39 87 62
88 80 18
32 87 84
89 77 5
11 47 39
73 7 34
21 91 18
59 33 27
63 55 76
99 33 39
11 61 78
76 16 32
41 27 93
12 63 71
51 56 28
73 54 53
45 95 15
66 38 6
87 49 60
26 2 66
11 17 26
64 10 64
11 3 79
47 78 34
67 55 54
69 48 93
54 61 63
39 71 22
82 76 12
36 63 49
93 73 9
51 90 3
24 87 95
2 15 99
88 21 35
13 65 61
81 13 86
2 73 22
41 79 54
61 3 12
44 69 44
45 15 16
63 72 47
70 55 39
4 71 74
69 14 42
64 54 79
15 91 80
62 62 32
5 89 39
35 81 78
49 59 24
15 71 50
49 65 81
74 81 40
47 59 6
21 21 16
74 88 21
79 14 24
9 2 34
30 23 15
40 44 82
72 4 78
52 98 35
73 22 98
55 17 49
51 30 22
95 69 39
75 28 25
45 1 37
96 64 47
35 57 3
43 71 2
43 5 60
50 29 73
14 65 26
13 6 94
4 83 72
7 70 17
41 28 43
100 45 28
77 6 79
23 54 6
100 38 10
13 46 86
29 46 30
60 93 1
41 33 6
3 73 22
49 49 77
68 71 95
40 34 2
51 81 60
91 85 96
12 39 25
76 71 74
79 59 48
89 10 44
43 24 54
49 17 50
83 94 42
100 49 17
53 52 6
6 1 54
25 22 34
90 77 88
75 14 10
74 56 58
6 13 2
63 80 54
9 97 28
100 79 75
35 50 62
83 28 45
83 46 87
74 47 100
42 66 61
64 29 71
94 90 58
22 63 2
76 76 38
60 8 3
4 43 38
6 4 77
15 63 50
41 29 15
38 9 32
59 10 47
54 7 29
77 13 74
56 66 74
87 74 73
20 76 43
44 57 12
80 31 88
6 64 69
90 41 2
48 98 5
59 48 3
81 23 4
20 44 92
23 23 51
3 98 62
51 42 90
22 81 15
55 61 85
46 2 61
39 22 30
36 3 76
50 64 90
4 83 18
25 25 69
90 44 100
53 63 13
71 52 19
88 98 65
21 65 70
87 87 98
19 58 44
82 69 56
13 83 90
31 16 65
8 40 99
3 3 38
91 87 60
60 39 3
56 100 44
93 23 41
75 20 65
10 5 62
63 90 47
58 53 68
53 73 30
83 83 47
65 5 49
62 56 10
22 68 58
74 74 50
26 36 18
25 27 79
20 36 19
8 39 90
10 82 54
45 13 21
56 5 17
40 4 99
79 58 33
33 72 14
67 12 52
7 96 9
14 32 50
15 12 39
88 15 87
64 79 83
14 17 20
51 45 55
50 30 96
89 23 4
78 82 56
83 40 61
40 42 28
2 34 88
35 85 84
63 11 51
53 16 31
95 76 33
82 57 54
76 57 19
47 37 44
65 44 94
78 42 91
53 41 31
60 43 12
85 54 45
4 46 13
38 87 17
99 27 57
67 49 51
58 87 5
28 4 86
60 25 91
4 52 19
55 14 64
43 57 47
68 59 57
18 34 84
87 5 35
45 54 52
37 56 45
72 68 54
42 92 75
66 97 44
39 98 46
3 19 47
42 80 10
91 18 91
89 29 5
15 38 92
91 99 78
94 38 42
46 62 96
25 25 3
57 62 50
60 85 86
92 91 59
87 13 62
9 21 40
55 50 20
8 9 60
59 58 37
8 21 61
60 54 89
9 53 33
69 31 81
58 46 41
2 5 35
100 24 90
46 12 68
100 75 52
11 86 88
82 37 38
9 11 34
32 71 29
32 86 2
30 8 28
42 76 43
38 11 30
56 81 13
8 56 1
46 64 27
46 16 95
19 48 28
47 93 55
48 44 55
38 16 23
77 100 44
59 90 80
63 36 6
87 29 96
97 64 82
59 40 65
52 85 35
97 7 65
76 42 37
40 97 36
35 68 12
43 58 48
34 86 15
20 2 29
72 12 100
71 74 29
37 24 82
76 3 69
76 25 12
44 26 35
21 96 4
8 59 57
43 77 15
26 40 41
27 38 93
59 16 87
24 8 94
9 15 88
98 83 33
83 77 41
71 26 22
96 14 1
88 66 81
11 99 96
43 80 8
74 26 81
28 9 50
70 12 79
99 7 66
99 47 83
77 49 30
9 65 2
43 31 46
39 34 40
58 41 26
56 48 82
89 35 26
34 88 17
84 73 50
54 34 29
83 45 64
36 6 27
47 48 52
24 67 14
50 65 49
18 76 12
65 49 85
19 52 1
11 76 72
80 38 28
27 6 25
80 64 43
80 59 57
29 59 89
66 42 8
74 89 79
18 76 100
79 35 95
20 10 91
23 31 99
87 99 81
33 21 16
69 61 7
58 21 34
76 16 34
24 27 93
47 51 4
87 67 10
47 15 21
49 22 2
2 66 73
59 76 6
12 1 14
55 36 59
91 37 90
17 98 20
100 1 64
51 53 47
16 88 46
84 5 2
58 83 89
5 24 58
42 39 19
4 89 48
82 60 88
33 69 54
39 65 98
69 100 18
15 62 70
34 80 52
73 5 26
93 75 54
12 56 89
10 78 46
4 61 41
29 66 22
64 99 22
89 22 15
49 72 28
97 58 79
36 58 36
11 27 76
21 53 19
61 93 80
37 15 81
85 78 46
67 74 2
57 59 43
38 58 3
1 8 39
91 32 17
62 30 51
37 23 20
22 79 76
6 71 74
63 85 51
94 20 11
58 26 66
85 100 69
71 8 24
83 4 65
81 81 20
76 19 6
69 51 96
79 66 74
42 40 60
34 99 77
26 64 25
52 70 87
57 38 24
25 98 78
15 27 64
48 97 75
88 30 50
1 66 99
57 80 44
59 24 25
91 45 83
84 43 57
69 32 35
8 69 100
1 45 12
43 65 16
35 73 81
67 10 6
43 77 87
15 74 5
80 86 88
32 13 65
73 40 35
1 66 11
15 38 100
51 2 95
5 11 66
88 94 100
56 86 11
46 6 80
69 44 59
64 75 57
26 58 69
45 55 92
56 69 67
12 30 78
1 24 27
20 57 100
1 31 50
22 54 27
82 97 47
44 23 26
65 1 69
9 11 31
12 33 43
28 40 31
63 29 22
48 73 60
26 74 61
88 12 55
83 91 42
21 66 35
53 79 54
37 25 38
39 65 30
63 57 75
19 43 53
94 60 74
60 13 63
54 15 20
16 36 14
9 49 81
35 94 75
31 53 59
92 2 15
48 18 54
18 71 88
63 61 35
45 84 2
47 41 23
16 58 3
81 32 13
44 76 90
90 33 37
82 42 27
5 74 77
97 25 68
85 99 13
98 86 2
42 95 11
61 64 36
59 50 74
99 15 5
22 16 11
14 94 8
89 20 9
50 64 43
94 40 60
52 78 70
49 16 95
65 40 84
55 42 38
1 78 60
86 14 8
54 100 56
92 10 83
46 94 75
59 4 88
56 70 17
36 60 85
99 84 22
39 38 80
26 43 1
68 5 87
76 60 23
92 45 18
1 29 21
89 43 89
22 22 81
17 36 37
45 82 37
2 14 10
27 98 96
19 71 60
13 19 39
28 6 64
6 31 49
6 28 69
18 14 28
34 44 92
94 11 46
49 85 20
2 60 98
64 17 63
43 7 85
96 39 58
14 14 93
39 23 31
94 26 71
32 73 66
7 87 98
80 86 88
12 66 73
44 97 38
94 1 100
15 54 25
77 22 95
6 80 27
78 51 46
88 8 27
96 75 24
40 3 82
92 56 25
43 4 35
96 12 67
28 32 13
81 96 26
63 66 29
72 44 6
17 76 53
88 39 92
42 76 67
62 52 91
3 84 98
12 64 18
91 38 1
19 39 100
69 48 79
45 17 66
8 15 74
3 95 84
70 49 99
12 50 5
97 7 29
63 53 68
63 97 80
11 41 11
56 76 56
11 59 68
16 44 69
97 98 41
72 30 81
13 54 69
75 87 62
68 5 98
83 32 86
54 53 42
44 50 88
91 46 88
14 32 65
78 70 13
38 99 17
52 49 7
1 53 75
24 64 28
67 46 40
80 30 51
75 98 23
8 83 57
100 58 47
1 6 57
28 51 41
57 1 64
14 82 68
74 59 57
76 39 92
41 8 45
27 1 79
44 55 45
50 41 49
89 8 69
34 18 69
11 77 35
33 7 96
80 30 51
29 99 17
14 89 1
31 13 32
82 36 56
64 8 56
22 41 23
55 82 14
23 98 65
89 17 5
81 92 45
12 39 44
26 38 93
15 29 35
99 24 56
93 75 36
93 16 61
8 71 60
7 90 54
61 44 28
10 15 96
55 38 64
25 81 70
25 42 45
86 30 74
28 91 76
32 10 44
34 2 86
5 87 32
85 22 29
81 27 42
6 14 33
2 31 70
17 19 91
52 69 82
95 53 55
8 97 64
46 75 59
22 26 86
22 53 1
73 61 46
4 4 63
74 59 91
72 74 32
46 8 14
86 87 86
57 32 15
68 56 19
9 87 62
8 35 23
86 29 30
13 84 15
99 38 82
76 11 96
28 86 50
61 97 33
16 53 90
45 67 43
78 82 59
76 50 66
51 92 24
51 3 45
10 97 3
89 18 25
93 99 84
3 19 38
94 90 57
26 100 90
35 6 48
34 27 69
58 8 67
44 8 38
63 19 52
30 29 65
52 38 47
1 12 100
8 32 60
61 77 21
17 10 19
16 64 33
81 13 95
100 29 11
9 86 77
80 7 63
50 90 59
78 14 44
54 21 26
25 6 25
47 37 58
31 10 57
26 91 48
1 26 41
65 58 28
34 93 97
24 91 8
8 77 78
48 76 72
56 46 32
14 61 70
50 56 1
90 84 21
10 4 88
93 28 97
78 90 6
48 70 31
81 92 36
71 48 27
4 21 4
74 41 71
35 49 4
99 15 61
95 16 96
89 94 90
59 85 29
97 41 9
48 18 33
61 75 1
12 33 18
81 6 59
54 24 97
12 16 70
93 48 43
100 50 49
51 83 91
82 1 27
38 63 2
53 9 65
83 95 50
63 71 61
84 17 98
32 9 85
73 4 34
83 68 97
83 12 56
48 87 7
15 82 18
84 95 16
55 34 9
93 7 66
88 51 21
1 8 69
79 61 77
23 86 96
98 82 14
43 52 28
94 40 9
62 5 15
20 18 38
51 58 53
17 87 35
60 37 47
33 96 95
61 79 83
23 81 98
91 87 7
50 38 89
47 91 38
74 51 84
54 50 30
34 15 73
39 11 15
11 27 93
12 2 35
6 51 32
45 18 100
100 41 87
23 44 12
56 45 38
39 38 12
61 49 35
34 63 65
20 90 54
27 90 28
1 65 34
41 1 94
7 24 14
88 55 94
73 20 85
31 79 6
86 84 16
24 58 28
87 19 59
76 20 4
7 86 73
93 77 71
78 42 76
11 79 90
36 34 99
84 49 85
40 34 16
22 36 56
25 68 92
54 58 97
4 5 74
10 44 67
8 45 69
26 79 55
4 72 36
41 36 38
67 70 65
93 59 47
25 22 51
24 37 75
56 40 7
21 73 98
58 54 10
85 25 68
21 63 95
68 3 38
32 83 44
14 38 69
47 40 86
84 53 93
3 91 6
1 22 60
42 38 18
78 42 53
51 17 46
48 8 53
57 26 49
92 12 52
77 61 70
74 31 15
54 47 82
58 59 94
29 44 3
80 86 85
8 85 87
39 3 52
3 100 3
75 47 58
81 74 41
60 80 57
31 6 19
40 45 19
63 92 10
64 85 78
14 16 86
69 61 17
44 79 36
97 6 67
47 34 85
63 4 88
37 75 19
80 86 4
85 45 75
61 21 62
58 91 52
26 66 99
70 70 13
83 46 81
72 57 59
91 83 14
87 10 67
61 84 60
40 97 43
29 98 77
73 56 94
55 2 26
66 33 14
27 68 19
52 4 62
67 70 4
25 78 4
83 90 47
48 52 69
28 1 37
56 100 57
99 78 26
75 28 19
43 12 14
14 70 61
14 4 65
18 82 25
11 21 20
4 3 97
97 58 47
92 75 14
86 34 74
8 86 63
86 91 82
2 24 56
46 73 30
13 4 17
12 42 28
37 66 62
31 59 10
85 70 13
74 20 40
84 93 57
62 25 43
91 18 52
96 84 4
9 76 42
64 93 33
99 82 12
12 82 94
40 47 48
34 72 28
9 55 6
26 31 9
15 88 50
46 80 8
86 32 29
84 21 60
75 29 41
34 23 87
7 45 56
4 80 44
28 34 4
97 77 22
8 3 90
94 36 39
79 100 72
21 40 77
20 100 57
43 54 37
14 93 42
22 30 51
40 72 48
11 2 88
31 84 86
94 26 23
86 86 66
36 15 74
52 31 65
26 75 28
72 13 74
48 10 94
86 33 100
81 37 79
99 23 81
69 53 79
21 31 11
3 50 63
97 12 37
76 86 66
88 93 19
83 35 63
20 55 8
20 26 86
76 90 52
13 96 30
66 61 77
19 2 40
60 47 91
62 96 87
100 89 14
48 81 9
58 76 45
98 3 37
99 85 26
6 16 60
93 96 29
87 88 65
35 55 27
10 99 62
20 85 13
75 20 95
76 65 50
54 49 62
47 57 39
86 51 20
95 34 84
40 6 25
1 42 89
62 87 77
43 90 82
85 5 66
16 19 18
5 85 16
36 79 45
94 91 83
6 1 75
35 33 24
49 94 18
44 84 95
44 37 56
55 51 77
10 46 71
77 14 10
20 47 6
36 38 33
92 9 23
20 5 11
16 67 72
22 12 91
20 84 29
19 80 36
22 22 74
91 42 19
87 48 92
98 96 84
34 4 88
64 81 32
80 84 78
31 39 43
93 44 1
37 73 29
17 49 74
85 67 53
21 18 55
7 15 2
65 46 26
27 91 94
4 5 73
66 85 73
60 60 66
70 70 71
46 61 30
34 44 54
99 21 31
61 81 62
21 1 64
3 27 100
23 8 69
40 6 80
7 58 55
22 4 71
89 71 2
13 39 91
88 38 89
62 50 61
33 18 14
49 89 27
31 6 52
87 32 99
65 32 31
73 22 31
48 94 18
98 67 42
17 45 90
7 3 44
85 95 32
81 23 85
17 82 8
64 95 96
35 52 38
50 45 58
5 27 10
9 71 32
1 13 7
34 86 74
43 87 40
34 18 6
16 25 82
19 81 96
70 98 9
74 69 90
92 81 65
95 36 72
60 63 95
96 22 49
43 4 70
44 27 57
3 84 4
5 34 23
4 1 3
25 36 27
16 33 52
73 35 85
37 28 76
3 99 73
32 11 99
90 93 91
59 57 47
75 79 82
58 63 26
81 57 94
5 25 36
62 91 67
49 53 25
17 96 35
90 58 67
90 50 98
99 90 67
26 44 75
9 60 7
9 95 31
31 25 92
38 54 45
42 51 35
81 72 43
22 76 91
39 13 11
98 83 80
45 66 74
30 13 88
77 35 30
48 88 73
49 99 21
81 30 62
14 10 14
27 69 72
16 77 98
28 71 15
66 86 16
89 80 43
54 13 99
63 80 43
6 13 17
16 75 100
4 26 86
60 33 92
40 21 86
39 37 64
49 76 80
47 99 17
55 48 27
26 18 75
15 30 84
79 60 11
26 29 4
90 32 46
32 7 73
16 28 92
43 94 80
98 28 80
24 62 29
99 69 79
92 55 19
22 76 47
94 52 12
7 98 95
86 95 23
71 37 8
70 63 46
40 33 90
86 15 88
14 5 62
92 35 41
77 20 84
99 52 64
41 20 32
24 66 30
92 10 91
27 40 71
70 68 27
64 9 98
88 22 41
78 92 1
52 7 31
86 62 70
92 71 49
15 69 28
20 35 62
35 38 83
23 16 50
30 87 60
29 34 7
96 93 14
91 10 79
45 60 81
63 2 31
27 93 94
41 33 68
35 24 89
64 26 73
38 83 14
97 85 26
84 2 78
83 94 89
82 58 43
61 21 99
36 39 6
16 89 12
23 44 54
96 49 46
23 62 46
60 33 67
6 44 45
40 30 84
7 85 30
88 3 64
34 41 46
12 95 49
24 70 4
91 9 98
33 14 90
73 56 54
75 54 53
88 27 28
91 65 73
6 32 98
67 72 92
72 83 6
3 17 26
96 86 78
93 16 29
32 33 59
50 26 9
52 100 37
7 61 62
64 15 66
94 27 91
57 41 96
31 1 94
13 97 54
41 62 71
68 39 33
75 93 97
12 13 85
48 41 9
94 22 7
96 42 83
29 65 60
48 69 25
46 35 49
87 72 54
73 16 86
81 54 97
15 39 83
20 69 92
96 22 5
52 40 95
39 43 79
39 45 47
97 72 83
41 32 77
65 50 66
63 81 41
94 79 67
6 67 64
24 3 47
24 84 13
60 46 70
63 55 64
76 59 80
38 1 3
73 99 51
54 33 83
66 52 10
84 99 7
98 84 17
20 21 17
66 50 30
86 51 50
40 31 77
49 69 27
24 66 30
42 19 80
72 68 76
12 5 96
46 72 25
30 23 11
93 54 24
40 61 20
69 90 36
95 12 76
36 48 28
12 33 64
29 2 86
25 11 2
69 95 30
47 68 75
90 20 60
89 56 39
81 60 46
43 52 25
11 26 20
87 65 31
56 90 42
12 64 93
75 79 90
53 26 74
36 86 60
64 61 34
61 19 83
90 14 80
16 58 55
34 55 72
93 40 13
35 7 5
90 65 96
51 19 3
4 68 48
48 12 25
25 10 68
87 71 85
79 72 27
77 8 43
27 14 92
46 23 88
97 53 72
31 89 48
31 93 10
93 8 38
75 56 58
91 39 100
7 73 29
40 34 61
92 88 95
53 70 60
61 27 52
42 32 15
72 20 11
77 96 50
80 61 17
49 33 47
55 58 69
28 67 80
34 86 17
68 18 68
23 83 45
65 49 87
92 40 99
66 67 37
42 92 47
57 61 35
91 62 98
34 85 99
12 13 70
76 65 16
60 33 94
57 37 72
26 11 23
63 48 3
85 57 19
77 21 26
46 78 22
53 5 23
76 22 32
15 91 90
12 44 43
40 21 26
42 24 90
79 28 1
28 56 68
13 76 83
30 93 18
41 64 59
94 80 64
42 45 92
14 38 25
3 75 3
52 73 77
94 45 72
27 75 45
8 67 3
12 78 70
36 16 26
93 51 84
6 62 66
49 74 41
10 56 36
35 35 99
1 22 73
27 70 51
54 44 79
49 23 70
13 70 88
100 37 53
38 30 96
21 60 9
96 30 61
96 22 65
70 47 93
13 48 76
80 50 30
61 73 99
60 82 12
18 70 81
29 89 12
34 97 33
88 12 64
98 23 98
26 71 31
65 51 2
11 90 57
6 76 3
49 38 42
100 29 7
57 71 34
42 68 52
38 45 37
14 32 20
31 44 47
37 5 61
27 14 44
58 83 19
27 70 86
24 42 72
19 92 3
77 69 58
21 43 54
19 29 4
40 57 91
67 77 4
12 81 71
26 80 47
54 1 52
37 72 12
33 94 19
56 1 75
80 46 74
15 95 4
38 3 52
30 6 53
74 82 93
79 37 28
33 91 58
40 48 90
58 20 65
28 20 40
27 88 2
89 82 37
19 13 77
44 9 16
98 7 40
29 11 31
50 71 46
88 25 100
96 26 29
20 3 100
63 98 49
95 10 82
8 52 58
93 44 43
17 21 74
57 26 96
46 32 16
25 4 81
100 39 58
68 38 57
24 60 29
97 88 15
100 44 25
50 86 98
4 14 47
64 80 37
10 66 51
75 68 18
40 27 8
38 47 8
98 2 30
40 10 36
11 52 56
47 13 34
86 70 46
91 81 73
35 36 45
52 15 5
74 3 90
62 34 31
22 24 80
67 25 36
97 82 93
51 11 15
29 59 47
28 96 13
25 97 59
53 32 35
49 29 17
85 12 37
49 100 68
29 35 34
28 47 68
94 7 61
52 82 44
58 16 20
80 80 57
14 55 47
15 41 21
68 82 43
7 41 40
83 36 69
80 19 92
2 50 84
42 47 68
57 34 2
56 73 17
62 12 94
89 48 33
37 26 49
23 88 70
53 86 26
43 43 45
73 6 94
15 59 24
88 35 66
100 90 76
20 42 92
71 91 72
90 69 53
94 31 13
28 3 6
36 97 69
4 36 45
6 96 22
88 5 61
82 31 96
99 84 31
13 35 62
59 16 21
42 4 11
63 92 97
31 44 1
57 90 67
37 69 94
16 83 58
58 87 35
67 59 1
22 16 15
32 71 63
85 58 25
11 86 65
64 8 25
14 34 32
73 91 3
36 44 53
49 96 98
62 15 40
99 10 19
88 100 44
24 98 78
16 28 79
80 23 51
7 98 61
62 94 52
54 56 45
58 63 84
4 19 12
52 15 74
78 95 35
94 34 22
77 62 63
37 40 87
16 71 85
33 36 54
16 41 9
3 15 71
98 24 53
41 72 55
11 23 2
94 99 9
63 24 52
66 52 3
89 80 36
45 56 97
32 30 85
86 60 61
54 98 51
79 93 97
81 46 4
75 31 23
74 86 65
58 66 51
52 82 89
46 43 38
47 10 39
85 100 59
63 85 20
93 1 12
82 79 44
70 6 18
75 80 57
20 64 75
71 68 53
97 85 73
16 70 84
10 33 10
58 53 14
29 25 68
41 87 7
100 80 79
17 80 36
94 52 43
80 86 98
34 26 31
72 1 27
84 6 47
96 67 55
10 53 89
1 77 13
52 69 27
13 39 44
44 82 54
63 19 91
95 39 76
91 83 79
88 14 19
82 56 33
75 23 29
97 44 80
74 77 71
63 15 46
48 33 75
77 15 40
38 84 88
39 100 64
7 53 82
2 7 29
41 63 32
30 26 20
97 79 82
94 66 2
5 86 29
10 42 92
78 98 17
60 39 47
49 89 10
1 50 11
80 65 11
95 71 29
7 89 80
66 5 61
83 32 65
94 1 79
50 28 89
37 88 78
5 80 6
96 65 16
67 21 11
70 12 58
34 3 27
69 57 94
30 26 88
86 73 62
36 73 78
73 69 1
78 45 37
91 42 80
37 62 65
61 32 15
16 93 67
9 65 13
62 20 88
59 85 9
51 100 53
16 58 48
23 76 54
25 57 80
43 74 81
35 25 6
69 76 52
70 53 58
75 21 74
38 35 71
61 14 76
81 19 39
65 67 64
62 6 25
44 8 89
82 20 32
81 2 30
94 88 84
30 33 36
35 98 32
97 55 94
75 35 21
5 43 14
41 11 65
75 88 71
67 43 53
44 87 22
36 18 97
50 86 11
68 47 19
11 28 97
96 26 70
93 84 60
42 88 62
63 39 1
25 24 25
9 43 100
89 26 78
43 58 72
18 39 67
64 22 60
63 77 70
31 58 79
21 84 2
14 90 47
19 64 47
53 4 20
43 89 28
9 17 34
58 3 36
3 56 55
74 27 47
49 53 91
35 80 83
93 48 68
6 92 37
91 54 27
86 89 48
97 60 21
22 67 53
81 89 59
63 78 61
48 13 9
16 57 52
22 80 93
94 20 26
95 85 20
3 12 68
45 59 94
61 19 94
40 85 41
14 3 93
74 23 61
92 56 10
9 93 38
71 27 37
69 71 98
21 10 27
29 37 56
17 17 96
48 41 20
98 85 70
24 87 41
53 18 28
79 86 88
52 44 54
20 10 3
66 30 98
41 47 53
89 60 71
70 78 23
33 42 36
7 4 77
26 32 20
31 34 22
10 65 84
48 22 87
12 31 40
40 98 87
76 92 94
82 63 96
49 63 11
17 51 20
15 32 99
69 20 17
11 19 80
12 98 11
26 53 64
82 10 97
68 23 16
2 17 88
13 92 76
63 21 65
53 18 48
45 22 70
4 36 94
97 56 89
48 57 89
9 16 30
91 81 60
45 74 62
11 98 70
64 86 16
47 100 53
5 98 21
34 10 94
59 77 22
84 69 58
54 75 90
64 30 96
41 17 9
92 6 37
5 83 42
85 17 88
89 84 16
69 8 91
10 83 53
76 90 18
38 63 11
76 88 87
61 97 25
86 93 58
27 61 86
40 61 78
23 56 18
55 38 75
34 65 50
37 97 37
97 16 7
34 71 86
49 94 45
12 16 4
39 50 21
33 44 14
88 86 21
35 39 72
53 10 44
45 84 66
94 85 71
68 83 14
99 33 14
16 72 53
73 90 43
30 54 12
11 89 90
37 24 59
53 65 31
16 54 80
39 68 14
91 85 4
6 25 42
63 91 44
90 75 79
67 42 92
70 33 80
10 58 42
15 70 81
8 61 13
39 35 22
58 78 5
52 45 72
80 67 43
53 89 1
69 5 88
69 38 1
41 32 51
87 57 93
45 6 58
17 3 75
83 84 71
84 63 62
42 45 10
86 50 23
35 98 7
4 59 38
90 99 17
98 58 48
36 5 11
55 94 18
65 100 68
91 56 28
16 50 95
55 45 97
97 64 75
64 30 60
50 3 1
40 34 84
87 38 28
90 12 93
78 7 95
21 14 28
100 57 67
60 73 95
47 76 64
29 94 33
55 96 26
69 30 87
70 96 63
15 54 57
32 23 15
93 56 3
10 63 73
42 44 54
81 4 41
74 64 45
46 55 38
27 97 91
54 17 29
44 39 45
78 60 50
36 71 70
88 84 87
41 26 4
16 70 35
8 8 28
93 68 93
93 73 88
57 50 81
90 7 32
80 59 94
99 9 71
23 38 28
19 8 89
100 33 75
83 69 93
100 95 11
88 6 27
70 8 47
46 64 37
29 62 9
93 87 26
75 49 32
67 50 86
54 41 50
51 74 21
81 96 29
16 36 39
76 4 96
79 53 82
5 67 53
54 3 82
68 97 10
70 26 40
28 75 18
17 36 53
88 58 92
1 46 51
21 19 54
67 51 40
9 15 5
42 22 95
91 31 2
86 9 70
80 87 66
84 95 63
64 40 96
59 16 26
13 75 93
87 69 36
72 74 22
20 65 49
61 28 3
26 21 84
26 1 75
94 85 60
11 35 49
71 2 17
89 89 82
45 25 80
78 57 94
18 97 100
100 62 17
62 90 42
91 88 7
11 97 80
45 24 90
92 52 80
3 32 46
60 44 94
84 54 80
35 72 76
34 47 93
39 13 21
36 82 1
7 40 35
68 18 25
84 33 6
48 20 17
14 52 76
84 77 61
71 92 47
62 80 12
92 23 34
72 44 80
26 95 65
87 55 25
44 16 20
58 35 34
40 11 88
13 30 65
100 55 92
16 20 21
76 15 7
23 93 91
52 100 45
85 55 53
86 75 12
84 72 64
95 84 34
19 75 90
19 72 1
45 53 8
14 84 13
55 55 25
51 25 100
47 57 89
47 10 55
25 85 95
86 54 75
3 88 84
48 63 40
66 94 33
55 10 59
26 32 49
46 61 17
54 34 74
64 92 89
77 32 26
36 74 20
76 11 41
63 90 94
22 70 21
69 10 36
7 5 96
49 43 82
13 97 92
56 55 28
19 38 37
44 41 26
58 31 41
31 4 78
88 4 15
94 81 87
46 60 51
84 34 7
5 88 71
30 71 16
46 31 30
27 53 24
30 62 50
69 52 92
71 98 71
18 98 30
35 54 67
100 94 92
65 98 85
6 27 42
86 67 56
6 36 47
19 49 86
39 67 14
11 79 44
88 70 9
81 39 45
23 60 26
51 75 69
45 66 84
19 71 51
77 93 28
62 1 3
26 94 24
46 43 58
72 80 94
83 3 97
21 56 53
2 68 69
9 40 11
52 6 53
98 40 46
36 91 45
10 69 27
8 34 5
6 5 73
87 78 98
58 44 10
37 97 75
21 60 20
87 20 4
37 44 57
92 84 96
34 61 2
18 86 46
12 80 27
36 71 40
22 66 88
85 19 68
10 65 49
84 61 50
91 9 77
67 49 81
91 8 83
51 12 58
60 92 52
73 46 62
51 82 89
4 73 46
20 15 21
1 84 71
22 53 89
59 28 93
62 60 22
98 56 28
76 39 38
18 53 44
76 76 83
58 74 49
20 47 75
10 14 83
22 89 43
18 27 53
38 47 53
56 10 55
50 69 28
69 25 80
76 78 98
65 55 37
74 91 25
59 41 50
33 79 54
20 4 50
63 50 49
72 61 63
67 67 76
78 27 55
43 83 33
52 90 47
43 83 55
78 53 89
98 6 44
79 82 33
68 54 10
41 27 72
53 25 52
94 50 40
4 75 91
58 58 19
76 34 2
37 10 69
60 36 27
5 71 87
46 14 91
72 83 100
41 47 19
13 60 15
25 11 62
23 41 17
39 71 21
32 95 4
3 74 35
16 86 20
40 8 25
59 81 46
58 45 91
84 100 92
45 27 43
98 38 64
57 87 96
6 93 1
33 21 78
65 50 11
91 70 71
13 1 38
65 24 75
67 23 26
100 99 17
47 91 75
86 8 76
71 17 66
17 90 42
26 37 38
49 38 76
52 81 46
25 36 59
22 49 4
16 87 73
51 3 100
9 79 80
38 99 31
77 88 63
5 6 37
63 23 13
16 67 100
100 67 25
38 75 83
16 52 54
43 83 38
88 99 11
83 16 34
47 18 42
87 49 84
85 37 6
55 72 52
49 51 78
39 21 34
78 96 51
11 58 83
74 30 29
20 7 34
92 84 20
61 3 48
82 4 21
74 61 17
58 76 67
60 24 37
96 23 84
26 26 85
14 31 98
22 81 32
86 85 65
72 83 18
62 87 51
47 24 36
1 98 99
10 40 62
94 84 26
51 71 26
7 97 75
38 48 44
90 56 54
64 15 51
1 19 53
53 20 84
94 40 5
31 95 66
72 44 6
57 65 98
18 10 76
6 94 6
57 43 89
3 86 87
39 52 8
63 59 19
4 48 45
29 66 7
62 100 28
15 75 79
57 76 79
5 35 20
7 12 6
99 59 79
67 13 7
27 97 92
11 29 5
43 98 40
65 98 17
89 67 37
87 16 86
92 98 16
61 49 85
51 4 46
43 93 43
84 26 87
41 44 76
38 15 17
29 35 46
32 99 34
52 23 49
33 6 28
23 60 51
72 35 98
6 9 70
8 16 74
35 67 6
60 28 8
56 66 11
29 56 43
52 48 82
33 95 9
61 72 52
12 29 85
73 37 79
31 76 72
72 79 89
46 89 39
76 25 100
23 59 89
79 41 78
38 51 23
66 27 52
25 57 47
68 66 4
38 35 41
51 48 97
23 59 42
42 56 24
4 99 51
76 31 5
92 12 44
56 62 5
72 49 74
39 64 54
48 6 39
96 83 68
44 33 55
97 59 55
43 91 76
42 7 77
56 34 84
23 5 71
93 31 70
32 29 99
8 38 33
12 26 9
20 54 12
6 17 13
30 40 5
100 16 35
82 3 56
86 51 26
30 71 74
86 26 81
30 82 33
64 19 45
76 1 79
30 65 51
66 74 77
90 19 1
68 51 21
55 1 97
76 52 33
15 78 51
20 9 71
89 42 69
75 69 1
28 28 68
16 96 29
95 33 56
92 28 89
73 49 84
53 46 29
4 26 70
84 14 80
32 28 38
33 68 14
50 9 41
21 54 38
100 38 79
29 10 80
35 26 88
24 88 2
27 1 91
15 45 28
54 23 20
16 85 50
63 12 33
80 17 60
51 84 96
64 83 54
64 91 76
61 36 68
5 36 79
8 65 95
6 69 72
13 48 6
60 67 28
76 42 83
22 76 72
16 86 49
83 54 93
64 67 43
27 98 35
11 61 35
33 51 81
79 26 2
79 54 58
94 9 11
39 46 70
65 27 6
71 99 84
49 93 68
83 55 3
76 34 84
89 89 52
58 23 5
46 57 14
59 51 63
96 40 61
82 75 80
82 70 20
66 53 72
65 81 96
62 25 39
7 18 90
79 31 60
69 87 61
23 96 9
38 72 3
39 61 71
1 96 61
72 20 34
84 6 93
43 57 47
58 57 10
3 56 64
65 95 46
3 100 38
62 15 17
98 62 60
59 10 27
71 28 45
94 28 27
44 5 15
66 99 11
71 26 73
3 70 87
69 84 77
46 42 43
33 39 75
92 18 45
83 16 35
51 100 38
30 94 92
48 82 91
32 71 9
100 38 82
77 94 47
85 75 42
91 8 18
93 36 38
81 98 84
57 14 91
17 63 46
51 59 75
32 96 60
27 5 20
85 21 16
70 52 80
47 84 5
27 3 42
45 86 23
51 1 28
98 72 94
98 32 70
100 57 80
5 33 36
68 71 22
84 49 23
83 34 78
63 86 71
95 96 63
36 24 91
86 39 90
78 62 40
33 31 87
76 97 55
82 72 97
51 34 31
83 19 52
57 10 1
50 46 41
56 98 71
14 42 44
86 58 36
99 74 23
27 75 100
84 38 57
17 15 95
40 57 52
48 55 14
75 60 49
97 67 72
34 41 85
25 53 59
36 76 80
64 46 70
65 82 38
50 22 66
42 95 74
42 44 47
11 32 22
33 83 19
88 86 73
54 71 7
45 19 42
24 92 28
78 91 6
5 16 32
51 40 70
17 22 30
30 27 52
63 27 75
96 13 66
97 48 38
85 3 68
84 77 41
19 34 60
78 84 16
5 87 32
15 18 83
53 95 23
32 75 48
18 62 31
69 10 90
58 2 98
48 8 69
88 50 96
43 4 22
66 72 37
35 26 21
36 74 99
13 54 53
85 20 32
55 55 56
57 13 85
58 32 46
73 88 41
35 30 84
54 91 19
18 94 55
15 77 32
2 34 4
76 14 6
15 30 81
26 93 79
32 75 25
78 4 78
56 14 59
78 84 49
16 67 90
52 22 84
61 36 3
61 82 18
20 81 85
63 54 12
14 87 26
71 68 27
63 59 80
12 13 88
49 69 92
41 30 81
57 45 27
29 21 46
36 23 95
71 98 66
41 11 87
61 70 41
34 77 16
9 47 100
89 24 91
65 63 62
19 13 29
13 85 74
43 55 82
46 79 14
28 18 56
86 57 100
81 23 30
35 56 69
70 73 87
66 66 62
97 22 74
86 45 91
42 59 36
64 72 44
2 56 6
4 67 27
26 66 40
2 19 90
93 61 7
81 67 25
69 21 74
31 57 37
44 57 54
56 12 27
62 16 73
55 53 64
54 14 33
32 64 80
24 44 100
10 53 39
35 64 44
98 11 65
5 27 55
25 42 47
25 18 58
13 71 9
51 48 42
31 35 63
34 14 75
66 36 91
27 32 96
70 41 15
16 30 51
44 98 26
32 57 55
30 12 14
5 70 23
97 89 44
51 69 92
23 80 72
36 11 99
39 36 72
42 73 84
33 93 44
89 27 75
10 64 42
55 53 36
80 91 68
45 86 15
65 90 53
1 15 77
51 34 85
52 40 29
5 47 18
96 12 47
81 69 83
7 41 88
67 6 91
24 60 32
72 54 38
54 20 9
18 74 50
19 80 72
59 23 88
86 60 41
6 51 98
33 10 56
90 30 63
13 95 99
18 94 69
76 83 94
56 70 22
2 83 89
84 91 45
50 100 18
46 66 50
42 48 56
19 65 49
37 54 3
43 86 81
32 70 88
86 85 4
72 19 27
40 31 70
12 12 79
25 61 87
72 53 67
19 84 51
45 43 1
65 78 21
63 49 5
96 100 57
66 98 81
74 51 22
71 79 19
100 55 79
21 39 59
44 24 52
20 25 76
65 68 36
54 58 8
98 99 21
77 93 69
65 70 62
98 43 42
46 5 63
4 78 35
13 78 29
97 86 32
11 4 77
49 94 75
2 66 98
25 66 49
51 73 46
37 92 57
86 95 32
84 82 6
40 97 72
59 26 84
66 20 17
37 13 77
48 95 4
55 4 63
4 82 68
7 15 98
58 84 41
8 19 45
3 27 67
82 41 71
75 9 70
76 59 89
93 52 67
18 2 16
32 67 58
21 13 34
6 35 99
40 60 20
48 24 56
16 59 44
19 65 84
61 24 59
33 82 90
44 51 22
18 26 51
39 2 41
92 15 34
88 87 46
16 45 25
59 99 32
15 68 53
59 80 33
23 53 64
29 69 97
47 76 43
79 3 37
6 14 58
92 25 43
100 5 50
67 38 79
22 85 77
21 76 57
68 16 51
84 88 16
25 12 58
40 36 18
53 94 27
66 24 58
11 23 17
77 26 62
66 81 15
45 86 32
28 6 44
92 67 52
82 31 84
65 35 61
87 98 5
19 84 31
96 92 6
64 67 24
47 76 48
18 49 99
28 78 31
8 81 30
43 94 8
72 79 52
1 72 53
56 30 78
28 11 31
48 56 91
64 38 69
16 43 52
24 10 19
92 46 9
1 49 73
93 35 50
12 94 47
44 18 83
27 67 59
100 51 26
90 96 86
30 68 89
58 58 8
30 7 11
20 60 16
5 20 11
87 7 21
100 49 84
26 62 95
11 53 91
28 13 49
70 55 28
61 91 1
70 18 1
25 9 26
26 79 28
51 37 12
44 9 81
91 65 46
84 100 90
83 68 93
64 16 15
72 40 63
12 98 51
72 58 42
5 11 50
66 23 65
32 67 36
89 4 71
62 77 88
28 51 71
97 100 45
43 95 60
66 37 28
11 75 42
34 23 86
78 28 47
77 37 75
7 91 43
52 44 45
90 39 54
50 64 54
15 23 32
67 54 80
4 57 100
50 44 69
45 92 72
50 44 42
61 61 51
27 58 12
90 67 94
73 17 74
14 85 62
59 37 68
74 22 9
97 97 39
64 23 65
49 33 45
40 4 50
41 41 85
32 60 85
75 83 68
50 81 5
28 46 29
54 72 100
94 53 97
13 20 84
41 3 76
51 62 77
87 24 90
17 84 62
55 16 65
41 6 59
19 90 67
12 51 2
98 23 85
65 19 3
88 71 70
58 57 37
45 81 87
8 7 2
84 68 89
62 74 62
64 67 48
97 45 42
80 95 62
87 63 81
58 93 92
21 34 87
86 24 69
67 21 32
71 1 53
34 39 43
72 24 64
30 1 14
73 5 32
86 57 75
85 43 25
43 83 6
38 15 46
29 96 26
45 39 83
60 84 9
32 49 85
84 71 17
13 82 1
39 78 98
57 84 66
70 14 19
61 15 17
99 86 66
50 75 79
77 15 7
84 74 5
39 41 62
6 92 72
98 17 61
47 20 32
55 7 5
37 77 31
91 32 77
54 89 24
1 51 29
52 24 38
16 99 84
46 7 17
83 91 56
47 14 42
18 100 82
95 66 31
23 82 42
93 44 33
70 21 9
59 56 28
71 45 55
24 17 26
81 39 68
77 21 74
94 33 64
24 83 64
92 14 72
30 73 7
20 5 66
68 35 26
49 92 67
85 90 64
76 48 57
76 33 97
56 61 87
3 28 44
52 97 75
38 98 34
91 80 55
48 3 19
52 10 19
58 27 25
44 83 89
10 24 92
49 5 20
65 43 8
72 10 72
19 40 4
68 25 91
56 64 93
94 9 49
22 21 66
86 65 70
94 98 99
26 4 99
37 75 55
63 51 49
6 80 55
26 38 53
23 46 74
25 1 28
48 72 94
37 90 83
51 88 40
96 94 56
16 1 39
83 12 56
80 10 97
63 86 51
28 81 62
48 63 78
60 43 92
97 6 42
42 40 81
37 95 5
45 79 52
90 29 32
45 30 4
29 14 92
64 33 82
12 23 31
18 65 78
10 20 61
82 91 45
92 93 53
43 7 23
65 60 74
80 62 87
2 35 88
44 45 64
69 17 60
48 4 26
24 4 86
76 27 76
87 27 68
86 57 42
71 88 65
29 29 40
90 65 50
56 32 40
80 54 64
63 88 21
12 77 26
76 27 92
29 47 19
7 1 18
92 1 76
30 99 63
67 41 96
91 48 56
49 74 71
69 77 63
45 22 51
45 41 20
15 85 65
8 57 64
73 1 76
78 51 96
34 64 47
28 72 97
49 1 94
39 34 4
18 64 45
92 10 97
58 82 94
70 38 83
41 88 81
85 73 99
25 81 17
71 60 20
87 57 37
20 66 30
4 25 89
96 82 67
76 68 28
19 78 51
97 2 66
21 39 72
32 5 63
62 9 63
28 15 70
70 58 37
11 82 3
53 48 58
67 11 31
97 26 77
77 82 36
56 26 98
64 49 11
19 76 69
40 97 45
40 80 92
81 15 86
39 33 94
18 5 13
74 34 81
21 98 41
22 12 47
98 91 14
10 40 95
81 3 47
90 15 22
86 98 51
92 92 59
44 11 77
77 94 72
79 15 21
47 86 66
76 30 26
89 94 33
56 100 69
57 97 89
9 3 68
53 95 22
93 96 29
15 42 56
37 59 3
61 34 78
43 86 77
48 26 5
55 32 73
26 37 36
25 21 32
74 76 75
80 18 76
92 51 26
88 97 90
77 9 95
18 84 31
76 85 2
86 5 88
86 30 60
16 64 90
17 68 6
30 70 29
83 98 86
63 83 47
22 14 18
89 80 45
24 31 61
4 19 64
59 78 61
80 75 10
88 18 25
97 90 97
80 24 39
31 8 72
15 66 60
91 77 34
49 58 91
72 84 13
100 81 20
86 24 79
93 88 77
44 14 69
18 46 11
21 86 31
21 62 86
49 38 33
44 72 82
4 31 5
82 76 38
24 99 85
70 26 87
88 43 91
86 15 11
36 69 57
90 87 26
82 71 30
62 13 50
84 75 14
33 61 35
36 87 81
10 55 28
10 1 79
10 14 10
42 44 100
20 57 12
36 88 70
71 59 55
15 14 45
79 86 23
91 33 68
3 69 52
66 78 15
76 50 26
84 48 56
73 26 2
77 29 15
38 57 91
4 59 39
47 10 57
92 35 29
4 47 67
16 72 27
14 14 55
31 1 69
11 12 54
41 1 45
76 44 12
99 90 89
70 78 31
69 24 33
32 55 64
4 74 35
15 85 9
40 60 81
92 19 12
49 62 22
13 74 61
53 7 51
85 52 37
40 51 46
59 48 47
15 19 59
88 77 87
96 4 40
65 20 13
40 51 32
65 92 75
13 66 2
98 52 18
54 1 72
8 58 64
7 70 50
68 61 65
42 84 32
38 99 86
30 73 15
28 35 21
63 27 72
89 98 88
72 84 11
88 70 26
58 34 81
93 39 43
36 93 72
87 23 41
58 23 87
92 69 45
99 11 78
87 20 13
82 67 93
98 71 22
18 96 4
84 78 98
7 61 29
62 45 43
4 34 17
68 91 59
64 85 2
60 49 41
11 38 28
17 88 5
88 20 5
76 34 22
1 44 10
16 43 91
31 77 29
3 100 94
7 4 62
16 12 48
37 92 47
60 55 19
100 13 20
5 86 60
39 16 65
61 47 64
77 50 17
67 99 84
54 95 13
52 84 81
1 32 85
80 98 34
49 4 71
77 67 52
73 36 57
69 69 48
18 27 19
74 14 52
90 35 16
100 93 37
83 90 92
18 21 50
23 70 40
72 76 25
86 40 21
60 51 65
4 84 29
28 70 84
26 38 28
53 1 28
15 35 87
23 8 33
50 64 94
97 11 40
65 59 57
79 50 30
92 50 13
81 33 97
17 88 31
57 74 60
3 69 19
50 7 98
2 76 12
46 77 41
28 49 35
93 24 64
17 34 4
37 17 61
3 37 80
82 71 74
17 25 47
11 77 20
90 73 70
7 15 88
18 16 15
34 43 56
57 44 3
96 81 73
46 20 62
72 18 92
49 58 12
76 80 55
49 20 16
91 43 14
22 68 42
43 59 79
12 3 19
16 8 91
54 35 30
51 47 97
28 95 34
72 85 34
47 13 60
79 43 68
16 5 13
33 21 73
2 74 51
20 58 55
62 4 13
60 89 80
91 61 85
17 76 28
58 9 81
29 90 67
58 14 59
75 86 61
37 4 84
34 67 69
63 59 28
27 12 28
11 5 34
10 44 91
29 76 37
95 28 80
96 73 60
92 25 97
34 39 91
3 9 61
2 27 59
79 18 75
86 48 12
96 9 49
87 72 76
38 70 61
2 84 7
98 28 37
98 56 94
86 52 12
21 90 24
86 80 76
84 80 75
40 38 25
24 58 57
13 80 72
20 51 13
68 2 32
65 14 24
35 28 57
91 37 8
26 40 95
62 56 36
44 52 72
84 22 26
81 2 26
62 72 80
55 97 79
56 16 66
46 54 100
98 77 7
46 35 73
67 28 33
99 66 49
41 54 19
29 34 78
24 91 52
62 66 84
40 67 92
91 48 94
34 68 19
50 66 74
15 17 49
21 14 36
41 29 30
44 65 9
32 20 4
53 46 41
7 47 83
3 79 38
29 17 66
45 83 80
47 3 52
63 22 73
85 93 67
1 92 75
36 22 95
67 10 38
22 57 97
34 91 43
49 50 77
23 39 1
47 80 92
25 3 59
8 72 59
61 42 68
63 7 77
84 27 47
57 11 9
15 48 38
33 62 74
60 23 78
64 94 80
66 30 41
10 29 17
83 18 67
82 56 82
87 34 4
51 65 51
78 32 81
7 84 86
91 3 83
54 15 5
83 52 55
38 45 80
42 3 59
7 12 3
17 88 32
96 68 25
36 65 78
27 13 84
14 43 27
31 63 15
1 62 15
64 85 29
1 54 57
15 14 1
45 65 99
34 76 45
11 10 27
8 44 3
49 30 87
42 30 13
22 81 2
61 47 14
76 92 69
84 1 53
44 28 39
28 8 57
74 24 75
32 100 82
30 82 3
58 46 61
67 83 94
98 7 34
76 78 50
75 14 75
2 25 8
93 84 34
100 88 51
73 5 9
51 55 68
89 15 13
68 1 10
50 82 55
36 36 72
34 47 100
84 23 62
69 31 17
79 62 71
54 1 10
53 65 84
28 51 30
83 8 93
75 68 43
72 80 76
41 93 97
14 54 8
70 70 16
21 37 3
16 55 36
93 70 34
57 9 29
3 64 39
14 38 53
98 79 64
22 9 22
9 86 49
48 37 18
7 26 30
41 51 70
49 27 76
40 92 18
54 68 8
80 13 81
98 56 24
59 19 37
45 1 76
91 33 28
90 7 13
81 26 31
21 90 8
62 29 63
17 82 43
84 64 42
44 11 34
42 92 6
32 58 14
23 18 67
59 65 81
47 60 34
84 64 92
59 48 69
83 82 27
77 1 38
39 34 49
57 56 80
9 67 80
80 96 32
21 66 46
31 96 16
30 83 64
26 20 86
71 31 98
51 23 34
62 48 18
52 68 44
44 26 63
56 6 69
35 65 26
87 7 30
6 46 99
30 87 2
14 56 55
53 22 23
54 3 55
65 98 63
88 16 46
21 48 27
14 71 15
63 61 46
15 20 98
83 56 76
81 28 75
36 79 19
26 56 18
74 83 54
54 54 69
8 39 38
30 45 25
54 71 62
79 90 38
75 96 81
4 69 44
10 61 23
2 21 86
85 14 69
74 33 39
68 18 94
76 69 79
95 57 92
11 6 37
99 66 35
14 84 34
47 12 59
38 65 22
99 51 32
53 61 23
84 97 42
93 37 75
96 68 72
43 69 53
37 27 90
77 64 76
82 56 72
18 85 60
18 21 62
55 54 69
64 38 45
27 17 26
57 5 40
86 67 18
65 43 48
2 59 76
57 83 3
52 48 69
15 3 44
51 96 35
48 36 80
43 21 31
53 61 7
18 25 28
7 73 88
37 54 55
50 80 8
56 25 59
48 45 57
33 44 91
73 58 14
73 83 25
41 8 90
60 65 9
24 67 33
99 53 94
35 85 13
33 93 14
17 95 11
15 81 26
28 8 37
4 77 96
6 90 59
5 46 16
52 40 17
42 17 51
67 10 1
25 19 6
63 69 55
8 72 69
73 89 27
26 40 86
31 95 13
28 46 71
24 25 44
76 93 39
68 96 7
74 17 23
13 29 95
57 47 80
97 86 11
22 41 84
75 45 93
87 73 74
23 44 14
77 35 86
4 7 32
67 95 11
99 13 23
79 24 33
33 15 20
47 85 77
90 6 90
52 27 10
32 95 20
72 18 37
49 17 23
87 83 18
31 35 88
71 62 85
81 90 91
25 51 84
31 11 66
100 47 12
72 20 7
33 76 97
6 98 21
64 39 24
55 65 23
100 43 42
37 57 14
92 9 71
3 35 87
100 71 32
88 54 55
15 82 89
62 50 70
14 51 65
6 58 64
74 12 1
41 42 59
78 66 22
81 28 90
91 69 47
89 3 90
49 14 27
65 67 14
82 71 95
18 47 68
35 60 4
19 4 41
58 7 88
69 27 19
47 74 22
14 76 82
44 22 41
25 66 84
93 32 26
27 73 49
55 56 72
70 77 46
59 44 14
69 45 92
13 61 85
2 54 79
74 88 15
84 65 95
29 72 39
95 73 13
53 63 29
95 78 31
74 69 58
99 56 38
36 89 79
76 70 84
100 66 88
29 45 1
41 84 7
10 24 27
22 45 48
83 85 96
54 64 80
11 64 6
3 61 85
61 68 55
45 73 30
24 69 67
9 98 86
50 98 66
55 77 61
91 10 37
61 73 50
57 24 53
67 5 15
100 64 52
32 80 57
5 84 5
25 81 78
40 42 44
86 72 56
29 31 99
99 53 44
3 90 53
45 39 94
85 71 66
63 20 50
7 89 83
15 80 36
13 84 2
82 49 74
12 52 90
66 55 6
28 68 82
71 43 37
98 84 5
76 32 35
70 5 31
95 67 44
14 82 18
53 23 4
45 88 84
37 41 78
70 7 81
6 84 41
52 32 4
1 12 79
78 2 16
18 82 28
64 100 8
47 50 51
96 49 4
15 23 61
42 45 94
40 8 47
12 50 74
4 47 56
12 75 28
78 74 34
26 52 53
94 99 95
59 68 38
59 59 100
84 66 49
33 91 37
3 67 55
11 84 73
28 98 65
49 55 37
87 44 56
11 83 33
18 52 97
48 80 18
30 84 2
75 53 45
32 87 77
75 58 92
39 33 56
53 28 10
87 56 59
61 94 89
31 13 23
18 70 16
29 41 78
91 49 85
24 97 53
56 51 87
85 81 31
73 27 1
13 3 36
5 49 66
27 75 53
9 4 61
9 74 84
31 96 49
96 73 74
45 12 100
70 80 48
47 41 46
36 6 97
51 74 4
51 30 4
26 20 21
54 17 63
96 8 44
93 58 3
6 94 43
65 75 33
60 49 16
83 41 2
89 93 52
16 37 83
62 31 51
95 49 63
13 52 12
49 95 5
88 14 19
50 42 89
70 67 44
28 63 81
5 87 95
86 85 87
24 87 88
16 77 73
36 7 86
50 67 75
55 6 25
87 37 56
34 99 51
46 77 35
39 87 86
2 48 92
91 3 43
16 4 49
59 76 57
24 27 33
24 84 85
18 2 4
51 21 23
71 82 8
76 100 53
41 98 41
26 79 68
69 91 12
5 40 63
15 44 93
45 69 36
48 18 1
91 36 97
23 96 11
68 95 9
42 45 18
34 5 29
11 21 81
59 34 86
38 72 80
5 21 26
50 94 8
80 45 53
4 11 61
98 14 48
6 57 42
86 20 88
78 70 77
58 80 75
47 18 37
81 94 3
35 44 42
48 21 63
49 58 92
84 53 76
27 4 30
12 4 51
54 98 26
69 39 57
40 96 9
46 92 44
99 16 20
53 95 84
20 95 74
65 72 19
83 6 33
46 12 100
9 47 3
29 16 50
78 46 30
25 50 13
53 49 4
79 86 21
52 29 77
8 99 84
25 41 66
15 56 1
69 85 11
5 1 36
64 26 60
40 44 92
52 26 86
57 25 47
73 6 55
30 8 79
47 5 74
22 33 94
40 33 37
69 77 87
98 37 79
54 86 74
57 19 3
55 5 35
79 38 19
82 62 66
65 36 18
64 42 53
2 43 27
69 10 53
5 33 69
25 66 61
68 69 43
20 4 15
66 50 60
41 28 18
87 5 51
75 59 39
67 37 36
88 68 36
15 31 62
22 73 20
25 72 43
67 96 61
7 27 36
8 66 87
70 38 55
80 87 22
22 34 99
90 28 100
80 39 67
20 14 39
37 41 74
47 94 90
96 20 34
27 91 38
87 20 98
84 91 92
51 6 59
12 11 88
21 1 6
24 85 17
34 39 37
57 61 96
66 61 5
54 7 87
24 89 97
63 44 38
57 85 22
82 85 71
21 79 69
69 97 67
92 80 28
83 53 79
21 66 96
53 18 19
9 3 37
28 64 80
45 90 100
19 29 21
58 60 73
13 39 44
92 26 4
40 90 47
45 98 70
49 76 14
18 73 87
84 40 78
86 29 2
3 68 33
4 23 60
5 88 61
24 84 51
60 62 85
40 67 52
56 40 71
4 8 57
14 34 2
41 44 68
54 64 43
83 1 89
2 4 34
46 70 87
86 95 73
23 2 63
74 91 80
84 20 86
12 31 26
13 51 13
73 44 93
52 41 16
62 84 60
29 91 14
33 100 38
85 95 87
35 6 25
10 26 87
93 75 52
71 59 44
29 73 74
46 81 61
36 50 40
4 7 5
29 17 65
96 8 93
6 39 97
46 4 29
20 51 4
87 90 24
30 57 25
2 33 48
74 100 43
10 70 88
100 28 37
55 10 69
59 4 17
43 65 61
82 2 50
57 43 53
75 63 85
30 40 70
96 32 85
100 60 35
10 55 27
47 40 96
95 3 75
52 16 50
75 69 100
24 64 52
47 6 33
97 36 43
97 11 63
2 59 8
22 40 99
70 28 39
74 96 21
31 20 81
26 18 72
90 49 63
18 17 4
36 47 27
76 9 31
31 94 14
45 98 35
87 6 45
100 66 81
46 19 72
23 43 56
12 57 14
43 81 66
65 22 31
63 100 47
13 98 41
18 8 28
90 44 45
7 31 9
39 51 95
33 17 98
69 91 83
57 41 31
58 50 49
62 38 82
94 5 11
83 84 16
51 80 59
60 77 73
88 82 10
77 47 28
98 42 12
92 97 12
97 58 75
17 54 94
10 54 19
69 68 91
21 11 73
27 20 2
74 8 97
30 3 56
42 5 31
21 11 5
59 38 43
74 8 93
30 33 10
98 9 81
69 54 94
22 22 9
91 27 14
55 98 30
82 96 13
71 95 61
8 4 2
51 6 94
83 36 83
53 44 68
6 57 56
3 60 46
72 33 52
40 70 16
24 94 48
71 34 84
13 67 80
36 58 100
41 14 43
96 6 24
20 66 77
59 75 36
67 64 48
74 42 64
87 69 82
88 43 37
94 85 62
77 78 86
24 74 2
49 54 3
87 62 15
35 27 97
72 69 56
9 8 27
50 43 45
93 77 23
3 84 74
28 4 62
45 26 20
41 74 73
77 45 3
7 93 44
7 50 20
86 89 68
80 79 80
33 18 75
49 37 83
100 6 55
8 56 52
60 66 17
69 7 87
54 61 13
78 69 93
73 90 91
94 28 72
92 32 71
46 47 25
98 26 98
25 68 37
56 45 6
83 51 17
56 78 87
90 57 92
28 14 89
95 3 92
48 44 8
46 15 23
23 44 39
19 15 62
100 38 91
46 29 71
8 30 73
58 66 86
22 17 50
35 76 57
30 98 15
37 48 18
66 32 16
77 72 57
89 27 69
78 34 73
72 52 92
29 50 17
79 67 37
74 36 76
80 70 50
98 63 49
58 73 74
12 28 89
13 81 95
49 56 55
22 56 45
27 65 96
93 6 91
14 41 26
3 96 60
18 78 16
45 39 42
6 92 91
4 12 52
27 32 99
14 17 5
70 60 22
63 38 80
22 64 14
33 12 3
1 40 70
30 68 44
8 62 86
69 87 84
73 47 3
98 34 31
16 75 25
36 33 69
17 42 89
60 5 65
99 60 15
84 44 56
45 92 45
83 92 10
44 34 63
4 56 36
67 28 53
59 5 73
19 54 28
26 31 71
91 82 56
22 22 50
72 78 70
23 53 36
99 68 72
59 59 100
9 66 65
74 78 13
90 34 23
53 35 31
43 49 4
84 42 94
6 35 2
88 25 58
48 93 28
98 32 70
87 51 4
46 38 69
36 37 55
27 21 81
74 15 98
73 52 45
42 26 29
58 33 82
63 37 38
53 9 98
42 42 25
31 40 88
13 28 47
66 59 57
42 7 51
89 97 53
33 55 69
86 43 68
23 38 82
28 69 36
9 94 36
3 49 77
26 38 93
3 42 39
27 9 86
75 61 30
67 89 36
21 12 25
62 77 32
66 87 62
52 88 2
100 46 7
44 27 69
83 51 22
18 100 89
68 26 98
82 15 7
10 39 97
52 36 38
18 8 100
54 79 44
69 37 56
59 100 36
79 39 79
42 23 26
34 3 48
37 46 70
54 10 43
21 42 75
49 8 1
33 22 81
26 95 99
60 30 95
7 24 27
33 30 46
15 24 39
26 20 61
70 94 24
10 67 33
6 6 33
30 5 66
82 43 18
16 9 16
95 100 58
32 15 41
22 24 59
93 81 51
25 24 42
5 27 37
32 87 4
50 68 57
73 91 28
23 79 47
42 68 59
66 88 78
51 74 35
63 59 48
3 97 79
78 55 91
51 62 70
59 89 68
11 70 95
4 86 78
56 10 68
14 39 47
47 95 74
45 16 2
86 86 32
72 68 28
97 1 48
29 57 3
81 66 22
33 15 41
9 17 85
84 59 91
99 81 46
47 12 1
2 8 57
22 90 42
74 68 58
71 96 40
30 93 68
31 88 51
14 44 97
90 80 68
34 5 61
36 61 73
38 27 6
13 69 89
67 36 67
26 64 94
44 37 58
10 23 21
26 71 95
38 79 89
87 39 18
16 82 8
70 43 42
85 43 28
68 88 32
41 8 27
14 94 43
2 97 94
93 80 59
54 22 88
98 66 34
54 17 81
65 79 37
79 66 62
21 11 77
79 76 10
9 81 15
29 62 86
94 45 14
52 70 16
9 95 71
55 75 69
33 11 34
71 34 81
36 27 55
55 72 33
5 17 88
91 39 8
51 62 20
67 90 44
15 26 98
32 28 97
21 39 90
36 14 27
66 73 81
20 91 97
87 33 43
24 86 87
47 58 45
67 96 71
58 62 22
91 45 47
50 9 60
94 46 50
96 85 63
86 87 60
68 12 24
65 59 14
2 72 57
8 62 5
33 39 18
28 89 19
9 97 94
2 87 49
34 75 44
91 16 65
54 12 67
49 59 27
58 73 21
55 77 22
48 82 56
64 15 13
40 18 56
3 19 76
62 93 80
79 83 80
28 19 3
5 12 43
50 49 21
20 31 63
55 15 34
7 46 65
3 45 55
34 8 55
55 2 78
79 45 25
34 93 14
56 43 64
22 91 18
49 85 23
91 73 95
77 17 84
31 60 41
40 38 6
87 90 45
19 59 83
68 91 82
1 18 3
85 51 73
34 31 35
74 70 32
18 22 9
56 48 37
59 45 80
98 73 49
1 24 93
14 46 87
92 100 25
27 35 85
55 72 28
4 58 93
26 77 51
75 34 65
12 91 25
65 10 48
93 40 49
26 49 5
15 89 48
93 13 65
81 31 20
66 38 12
87 87 21
63 84 74
13 41 81
4 51 60
25 27 14
91 100 55
10 96 73
7 86 17
72 66 26
93 32 49
8 25 10
28 62 49
57 70 34
92 27 52
99 53 44
20 58 27
45 28 56
23 56 10
33 46 99
92 37 48
9 27 37
37 73 20
94 77 95
54 6 28
38 7 22
91 86 65
19 5 17
54 55 24
83 70 86
30 42 52
36 96 77
6 18 52
71 91 14
83 84 17
89 88 13
32 28 18
75 8 37
23 58 64
49 92 100
39 39 52
58 93 1
77 50 15
7 71 66
16 64 58
74 44 100
74 87 31
93 86 95
25 86 41
59 41 21
11 65 29
56 83 69
38 77 16
41 50 46
97 89 90
25 6 53
88 95 99
27 37 53
69 79 54
38 7 23
41 96 26
15 15 2
20 61 16
29 33 68
49 40 74
13 72 10
97 43 19
89 31 29
4 89 25
98 48 25
81 41 51
46 30 61
51 13 30
20 87 17
44 38 3
92 10 37
29 94 90
73 39 37
83 100 82
47 23 88
14 10 36
15 81 88
32 80 79
5 41 65
56 12 90
53 19 1
21 20 98
8 19 82
32 92 100
57 97 82
25 62 46
56 27 91
1 60 78
25 84 46
1 28 89
74 21 7
57 25 43
7 72 58
51 79 28
4 12 83
9 5 62
85 21 23
90 44 14
22 26 98
67 11 40
71 11 29
37 100 79
96 89 93
68 100 75
69 17 11
75 55 94
18 53 80
6 66 31
52 34 98
31 94 100
9 22 11
29 47 97
13 56 91
94 32 95
50 58 28
82 86 78
14 4 73
13 13 95
25 66 9
92 20 26
26 54 47
17 94 80
35 62 61
46 69 3
13 18 27
96 100 94
9 24 57
21 44 83
32 44 54
86 38 54
75 15 7
54 10 1
9 93 72
83 30 62
30 71 65
69 94 58
92 58 69
4 47 76
1 28 82
10 92 24
47 63 61
18 81 88
59 43 57
19 60 40
59 71 78
16 22 32
66 93 55
76 48 14
71 95 78
76 40 60
43 66 26
54 5 74
33 42 82
35 46 13
90 5 70
60 38 37
1 41 9
85 69 45
70 29 35
8 46 62
41 19 37
7 82 18
53 60 50
41 77 60
20 59 76
74 85 86
86 84 22
61 73 88
59 76 42
85 91 12
3 54 83
49 59 24
16 40 51
75 96 26
52 29 40
72 55 54
19 31 50
92 13 20
92 19 91
61 79 47
41 72 97
13 33 79
39 76 42
83 12 36
55 78 4
38 37 64
60 82 48
2 29 40
10 52 79
30 95 5
33 28 6
39 27 12
47 15 50
70 37 72
29 64 92
61 90 24
12 1 37
28 24 93
46 87 51
9 30 51
10 100 36
64 23 41
70 90 53
42 59 72
88 55 54
50 51 34
47 5 13
90 63 34
66 58 54
79 37 39
70 43 53
87 97 89
72 77 49
51 24 3
33 21 17
48 26 78
65 8 6
17 18 53
80 93 54
24 17 41
49 3 68
86 93 36
68 77 17
56 45 33
7 72 8
34 94 14
99 17 61
83 38 91
65 56 94
36 42 83
20 10 24
96 6 69
14 86 70
21 42 80
51 20 41
71 83 39
44 17 32
49 19 10
37 48 90
68 2 99
52 29 2
94 64 38
97 55 76
65 53 54
72 4 41
46 58 38
41 86 95
10 66 96
21 58 19
1 39 82
74 57 6
98 77 16
85 61 87
34 50 81
81 1 8
92 81 20
91 22 29
52 88 20
11 65 73
85 12 8
96 7 71
60 53 19
88 97 69
52 8 10
13 9 20
98 37 45
32 44 27
25 17 71
85 92 55
12 66 30
7 8 12
69 50 63
91 14 57
4 80 79
96 28 92
37 85 77
56 57 69
100 87 46
75 45 55
64 86 51
13 90 36
50 41 50
5 17 23
1 31 65
1 24 57
54 62 9
4 65 78
99 45 27
38 54 19
75 28 42
24 66 86
27 28 39
9 49 31
90 83 43
56 6 89
75 4 74
59 96 95
89 19 69
79 19 53
30 96 86
64 40 26
21 89 3
51 80 8
58 85 20
84 83 56
61 34 66
58 41 73
63 11 34
25 100 1
100 5 61
54 20 13
39 53 12
74 67 43
57 74 22
60 83 28
1 75 48
54 99 29
99 40 5
27 93 55
13 17 23
4 58 48
38 86 66
64 23 16
30 52 45
61 82 93
91 74 32
84 64 68
6 37 1
34 91 89
59 35 2
64 82 24
3 44 42
79 19 6
63 91 58
30 25 82
60 14 72
85 37 36
20 56 27
43 100 27
74 61 9
11 71 29
15 26 65
64 39 57
15 69 89
1 75 48
2 30 60
92 55 10
12 12 68
24 47 52
18 19 92
17 58 56
13 21 63
94 3 43
32 42 44
33 35 13
20 5 35
20 41 61
97 20 62
61 97 83
6 44 27
53 95 66
9 60 96
84 95 78
7 21 74
46 54 28
31 35 11
3 13 61
7 87 51
73 91 48
54 49 13
82 38 91
29 9 65
83 47 39
18 97 12
54 97 64
39 70 31
83 13 70
57 61 7
89 58 3
76 43 64
15 23 73
70 46 95
26 33 6
50 30 34
12 81 74
91 82 69
48 37 89
100 4 23
2 50 30
78 85 35
76 11 74
11 22 86
14 70 63
82 58 36
4 46 26
3 3 79
10 13 41
41 93 91
57 4 13
37 72 69
62 99 7
35 28 56
91 47 8
92 18 38
74 43 56
63 38 55
11 23 96
32 17 46
8 62 5
4 24 12
7 5 22
20 33 76
39 87 77
39 25 92
39 22 34
23 46 95
47 97 91
90 24 38
47 11 95
74 20 63
39 14 1
23 4 85
51 47 89
42 99 65
72 97 3
21 47 42
62 25 83
56 57 6
67 50 9
33 94 45
7 34 66
62 12 55
89 7 98
43 49 40
87 69 55
99 6 100
46 96 86
89 49 78
64 34 31
11 24 97
38 66 77
16 56 100
52 94 82
51 100 39
26 44 6
82 34 23
-3
+4
-6
+7
+9
-10
+11
+13
+15
+17
-19
+23
-24
-25
+29
+30
+32
-33
+35
-37
-38
-39
+40
+41
-42
-43
-47
-48
+49
+51
-54
-55
-57
+60
+62
+63
-64
+65
+66
-68
+71
-76
+78
-79
-82
-83
+84
+86
+88
-90
-91
-94
-97
+98
