100 10000 51
22 50 46
86 38 82
72 1 60
28 22 51
98 60 1
34 28 19
86 73 82
55 80 42
52 85 72
77 10 55
30 18 13
89 12 34
46 38 15
21 6 43
60 65 72
12 71 49
48 93 19
91 11 50
60 96 61
42 88 38
69 40 98
23 50 16
27 76 100
7 62 70
46 5 42
45 23 22
42 10 37
46 21 13
23 95 61
86 65 25
41 46 62
65 2 60
68 87 16
11 10 6
6 41 84
46 28 88
47 53 82
74 93 99
35 34 61
93 92 55
19 4 7
52 72 62
33 13 56
91 42 12
57 11 21
19 12 11
8 83 43
4 79 10
4 10 76
53 39 95
9 63 67
57 53 45
27 47 32
22 74 82
30 26 56
70 32 71
10 27 61
25 32 97
83 91 57
33 19 89
40 34 10
60 21 67
28 3 39
38 64 20
9 72 5
73 1 24
89 31 61
90 19 44
87 31 56
36 48 47
29 86 62
25 14 43
76 68 35
34 22 24
13 27 66
1 1 65
30 95 18
6 71 19
30 45 93
77 53 89
11 8 71
38 74 36
91 5 84
40 85 2
50 4 28
94 17 48
57 28 94
73 8 53
8 36 17
33 46 26
68 56 96
37 57 65
83 13 77
58 77 46
96 98 36
86 79 12
100 14 86
64 22 75
76 94 9
62 73 17
45 82 44
35 99 47
35 100 77
63 10 77
54 85 92
86 80 43
83 45 99
80 53 68
5 10 95
64 31 18
81 93 54
68 58 71
43 57 70
95 61 56
12 18 6
2 85 57
28 43 22
59 62 64
39 24 11
99 6 64
57 14 57
89 55 24
9 7 38
2 10 77
96 53 97
36 64 92
46 57 12
96 58 69
52 64 5
6 21 72
38 31 21
73 59 81
72 38 59
75 3 65
58 93 36
68 93 17
36 87 16
83 68 90
9 83 84
78 26 96
18 74 48
71 40 78
46 71 97
89 96 1
50 27 85
18 35 28
67 2 23
41 80 85
3 67 42
27 33 48
42 86 95
18 82 7
51 66 31
39 48 49
41 28 15
45 63 83
49 57 42
51 22 25
99 88 78
83 80 34
56 63 61
39 88 45
50 4 54
20 55 51
28 53 32
20 91 80
5 22 18
50 3 100
8 23 2
89 52 29
52 57 70
71 22 13
32 70 92
25 51 75
21 84 91
50 87 20
83 76 77
19 33 35
77 5 11
24 77 20
21 84 3
52 46 16
100 20 37
29 81 98
11 94 40
24 40 52
58 18 3
27 9 40
24 46 23
21 11 67
58 18 63
35 28 7
34 24 55
43 63 92
35 11 6
74 53 74
56 1 79
87 21 100
68 88 19
27 44 7
34 17 73
11 95 21
15 90 17
24 11 85
91 56 79
29 53 81
88 76 2
16 42 22
12 72 55
86 12 24
60 41 62
20 42 63
96 41 62
88 87 6
50 43 70
81 39 63
24 18 92
61 15 53
100 96 1
73 37 46
10 4 59
4 94 29
78 61 66
62 67 100
97 27 65
47 2 60
63 13 76
31 21 50
31 84 83
78 2 86
83 11 39
73 58 73
61 81 9
87 6 85
55 33 59
31 84 70
41 91 37
70 67 1
87 33 74
71 86 31
32 55 83
97 82 15
29 50 23
82 22 2
74 88 93
91 19 54
49 80 2
65 19 44
64 63 92
96 30 48
95 90 58
22 79 34
59 18 22
30 99 29
94 79 70
92 96 76
99 26 70
42 75 23
71 9 33
42 48 93
8 73 29
11 14 76
86 36 99
47 91 86
30 23 27
20 18 63
100 22 14
56 67 2
11 67 3
16 72 92
79 57 24
91 31 65
19 15 49
61 84 11
45 11 66
42 46 16
74 61 63
7 18 63
82 69 52
56 7 28
59 24 22
10 11 65
78 83 51
20 43 41
61 18 41
27 25 50
11 96 86
82 94 89
49 55 22
4 83 37
47 1 67
58 11 1
24 49 17
19 87 2
64 2 18
34 92 42
89 25 62
65 57 21
58 65 79
76 78 53
88 96 62
6 83 6
20 14 43
37 1 23
90 26 92
70 38 44
26 34 75
53 94 88
49 64 51
83 97 88
46 86 14
49 1 25
48 97 15
80 24 12
68 73 59
42 61 57
11 23 18
76 37 67
5 30 28
86 43 23
9 90 69
33 39 100
50 40 45
83 34 80
28 58 35
74 98 15
93 64 100
93 4 8
46 35 38
46 77 56
63 63 42
7 74 71
90 57 23
66 97 78
79 52 35
95 52 33
15 36 90
44 14 57
26 22 14
66 6 77
33 75 80
49 68 99
96 68 49
90 41 27
10 61 27
31 46 76
1 66 60
42 46 14
80 46 42
31 96 12
42 48 78
15 39 76
53 62 57
16 22 2
28 46 55
56 6 46
56 67 79
51 23 18
6 67 87
73 9 99
89 67 91
62 20 12
88 24 56
27 79 51
98 33 53
89 37 56
89 55 84
20 5 84
68 1 80
32 58 4
44 77 55
33 79 72
77 91 96
93 69 59
97 86 60
100 25 72
61 26 62
49 75 67
51 6 14
42 29 49
33 63 65
89 33 97
34 95 43
49 92 75
65 55 23
33 12 10
16 64 80
49 85 70
27 58 35
36 54 48
93 71 98
41 51 2
59 64 63
69 94 32
75 94 33
85 22 37
25 35 90
43 76 96
22 92 84
90 84 16
64 82 8
54 23 79
32 5 42
2 5 43
63 11 25
70 47 99
54 62 21
56 75 87
84 56 63
27 65 72
63 35 82
91 25 10
98 97 45
76 5 12
57 38 4
45 88 40
44 75 77
19 34 79
23 69 36
64 79 96
10 80 37
55 2 79
53 93 73
31 60 87
73 88 48
43 77 11
8 100 24
81 44 99
63 36 93
25 46 13
47 96 63
81 18 43
43 19 17
99 48 33
36 45 33
54 83 5
63 7 45
10 82 44
98 88 53
81 66 25
44 15 74
12 22 11
73 58 45
43 61 46
66 42 92
39 8 78
42 56 14
42 71 17
86 40 53
77 91 42
81 5 91
33 98 97
46 4 52
41 23 80
29 37 92
42 47 73
17 58 53
84 34 20
14 38 71
80 86 31
86 23 34
55 65 63
73 58 49
31 27 46
43 30 47
9 18 64
86 42 14
94 35 44
55 97 35
45 1 64
26 92 80
26 22 23
98 26 37
40 69 32
29 94 73
51 56 26
20 97 93
46 66 43
83 52 94
10 13 50
56 99 97
66 1 51
18 26 91
8 68 54
95 42 66
90 7 44
70 31 16
13 50 83
55 55 46
20 95 80
12 10 26
34 45 29
9 72 66
72 86 83
29 63 79
13 36 99
55 80 10
33 43 84
11 66 11
90 29 28
14 93 15
92 10 24
68 50 77
15 73 69
36 27 50
74 43 14
30 61 91
3 49 73
86 10 70
1 100 24
71 7 30
89 9 48
27 42 57
62 90 7
67 52 32
65 75 34
46 36 90
63 81 94
46 15 78
8 79 34
56 63 31
22 81 38
12 53 68
100 81 53
54 88 29
22 17 71
36 24 66
63 54 9
2 24 18
32 77 10
12 79 84
67 53 45
4 96 18
80 100 64
68 29 48
96 40 48
14 63 61
51 1 55
3 86 77
43 43 87
85 24 100
15 19 15
36 66 43
88 1 80
35 34 66
56 49 54
21 94 45
98 42 62
32 97 29
41 55 10
60 62 6
49 5 27
6 38 69
63 57 51
22 59 47
45 7 90
84 69 45
61 29 38
93 50 22
42 5 6
73 23 65
68 51 75
67 39 21
72 80 70
51 61 22
65 75 5
33 4 44
61 33 9
87 62 43
79 45 8
11 20 86
39 100 39
4 66 11
42 68 73
62 94 81
37 92 1
56 12 80
9 100 76
5 41 43
9 49 8
44 31 10
1 51 85
41 3 67
70 10 24
1 52 33
84 51 12
1 67 24
1 67 34
11 47 71
19 50 79
63 87 20
66 8 44
91 24 87
76 44 52
97 26 46
18 4 74
52 5 65
4 65 70
40 83 66
49 28 19
79 77 6
26 30 33
19 52 82
75 80 91
67 77 12
73 33 48
89 26 13
23 74 78
20 14 91
36 14 76
34 62 95
66 37 67
74 1 2
98 88 71
56 52 78
17 72 10
56 95 85
66 64 5
39 64 1
47 57 67
4 34 24
17 95 37
43 100 63
84 63 42
40 54 17
20 42 21
97 80 79
88 67 62
95 28 35
75 75 79
100 53 29
78 27 55
31 75 2
73 32 35
29 57 96
87 40 97
88 26 18
67 80 83
30 70 22
42 31 39
49 33 15
91 62 63
53 16 67
17 1 57
77 26 67
34 75 37
92 100 77
80 7 58
99 49 71
100 90 94
48 49 59
94 1 3
86 91 50
44 94 35
19 79 60
47 83 72
6 29 4
57 94 30
53 11 18
31 75 67
46 36 58
59 40 69
63 3 79
26 36 93
5 60 37
91 26 20
7 74 15
2 19 17
48 31 3
58 12 41
100 77 75
1 64 11
88 25 22
23 5 61
97 55 66
54 75 86
21 34 77
46 64 27
10 20 50
48 18 65
69 37 65
23 13 51
53 66 34
14 71 17
36 96 100
16 36 7
52 20 10
22 64 42
17 13 63
100 73 52
33 91 27
66 92 27
2 91 92
96 21 76
37 55 72
7 86 42
53 93 53
24 63 62
23 65 1
51 46 42
30 14 31
79 80 27
20 66 100
71 79 42
78 38 93
73 87 22
44 94 30
73 28 97
23 88 53
79 76 77
43 52 19
27 44 68
50 70 61
50 51 41
44 15 59
54 52 30
5 63 12
46 3 22
57 82 68
65 37 6
100 57 21
72 48 88
15 93 47
4 43 5
16 87 43
78 88 93
60 44 73
91 17 28
52 100 62
5 66 95
45 40 89
34 11 95
35 91 75
27 64 5
34 29 81
34 6 43
87 51 37
88 7 30
6 55 96
61 24 20
99 49 30
49 17 19
4 93 97
47 26 65
7 5 70
1 28 93
16 63 5
64 40 71
83 22 60
86 76 22
83 42 56
38 30 36
31 57 11
97 84 60
91 84 42
8 33 15
83 60 77
46 52 89
16 37 34
19 69 9
41 7 4
96 16 22
41 41 11
19 70 2
1 52 35
96 77 95
8 15 35
26 77 24
4 30 90
47 2 72
78 82 33
66 89 38
28 59 58
53 26 12
94 43 85
28 10 39
46 65 72
61 10 13
53 55 61
37 81 54
24 56 20
60 28 48
95 60 56
87 20 65
97 10 34
98 72 62
3 16 6
2 5 31
57 91 50
31 20 16
91 63 46
36 27 84
43 52 45
30 23 56
77 34 83
28 55 37
34 47 89
74 71 4
28 76 85
23 78 8
27 65 41
12 11 37
59 7 54
96 11 56
79 35 32
85 93 28
7 32 44
49 70 13
12 39 100
55 12 70
33 29 73
46 46 39
39 80 62
66 57 95
5 51 100
31 50 75
100 24 14
5 12 24
78 13 1
61 58 90
41 94 17
68 20 87
81 67 80
10 34 86
77 26 3
7 63 60
9 46 34
3 17 9
63 71 9
54 77 39
2 76 96
62 41 92
72 85 96
60 54 7
54 48 52
13 72 12
80 32 9
73 2 70
23 85 24
45 42 87
76 21 65
52 82 35
11 80 24
14 19 8
68 95 57
42 50 3
7 75 25
73 5 22
18 9 89
33 31 83
81 100 67
13 85 79
38 20 39
48 51 91
18 72 79
34 73 49
49 51 96
77 57 85
19 33 99
41 20 41
80 59 36
11 15 53
39 51 70
79 58 40
17 33 17
100 13 64
46 41 3
2 41 77
83 26 56
60 41 25
33 95 27
30 15 58
11 99 8
74 46 100
19 73 90
2 96 39
68 60 80
77 31 84
53 22 51
40 6 86
43 78 33
48 56 37
57 37 21
47 83 5
17 35 59
62 16 39
14 50 42
6 26 10
40 39 76
96 14 23
38 28 30
64 69 40
32 6 23
91 40 32
88 81 8
41 32 4
64 60 79
60 71 35
24 77 91
31 29 54
81 36 58
40 6 61
6 69 59
51 21 79
48 1 21
72 45 48
92 69 99
17 82 8
7 22 96
86 11 46
71 89 81
55 24 80
68 17 32
20 62 37
23 50 61
75 100 21
38 17 40
25 63 83
23 94 19
69 24 75
20 36 47
80 72 18
71 69 4
18 96 62
100 92 65
68 61 57
83 17 82
47 63 95
1 30 33
97 12 64
35 5 20
84 95 12
84 34 87
26 49 15
6 85 42
80 49 28
32 70 46
63 28 58
46 12 91
19 8 82
29 24 77
37 8 17
89 26 57
3 64 77
88 56 23
23 19 48
73 71 73
46 41 57
80 68 19
75 96 76
65 19 29
65 41 79
54 13 42
84 70 96
49 18 76
37 35 73
7 80 34
8 48 47
77 88 94
37 23 55
97 26 25
65 56 10
67 47 49
65 91 65
84 59 90
2 73 19
50 24 84
2 14 1
58 56 26
9 37 67
86 90 73
66 12 18
45 50 1
63 71 82
30 44 59
23 40 7
59 75 6
41 73 33
58 49 98
91 41 76
83 23 6
12 67 65
55 1 67
17 47 30
84 50 84
43 19 82
29 21 56
45 44 17
35 26 21
85 90 68
13 95 34
64 27 85
25 80 23
9 4 54
52 28 74
97 27 42
28 27 2
28 86 1
61 19 47
10 53 82
18 54 97
2 7 38
22 3 61
96 48 74
23 60 83
85 72 31
63 85 75
88 18 10
83 57 80
45 100 70
36 64 41
82 85 96
28 81 45
45 87 1
50 24 42
31 79 72
28 11 41
4 24 62
12 9 44
53 85 66
60 5 11
3 60 3
88 20 42
3 22 76
12 50 14
5 79 11
56 41 65
97 3 18
28 64 11
80 7 81
61 10 80
68 58 99
45 75 85
8 55 3
66 52 15
89 84 23
95 76 61
99 80 6
82 85 83
27 18 1
12 57 87
32 78 4
66 39 3
66 54 33
30 63 43
56 81 40
97 46 64
3 37 26
60 1 2
5 53 89
80 95 14
47 100 86
45 46 22
62 78 88
38 47 38
5 29 7
97 79 1
38 79 16
9 31 62
20 27 66
34 70 83
42 64 83
42 72 86
35 22 42
26 53 74
32 74 28
98 6 51
70 82 32
7 11 5
30 80 43
26 48 99
64 96 31
17 35 19
94 61 3
6 10 96
32 90 99
88 56 37
78 57 23
4 63 95
66 52 35
71 56 37
61 91 3
79 76 21
27 21 43
71 29 99
94 77 10
93 22 70
57 10 60
25 73 36
98 74 44
13 97 73
73 4 78
43 70 51
85 57 66
36 27 55
59 37 100
67 77 56
21 79 16
30 37 77
63 34 12
24 57 72
37 25 86
39 15 78
80 6 5
32 48 54
14 47 49
98 81 28
91 11 12
28 68 53
58 16 14
13 27 1
79 26 12
7 36 97
1 74 45
89 37 20
38 80 83
51 31 26
37 60 51
66 50 100
51 59 19
76 20 12
15 65 95
28 42 83
23 85 5
55 17 71
5 14 42
28 82 73
91 87 23
11 43 70
94 8 74
50 76 65
42 56 23
88 26 25
58 66 83
3 84 12
68 1 57
33 60 87
60 73 99
58 73 29
42 24 16
41 62 25
11 31 22
88 83 27
16 7 90
92 15 78
84 26 64
36 14 22
51 79 86
94 14 16
51 11 42
75 66 20
12 64 2
27 78 93
82 62 79
76 20 23
57 68 52
75 25 91
77 69 47
56 76 57
92 86 20
30 44 40
45 3 1
56 20 92
30 57 2
19 19 93
3 96 24
88 49 99
4 85 24
15 34 2
9 95 67
86 22 85
73 57 1
79 2 31
85 75 76
39 51 64
66 83 62
10 70 5
66 10 80
89 65 12
71 48 9
30 5 70
2 52 9
48 27 14
21 50 11
97 78 47
56 24 31
60 44 94
10 2 50
53 48 29
59 46 2
3 53 17
98 89 38
12 55 50
10 47 90
67 13 96
39 1 16
56 27 62
29 56 42
29 62 10
35 29 32
11 53 74
2 18 87
72 2 76
44 73 93
38 34 41
36 50 1
56 21 22
43 13 23
50 62 85
21 41 95
88 71 88
35 51 86
39 80 70
30 68 54
9 17 33
29 8 54
43 17 49
96 5 25
55 17 93
41 26 75
25 80 3
89 59 54
57 50 91
63 91 31
16 39 76
23 61 87
46 37 26
35 90 59
19 21 95
18 98 82
86 46 43
45 17 71
95 57 46
74 100 12
62 74 35
11 65 83
100 81 4
30 49 44
86 25 26
10 19 45
20 5 62
62 42 84
58 13 84
7 58 88
73 79 95
3 95 56
82 89 78
93 19 71
73 8 48
3 34 100
12 45 8
27 60 34
42 25 51
48 92 39
87 57 72
78 73 48
94 23 20
55 31 23
13 83 27
31 43 22
57 95 11
70 86 41
52 48 45
96 76 42
3 62 11
58 84 21
17 8 68
37 43 96
97 65 87
62 9 58
72 28 48
92 3 61
45 13 39
9 64 100
78 31 85
94 31 85
4 48 74
93 4 36
26 21 85
76 68 19
85 16 72
64 17 73
15 49 73
11 87 26
35 76 57
19 82 47
28 66 91
10 18 62
29 75 34
60 50 84
44 34 84
80 78 36
89 92 2
86 83 56
54 1 95
6 22 31
47 86 26
8 2 62
50 35 52
12 22 57
76 92 63
90 41 84
3 82 68
86 5 76
84 96 57
69 50 66
16 88 73
75 36 74
90 36 78
75 6 43
13 61 56
22 92 11
68 41 25
88 92 61
5 86 20
72 100 37
24 88 94
11 51 87
19 10 3
92 94 58
15 10 18
83 48 8
5 21 24
6 77 87
84 97 94
71 62 18
34 87 57
3 29 33
46 19 47
9 33 82
29 62 66
15 42 55
93 51 41
15 44 94
74 54 48
46 63 50
18 25 27
5 13 85
83 16 51
64 47 99
74 20 31
2 96 64
53 20 63
28 90 9
24 55 100
96 43 11
30 51 83
59 24 18
89 44 17
53 79 42
32 100 24
84 86 12
46 46 26
88 46 61
39 93 82
36 34 11
88 16 64
36 35 73
24 4 8
63 92 51
55 1 18
21 20 16
35 48 36
40 23 61
34 52 97
34 34 20
68 51 56
43 80 66
37 97 93
87 58 74
83 58 28
31 2 24
38 43 65
76 100 6
52 25 62
53 6 22
62 92 22
1 84 26
34 25 65
43 5 31
47 84 20
78 51 84
10 28 94
73 6 62
23 61 70
17 41 75
52 21 11
52 97 48
23 56 100
74 1 43
45 64 80
4 27 70
92 79 34
93 16 37
18 31 85
40 73 82
26 48 98
77 53 78
6 82 7
24 75 23
20 21 79
5 55 18
73 88 44
90 49 9
66 79 41
62 63 80
55 1 50
54 36 47
19 63 100
15 31 87
14 35 59
49 95 50
57 38 89
41 30 29
7 82 97
23 19 44
91 97 29
74 97 99
32 53 99
12 73 68
54 41 95
19 72 42
37 63 34
8 68 4
73 2 80
70 5 31
2 27 55
38 87 96
88 61 11
20 94 73
59 52 4
5 52 15
83 58 98
77 65 80
38 32 29
68 74 9
6 77 39
88 73 53
69 53 69
5 55 37
74 83 84
47 82 33
37 14 95
33 38 47
30 35 78
63 60 14
65 100 91
2 9 44
60 33 78
45 69 78
4 32 15
23 6 10
53 32 94
84 76 100
28 81 8
50 9 35
37 14 67
15 42 50
53 54 8
55 99 68
44 2 72
85 83 63
25 28 52
15 31 75
81 99 7
21 19 88
64 84 43
1 90 99
80 65 23
38 13 70
41 56 84
47 12 43
91 5 39
18 96 42
59 55 65
51 93 94
83 2 26
85 44 19
90 65 51
51 72 61
3 100 20
29 73 47
90 35 33
94 41 100
4 39 14
15 7 81
25 13 5
62 36 97
96 80 92
59 13 77
73 66 2
46 60 92
71 21 41
65 46 79
24 100 42
73 55 46
10 70 34
48 25 66
19 92 10
38 67 25
96 27 5
12 26 42
22 84 95
56 19 58
66 12 42
98 77 91
78 58 19
41 96 23
53 65 62
22 10 12
5 28 44
26 67 75
3 58 38
85 61 62
35 4 98
4 62 21
19 70 25
65 40 94
82 14 13
90 78 54
59 31 87
93 48 90
56 44 78
55 84 23
54 16 91
29 57 13
99 8 19
73 34 13
13 19 32
86 26 43
89 28 97
5 11 75
2 68 93
95 15 59
20 10 13
75 72 76
85 14 31
72 96 31
86 33 36
42 30 89
13 99 89
10 43 1
7 50 91
11 99 78
61 50 56
15 31 13
64 61 39
13 34 55
97 76 31
17 22 6
13 14 96
36 9 98
32 13 34
99 11 100
65 59 45
17 86 65
46 86 23
11 35 82
34 29 89
79 20 96
6 90 68
34 70 46
73 92 21
93 96 77
33 62 13
64 9 8
4 23 2
73 17 52
40 70 22
46 74 44
11 57 6
4 58 53
75 53 88
50 73 48
42 60 84
48 29 45
67 100 31
88 1 96
89 50 26
50 14 60
95 27 56
21 34 80
71 79 96
78 72 56
65 40 49
79 15 82
93 62 51
81 86 92
43 7 71
63 11 42
89 31 95
14 85 63
91 41 23
83 22 25
80 68 98
51 5 6
11 71 52
20 85 57
74 72 21
46 82 68
49 62 18
45 71 48
16 50 5
94 37 14
74 31 43
5 100 42
8 99 52
46 10 84
65 54 28
100 100 55
12 2 56
82 18 96
53 1 92
46 100 91
61 95 43
8 82 19
36 33 82
70 80 70
29 73 78
54 52 17
35 33 82
98 21 56
12 81 88
74 20 16
3 29 94
15 20 11
75 98 90
99 41 10
37 41 11
67 73 9
91 40 4
98 46 50
99 21 63
7 86 76
19 31 34
17 26 64
49 26 42
51 37 75
73 93 49
86 38 59
41 6 86
60 7 74
38 96 14
65 93 45
86 24 42
7 36 35
68 69 40
81 60 46
29 22 80
39 51 50
30 39 24
9 71 29
64 98 29
42 92 41
96 3 23
95 7 69
53 22 43
23 43 50
63 97 30
11 26 23
49 74 40
41 32 33
44 79 43
44 20 2
14 3 85
1 96 16
59 81 82
79 64 75
13 8 4
9 100 31
6 77 22
7 3 16
25 65 46
70 72 41
66 83 25
40 16 100
64 77 2
82 73 97
76 65 24
58 62 86
85 97 53
51 6 23
89 70 86
51 90 68
41 6 64
86 75 41
39 30 15
15 66 5
83 70 42
17 13 51
19 34 18
88 13 95
30 80 22
55 47 19
77 39 62
20 69 94
68 100 63
77 84 5
13 100 84
93 11 37
56 22 87
69 57 87
72 39 13
13 33 38
52 88 17
74 37 34
62 60 84
5 85 60
22 84 1
13 63 72
59 45 30
27 1 14
83 60 51
71 15 17
85 88 48
46 61 13
80 42 22
21 94 73
79 82 99
34 5 37
76 97 81
30 14 100
28 94 52
60 75 11
16 75 39
73 11 66
32 22 11
31 95 42
48 100 51
71 41 86
51 31 62
90 30 29
97 37 21
31 81 33
89 93 99
3 80 21
46 55 22
36 94 49
90 34 21
17 63 10
97 94 58
29 4 81
6 78 89
45 100 24
33 19 36
93 64 91
36 72 80
33 1 2
10 42 20
59 51 25
6 21 51
89 93 40
90 99 28
56 15 98
19 37 77
28 3 10
50 18 86
28 84 46
56 68 98
87 55 57
24 13 42
29 24 23
89 40 35
29 14 84
83 21 23
73 18 55
3 41 11
43 62 63
4 92 51
23 65 56
33 61 14
52 73 44
38 77 75
44 11 21
38 56 43
11 22 23
9 37 56
13 26 83
15 50 24
33 40 47
19 12 43
32 19 53
10 94 28
83 85 25
30 26 34
96 45 35
10 36 49
76 85 66
62 72 63
45 44 59
81 29 82
19 70 39
3 1 67
61 9 33
98 60 84
95 94 19
41 65 13
12 60 5
57 92 1
64 42 91
47 15 94
53 11 70
93 65 61
9 22 6
22 89 81
55 87 96
25 92 79
41 71 68
52 37 80
20 41 20
15 42 92
83 71 45
22 87 72
33 30 74
86 88 44
98 24 13
86 86 22
17 77 91
11 82 45
93 18 26
61 61 2
57 91 39
36 4 19
31 27 37
18 48 44
39 84 100
36 6 95
1 92 66
29 37 11
70 72 46
14 25 57
46 1 37
30 31 42
68 34 96
40 30 97
25 93 19
52 28 47
42 50 51
4 75 57
12 57 86
49 76 24
42 94 30
87 96 43
57 71 36
81 45 19
43 80 37
9 16 66
97 44 9
7 21 2
4 70 50
25 24 13
76 10 61
2 77 24
9 90 88
29 53 81
95 21 12
3 75 26
46 7 17
41 82 49
96 48 15
94 64 13
73 44 9
37 29 53
22 37 20
80 32 4
63 94 49
43 33 54
52 50 20
25 14 57
34 28 81
41 10 76
64 48 49
99 83 25
16 35 40
13 30 97
8 88 33
81 41 37
49 78 58
9 44 97
22 25 18
32 11 87
58 14 39
91 58 29
13 11 61
45 34 31
42 66 50
63 43 55
20 5 50
9 22 96
30 53 71
69 26 22
12 100 16
83 91 41
70 70 60
69 18 12
90 75 65
30 45 58
13 23 39
100 55 5
12 56 96
62 59 82
87 95 79
22 34 10
18 8 71
56 70 100
64 67 61
70 60 70
25 22 43
23 34 18
17 73 53
23 85 86
39 96 66
1 22 6
10 76 87
100 70 1
19 55 39
25 13 92
24 44 45
69 39 80
79 64 43
33 87 92
65 77 56
76 22 64
89 13 80
31 98 38
56 58 49
89 91 34
92 99 36
18 43 91
72 44 90
27 16 6
28 79 18
30 21 60
23 67 18
60 42 100
33 41 13
31 96 24
17 81 89
77 51 1
81 10 23
65 30 47
79 85 62
78 35 40
79 47 38
71 81 48
33 36 19
40 13 3
48 7 93
45 36 9
70 20 22
46 20 84
59 94 33
60 80 31
8 51 12
81 96 5
22 89 45
98 84 96
66 80 91
39 2 27
73 74 4
82 28 48
33 25 70
23 62 26
43 20 84
28 75 76
77 19 15
56 22 25
95 92 86
83 69 15
97 24 20
45 24 11
15 51 50
21 94 35
50 75 65
45 77 2
33 11 43
22 67 41
67 86 37
41 22 10
8 23 60
85 52 44
79 64 20
61 78 54
58 74 73
58 2 27
88 57 12
47 54 28
1 40 89
16 76 13
15 90 40
31 84 75
30 75 39
69 93 53
35 92 100
44 1 23
39 46 92
48 14 100
100 82 28
68 1 76
63 69 88
31 34 61
95 38 78
79 95 18
10 73 52
23 43 20
51 34 27
55 14 1
91 9 38
20 95 61
42 43 79
75 51 1
3 10 76
59 85 75
95 53 73
43 23 83
12 18 70
8 31 43
92 94 73
58 32 36
58 29 9
90 9 74
14 96 64
46 24 76
46 23 64
71 61 11
75 2 75
58 15 94
38 60 41
33 34 77
34 23 64
76 61 67
43 7 9
55 41 12
11 43 87
98 86 2
55 83 61
71 7 29
26 70 95
54 79 80
84 99 90
82 21 31
95 9 15
86 61 5
100 64 51
44 8 93
58 20 43
100 61 11
5 35 82
70 91 72
39 96 66
73 75 66
25 84 23
3 34 13
55 60 26
11 24 5
27 77 61
17 96 12
4 92 43
15 8 93
14 64 57
99 77 6
72 59 71
39 35 93
57 43 25
29 32 71
31 31 12
94 16 79
60 15 32
18 30 48
8 86 95
25 21 60
45 74 97
65 87 51
71 59 54
27 61 10
17 63 42
84 33 4
50 60 85
9 65 5
88 76 62
51 37 16
83 66 96
12 35 48
36 15 19
39 86 12
20 14 100
58 6 1
41 35 47
29 16 21
3 61 79
25 49 33
80 87 10
34 42 79
97 29 58
64 20 92
90 96 41
40 13 11
22 82 52
87 25 23
46 8 94
81 80 43
85 40 15
92 59 33
19 66 61
34 80 67
28 52 38
68 41 21
71 73 54
45 91 24
35 57 61
49 8 45
33 97 74
35 100 84
98 72 41
34 95 6
63 100 27
24 16 66
81 30 82
75 80 100
48 66 50
26 27 57
39 40 93
27 47 15
39 71 49
27 34 24
28 100 63
55 82 30
71 71 78
35 47 53
87 86 26
25 22 70
61 90 58
82 55 72
6 60 51
86 47 40
93 41 12
78 69 47
76 16 96
11 58 33
16 81 97
49 60 12
41 76 64
35 6 34
6 2 20
63 52 82
3 53 98
77 90 97
35 81 54
13 71 69
83 11 5
92 92 70
38 12 56
1 31 72
24 53 74
27 77 64
67 10 60
61 26 31
82 38 40
82 80 75
24 18 1
67 92 57
71 44 7
85 95 25
33 98 52
17 27 41
95 21 2
67 63 1
70 14 21
68 95 27
37 48 71
14 57 60
78 71 40
43 94 74
50 71 47
87 96 61
20 64 55
40 52 44
16 47 38
18 67 10
95 79 96
82 34 42
32 60 72
7 87 43
75 1 46
19 75 11
81 41 24
88 44 58
55 22 62
69 73 97
34 67 46
37 22 77
61 24 14
34 50 62
39 37 26
98 34 64
18 43 16
48 59 54
51 18 92
37 17 15
55 96 67
97 30 47
25 71 9
51 82 88
100 70 3
72 26 31
50 88 35
9 20 86
45 83 43
91 16 87
53 10 39
76 55 91
4 81 9
60 29 58
63 15 29
64 72 22
46 24 77
29 4 7
79 53 69
99 5 100
31 13 39
8 10 21
70 25 75
72 21 2
5 96 22
59 13 6
65 22 56
94 32 78
61 63 61
42 54 9
86 5 16
65 45 89
21 56 31
61 31 64
9 83 20
9 95 18
33 61 43
50 99 81
88 62 65
58 63 70
80 6 83
60 86 87
10 49 9
53 24 70
72 73 52
38 57 34
72 60 13
43 38 19
68 23 76
36 22 42
76 81 78
3 15 93
67 8 38
58 51 42
25 62 61
32 86 12
35 4 19
8 16 80
18 60 20
60 15 81
26 64 79
100 94 93
67 66 80
74 73 48
49 27 86
23 13 22
93 3 20
38 43 95
83 55 67
34 67 64
64 29 93
21 9 98
24 17 15
74 37 61
26 74 38
60 73 88
97 76 13
11 1 10
100 86 26
37 36 47
90 83 57
12 83 12
89 6 75
76 21 50
15 27 61
31 95 13
37 60 85
39 59 4
34 100 75
33 83 23
57 1 80
64 53 19
84 47 28
41 4 68
88 58 45
23 19 82
54 55 25
53 53 78
40 8 4
34 79 92
61 62 76
42 21 51
58 70 95
28 48 53
37 61 65
16 41 60
90 29 15
53 10 3
63 78 47
98 37 60
79 13 61
63 35 32
26 26 70
11 24 6
83 86 91
74 69 71
93 59 48
39 51 85
74 77 21
57 34 70
87 67 37
97 1 76
95 85 75
75 61 24
58 11 39
71 34 2
91 89 59
7 1 61
54 16 86
7 80 23
97 56 76
77 9 88
24 56 72
77 78 73
22 49 89
71 56 13
20 75 96
6 17 97
64 10 76
75 63 46
90 34 43
91 36 98
41 12 76
43 31 34
59 37 46
11 95 56
26 75 64
25 35 17
62 97 48
48 37 22
58 96 43
84 82 8
39 68 58
85 63 23
38 69 94
76 70 51
81 5 100
97 34 46
5 89 28
40 56 37
100 2 76
71 51 11
46 38 33
57 73 17
55 39 20
90 3 41
56 87 20
42 5 41
20 57 18
44 13 46
17 10 76
69 94 69
100 14 13
100 75 70
94 88 53
86 26 42
20 79 24
67 8 28
5 20 27
27 47 28
61 84 31
36 56 91
62 44 99
69 95 46
34 52 81
60 44 88
99 83 80
74 48 7
60 43 85
21 94 9
35 27 85
22 16 34
37 23 21
72 1 43
40 24 86
35 63 22
90 5 62
88 87 34
66 7 71
46 77 91
1 18 76
83 71 19
12 57 51
78 74 88
49 30 78
49 66 62
30 72 84
21 9 90
89 74 90
92 16 25
92 5 62
79 24 85
45 2 77
77 28 44
92 79 34
7 79 2
92 76 100
47 63 64
18 66 63
13 18 22
27 31 16
94 83 24
45 93 44
52 38 68
44 19 97
7 58 7
87 14 2
84 75 92
76 5 25
2 29 17
61 3 56
69 74 35
74 54 36
94 96 100
73 62 23
77 12 66
16 55 87
46 50 75
15 54 93
96 70 31
83 14 91
34 48 73
76 71 59
85 98 15
73 37 65
84 75 25
8 97 99
47 23 25
92 17 89
85 87 85
19 99 33
47 78 94
93 33 9
11 63 84
80 97 53
17 86 12
89 88 52
93 9 47
17 92 24
38 52 89
21 46 87
58 2 84
34 67 66
65 50 84
19 70 26
13 48 69
74 46 83
94 84 86
48 16 87
94 92 76
97 90 44
44 86 67
94 7 53
71 20 23
11 70 55
97 86 43
19 51 83
4 45 97
96 2 5
75 6 12
65 44 68
46 11 83
99 22 72
26 36 48
40 38 73
29 14 13
6 44 93
6 29 78
3 32 15
70 100 31
77 8 81
35 79 2
97 59 90
73 95 51
26 14 63
84 11 85
3 16 85
39 84 63
32 23 13
31 85 61
44 1 83
55 4 45
9 1 55
44 61 51
29 75 100
18 1 92
79 61 37
25 77 31
18 10 24
98 4 71
97 65 77
43 8 4
29 46 50
31 11 92
68 25 55
41 19 54
18 96 70
16 40 58
33 20 55
2 85 24
44 61 26
78 35 30
13 5 20
50 41 65
96 98 40
48 83 3
54 99 29
46 81 88
39 3 62
76 94 49
62 73 97
45 60 27
97 84 24
7 76 70
47 58 97
12 45 15
96 14 41
14 60 56
57 94 8
65 64 37
56 46 43
66 94 58
20 26 83
11 48 81
81 66 6
92 23 56
70 88 98
47 10 25
58 87 31
42 29 89
41 14 6
92 95 27
15 54 30
82 22 18
1 66 25
69 52 32
93 87 55
74 12 22
37 89 90
15 25 65
51 65 11
79 30 33
85 42 92
37 24 12
33 67 41
66 18 6
70 79 70
47 86 39
22 63 57
87 49 93
34 12 23
57 99 19
67 38 32
46 22 5
23 95 25
43 41 100
48 87 84
27 42 57
79 96 76
73 12 75
53 88 38
53 47 32
12 67 21
91 99 90
94 66 1
62 24 20
36 90 59
41 37 80
15 59 33
98 8 49
60 83 80
32 3 20
93 50 65
16 20 23
45 51 46
92 57 3
4 52 29
82 29 8
33 77 11
99 50 39
74 56 72
23 77 22
76 64 5
97 74 35
31 72 11
3 58 94
52 57 20
80 31 39
3 85 95
76 59 78
61 25 51
24 19 4
60 17 15
72 12 66
34 45 59
20 9 93
49 34 62
14 7 4
1 53 94
62 77 18
70 14 1
76 30 88
40 48 8
63 63 20
23 79 85
19 78 19
42 15 94
38 38 35
10 16 84
5 86 3
84 75 46
62 22 42
23 73 71
86 70 1
76 42 39
21 73 33
5 43 60
32 91 21
58 42 62
8 97 90
67 47 15
50 94 97
28 49 97
62 81 38
39 87 27
81 97 49
72 23 77
25 23 12
22 52 29
26 18 2
55 63 26
99 57 50
25 16 24
66 68 88
56 94 99
99 2 14
48 48 52
65 88 47
41 65 2
65 5 37
72 58 59
44 24 1
96 21 37
3 12 23
65 76 55
28 48 35
44 70 46
2 52 69
91 94 33
50 2 62
77 15 30
64 39 80
1 77 12
68 66 39
7 1 2
13 64 25
8 59 30
50 35 29
12 31 85
96 62 42
16 68 32
94 19 29
75 43 3
65 87 24
23 46 66
28 30 32
88 4 8
91 23 16
93 22 43
84 40 36
23 67 14
88 34 22
60 63 67
92 23 16
52 77 75
72 14 72
16 37 18
69 76 85
51 20 27
72 29 58
5 61 100
12 13 5
17 74 19
100 18 66
91 91 83
88 4 33
24 99 58
37 5 11
27 10 23
33 64 55
13 61 62
14 100 91
2 73 58
84 45 97
47 21 65
67 62 46
1 47 94
88 77 14
62 51 75
32 93 48
74 7 53
43 70 21
69 54 19
34 85 27
29 12 5
91 5 27
73 30 38
11 56 84
48 16 37
85 65 51
48 67 26
94 4 52
94 32 93
35 88 54
80 18 62
43 43 26
15 88 28
85 52 7
65 32 45
95 39 50
84 13 23
9 59 82
31 50 16
46 59 99
15 98 19
93 54 28
54 47 94
38 68 15
42 65 51
35 65 61
18 22 51
51 84 2
84 93 74
19 88 35
6 61 2
13 43 27
76 19 52
68 80 77
31 12 62
24 52 94
4 96 21
51 82 88
59 24 92
87 49 90
12 9 99
57 66 92
32 9 71
1 47 93
79 81 32
13 25 46
31 25 50
28 32 93
6 66 6
86 80 46
87 75 51
35 47 8
71 75 87
3 79 86
45 21 57
6 20 42
84 44 54
16 13 1
18 99 8
63 56 95
6 9 49
95 48 58
32 96 34
26 31 55
63 71 47
3 77 85
4 17 48
24 37 92
13 13 95
52 61 24
93 80 57
53 88 9
88 29 52
9 70 66
10 37 14
28 67 16
91 31 51
91 66 84
46 37 77
100 35 40
9 77 55
18 57 64
47 41 3
5 42 83
72 51 67
76 38 90
55 63 39
60 42 27
2 4 73
62 55 67
82 76 100
17 64 18
8 42 22
94 73 53
7 15 17
80 37 43
45 28 53
9 22 3
26 6 86
4 27 63
52 14 76
1 29 17
75 69 94
73 40 49
46 99 29
60 37 11
41 16 12
70 34 46
38 29 73
69 76 86
32 56 51
19 64 65
67 70 31
13 39 23
5 70 11
67 3 56
97 58 28
10 43 84
71 77 25
67 83 1
36 92 2
51 33 97
37 55 62
30 31 1
37 92 55
75 47 82
97 50 34
72 12 16
100 64 18
10 86 55
17 97 73
16 93 59
44 21 83
71 57 50
44 40 36
64 9 33
59 27 1
51 73 19
31 32 68
30 73 71
35 70 66
76 68 19
65 73 93
52 34 14
26 78 99
29 2 27
81 69 32
94 62 80
35 22 84
54 21 42
11 47 33
71 20 61
87 39 22
65 26 14
7 63 79
78 82 52
83 64 25
98 27 3
34 15 4
47 20 27
44 67 61
17 79 70
74 39 14
91 24 2
74 46 62
43 26 1
45 12 87
99 82 81
49 69 74
54 77 62
48 12 14
9 58 59
23 41 85
8 69 28
48 2 91
43 32 94
43 14 60
22 88 93
48 3 25
15 13 76
15 69 47
50 46 12
37 41 22
88 93 53
75 43 83
52 27 24
84 37 66
10 43 5
100 52 44
61 37 1
23 52 69
7 75 6
32 81 58
98 50 70
22 44 81
2 14 83
97 77 66
66 50 43
68 16 64
15 26 86
35 71 53
84 11 62
66 26 13
9 75 83
90 6 31
71 80 10
25 42 56
14 92 42
9 51 70
67 26 75
80 72 22
93 58 97
68 40 47
52 19 33
68 41 34
72 32 28
29 99 54
27 94 35
67 87 50
88 91 63
76 56 91
12 19 59
88 66 3
80 65 100
39 56 1
78 90 4
55 39 95
43 84 67
86 24 16
25 61 46
84 22 10
20 93 71
45 53 40
93 63 51
82 74 32
29 10 46
52 1 100
12 88 44
89 19 47
44 77 10
67 67 85
26 87 12
62 1 3
97 40 71
26 3 65
97 18 34
86 83 85
2 48 4
72 64 61
80 82 68
28 89 33
28 63 66
28 61 20
70 28 89
85 40 89
54 64 5
97 46 72
14 26 57
17 76 100
26 77 80
60 27 96
40 10 76
56 18 24
68 19 52
27 62 46
10 90 47
58 42 57
19 29 47
28 94 35
31 97 71
37 60 87
99 100 95
5 14 55
15 66 16
53 72 50
1 77 21
84 77 56
44 16 24
14 82 17
63 23 46
67 5 85
81 29 52
44 100 83
1 4 40
56 12 42
52 71 73
14 30 38
20 85 42
95 70 57
46 17 47
89 58 52
62 74 71
19 67 62
78 73 93
54 51 2
88 40 68
45 3 85
38 10 61
48 16 41
49 1 42
93 66 57
78 100 75
54 80 95
23 56 84
83 17 32
59 24 18
63 46 1
21 10 25
49 65 23
27 2 92
25 57 42
55 76 66
76 33 69
7 18 66
44 30 45
29 72 39
77 83 100
40 32 38
25 18 75
95 87 96
49 14 3
33 76 66
78 53 81
96 93 97
74 7 88
66 80 41
26 25 83
81 91 11
29 28 49
58 37 64
80 36 8
100 1 84
27 85 84
41 34 55
25 31 3
22 29 28
90 25 21
44 55 20
60 83 92
25 46 67
92 47 8
27 88 94
1 79 2
11 12 23
40 24 46
43 2 46
85 38 81
60 58 71
10 43 20
15 27 43
4 12 39
27 18 63
31 70 16
61 12 27
49 58 36
42 85 60
33 39 13
84 83 3
53 69 7
49 45 58
76 75 41
44 74 53
38 23 41
52 34 12
41 91 21
21 57 25
6 7 4
58 59 33
72 60 3
10 51 56
14 37 55
91 51 12
43 74 73
52 83 96
93 34 51
92 18 91
29 57 3
80 66 10
78 23 57
98 41 39
15 2 5
74 61 66
16 27 11
88 70 84
11 53 94
48 25 39
97 2 5
1 7 8
18 66 41
24 42 51
14 70 31
2 25 96
62 4 78
48 79 20
74 38 93
22 82 49
76 32 54
26 83 80
18 80 70
54 50 10
67 57 91
26 59 38
32 76 12
45 31 2
46 31 10
21 92 65
8 12 56
44 9 78
70 72 34
85 30 48
66 11 3
88 13 22
30 75 34
32 80 12
40 27 39
46 76 37
81 14 67
44 73 98
45 15 47
36 60 65
37 12 50
84 82 44
7 96 72
39 31 64
41 57 26
72 86 13
59 1 91
24 70 1
36 10 70
86 3 23
59 85 92
91 74 30
10 95 31
15 61 85
6 58 4
60 6 66
52 49 8
36 3 24
61 59 73
29 73 71
42 39 13
4 24 41
57 41 92
23 58 47
95 45 59
31 81 44
55 28 38
78 53 68
71 63 27
48 23 16
75 31 13
41 58 89
93 86 84
62 79 37
83 72 41
82 32 19
69 96 61
41 25 84
95 27 14
79 76 92
21 2 92
8 55 86
38 35 38
68 39 63
97 67 1
61 50 10
26 68 88
43 59 93
41 23 84
75 22 80
52 53 98
32 16 18
11 94 49
48 37 25
57 64 80
42 41 3
89 29 8
93 63 34
77 30 71
94 84 13
95 100 56
77 94 17
27 25 80
30 27 86
39 89 78
15 7 33
42 72 25
79 40 53
81 99 9
77 61 26
40 15 68
22 28 33
20 43 70
13 100 37
63 14 76
7 93 8
84 77 12
72 28 74
7 62 42
68 22 3
51 32 81
50 55 5
58 77 95
31 54 44
68 12 85
44 68 38
58 3 55
99 65 50
77 87 41
4 6 63
39 27 11
65 90 40
100 4 30
75 79 95
79 72 37
38 5 86
8 44 19
43 12 55
90 20 27
90 95 77
58 41 25
83 54 17
63 62 24
32 85 42
22 11 96
87 46 41
12 92 22
53 25 70
8 75 87
21 53 4
1 95 10
29 89 99
3 95 46
59 21 5
96 95 46
52 42 100
3 69 29
55 93 88
70 92 65
16 91 46
31 74 47
61 58 15
27 37 42
57 27 10
53 31 66
99 18 1
33 2 23
15 58 81
52 5 62
86 93 71
63 48 58
26 35 33
19 69 97
67 46 5
7 98 82
45 42 37
92 25 87
74 47 4
3 93 40
48 7 30
11 65 56
46 98 52
31 46 92
58 17 36
64 90 8
71 79 72
53 77 65
87 96 31
45 32 30
74 45 48
77 8 78
67 45 78
53 10 79
86 78 44
39 79 42
57 32 7
44 94 49
17 32 54
49 60 55
47 69 29
20 93 68
47 74 53
50 64 65
58 10 77
61 74 68
97 83 11
44 32 71
20 65 67
67 56 37
64 26 51
31 63 23
82 57 50
89 27 65
29 39 79
3 30 17
10 42 41
65 92 11
16 22 34
76 8 54
64 81 90
14 74 89
66 1 51
76 5 46
4 47 98
96 11 57
66 53 81
60 13 39
58 21 96
21 21 12
93 61 55
2 77 84
90 90 29
62 7 97
79 77 42
90 1 46
32 49 69
14 5 50
9 41 66
25 28 97
10 64 31
67 41 26
26 86 85
7 43 72
69 14 55
79 25 43
29 84 1
35 21 43
100 37 83
26 39 51
55 65 25
99 43 5
91 43 56
12 37 76
22 75 67
81 20 79
21 50 96
88 2 21
88 66 43
53 47 59
19 11 31
64 59 45
60 23 16
18 82 97
65 26 23
22 14 25
80 75 66
56 83 92
88 52 82
68 79 24
49 26 100
22 65 96
44 22 50
37 98 19
31 76 13
18 61 57
85 42 57
12 47 33
40 97 17
41 89 49
35 94 54
72 92 2
77 79 65
3 14 95
1 45 38
87 8 78
82 60 56
12 1 72
42 50 57
91 51 43
48 11 13
71 80 79
11 76 65
38 55 79
21 44 54
96 14 42
3 78 36
9 35 30
69 45 7
20 79 39
60 45 98
75 92 27
1 83 37
9 83 21
48 73 94
14 22 5
71 95 10
39 76 6
6 22 27
33 83 61
10 6 77
87 15 44
37 80 63
5 18 65
31 24 61
2 63 23
37 81 48
20 41 79
66 2 84
49 30 90
11 16 10
10 41 6
8 82 4
51 20 46
44 34 76
32 77 70
23 60 14
52 88 69
62 75 14
9 6 75
18 40 7
18 46 63
27 24 11
25 26 84
84 97 81
54 83 79
29 43 80
49 28 98
81 72 56
47 68 89
99 75 51
83 37 57
89 77 21
91 51 57
51 95 42
25 85 87
84 76 22
29 86 95
41 43 41
35 49 33
44 87 83
66 83 16
94 14 34
81 100 25
76 3 26
36 38 54
66 33 9
92 51 25
42 63 80
37 40 33
85 1 84
8 25 41
52 24 14
40 42 57
96 6 77
41 95 41
60 57 85
9 58 32
32 9 90
73 67 26
51 69 82
7 87 1
66 67 39
16 32 74
98 26 72
20 47 93
24 96 56
7 51 50
91 91 60
61 22 37
96 57 51
9 70 13
14 100 42
54 89 15
71 2 64
9 35 30
97 58 81
34 100 80
71 23 67
20 25 26
90 62 42
65 75 61
79 82 15
79 95 22
47 34 100
59 84 13
14 71 45
94 94 53
31 86 77
22 96 42
86 93 47
93 35 98
68 11 91
5 96 41
39 85 95
9 7 19
82 48 17
31 15 7
23 86 100
80 14 62
14 62 96
49 93 35
66 36 82
60 96 60
32 52 68
52 3 61
53 99 32
48 51 20
22 38 97
69 60 72
11 94 52
82 1 5
88 99 32
54 7 47
19 56 25
67 55 1
58 73 59
19 26 63
70 23 87
98 25 77
23 25 55
59 48 28
30 42 27
84 12 96
41 11 12
29 83 87
98 66 56
82 70 12
34 45 74
46 12 5
58 83 26
48 15 29
94 97 9
39 30 49
55 36 90
85 92 42
27 30 38
28 34 3
11 51 2
7 70 22
95 46 42
2 7 74
7 78 29
28 57 85
71 23 16
36 79 85
81 12 14
66 10 25
66 95 56
74 34 20
93 80 91
21 90 93
81 80 55
55 39 85
60 18 2
80 79 84
68 37 56
88 36 93
27 14 86
40 84 6
61 34 100
79 38 8
94 27 62
89 83 5
67 13 20
92 22 3
97 26 65
97 68 48
86 12 1
43 86 100
49 19 15
90 1 23
67 65 100
73 22 11
69 56 95
43 29 93
35 8 89
36 27 50
10 18 84
34 70 39
96 13 16
48 29 52
23 33 89
90 83 18
58 37 10
10 38 88
4 43 12
68 61 60
21 53 45
83 37 70
98 95 91
56 23 55
20 66 37
85 87 51
41 92 13
75 57 72
78 60 75
86 34 3
88 38 59
16 41 100
97 43 31
15 40 28
41 64 22
69 85 92
63 77 70
77 90 17
18 31 61
80 99 47
9 32 36
5 34 1
36 58 28
33 3 24
92 32 29
4 14 31
44 30 36
11 80 11
88 21 22
53 22 43
100 74 32
12 75 1
53 52 82
25 54 49
46 7 69
91 40 58
69 46 77
41 66 100
7 10 96
99 64 3
78 81 17
87 98 69
59 51 100
90 84 50
2 79 6
84 87 50
58 25 83
44 38 29
9 83 50
35 93 17
19 60 62
10 11 13
32 94 48
71 64 37
38 43 65
47 11 3
34 92 70
42 65 96
71 61 18
51 81 45
32 79 31
19 97 28
62 1 6
75 96 77
56 5 61
95 18 95
23 9 53
1 11 65
81 14 75
28 41 22
33 100 80
52 62 10
35 37 26
48 20 13
65 13 72
10 16 23
41 74 54
37 92 91
6 25 56
37 59 68
11 63 86
11 59 58
21 94 30
58 79 25
38 27 39
25 80 21
36 2 39
28 1 43
74 93 54
49 42 2
86 28 7
37 83 80
43 10 84
25 77 55
25 99 45
71 40 7
66 47 52
75 60 76
69 18 83
65 42 10
44 49 59
90 18 25
2 33 45
26 48 88
2 11 55
29 85 86
33 76 46
71 95 76
90 41 39
83 31 80
64 60 42
28 93 74
54 83 76
90 76 95
51 93 19
43 63 22
3 95 6
11 24 57
67 56 83
4 59 52
39 34 57
21 34 46
10 21 24
7 18 63
39 43 42
57 17 45
88 18 37
57 60 11
65 19 35
11 49 99
2 15 73
11 85 75
98 97 98
65 74 35
93 100 85
38 16 42
31 66 96
9 40 47
50 70 51
21 81 78
54 63 60
43 70 13
75 1 37
64 64 37
39 97 8
13 79 100
58 44 78
86 52 58
99 41 55
56 64 34
27 78 9
47 40 68
40 10 75
3 38 73
94 38 44
9 31 70
70 63 2
41 23 86
89 14 25
69 96 43
25 96 64
90 14 70
39 99 30
63 91 56
100 32 48
53 18 84
75 87 76
78 64 16
35 33 4
51 75 63
20 62 91
15 34 76
64 83 23
58 86 87
58 1 76
93 61 77
99 41 3
96 6 18
85 84 41
27 65 11
57 100 55
92 7 59
30 41 86
27 26 41
50 63 77
17 72 62
76 32 69
9 18 84
5 55 70
100 18 83
88 59 81
23 97 68
100 84 86
9 20 39
28 49 35
22 57 84
53 97 17
19 93 78
79 66 16
71 50 55
62 47 69
47 9 68
31 79 25
45 57 85
45 23 55
6 33 74
86 31 75
30 28 45
77 97 40
15 16 3
51 88 17
68 85 10
31 57 3
77 58 53
78 13 96
80 53 68
83 55 86
21 56 12
9 78 19
39 58 99
36 89 30
95 70 14
25 14 13
36 8 33
16 82 35
26 43 84
51 37 12
89 22 31
39 27 5
1 88 7
62 81 93
52 23 1
82 51 20
58 58 90
95 12 100
47 88 58
80 96 13
14 20 86
59 3 16
100 8 7
67 38 17
82 80 55
1 92 64
21 88 40
52 1 64
72 77 83
2 25 23
74 12 14
96 94 97
73 74 98
17 16 23
46 43 63
18 66 56
100 58 78
98 80 24
3 23 70
17 92 24
78 2 23
7 21 70
94 61 95
20 4 90
23 50 95
83 4 93
92 35 93
35 44 45
99 73 30
92 53 93
64 24 87
85 51 12
8 25 1
83 45 19
29 8 28
16 92 80
73 86 21
55 61 72
1 95 64
61 97 81
89 66 70
36 1 24
95 30 78
28 22 55
8 21 80
99 64 63
28 76 100
54 76 34
20 66 37
44 97 69
83 5 80
69 89 73
50 75 91
67 16 22
80 58 17
34 69 82
74 60 14
3 2 5
64 44 15
58 76 63
84 77 61
90 31 70
89 80 11
55 41 62
26 3 2
34 63 91
61 46 64
40 78 4
99 99 54
1 68 78
98 100 70
77 25 6
84 1 100
74 87 92
1 60 31
60 20 24
19 45 17
77 12 57
3 5 55
75 1 5
66 27 91
53 18 13
95 81 19
89 3 62
43 55 87
10 6 86
47 70 31
73 45 38
52 13 5
82 36 81
24 11 66
13 34 31
38 15 45
53 88 33
39 27 12
15 85 39
73 64 16
97 75 92
70 12 67
41 16 63
56 97 17
74 43 12
51 28 54
49 75 62
9 51 23
92 81 97
22 46 12
22 22 91
64 51 2
99 93 19
12 92 37
63 48 74
75 56 24
95 28 73
14 91 92
88 89 33
23 50 42
4 78 28
9 10 57
40 19 33
96 92 64
86 92 27
40 3 66
33 16 84
92 100 91
81 92 57
38 98 38
81 10 83
29 40 81
3 41 16
13 31 100
40 86 95
17 17 38
28 25 1
64 77 80
99 46 23
91 89 7
6 66 50
28 53 94
37 14 70
80 22 27
39 80 5
65 10 5
18 69 17
45 95 14
95 73 28
77 36 9
35 21 12
2 90 49
14 91 64
54 46 60
41 57 96
64 81 99
1 86 76
100 98 53
6 50 13
70 27 21
28 45 52
83 57 84
23 100 22
97 64 46
13 16 31
85 69 17
70 70 56
97 95 31
28 64 70
53 33 4
100 72 63
55 54 73
53 86 14
17 31 6
57 4 8
76 11 12
51 3 83
9 73 93
84 56 42
77 63 42
65 10 14
90 31 86
48 74 19
76 87 20
86 90 4
49 60 76
63 39 50
69 10 51
42 53 19
70 42 80
80 74 48
4 24 72
68 32 54
85 58 40
93 76 84
52 8 99
82 80 23
5 68 38
18 43 51
82 85 6
77 23 83
42 70 18
57 11 37
31 91 5
65 40 48
95 43 12
97 54 97
94 79 57
40 70 3
35 74 82
36 85 24
9 66 96
60 66 85
24 96 91
30 24 86
74 4 73
60 17 93
1 74 89
68 49 4
47 19 47
87 89 53
57 32 4
74 41 85
89 78 52
4 48 36
75 78 30
61 75 65
71 42 6
10 54 59
46 16 87
20 90 19
77 7 94
88 55 96
87 70 87
18 20 10
24 2 63
18 49 73
88 42 67
6 24 96
99 83 46
86 63 39
41 54 99
30 65 56
48 66 11
85 67 46
45 89 81
56 92 34
64 43 16
28 9 78
88 88 44
68 6 100
12 54 17
100 85 77
16 100 12
41 89 99
16 28 89
76 52 4
16 61 91
88 28 4
39 46 61
34 13 14
93 51 76
21 45 59
74 46 51
15 65 12
36 87 27
98 73 58
21 20 87
97 37 25
26 70 39
50 18 11
77 29 98
77 4 93
71 70 86
26 49 47
51 78 74
87 97 17
38 63 11
88 80 56
76 40 98
57 96 95
56 79 84
76 59 89
76 80 95
56 52 38
26 42 62
79 40 88
54 18 31
17 67 87
13 40 53
3 83 96
54 28 71
77 61 87
9 31 5
1 2 25
47 26 72
78 51 24
59 93 9
51 85 16
10 54 29
38 76 20
87 29 53
75 78 74
23 51 3
77 31 25
79 27 23
63 61 51
24 9 49
11 11 6
24 51 64
24 9 45
52 96 76
65 38 44
51 55 21
49 20 83
17 59 36
16 56 76
30 68 44
94 9 88
47 13 46
78 93 82
12 10 70
75 7 98
14 32 49
70 29 30
8 84 37
72 12 37
35 62 16
100 82 4
2 80 61
19 11 80
76 34 85
76 72 27
29 80 39
45 84 14
66 68 53
39 29 36
45 4 49
78 93 74
26 36 47
99 57 65
53 25 3
36 2 86
70 61 66
61 68 33
81 81 36
26 19 68
35 61 39
48 13 77
89 87 22
64 41 66
58 48 36
80 43 41
5 49 28
38 11 43
18 66 64
69 68 53
19 86 87
96 34 55
83 23 12
83 79 24
6 63 84
33 98 99
71 97 73
45 75 76
38 64 23
36 77 66
64 51 1
6 93 9
65 25 24
66 69 29
92 50 41
5 23 64
37 18 12
30 94 29
2 18 60
84 92 80
41 2 21
80 93 19
97 20 31
22 42 12
78 57 26
80 74 58
20 33 7
30 65 86
22 98 38
6 3 34
14 16 77
83 60 87
39 46 95
68 91 23
3 35 99
62 91 37
61 99 8
7 17 59
76 59 19
71 45 32
54 24 63
70 38 4
39 83 6
23 34 100
84 22 1
100 34 100
66 90 45
85 90 68
72 96 86
46 69 30
68 39 84
10 73 49
85 92 42
57 54 98
70 85 18
54 100 11
38 76 26
60 55 84
18 63 84
43 90 81
35 15 49
59 49 69
51 59 94
38 6 91
75 56 10
19 1 21
43 71 33
96 13 76
87 65 39
95 7 54
45 95 96
33 65 79
81 84 5
14 1 85
85 20 39
41 49 54
21 44 29
74 65 41
24 51 77
88 55 66
9 100 85
93 40 33
53 84 92
95 91 87
91 87 42
56 65 96
4 82 15
100 64 27
28 77 13
69 38 90
100 55 43
43 82 53
80 27 23
82 64 96
41 37 79
83 85 83
8 21 16
5 16 64
9 26 61
75 47 68
30 85 70
52 68 73
85 35 17
72 90 58
84 72 26
1 2 34
61 9 15
98 91 100
94 46 66
2 50 43
55 35 32
32 21 66
4 34 84
37 11 63
41 50 79
54 24 34
63 95 64
51 23 95
41 41 3
29 95 43
91 37 63
30 72 42
63 10 80
75 92 86
59 48 30
75 63 18
21 97 9
18 66 80
80 77 91
39 76 66
87 16 5
91 9 44
47 38 40
47 42 60
95 69 71
14 51 92
60 59 81
68 69 90
52 95 6
69 68 59
22 20 14
53 72 37
50 27 39
24 2 24
20 25 42
60 23 6
16 33 4
100 85 91
59 47 49
73 56 61
31 36 98
41 4 74
33 56 22
85 72 27
88 60 22
17 22 100
83 84 41
5 81 44
29 35 69
74 5 85
41 81 90
16 4 19
32 18 57
51 65 60
45 65 96
49 22 64
44 100 20
77 83 61
58 25 83
57 95 25
31 35 89
43 65 42
41 100 51
89 51 31
38 96 12
71 83 80
27 96 56
24 93 40
95 3 91
85 42 84
64 97 78
24 19 97
70 22 6
44 59 29
91 62 27
54 11 85
79 15 94
93 35 52
88 3 25
63 3 95
27 29 52
26 66 79
40 73 9
39 56 64
21 38 9
93 56 91
24 66 18
23 71 82
60 50 42
42 2 64
53 21 64
43 78 94
40 95 10
93 23 55
47 88 71
23 65 95
10 4 36
83 96 3
93 33 47
94 45 71
18 24 95
47 89 29
43 74 97
37 3 39
23 40 29
44 57 96
24 36 89
42 63 6
33 70 24
73 68 52
45 27 21
1 57 72
79 63 20
10 28 89
33 79 64
73 26 23
81 26 41
99 100 18
95 46 77
83 75 11
75 46 39
18 85 83
1 48 19
71 98 4
45 99 19
57 14 56
11 60 5
91 26 83
95 22 63
82 96 22
29 57 11
10 34 25
67 25 21
80 44 69
62 2 42
63 25 67
98 49 78
100 80 18
1 62 23
97 71 88
20 32 17
30 25 27
91 91 51
56 87 50
76 17 99
85 27 76
67 61 70
73 46 57
100 95 37
31 98 74
9 50 12
75 85 43
2 47 28
5 80 16
2 55 11
82 62 51
47 54 49
15 30 82
31 29 52
80 64 76
98 87 75
5 73 78
2 32 29
30 37 51
34 40 73
17 14 13
42 62 92
36 82 52
13 16 34
2 63 62
76 31 23
9 47 93
23 2 85
86 87 83
77 30 4
79 24 60
45 57 50
19 20 31
99 54 47
70 43 3
63 83 1
38 94 49
81 80 72
59 47 69
83 58 9
50 6 66
98 96 2
52 50 75
52 63 72
78 97 35
58 42 5
9 7 33
18 6 57
63 5 70
74 37 25
53 45 53
63 32 30
78 18 11
48 70 1
63 1 50
13 67 42
36 46 84
35 57 85
71 68 4
28 74 68
24 84 79
45 33 71
68 55 18
43 69 48
20 56 77
56 82 53
73 7 48
85 3 75
29 18 60
58 46 11
52 10 62
53 84 27
29 88 17
32 93 45
67 95 56
70 65 26
57 66 46
61 18 77
78 4 28
28 57 27
88 46 25
69 62 91
32 83 67
57 23 86
69 73 19
22 41 5
98 26 64
99 75 65
23 25 84
38 22 100
16 91 50
76 60 27
69 24 56
85 99 36
17 9 29
1 3 11
55 84 20
53 70 13
41 51 66
52 79 6
67 39 5
95 31 76
34 8 28
95 13 1
59 80 70
13 23 91
55 77 21
24 66 95
80 76 83
26 85 87
66 57 21
24 69 49
48 42 85
38 22 80
29 42 92
24 77 80
2 31 86
46 38 97
78 11 57
70 43 70
48 13 27
15 3 67
62 91 12
70 56 12
29 21 64
12 10 84
44 34 21
22 29 45
5 90 93
66 72 22
2 26 46
78 84 96
95 64 62
88 79 37
46 47 4
50 86 23
21 48 58
89 13 34
86 48 32
35 24 79
91 83 34
26 22 18
86 8 54
47 97 52
45 61 22
55 67 13
82 91 26
65 15 7
66 91 65
7 50 22
96 2 42
65 48 45
40 2 46
37 48 81
37 99 81
46 25 26
12 16 100
48 71 82
88 64 72
28 42 43
1 38 17
16 53 35
25 25 20
11 2 6
75 76 85
42 33 73
89 94 93
41 10 16
22 70 42
88 19 45
12 92 23
27 91 23
47 100 16
88 5 51
22 77 84
52 65 92
75 50 12
5 44 58
48 92 21
52 100 85
66 88 32
73 26 64
9 89 98
90 70 60
5 36 44
8 10 84
45 20 10
55 60 46
49 2 24
21 85 6
86 7 68
31 74 82
66 24 65
88 13 85
85 9 33
10 81 53
3 38 90
41 75 70
63 37 79
28 88 54
50 83 75
87 48 68
34 36 30
55 4 93
35 34 2
28 1 83
48 93 54
63 47 82
28 85 77
39 17 52
36 5 56
69 5 42
29 67 21
29 52 68
21 8 9
21 81 30
7 34 96
97 63 76
33 97 30
62 67 76
61 27 43
53 78 17
52 36 29
89 39 18
57 80 25
21 76 37
8 81 59
8 93 59
54 26 62
65 2 67
23 7 48
8 72 24
5 12 75
75 44 53
55 25 2
91 33 90
50 30 97
7 52 73
11 70 92
52 94 71
56 26 96
28 98 69
24 80 6
37 84 76
85 10 85
95 76 39
34 55 11
48 26 22
84 1 41
98 74 38
83 74 90
56 79 21
43 94 38
35 1 12
14 22 18
88 46 63
9 5 79
37 7 48
9 62 46
25 53 97
25 98 97
45 32 73
98 8 54
84 17 58
90 82 78
47 84 85
95 99 58
71 90 68
75 55 57
92 28 94
29 53 81
84 36 53
66 13 6
46 80 72
70 2 70
78 64 5
86 34 100
63 26 96
47 51 5
34 80 64
24 91 18
12 84 39
31 1 39
89 51 24
92 4 73
81 82 33
47 2 65
93 22 66
43 57 3
70 74 68
8 71 40
60 15 32
43 23 61
71 100 63
2 2 80
7 99 81
18 90 9
35 55 2
98 66 31
79 84 6
80 95 2
8 17 98
2 51 100
18 33 71
8 72 1
83 33 47
74 95 37
69 99 94
50 37 50
64 65 12
15 26 51
63 26 86
74 83 92
65 48 17
69 37 18
78 43 86
71 85 11
35 84 92
85 87 34
94 22 20
34 62 60
81 83 67
72 47 49
37 26 41
34 67 87
51 37 2
34 35 45
64 80 55
100 2 79
10 76 21
99 37 46
64 4 98
50 15 88
32 25 3
30 59 58
51 30 99
24 76 55
30 26 64
70 92 61
75 56 55
91 47 74
20 57 31
94 41 23
42 61 14
59 45 99
31 83 18
80 83 91
16 74 8
10 68 99
67 11 24
64 48 93
37 6 3
3 33 93
83 90 82
20 15 58
61 34 50
41 40 15
97 52 88
87 34 96
100 12 14
20 70 13
9 83 84
50 76 80
1 11 79
29 51 100
16 1 50
81 23 70
81 46 14
28 76 3
21 97 32
34 55 50
72 57 70
59 74 36
13 68 49
50 82 47
79 65 96
21 41 91
21 60 41
46 71 17
94 2 20
71 40 19
50 37 80
54 51 61
3 38 35
41 42 70
25 34 25
5 77 10
42 11 24
49 16 60
85 91 41
62 14 66
41 38 52
81 86 27
49 97 17
50 100 41
9 73 17
22 15 74
66 83 96
75 43 96
78 74 47
3 56 83
23 96 5
89 72 50
8 88 35
18 100 80
68 84 2
23 53 68
83 3 14
32 79 43
34 50 5
9 1 75
22 39 12
8 37 87
53 25 27
81 48 19
80 87 77
28 91 61
45 86 41
82 2 23
31 67 1
98 29 48
40 81 48
13 22 50
69 33 90
79 37 57
11 75 10
67 58 99
16 12 100
8 86 5
23 40 49
9 34 21
74 21 31
9 56 57
100 32 73
19 100 1
61 90 94
5 66 77
91 2 55
5 56 63
7 3 85
85 37 11
61 2 3
81 96 21
26 60 92
52 54 59
17 79 31
57 61 51
80 76 12
18 81 88
43 96 2
31 80 50
13 87 41
62 17 81
66 73 44
21 38 69
18 66 13
7 60 41
59 23 13
20 14 66
39 89 29
98 2 75
65 86 23
92 29 32
14 18 3
29 87 75
91 3 31
56 62 50
12 47 94
100 86 92
43 47 74
8 89 53
8 45 49
51 51 31
89 21 11
53 74 17
38 43 23
52 9 8
42 55 64
38 41 31
99 64 6
3 79 2
80 57 61
27 76 51
50 91 64
72 17 48
32 81 8
100 20 37
31 30 9
21 100 34
43 47 53
54 86 18
54 94 8
31 26 85
17 9 54
96 99 28
50 11 87
67 2 67
62 11 95
14 12 11
80 33 54
85 91 16
27 3 61
4 20 87
95 10 80
23 23 26
53 34 20
26 93 74
96 85 11
41 89 68
5 36 73
20 21 83
79 49 59
35 85 3
43 22 100
20 87 12
28 96 46
40 61 70
56 33 99
92 33 93
74 64 61
27 89 15
55 89 38
7 40 78
71 11 76
60 62 85
47 43 20
20 24 85
98 1 86
14 93 9
33 32 54
19 78 94
85 31 18
67 76 22
53 84 57
17 11 87
1 73 38
53 37 67
81 16 62
66 50 56
43 13 56
41 34 63
63 58 69
67 42 21
19 62 57
43 83 1
86 55 70
8 48 28
32 87 79
23 80 50
89 85 87
95 94 69
14 54 19
63 44 98
73 34 57
20 31 6
37 74 35
16 71 93
92 12 63
42 29 35
34 97 45
44 52 69
15 37 20
57 85 51
60 28 68
73 64 66
56 41 64
45 49 19
62 72 21
82 50 11
12 27 80
38 1 10
65 9 36
27 74 53
45 75 85
28 70 75
69 19 33
76 79 64
61 19 68
48 26 43
12 75 39
24 98 7
29 36 15
2 88 74
18 8 78
84 60 56
38 95 91
15 27 70
54 91 6
21 28 52
44 88 35
23 61 20
95 1 13
65 38 73
15 32 53
1 75 79
2 15 54
8 97 94
68 60 12
28 16 100
9 98 53
85 4 47
91 87 10
6 86 37
17 29 88
39 40 33
85 31 100
69 28 93
61 23 63
97 47 8
30 18 57
37 58 17
12 9 98
7 31 70
30 2 83
20 70 91
47 38 58
14 72 83
82 73 28
26 20 12
89 16 11
8 56 37
74 64 41
60 69 54
1 64 57
38 54 49
78 69 15
96 63 2
57 43 91
94 25 1
71 27 5
71 97 59
3 45 82
42 75 1
21 31 76
19 11 26
92 37 56
86 80 76
5 25 77
42 68 69
3 4 89
26 43 87
92 12 20
33 52 40
43 48 49
26 42 100
26 1 41
25 83 67
60 18 43
86 30 99
25 51 85
4 89 82
88 3 86
81 80 76
81 32 48
80 96 43
83 98 78
18 26 13
4 49 29
81 17 28
4 49 88
34 2 24
54 86 24
94 33 15
16 90 29
41 28 81
52 46 1
14 1 57
89 100 63
41 66 72
59 97 94
62 68 89
30 95 46
63 54 88
13 6 84
33 66 1
97 6 42
1 67 23
22 14 24
57 82 69
74 54 35
84 71 69
38 51 31
57 83 76
45 29 82
52 54 74
76 28 82
27 100 87
89 53 78
89 94 58
32 54 89
73 15 49
3 78 90
37 83 11
77 42 64
13 6 16
86 34 6
6 34 96
100 4 93
3 15 45
53 58 28
14 8 38
12 43 51
91 44 81
80 51 23
88 29 99
86 58 4
30 81 33
18 11 13
86 14 26
8 46 61
11 39 10
10 90 32
98 21 5
85 95 96
63 94 54
44 68 40
57 56 21
14 17 32
60 19 33
91 99 81
33 80 56
1 70 13
60 38 93
94 22 80
99 19 30
77 95 80
52 6 70
90 24 16
13 6 63
8 6 1
96 3 50
81 80 31
53 91 56
64 66 1
4 51 5
74 7 52
89 33 82
21 66 10
38 50 43
48 57 18
64 78 28
24 63 23
96 79 67
3 68 53
28 5 12
38 27 77
55 49 97
15 78 45
10 47 52
3 25 41
55 52 48
35 49 7
42 38 32
73 56 5
77 21 22
91 76 10
93 84 96
82 51 85
49 17 74
29 5 86
55 67 60
64 59 90
66 24 96
12 36 9
43 95 72
91 65 76
9 46 70
32 36 47
16 23 91
70 91 25
73 28 49
93 60 39
85 33 73
64 23 37
25 87 86
37 18 39
93 39 75
37 61 10
51 48 45
16 26 79
13 68 73
87 44 90
35 30 78
55 94 40
75 66 26
78 61 5
23 58 4
94 65 23
69 19 45
54 32 38
88 52 15
13 56 85
74 12 86
49 67 23
7 61 56
51 25 1
93 7 88
13 73 9
63 3 46
1 36 59
87 37 80
99 51 27
61 76 86
90 36 33
57 39 75
3 26 41
11 83 11
36 70 24
93 96 92
64 55 20
62 63 75
57 96 21
67 96 50
51 13 5
12 33 44
81 75 51
83 80 95
18 77 39
75 21 100
63 34 23
57 82 98
29 76 67
90 92 20
100 64 31
70 60 3
90 63 79
82 68 8
25 32 7
82 70 76
6 62 10
27 94 53
30 68 69
61 26 76
89 21 11
35 71 58
26 67 12
40 62 56
8 20 91
2 1 27
32 88 58
50 7 17
13 22 64
46 54 97
68 6 18
49 44 30
34 56 2
61 66 60
6 71 30
59 92 77
66 25 61
70 65 31
95 26 75
70 91 87
15 6 14
48 43 65
19 64 63
21 61 42
16 30 32
36 31 24
45 46 79
85 51 21
32 100 31
4 26 24
40 44 49
64 1 3
44 46 18
43 65 1
49 59 4
97 66 39
92 12 14
26 53 35
8 23 100
48 93 28
56 90 58
31 92 79
9 82 58
8 70 65
42 44 45
82 80 2
35 88 99
18 59 15
86 55 50
7 54 8
86 32 59
1 41 2
74 72 75
85 81 28
90 49 94
5 25 80
29 7 35
80 39 16
11 51 92
35 92 87
62 72 20
66 43 77
72 53 73
76 54 82
90 88 4
73 2 96
2 31 18
74 82 71
59 18 85
55 76 85
1 77 23
5 1 65
7 25 20
55 98 47
48 68 40
24 27 92
11 46 62
86 71 82
54 86 67
65 18 77
9 32 99
26 29 53
16 37 1
73 62 22
94 43 85
32 74 36
1 6 67
61 41 64
85 11 46
36 94 36
53 56 83
83 56 27
34 75 76
65 75 18
47 37 21
17 42 64
7 14 96
9 70 5
51 87 5
51 2 79
49 41 85
40 56 66
41 99 15
13 51 46
71 5 14
66 71 97
24 63 79
66 75 25
5 51 84
35 62 24
18 80 66
58 66 50
32 8 89
36 33 49
31 17 90
55 89 69
16 68 4
58 82 74
83 40 32
47 14 1
12 22 13
74 13 83
17 31 50
80 82 33
61 60 3
93 23 31
4 47 40
33 20 3
92 73 53
1 56 26
99 16 23
67 51 27
13 37 80
9 90 29
39 4 33
4 51 63
40 72 46
47 68 44
46 23 12
45 97 35
94 73 32
43 63 55
16 50 27
96 13 27
72 70 43
39 43 46
85 95 11
4 31 6
5 68 47
31 63 26
95 99 35
88 70 87
28 63 16
23 14 84
100 56 83
45 62 5
7 12 100
30 94 15
82 23 2
95 61 11
87 45 71
75 60 22
13 6 16
27 74 59
100 85 72
23 36 38
97 76 10
16 42 96
73 68 89
66 78 4
5 65 13
44 31 50
44 69 53
73 5 63
24 77 43
14 55 72
7 50 37
39 14 87
56 19 17
99 10 62
36 95 6
89 22 72
17 55 46
62 31 27
93 12 61
52 49 40
16 20 100
58 72 62
16 63 22
10 82 73
64 86 24
2 2 16
18 38 9
10 88 52
12 66 77
98 31 56
35 97 9
1 89 53
20 86 50
76 81 90
12 59 17
56 94 48
99 39 64
89 26 43
23 10 24
66 78 98
25 1 2
19 67 84
26 3 62
40 96 60
55 76 83
41 19 29
57 33 90
11 87 22
9 88 35
30 82 99
69 5 95
41 80 2
15 29 38
3 14 66
38 100 91
87 38 54
13 95 23
71 24 65
53 26 14
89 53 54
69 10 60
35 85 39
72 14 91
63 97 38
13 17 93
65 22 76
9 6 80
94 67 1
58 8 47
74 16 46
36 63 80
72 76 67
41 61 60
58 54 32
42 99 36
97 88 99
73 76 21
4 72 85
88 80 20
46 72 13
68 8 73
18 2 46
79 87 20
23 10 31
12 83 11
28 44 35
28 72 13
61 45 28
91 66 18
45 22 50
38 40 52
81 54 36
83 79 5
87 77 85
92 82 73
90 35 32
17 5 84
5 76 86
60 33 69
29 18 66
71 53 54
100 6 39
15 53 68
45 13 75
40 18 3
98 83 51
80 66 13
47 80 95
33 87 85
15 12 26
6 26 6
43 44 19
83 59 53
75 6 77
47 55 34
9 80 61
35 24 10
40 7 32
43 19 89
11 39 24
10 60 39
56 49 52
25 9 74
31 70 83
2 79 50
1 81 69
63 7 15
85 23 22
26 67 96
11 59 82
38 100 60
94 69 97
59 8 9
39 76 11
81 86 27
35 96 31
24 16 79
86 62 27
23 4 69
88 87 62
10 74 32
57 62 20
12 25 34
53 100 42
68 9 52
67 90 47
40 9 47
13 50 100
81 21 23
67 97 33
87 29 74
82 41 24
19 39 91
52 31 50
86 30 33
17 51 100
70 70 14
88 6 84
83 58 28
62 35 44
88 11 79
57 46 86
40 50 11
20 34 75
18 77 14
44 35 47
50 20 41
95 45 78
57 18 42
73 34 22
22 19 88
80 48 47
9 41 60
95 86 21
44 30 4
66 42 95
69 32 99
24 45 32
57 77 51
47 90 71
77 9 99
35 18 24
64 88 58
59 70 65
30 8 7
51 80 83
2 59 45
60 60 91
69 64 79
75 16 41
35 67 87
56 90 15
7 57 21
38 62 14
34 2 63
84 52 98
42 40 47
39 49 59
91 57 60
58 80 77
53 48 9
55 56 91
5 16 6
42 85 12
100 65 16
22 66 14
35 73 32
1 62 55
58 16 65
3 46 96
3 61 66
11 79 5
88 65 80
40 35 36
32 9 81
95 90 94
29 16 12
2 96 76
85 8 28
100 6 37
50 12 43
75 14 70
44 9 33
48 61 67
11 65 84
46 31 96
27 5 70
37 36 30
61 75 56
54 2 92
71 13 95
36 67 26
26 12 2
64 100 14
53 6 61
47 48 58
99 30 36
30 60 79
3 77 26
62 11 5
41 34 14
29 44 28
62 98 68
86 93 58
32 26 41
8 78 35
85 54 4
70 99 40
54 16 5
6 87 65
77 84 67
77 38 59
73 59 58
68 15 73
4 55 5
74 89 33
66 23 64
75 39 76
22 85 46
93 84 34
7 2 26
61 95 86
72 83 16
80 27 25
9 2 56
30 60 1
68 25 26
83 61 1
41 17 99
60 39 67
42 71 29
75 56 20
15 28 52
26 21 92
67 4 15
76 12 20
35 93 81
47 77 27
22 98 32
65 40 33
97 67 56
60 78 69
11 2 55
50 64 24
65 82 17
75 5 43
41 89 8
46 91 23
98 26 63
15 24 51
94 93 78
68 68 49
1 82 68
40 94 68
76 93 90
72 71 48
66 49 29
14 38 71
54 3 24
21 62 5
32 29 52
24 29 17
32 100 2
60 53 98
51 77 62
66 43 76
50 88 81
70 43 95
37 54 44
26 6 3
86 5 76
98 84 57
51 42 67
71 4 88
86 44 90
30 11 55
95 1 46
10 19 7
66 51 91
71 42 34
89 95 31
70 48 52
16 37 3
18 58 47
70 44 36
22 86 46
2 12 96
70 46 20
95 57 50
100 24 3
17 77 87
69 65 20
56 77 92
59 53 47
41 86 80
99 13 23
28 19 53
47 80 41
78 50 41
91 77 13
68 62 56
34 78 82
76 77 37
38 95 11
14 24 79
76 92 75
90 71 49
69 8 82
82 11 51
72 41 6
55 7 19
82 43 62
79 14 61
12 27 34
17 29 93
78 20 77
82 47 78
97 93 97
22 36 90
62 56 6
59 51 1
33 49 19
45 68 38
7 31 51
7 35 40
19 49 32
92 92 37
62 46 96
35 62 83
23 19 94
78 4 54
23 61 27
13 84 46
40 63 14
92 47 35
62 63 39
46 84 60
28 8 71
30 71 40
75 94 29
15 61 1
89 27 18
83 19 94
48 27 2
2 66 27
2 69 45
8 38 73
70 40 33
21 20 83
71 25 87
21 83 5
87 44 98
60 36 68
90 33 53
41 55 21
76 79 16
13 71 90
5 70 91
50 59 40
10 80 76
65 81 94
22 39 24
58 34 31
30 19 28
66 82 17
87 94 99
6 80 77
39 100 51
51 65 57
49 73 40
6 16 50
44 48 19
7 82 49
89 39 100
32 23 100
45 51 61
76 19 9
7 12 37
18 96 84
72 66 21
1 77 24
60 68 98
11 52 94
26 75 2
34 22 2
74 80 66
59 16 13
12 29 88
3 9 4
81 34 100
58 72 22
94 42 76
90 89 29
73 74 35
41 24 1
54 6 87
22 18 42
90 31 85
7 5 50
70 1 75
57 25 50
3 25 79
79 50 83
24 51 22
63 48 69
99 79 87
43 6 23
56 93 94
49 34 13
26 5 37
52 29 19
14 53 9
70 63 61
100 17 97
30 68 49
99 85 18
94 83 61
28 60 18
57 95 55
12 21 62
2 99 29
27 3 11
60 26 16
42 60 11
100 15 32
37 37 23
77 65 91
53 66 72
98 22 67
94 65 2
97 46 61
19 95 50
73 72 41
87 90 4
96 12 76
53 96 57
83 50 51
87 8 49
64 3 64
26 62 23
3 6 43
48 2 22
89 82 30
26 81 89
10 77 6
69 89 36
87 35 49
49 28 8
36 12 84
17 72 41
60 79 11
73 13 10
52 63 39
78 61 60
70 95 75
13 26 60
56 25 55
21 8 81
68 67 46
86 46 10
76 8 36
80 76 64
76 48 54
48 24 16
11 57 11
21 57 80
70 100 91
26 23 3
68 16 14
73 81 89
89 46 2
89 15 36
13 40 99
10 16 31
4 92 87
90 5 50
85 79 80
20 8 53
46 76 63
65 67 46
77 57 80
14 98 69
33 8 40
49 84 75
32 65 39
95 91 92
40 71 19
50 75 92
84 66 22
62 17 68
85 24 76
13 77 1
20 75 83
2 22 66
3 16 42
56 11 1
90 75 18
57 24 55
32 36 73
32 42 39
98 75 66
87 99 89
94 56 51
10 54 98
84 6 100
8 22 79
38 54 17
100 3 11
39 49 28
65 78 38
57 47 40
31 11 2
66 83 13
49 62 83
40 47 88
76 79 51
43 55 24
62 42 41
61 68 94
84 31 67
40 22 91
81 91 70
88 74 88
43 52 59
69 6 51
18 29 54
39 100 6
98 27 91
18 17 38
71 83 67
11 46 77
96 39 79
83 5 86
44 27 95
51 95 12
18 59 32
59 16 25
56 26 37
44 18 56
95 83 84
52 90 93
20 37 13
1 36 90
17 42 55
42 13 57
39 55 80
82 52 15
38 17 40
45 13 75
65 98 40
9 6 3
31 88 73
88 49 40
42 67 85
92 3 27
66 59 40
24 91 76
28 31 72
35 95 11
65 37 2
21 72 80
51 73 32
44 62 21
99 7 29
25 29 97
55 22 23
45 66 55
54 64 100
11 30 45
32 88 8
4 95 13
39 77 60
29 72 95
79 2 56
89 65 83
13 31 76
65 4 49
20 97 82
15 22 66
98 40 35
2 14 67
57 67 96
97 53 73
36 19 40
14 91 87
15 78 69
34 41 6
51 32 4
62 61 31
56 87 6
29 88 17
5 55 79
41 37 43
90 51 12
67 68 49
44 11 65
46 96 79
90 87 34
6 43 23
44 46 95
35 79 6
47 16 13
53 69 82
11 57 85
59 32 58
28 36 45
27 55 77
37 66 25
86 46 84
33 84 2
19 54 89
3 12 5
1 77 50
40 98 48
84 70 56
70 47 32
54 42 51
34 78 89
73 63 3
19 57 24
6 91 41
16 70 21
46 25 14
6 37 20
76 88 9
38 81 30
86 46 11
29 91 24
7 3 92
15 12 37
13 95 41
95 98 90
6 33 48
29 23 60
7 21 95
77 66 96
96 61 1
12 9 81
1 31 51
66 12 1
26 87 60
14 55 60
29 23 10
29 4 33
96 49 73
68 18 11
32 71 29
61 94 73
66 96 25
19 21 31
96 83 6
58 62 56
50 2 24
92 46 27
13 24 96
51 24 46
98 57 20
60 85 5
45 8 89
23 12 77
86 7 90
71 59 94
95 36 33
77 100 31
8 82 69
5 79 42
27 9 54
79 80 96
29 16 41
83 15 78
85 98 4
48 42 66
19 46 96
11 24 11
51 100 75
82 66 13
21 90 7
23 34 51
16 83 66
47 40 74
52 18 79
86 79 51
34 44 49
1 46 77
80 30 15
4 55 10
87 64 66
87 6 61
98 49 98
19 10 6
75 50 61
73 5 79
94 87 79
68 19 28
54 38 4
3 89 59
85 70 27
10 63 77
11 39 60
7 29 33
51 32 45
44 90 44
78 40 28
47 2 77
74 67 95
88 77 86
44 71 28
62 21 65
81 85 43
90 61 72
45 66 2
21 22 61
24 10 83
1 1 76
72 24 83
83 66 23
27 3 11
64 66 91
76 87 85
98 90 7
38 24 85
99 95 62
48 87 24
68 90 29
61 8 71
7 34 43
1 97 47
77 19 40
22 79 31
88 67 50
23 91 60
28 96 75
10 55 62
51 14 31
82 49 88
56 83 18
76 3 86
44 19 29
95 77 92
57 91 21
22 6 96
69 20 27
63 12 87
2 6 1
11 44 47
79 85 51
19 32 28
3 83 75
43 12 10
12 73 4
58 20 43
45 23 43
80 100 14
29 39 70
61 34 41
72 17 99
99 85 95
60 92 87
78 37 91
11 21 1
95 34 1
22 90 30
53 30 93
30 92 18
39 19 90
20 40 89
64 30 90
90 85 96
3 64 60
60 42 91
76 80 66
41 31 18
44 66 55
99 45 35
100 23 1
68 25 92
33 97 81
55 82 49
60 53 69
23 96 56
18 34 5
90 17 30
66 43 16
83 70 42
22 72 60
42 10 84
4 43 25
56 77 12
39 100 20
11 32 19
16 32 99
79 19 73
59 19 58
19 34 67
57 16 6
64 95 60
14 41 100
3 81 99
56 19 36
87 46 63
83 23 41
89 29 9
42 1 76
27 91 20
95 42 76
68 18 62
29 94 68
19 3 62
21 52 32
82 92 77
10 49 59
18 45 30
69 99 54
11 17 89
91 86 51
47 36 52
72 95 100
47 33 45
54 19 58
57 4 69
34 62 14
5 61 80
39 67 25
60 71 9
41 43 91
17 33 81
90 63 65
74 70 85
59 79 77
75 45 89
88 63 51
56 26 92
46 51 60
72 85 50
14 89 19
51 16 23
24 49 71
85 68 30
90 61 51
87 54 28
63 98 99
96 79 95
1 42 21
25 12 20
79 58 40
27 57 34
100 82 71
3 21 55
84 1 5
18 78 35
15 63 43
20 100 65
52 51 11
73 90 89
99 52 28
39 76 86
35 81 35
61 65 18
35 4 90
65 29 88
17 5 56
84 17 97
26 32 30
9 14 12
74 79 42
76 26 66
77 92 16
51 64 95
2 32 82
92 91 50
13 73 48
69 59 71
100 98 58
55 85 26
94 53 78
4 55 91
45 36 49
13 58 54
77 99 81
42 22 95
79 12 24
40 43 24
36 70 92
51 42 79
92 26 70
62 6 13
83 14 79
60 39 55
66 41 13
34 52 94
30 23 57
26 46 72
81 50 66
6 6 79
86 100 21
94 33 93
43 83 91
94 95 66
68 26 55
21 54 47
71 53 38
36 75 87
50 38 78
8 75 25
100 39 27
41 100 18
54 72 23
35 46 6
13 95 39
80 83 77
79 63 13
2 22 96
18 91 100
57 79 64
79 88 45
64 39 62
45 25 34
100 59 78
76 12 41
41 50 21
37 42 13
38 26 87
27 79 60
49 42 20
84 55 23
96 30 93
35 35 90
73 12 25
100 42 24
62 78 88
70 49 53
5 98 78
30 60 42
37 96 79
94 25 91
92 7 88
87 6 92
66 26 51
99 51 3
71 30 89
68 24 92
29 4 15
55 59 99
65 12 66
17 74 78
97 94 97
57 49 58
40 99 28
68 39 62
65 5 42
95 66 20
21 97 40
40 1 11
69 82 98
68 79 51
88 99 33
73 1 18
74 14 91
32 57 95
22 74 40
15 53 82
54 89 98
4 75 62
1 22 91
87 46 42
43 62 77
85 22 66
33 98 78
4 36 28
71 3 10
84 56 46
59 77 41
67 84 6
38 70 56
48 29 4
95 61 10
9 51 66
41 96 56
46 70 87
25 50 56
79 71 90
40 72 1
56 28 59
83 7 88
58 30 54
14 42 20
90 4 89
91 40 97
26 20 57
3 26 24
43 50 83
77 31 5
92 91 24
58 97 98
10 68 90
2 65 27
6 28 69
45 57 64
42 99 9
96 10 27
70 61 11
45 50 70
43 45 59
17 61 16
5 28 36
2 36 90
53 29 93
46 79 86
80 13 87
28 30 9
77 89 29
61 78 81
84 66 62
95 26 41
30 51 46
18 96 51
73 39 43
3 59 4
100 92 42
6 13 6
47 64 100
3 30 33
11 5 21
60 94 78
68 79 51
18 99 48
61 93 94
55 43 85
22 90 94
89 1 43
91 16 11
23 14 67
31 51 91
79 3 13
46 47 54
44 98 89
9 23 79
3 45 54
55 87 2
28 42 51
14 31 96
29 24 85
15 85 77
43 82 81
26 33 35
95 80 91
54 27 3
83 50 2
73 68 47
37 47 15
63 64 26
2 36 4
98 2 23
71 89 15
66 57 72
85 21 2
13 43 92
1 58 81
77 76 70
77 24 84
86 24 76
48 79 56
18 80 77
17 92 56
11 85 61
46 9 47
28 91 37
96 59 69
5 43 91
87 66 87
74 63 66
71 79 56
23 87 31
70 91 50
75 61 43
26 34 64
27 6 55
30 2 70
46 14 43
56 67 46
92 1 63
35 79 43
73 77 46
4 18 92
76 87 62
49 55 62
13 37 85
52 22 51
23 5 84
13 59 58
62 13 60
93 25 70
52 42 72
33 59 97
12 41 12
88 33 73
100 67 24
56 35 97
82 23 86
91 40 78
8 72 84
81 13 37
16 15 17
87 77 65
19 61 86
4 63 12
98 84 75
79 61 42
79 66 83
61 37 86
50 61 62
18 73 74
43 68 59
92 25 84
28 97 9
25 96 34
35 55 16
93 77 20
19 98 49
10 57 25
80 43 20
79 19 44
92 59 35
32 3 62
13 84 63
1 42 24
57 86 2
81 3 62
60 8 29
35 62 86
18 42 62
69 16 84
29 6 14
59 53 19
67 57 70
86 94 52
91 32 82
78 71 15
76 61 22
38 31 65
19 28 93
1 6 11
52 1 5
26 19 30
46 54 71
65 8 45
95 77 46
8 30 36
96 16 5
40 96 14
45 3 26
87 8 48
46 32 69
98 27 83
17 40 17
98 30 7
57 31 13
3 76 80
67 34 60
67 24 75
34 59 4
6 39 95
43 70 3
79 62 67
8 26 60
31 25 72
77 96 60
19 13 14
7 2 22
96 9 78
85 37 70
69 8 28
100 57 46
72 21 37
37 25 57
71 6 41
25 1 13
66 31 13
80 49 44
18 90 93
16 85 67
87 8 45
82 53 33
14 83 76
76 20 2
27 66 13
21 20 41
73 46 86
69 18 2
45 14 50
72 47 68
93 16 25
11 50 64
5 43 84
14 23 37
51 96 57
43 23 2
7 46 3
84 76 21
18 47 48
54 49 52
99 32 36
9 15 17
99 51 1
49 34 57
43 36 44
62 76 39
74 98 74
53 8 48
30 37 70
2 51 86
28 61 79
4 37 75
5 76 77
94 12 10
79 17 29
35 100 72
85 77 95
21 93 33
91 34 23
80 62 3
79 27 62
46 11 62
92 11 65
22 91 26
79 46 10
39 5 66
24 43 77
70 6 3
15 39 16
49 74 28
6 58 4
69 19 47
54 37 14
83 11 21
96 89 99
25 59 58
72 7 69
73 25 39
9 57 23
43 97 78
46 55 84
86 56 20
3 17 30
87 63 25
25 92 55
53 91 25
51 8 44
81 86 39
73 58 40
88 86 5
53 77 70
85 93 28
51 24 96
46 20 96
90 43 10
21 75 41
8 54 94
30 33 52
49 57 31
5 32 19
97 73 17
17 90 58
3 53 52
97 21 6
99 34 16
75 3 61
34 92 91
94 1 43
65 22 72
14 73 98
64 61 34
34 50 3
99 28 32
5 11 87
28 20 6
52 83 21
96 94 98
2 81 32
88 29 97
45 96 11
3 43 56
67 24 50
75 18 96
64 52 38
4 25 63
50 59 36
38 66 10
96 51 34
76 14 96
56 23 50
73 55 26
41 71 47
32 70 31
6 67 80
81 32 89
84 52 82
47 50 63
60 70 75
60 39 6
31 95 67
11 13 50
80 44 71
30 17 19
26 1 5
33 75 50
54 97 89
35 69 28
43 31 95
8 16 56
14 20 25
24 43 1
41 55 41
54 97 48
35 87 3
72 42 62
99 37 14
85 30 73
62 18 87
51 1 23
93 48 28
24 17 33
32 100 13
93 22 62
88 47 35
43 37 77
66 12 31
32 80 60
33 49 94
55 73 88
50 12 92
32 72 76
58 57 84
94 87 84
39 87 64
31 87 76
20 91 26
83 94 40
28 28 69
4 85 39
87 20 37
34 73 82
84 96 66
95 92 10
4 44 53
26 32 82
85 70 56
29 65 22
71 34 27
50 65 51
47 51 6
74 16 3
38 8 29
66 69 36
38 68 90
40 91 56
90 37 100
63 76 65
94 1 23
95 10 95
34 36 30
4 3 27
82 61 57
7 33 28
31 97 71
67 3 56
14 10 56
91 99 49
27 7 71
24 74 59
89 24 84
7 72 51
95 39 46
57 55 61
41 78 59
11 62 34
68 62 26
37 70 80
73 84 18
29 14 60
31 99 9
10 8 74
9 18 80
2 7 52
80 87 42
19 7 38
98 65 66
79 41 2
92 27 21
9 87 60
63 35 32
54 21 95
1 83 43
56 27 1
42 94 33
76 38 7
92 75 12
4 12 75
3 64 16
9 35 9
89 59 89
37 86 51
35 55 84
93 48 29
65 1 11
65 61 62
75 22 24
75 26 39
50 62 77
43 11 79
79 84 5
75 35 53
63 5 39
26 31 13
87 10 43
43 55 23
76 92 46
8 8 54
16 18 76
68 25 13
73 58 29
1 8 71
46 54 94
26 29 17
64 49 90
9 51 87
90 43 21
89 70 16
50 54 40
98 50 66
72 68 4
42 41 42
96 47 30
40 72 18
62 22 42
3 100 14
96 41 31
13 4 88
80 69 82
70 19 32
65 42 100
83 98 28
87 24 12
92 22 39
57 79 12
55 41 96
95 31 56
7 50 34
1 2 67
93 96 27
60 79 64
15 18 96
97 81 7
13 7 88
20 13 27
76 30 15
7 38 40
40 60 86
75 87 27
78 18 60
45 12 87
43 92 87
72 35 90
46 45 82
95 67 1
50 56 80
95 5 56
6 74 44
13 37 84
46 36 89
20 39 85
2 13 92
54 22 23
67 42 60
22 98 44
43 30 7
2 20 75
46 76 46
100 34 27
53 94 58
11 10 87
35 33 47
49 98 94
6 56 23
38 21 77
79 9 82
96 91 21
79 64 86
81 22 16
93 31 55
54 58 48
32 86 83
73 2 86
68 52 7
70 47 81
41 74 36
81 33 71
68 66 14
27 34 41
87 31 84
41 79 12
33 24 18
44 42 92
89 14 20
3 52 38
28 99 32
90 91 83
48 1 100
60 43 72
40 30 36
50 9 71
25 64 83
44 19 15
34 49 69
5 77 66
46 13 2
45 21 67
4 51 66
40 26 16
93 34 50
47 79 76
40 7 30
7 89 28
54 23 26
56 24 37
61 19 48
87 11 31
100 46 11
56 80 92
27 33 89
67 54 58
78 69 54
96 26 3
44 81 68
14 46 41
15 78 36
14 35 45
84 49 73
56 76 22
31 61 1
8 72 25
79 3 76
25 84 34
8 23 22
69 87 14
28 97 15
43 9 35
84 35 19
85 92 11
90 18 26
46 71 19
88 64 22
17 2 62
83 87 39
74 37 25
44 84 63
70 30 89
36 63 10
99 80 79
18 60 85
64 19 28
88 65 25
33 21 18
26 43 11
69 32 49
66 56 41
80 85 12
96 27 25
26 75 20
5 64 72
23 70 31
65 46 61
29 89 9
71 5 80
80 42 14
11 8 53
46 71 48
60 61 87
5 66 79
29 20 1
64 21 61
31 9 97
9 21 2
57 41 21
25 79 72
85 52 58
96 18 20
18 83 26
8 13 100
84 40 99
49 25 91
32 65 86
37 48 19
98 65 25
51 90 47
62 86 67
87 3 67
42 61 43
50 42 80
3 66 64
47 52 68
65 70 2
86 66 83
62 87 27
87 34 16
60 80 41
33 50 25
88 96 100
100 46 3
65 29 9
88 9 88
92 82 58
65 30 33
16 1 2
71 12 70
55 15 68
40 48 9
35 60 39
81 84 43
88 23 20
97 31 3
46 94 17
46 17 73
92 62 77
65 78 94
64 34 46
41 81 19
20 57 22
56 99 94
62 93 28
59 100 24
81 57 16
97 70 85
57 5 62
19 3 87
36 26 34
98 57 3
25 81 4
36 62 87
85 4 35
86 57 76
60 32 36
86 3 70
60 10 61
64 4 94
77 90 53
26 30 15
86 76 87
15 63 13
35 91 72
77 55 61
23 60 63
86 24 64
77 16 65
31 99 45
3 70 21
43 17 71
58 35 45
2 56 37
38 28 30
80 86 95
53 78 32
24 32 53
20 33 93
64 62 86
100 94 53
23 80 85
31 54 71
94 24 63
100 79 24
34 31 62
70 31 84
68 3 2
1 90 49
59 57 84
67 43 3
47 70 57
36 77 87
88 25 60
53 94 69
41 62 43
50 3 84
38 74 17
47 26 41
84 27 37
90 74 90
87 63 77
51 60 37
60 71 74
81 10 27
71 82 89
11 100 92
72 19 45
3 36 93
74 76 72
12 92 66
39 77 84
69 28 90
59 64 34
81 55 70
8 96 31
72 68 97
14 97 93
53 87 86
12 57 76
5 88 98
45 19 47
17 32 47
8 65 51
38 67 42
22 37 18
73 87 10
22 6 55
85 79 10
33 90 29
83 73 68
70 93 36
75 87 31
47 95 67
24 9 81
44 61 51
28 100 80
57 1 23
50 54 4
29 87 84
26 53 54
97 26 100
45 20 12
47 30 49
92 41 80
80 8 15
20 60 95
26 57 26
6 48 98
55 45 36
81 11 57
44 12 91
87 10 60
77 17 58
48 8 48
37 57 34
44 11 6
6 9 52
53 4 32
75 51 25
64 3 66
32 4 49
61 74 52
63 15 90
82 11 57
50 89 93
96 82 88
38 52 45
20 78 35
95 92 34
5 11 79
30 97 33
94 84 86
89 55 12
30 68 98
38 94 32
38 65 70
43 72 12
84 34 83
68 12 84
41 94 59
42 78 93
71 9 78
1 41 60
18 81 59
90 12 79
51 1 92
34 100 11
6 54 71
14 30 4
37 5 11
55 24 26
56 90 15
30 69 94
9 26 1
54 92 85
82 21 41
65 85 63
34 66 67
16 37 79
100 35 38
38 46 6
26 2 10
37 62 83
5 26 65
71 55 50
47 30 36
48 47 81
22 69 9
4 7 45
97 83 10
26 46 26
52 79 76
85 61 23
43 85 79
1 46 5
53 70 22
75 61 91
27 45 47
12 26 41
75 85 72
89 6 60
80 4 19
40 42 100
50 97 48
53 94 35
65 90 82
57 65 92
19 80 85
10 82 71
7 23 66
59 29 99
92 58 81
17 47 52
45 12 51
61 24 76
80 13 96
61 3 23
52 69 58
55 88 29
88 34 43
80 94 19
21 13 84
1 60 22
89 53 99
69 48 68
84 54 38
17 14 64
67 1 76
41 72 24
33 49 54
5 69 81
54 96 43
49 9 32
89 58 90
31 12 43
27 91 80
14 75 63
97 20 41
28 2 100
44 80 56
32 65 56
67 89 71
2 35 30
46 18 79
71 82 15
73 65 85
100 22 23
94 51 26
71 34 55
79 85 86
96 67 37
1 73 69
62 85 13
91 16 87
61 51 96
14 59 45
21 21 25
54 29 30
6 56 22
39 78 33
78 17 97
38 41 25
77 71 52
48 11 34
18 81 40
54 63 31
36 66 63
55 49 74
81 41 34
86 62 16
29 28 98
70 5 64
68 59 90
15 61 80
75 70 22
86 52 53
34 87 55
10 90 49
62 41 92
97 100 80
78 15 4
54 34 95
45 22 6
22 50 100
83 30 38
6 61 84
51 69 33
60 88 81
50 42 70
78 76 92
87 28 7
29 84 18
15 19 29
12 10 79
40 56 6
43 83 5
64 89 90
81 25 63
45 93 30
24 5 10
96 28 47
10 77 51
52 86 10
25 17 90
18 8 54
38 52 40
51 69 82
74 43 3
43 41 65
92 80 63
29 21 16
37 83 24
80 56 77
46 33 82
45 93 9
35 74 45
74 21 13
5 37 31
37 52 8
17 2 92
88 35 82
77 85 65
34 43 34
39 35 88
10 92 5
78 52 81
66 62 57
55 58 71
77 90 45
97 50 43
73 67 41
48 11 80
83 60 22
12 22 63
70 79 86
57 70 27
54 81 49
67 30 7
94 8 52
60 11 86
63 96 1
67 77 22
74 3 24
12 12 62
68 94 30
97 61 64
62 98 74
58 93 45
31 93 30
22 90 35
45 21 62
66 97 81
95 51 84
72 3 63
68 88 36
49 67 10
61 24 77
10 62 50
99 100 72
43 7 38
4 1 22
49 79 12
81 35 17
64 65 14
72 38 94
9 28 73
45 49 94
73 12 61
76 86 76
43 80 100
29 17 36
54 95 57
42 18 64
45 30 32
9 93 36
58 21 83
10 60 96
46 71 54
90 8 32
86 50 65
32 43 11
65 94 82
32 22 80
67 33 17
29 11 77
79 79 34
7 67 80
42 39 37
61 37 11
26 27 65
49 62 60
97 11 87
69 60 76
99 64 76
56 11 66
55 53 8
68 23 39
65 90 52
78 49 4
63 14 41
50 4 7
81 50 51
79 86 18
12 53 59
49 10 11
15 62 14
14 49 69
48 51 10
71 23 13
8 73 38
22 21 18
69 47 93
32 91 10
64 3 77
52 15 69
91 50 70
33 53 74
26 79 86
8 35 71
94 91 24
95 77 100
50 61 64
50 93 89
33 91 25
8 68 71
67 18 24
5 38 49
48 48 7
51 72 50
23 2 5
90 34 21
11 87 77
91 73 98
54 31 62
29 57 22
26 37 67
84 72 77
65 76 10
61 9 38
1 23 1
85 35 59
88 94 32
12 50 66
24 59 74
85 4 93
9 37 27
20 90 30
73 44 52
84 67 12
46 81 36
34 84 87
85 3 5
54 39 10
92 92 3
38 20 34
28 9 35
98 25 56
76 24 56
5 34 27
49 82 78
27 89 9
43 42 72
29 69 82
63 64 3
28 31 37
92 67 64
42 55 34
94 40 8
43 51 11
11 49 35
53 20 24
19 70 61
84 22 96
98 76 95
40 14 67
83 55 80
89 88 15
83 45 47
82 62 91
44 3 57
24 67 2
43 5 11
71 8 99
67 66 5
85 55 95
16 77 79
24 92 85
44 92 6
92 64 91
81 9 99
52 98 19
24 40 47
62 46 16
77 16 80
15 80 92
12 95 1
64 1 23
12 3 26
49 12 26
76 63 92
65 42 96
96 80 62
99 62 67
90 66 57
3 84 76
42 52 15
65 34 46
61 94 74
30 32 90
2 63 61
58 40 52
74 90 89
38 75 65
93 60 31
57 41 70
65 56 62
55 67 95
72 17 4
82 81 32
80 37 57
33 80 76
53 91 3
2 80 41
82 10 43
42 58 74
81 24 27
66 45 52
23 36 73
21 57 80
70 1 76
4 76 77
17 87 63
31 99 71
81 40 44
80 28 81
22 27 34
9 30 35
85 61 16
43 94 35
50 41 39
3 63 95
14 37 41
93 98 54
10 25 39
86 100 14
45 18 62
36 84 14
33 23 11
13 7 28
52 67 66
88 80 43
89 66 86
22 28 68
3 69 71
37 49 99
39 67 51
17 80 75
37 23 56
91 17 69
29 19 32
31 67 63
46 61 50
88 42 51
26 23 34
75 20 14
82 20 65
17 98 53
96 87 14
56 87 79
75 41 5
58 48 82
69 1 37
65 9 35
80 35 8
96 34 3
76 57 34
98 11 76
38 92 25
33 93 90
48 4 71
87 31 2
94 18 12
44 67 96
92 26 95
66 18 26
8 1 60
5 24 43
52 22 84
49 14 84
37 83 1
87 72 14
72 7 19
83 54 59
86 53 54
56 37 31
5 18 11
87 97 78
73 86 23
44 32 88
5 26 83
98 55 16
89 21 31
51 50 60
82 80 43
19 48 74
2 47 82
67 80 11
100 25 21
71 50 43
77 60 3
74 72 34
35 2 91
39 46 67
75 60 87
51 78 89
4 62 27
47 83 16
25 47 33
97 2 86
23 91 6
77 5 34
83 80 55
90 76 67
2 71 78
36 73 48
28 91 66
70 27 5
75 65 55
30 34 6
33 89 59
85 72 14
44 58 4
34 47 28
74 73 71
73 18 87
57 83 6
99 34 13
68 68 93
90 56 12
89 64 66
40 31 62
79 84 92
5 97 54
56 83 5
24 8 15
94 71 28
78 68 69
6 10 67
59 65 57
39 22 42
15 84 16
95 26 22
76 81 44
1 74 49
27 66 77
91 22 31
63 94 38
70 78 35
71 75 18
71 17 58
85 62 20
56 86 64
37 15 53
7 86 3
70 87 22
12 58 9
97 73 44
67 100 77
57 20 34
75 65 46
10 68 93
86 38 89
38 5 55
80 3 34
13 59 8
33 20 84
44 60 83
26 40 48
47 35 98
21 93 81
81 26 65
77 19 44
93 56 91
73 80 5
47 25 12
70 40 28
9 25 91
54 26 10
89 51 26
55 6 64
78 17 93
27 80 50
7 73 17
3 78 73
65 3 1
33 18 22
89 1 84
50 5 34
50 64 84
44 66 6
56 22 96
85 81 48
27 43 50
10 74 47
14 63 77
4 100 27
89 33 53
51 77 46
5 100 21
51 9 68
26 100 62
99 88 36
35 51 96
73 54 89
51 9 71
11 90 89
12 40 47
18 81 88
79 5 23
73 84 85
76 54 17
94 14 11
87 41 31
98 2 55
5 58 48
69 83 55
79 85 77
3 88 19
88 77 67
11 7 49
28 1 18
58 88 54
93 1 10
74 43 50
19 25 1
34 74 49
26 93 69
51 12 16
13 53 58
10 58 19
39 43 65
67 48 7
90 100 84
32 9 82
87 43 91
16 74 7
7 19 48
97 53 54
94 65 83
38 32 53
3 49 15
33 48 94
67 86 13
55 71 47
48 10 14
11 36 8
18 38 71
66 38 81
31 31 24
14 32 30
76 61 79
47 49 52
87 43 14
85 31 83
82 60 62
26 57 64
49 32 47
25 26 76
36 75 20
40 37 96
3 47 48
62 84 91
70 17 49
89 23 84
72 57 51
74 25 46
82 25 43
25 25 43
78 43 57
95 70 56
9 56 34
59 89 88
75 24 65
41 90 33
60 10 2
64 16 41
56 12 66
95 50 5
69 72 42
45 33 49
89 55 76
29 42 27
65 97 73
55 25 18
80 37 16
27 3 27
68 25 70
53 52 7
79 58 74
83 16 22
53 93 73
66 72 42
78 79 2
55 10 79
61 55 12
1 63 31
56 80 23
52 41 2
89 54 88
37 88 44
42 32 81
61 81 93
59 92 14
87 57 75
66 1 42
83 86 21
12 94 40
81 57 13
26 97 49
1 87 1
64 34 14
56 68 54
69 73 81
84 23 13
46 11 76
14 14 11
72 43 21
75 70 5
13 90 59
25 49 38
87 68 53
99 14 12
11 74 32
93 90 29
81 43 70
67 35 32
97 81 93
45 16 92
12 93 44
92 6 50
75 8 59
86 58 59
62 60 75
18 89 32
38 50 27
92 100 61
22 12 1
94 45 71
70 4 88
49 45 90
8 7 17
5 77 6
6 69 8
70 15 97
83 30 32
83 54 97
19 16 85
25 22 92
95 9 44
16 58 8
92 75 92
40 77 18
45 85 62
99 29 78
17 15 94
91 58 44
9 66 22
94 97 98
64 54 30
31 74 47
16 51 84
32 71 89
97 96 26
45 7 38
17 81 68
49 98 35
2 54 35
9 65 92
36 78 45
27 51 2
23 83 77
17 18 43
66 5 23
98 15 40
100 98 52
35 67 61
36 76 85
45 94 19
9 47 99
92 80 20
88 9 48
32 45 88
52 36 74
19 14 80
27 29 78
83 98 47
94 100 70
62 57 79
32 56 95
79 83 77
63 2 76
28 63 12
91 11 62
27 27 25
16 70 22
48 92 75
19 69 54
40 93 49
26 66 43
54 8 4
38 38 58
82 99 19
10 55 84
33 82 89
2 64 31
91 63 3
9 51 67
66 15 36
86 41 67
12 13 63
51 95 37
76 85 16
75 76 70
89 39 60
69 67 83
97 40 94
19 86 96
71 39 96
90 41 92
98 78 99
3 71 93
22 84 25
13 73 53
79 23 72
2 75 50
60 43 14
98 80 25
1 42 57
63 95 23
18 63 56
48 21 16
58 1 27
40 65 55
53 36 59
97 20 14
41 24 46
72 56 41
80 83 31
58 79 64
22 86 55
28 92 20
84 92 51
13 88 32
81 32 45
25 50 95
76 77 41
4 95 18
26 60 92
74 88 94
4 35 45
68 62 72
3 14 24
46 20 67
81 67 37
22 15 90
32 44 94
37 56 60
13 99 38
56 85 75
1 37 62
11 9 97
83 4 7
79 22 84
71 72 14
74 11 67
100 21 85
82 31 6
99 15 52
80 7 82
1 86 27
10 83 62
60 88 40
97 63 26
93 81 99
43 5 27
2 55 87
27 14 37
86 54 8
14 28 71
41 43 26
69 81 44
59 90 58
49 67 13
80 51 11
59 81 45
57 65 95
65 64 6
64 97 71
73 32 81
38 57 77
30 62 3
35 37 92
22 44 32
17 10 43
43 12 20
37 67 1
33 70 77
70 25 60
49 81 71
24 15 28
50 47 81
16 64 24
12 56 23
16 3 50
56 96 27
15 22 14
84 72 18
3 66 91
94 21 70
52 71 93
43 27 60
58 8 69
21 22 86
47 55 51
72 58 35
57 67 83
94 20 84
82 52 29
31 48 33
37 55 46
21 50 63
46 91 31
18 97 44
72 26 80
26 69 7
77 88 44
23 36 48
53 33 54
59 81 68
53 23 5
39 75 2
17 26 85
59 91 21
2 5 84
31 77 14
81 59 89
83 42 64
19 94 7
51 81 48
24 70 96
58 73 33
78 47 89
37 28 94
35 52 45
88 80 31
52 66 50
39 79 12
18 32 88
48 82 90
72 57 5
91 83 95
100 66 92
56 32 89
92 82 35
57 91 76
54 76 70
19 10 43
82 75 3
53 59 15
97 8 45
24 17 58
25 3 22
71 29 36
68 79 95
16 1 10
38 18 60
82 41 83
62 41 67
95 45 38
93 96 66
31 28 32
28 84 72
22 6 79
17 86 23
95 57 22
8 74 99
66 77 62
93 31 56
56 51 37
32 66 79
32 83 24
42 53 59
47 41 18
99 97 89
10 37 92
37 83 31
20 34 66
5 58 15
96 53 44
34 56 51
50 16 85
37 74 93
96 51 60
40 9 94
18 67 75
85 86 95
32 3 26
59 90 29
29 93 94
85 99 49
39 54 7
83 24 70
25 65 62
72 22 51
28 46 25
92 53 19
37 68 78
52 84 11
78 40 97
24 76 2
16 20 31
6 51 91
57 2 80
47 61 75
4 60 72
14 83 50
52 83 85
34 39 1
17 80 70
65 16 13
68 53 82
48 18 77
60 97 19
88 72 57
32 46 43
57 93 94
15 38 7
87 26 1
35 57 85
89 93 98
46 84 50
4 31 25
82 9 69
82 37 96
36 74 71
16 33 69
43 1 2
40 6 70
94 26 50
9 55 51
6 29 98
58 97 9
31 44 97
99 90 68
6 60 72
37 63 65
3 60 84
95 1 16
82 17 44
59 61 96
32 78 99
16 41 60
32 67 55
35 98 90
90 46 18
82 40 32
98 28 40
58 94 15
28 99 54
91 58 40
37 83 84
56 53 49
42 78 17
4 91 67
62 2 22
73 33 30
84 41 14
29 53 89
58 95 11
89 11 13
95 88 19
29 42 16
94 75 61
18 85 96
87 76 14
94 29 73
22 15 29
57 18 72
81 3 20
8 78 89
22 89 44
42 37 76
22 70 50
23 97 52
3 79 65
38 26 95
18 40 82
33 8 52
17 21 31
20 37 87
88 89 28
80 18 72
29 26 83
57 94 15
69 2 61
31 85 24
6 63 6
68 38 53
51 95 80
36 94 33
2 64 57
20 6 55
19 40 7
56 38 93
99 46 18
15 51 39
81 31 37
72 79 14
35 87 37
96 16 50
82 64 79
35 88 4
26 44 74
50 10 63
40 50 85
57 14 26
41 63 60
96 29 88
28 64 24
43 89 32
91 2 66
6 74 29
41 55 23
3 32 4
10 6 72
44 81 8
14 28 45
57 22 13
85 62 41
72 3 85
48 64 26
23 24 21
98 73 15
8 83 43
35 18 56
20 69 8
52 16 80
69 60 56
82 27 65
69 96 65
1 46 14
13 15 97
83 27 62
34 23 76
92 26 86
91 83 42
44 24 65
39 34 66
8 76 3
91 70 50
24 25 10
94 97 94
43 98 17
21 27 60
56 24 51
50 25 64
54 87 1
12 56 23
72 46 79
94 49 9
95 58 44
89 73 59
26 45 58
8 81 47
63 10 65
22 89 17
35 31 25
31 72 91
50 68 17
64 31 57
41 78 33
84 58 71
31 64 2
61 72 51
93 77 14
30 46 62
15 67 46
45 73 53
68 21 77
99 46 100
46 55 31
73 42 39
57 58 28
81 55 26
57 66 96
22 78 74
53 57 50
85 22 72
100 87 62
30 55 12
2 76 1
14 19 78
69 48 71
57 46 21
66 94 88
19 99 58
8 62 79
70 91 21
8 16 95
71 55 42
58 63 46
13 96 76
19 32 53
95 51 39
100 26 79
37 75 86
36 38 98
71 27 50
23 1 63
79 36 81
57 83 86
42 92 22
51 53 19
13 71 32
94 23 6
78 34 75
98 48 28
50 13 27
40 20 100
51 64 25
92 35 88
9 77 80
14 2 96
34 25 27
30 61 51
12 17 30
78 62 77
87 60 12
55 59 33
19 46 26
62 44 81
56 68 69
31 6 31
67 15 89
28 1 87
70 14 1
93 61 80
77 4 49
100 70 34
11 54 94
2 46 25
84 61 84
72 91 70
66 100 61
100 44 17
52 3 39
47 100 20
64 18 77
68 100 51
53 69 98
5 64 92
49 38 90
82 86 66
10 70 86
44 14 70
19 60 2
75 95 14
85 51 55
20 96 77
92 79 1
47 73 54
69 28 69
86 48 93
52 68 30
73 19 99
77 11 50
78 33 47
23 82 49
81 32 69
99 97 49
46 39 91
71 23 92
38 79 13
86 89 15
18 78 99
81 86 6
15 60 83
55 56 1
33 57 62
16 43 27
27 70 80
17 2 50
89 97 35
16 86 37
37 76 56
65 35 54
91 32 8
79 63 3
53 90 32
87 55 3
81 82 98
89 100 11
51 88 44
46 25 23
32 40 9
78 59 45
34 85 18
21 18 1
40 79 70
73 57 72
67 43 57
96 29 4
43 36 88
46 62 77
38 74 8
97 29 9
22 34 39
67 52 19
49 16 43
25 33 99
61 25 80
30 11 50
92 100 14
77 16 95
55 3 80
60 35 38
44 6 31
65 84 14
7 26 80
79 74 68
24 66 20
42 50 100
22 84 37
11 77 83
95 12 5
75 35 94
30 53 98
51 79 70
70 17 89
87 21 65
35 36 81
84 60 11
46 17 88
35 87 57
2 2 25
18 39 66
47 28 30
60 95 84
70 72 64
50 16 63
72 97 29
35 95 12
51 55 63
6 75 34
33 23 66
62 65 62
23 89 78
4 42 80
63 23 72
53 36 44
90 23 83
3 76 27
58 5 96
12 84 76
11 88 49
94 98 94
37 33 69
37 5 10
83 41 50
40 49 32
100 47 98
87 1 76
52 32 44
65 86 60
58 86 5
86 49 48
48 26 39
25 87 92
49 95 77
16 85 96
76 81 94
20 66 12
47 32 49
8 99 94
66 2 42
89 2 21
74 59 47
12 62 55
90 14 5
62 2 76
63 45 30
1 30 54
82 7 74
10 1 84
56 5 57
25 26 37
95 45 78
83 53 33
25 61 92
8 89 94
4 24 56
12 15 81
49 7 59
24 15 69
91 51 80
35 54 90
17 84 6
86 47 93
89 93 90
69 39 70
30 94 81
44 14 21
44 73 36
62 24 51
58 47 49
80 13 96
86 61 3
89 84 83
18 30 7
54 2 62
96 97 53
2 18 77
62 1 75
57 2 55
72 73 36
45 100 37
57 15 58
51 60 34
76 37 85
82 78 9
72 46 72
75 95 67
82 91 3
63 41 13
36 30 4
9 70 86
41 33 97
44 63 62
41 38 49
37 36 78
26 37 13
43 56 66
11 80 91
62 96 70
77 17 15
98 73 90
84 85 1
51 41 46
24 57 61
26 55 20
10 55 41
17 67 50
11 41 95
38 61 80
30 5 92
77 98 48
33 68 7
38 65 75
65 83 5
80 25 23
74 37 66
2 85 65
44 34 1
49 54 30
20 43 13
6 80 83
11 80 14
61 55 37
67 56 16
12 21 46
12 24 2
89 32 59
10 48 4
12 79 51
43 80 24
68 73 30
69 82 54
37 75 79
61 13 1
20 71 7
12 19 48
64 62 60
45 51 1
36 2 25
89 8 40
68 35 48
24 64 26
27 24 50
81 23 72
55 10 70
83 56 5
48 91 62
69 100 3
100 31 27
54 31 12
74 75 63
79 21 43
48 84 16
48 11 72
39 42 100
16 86 11
60 45 94
45 40 7
44 70 20
91 53 35
92 64 14
11 50 1
47 74 48
68 62 25
36 65 100
54 44 69
3 10 67
64 50 41
48 50 1
9 13 57
3 2 84
49 13 55
6 92 62
93 61 5
23 11 2
72 34 26
87 50 41
87 31 70
83 81 99
33 39 6
16 54 59
69 59 19
6 44 54
36 95 65
46 13 76
25 38 97
96 48 47
62 65 83
10 95 46
44 75 70
74 48 59
69 39 76
13 83 96
55 82 40
72 93 54
49 12 70
75 19 9
67 82 74
73 87 83
55 60 37
78 13 46
15 48 68
46 80 63
90 34 92
37 29 74
85 30 7
42 66 92
56 85 37
53 15 33
80 29 44
9 23 63
76 21 23
6 80 83
81 95 16
50 26 21
10 7 71
57 24 56
99 87 26
36 72 64
100 59 89
16 77 10
58 34 62
83 49 98
84 91 85
48 20 63
79 11 31
52 14 18
79 89 74
44 69 19
19 86 2
56 2 65
26 37 14
11 44 78
18 93 98
56 71 9
12 70 20
52 53 45
34 88 53
21 77 6
93 53 49
9 85 61
57 97 47
23 95 83
84 64 6
76 7 8
90 78 32
62 10 95
97 99 93
56 2 1
89 5 39
63 46 91
81 83 80
32 76 62
37 24 2
96 27 61
58 100 26
59 70 61
41 75 20
78 6 85
42 65 87
45 38 74
68 42 64
34 62 85
53 95 39
19 60 42
59 11 72
83 46 96
16 30 88
58 67 56
93 55 41
75 18 64
34 76 56
92 55 70
82 2 83
55 37 100
18 78 28
8 27 3
7 72 84
32 15 99
36 25 27
14 50 14
71 5 60
99 64 41
43 2 42
71 52 69
10 84 70
41 24 26
83 90 82
88 4 71
87 62 51
44 69 9
87 64 13
67 94 98
17 23 37
52 93 4
40 63 70
21 65 20
84 35 52
78 83 24
28 58 69
58 76 2
99 34 37
33 3 77
48 9 88
58 17 29
67 26 77
8 7 88
33 1 79
92 83 55
70 38 35
82 86 87
34 2 5
9 28 7
41 54 49
28 41 76
16 80 43
87 10 34
30 30 40
5 79 92
46 11 66
93 87 76
88 30 9
30 58 8
10 70 21
87 40 32
71 20 1
91 40 45
74 5 43
40 79 85
38 23 86
21 62 11
34 34 65
86 22 67
82 17 7
26 54 7
74 89 52
51 91 21
18 63 95
31 81 8
5 9 81
92 32 78
62 39 46
37 6 1
27 20 1
33 37 72
97 99 53
68 22 2
87 74 44
9 90 82
31 80 22
49 30 4
49 4 82
88 34 26
98 26 3
97 60 55
7 43 46
68 74 29
58 79 2
59 52 40
93 72 34
72 11 43
1 21 12
7 50 91
46 90 81
49 82 93
69 12 66
12 79 31
10 29 44
23 74 98
45 49 9
52 32 19
61 29 4
13 55 85
38 39 96
53 23 72
25 58 48
82 11 55
36 70 46
44 69 99
11 25 24
37 26 42
9 1 51
24 45 36
70 21 25
93 4 53
5 74 58
43 15 19
14 30 28
9 46 60
44 88 38
58 45 58
29 20 3
24 73 33
38 28 97
59 24 62
65 31 65
66 52 9
75 42 6
12 96 95
85 60 16
9 91 87
75 70 11
11 91 100
76 4 8
33 57 43
18 34 21
76 91 100
10 57 60
94 40 44
47 62 65
47 76 70
86 54 49
4 96 43
82 14 56
76 38 8
97 77 87
63 70 12
77 60 64
13 80 91
22 10 95
25 62 72
97 85 21
42 88 36
35 14 75
83 49 59
6 59 73
98 90 9
50 63 24
7 83 13
79 72 67
26 92 27
96 2 13
54 68 74
61 23 25
94 56 85
56 27 13
45 98 73
39 79 91
52 93 40
72 81 45
39 28 38
43 86 92
66 68 49
64 95 42
44 40 33
77 73 30
24 70 91
25 23 26
69 64 16
24 91 65
99 53 29
25 100 22
15 31 79
64 83 80
57 28 35
1 68 98
1 50 14
8 11 70
75 24 96
71 62 5
15 84 76
7 3 60
77 100 18
52 4 74
33 45 4
1 76 6
28 13 34
60 26 14
33 90 73
90 88 78
88 64 16
47 78 94
70 61 55
56 66 87
6 65 14
48 84 6
98 69 32
82 73 9
46 28 78
78 14 31
17 18 86
74 21 25
78 46 13
24 34 80
11 61 5
91 14 57
11 64 51
79 94 78
78 76 83
90 95 34
90 93 8
91 83 84
59 33 81
84 48 99
21 24 18
79 8 45
86 36 32
30 99 15
88 18 41
40 72 22
18 31 64
59 1 72
38 88 8
3 56 76
63 87 86
27 21 91
43 93 32
30 18 64
49 13 50
97 47 54
64 98 53
91 74 90
28 82 52
17 99 78
35 89 97
66 95 61
63 69 38
97 55 96
87 78 9
97 87 11
13 99 17
27 56 51
30 81 68
24 84 42
66 6 2
6 80 65
87 50 91
79 31 3
51 75 83
94 74 73
97 92 61
42 67 10
93 2 75
94 61 10
77 98 58
4 46 96
40 27 70
6 87 91
91 71 28
27 96 22
72 50 46
55 64 60
27 2 56
97 76 3
91 1 27
67 76 22
44 77 84
88 32 15
25 43 55
43 22 96
91 51 80
29 2 96
89 57 96
34 75 79
19 42 87
72 87 65
51 7 52
70 98 73
16 90 40
10 13 26
24 64 37
40 67 22
77 69 68
78 41 37
20 39 84
27 49 7
43 54 48
73 38 82
94 17 33
30 59 40
20 46 5
2 6 92
92 11 31
55 82 94
35 35 44
27 65 26
95 29 48
16 53 90
34 31 16
24 49 71
41 13 83
3 47 53
94 29 53
64 40 88
75 89 94
8 5 96
91 56 84
50 66 20
85 93 58
56 95 83
66 68 90
26 82 54
18 63 87
99 22 3
99 43 85
66 75 39
75 91 27
13 7 68
3 71 32
46 3 55
5 36 73
52 16 34
64 18 64
17 16 79
68 97 52
91 95 11
55 4 71
7 10 57
78 2 76
17 37 26
52 62 72
59 24 96
46 43 56
55 76 79
23 66 11
48 16 21
12 84 23
15 7 4
52 16 70
35 68 90
10 46 23
69 57 75
26 54 17
70 19 38
76 16 80
7 64 23
24 62 23
98 41 77
23 49 29
57 91 92
32 91 95
30 47 97
31 22 34
96 35 52
3 32 49
48 62 51
14 49 36
10 98 9
90 70 14
2 56 72
87 49 73
33 45 52
33 89 97
88 89 52
39 7 35
45 53 48
33 29 7
78 57 10
42 72 61
82 86 18
30 25 37
1 8 68
82 5 46
73 37 83
23 86 23
69 51 67
81 4 78
96 57 41
32 32 90
63 49 54
8 99 68
52 55 51
33 85 86
83 85 75
62 89 73
97 6 96
89 94 35
16 89 52
97 69 30
16 96 72
72 91 79
100 37 85
25 80 26
92 77 87
77 75 22
91 11 14
33 39 6
22 42 50
23 100 92
32 63 57
90 13 96
35 32 48
73 12 66
39 31 39
52 62 34
100 86 11
15 75 77
77 72 16
30 29 4
33 53 69
78 33 4
51 26 67
44 19 53
88 37 26
92 58 53
17 63 91
16 17 90
29 80 84
65 50 41
47 3 6
60 42 24
71 83 26
18 55 46
14 40 52
43 72 80
37 18 50
96 6 3
94 50 2
29 62 84
92 97 58
15 22 79
55 56 43
78 9 69
37 25 5
74 93 9
22 12 21
36 35 47
89 11 39
24 37 46
95 96 13
54 13 11
33 4 52
55 79 100
20 60 84
83 37 6
73 40 58
9 18 84
30 15 28
59 51 23
85 61 96
43 40 30
60 39 24
100 76 83
69 55 56
2 11 51
77 72 83
78 76 72
6 62 75
57 75 55
4 17 52
97 12 72
63 38 99
28 89 40
31 27 76
67 89 38
33 26 83
92 32 8
69 40 97
21 81 58
40 59 54
93 87 5
57 50 42
19 65 80
15 94 88
14 44 90
47 11 72
26 73 54
31 3 66
1 90 47
64 25 21
2 50 20
95 45 69
95 74 82
95 33 17
58 11 39
12 26 31
79 27 51
81 64 76
53 16 84
44 89 36
32 52 28
63 39 46
74 73 33
27 24 65
47 45 38
47 62 14
100 94 82
82 55 5
51 96 31
15 77 31
11 24 16
8 56 50
86 81 53
41 58 9
77 35 7
32 1 42
45 50 10
68 97 68
22 35 68
26 21 2
77 98 54
37 39 75
38 31 26
21 92 24
47 59 99
23 55 26
62 24 20
37 21 50
76 10 75
64 56 87
29 26 37
7 95 100
25 26 13
36 54 36
95 4 19
50 53 40
72 73 28
32 76 51
24 28 82
19 30 28
86 31 84
72 96 43
52 66 6
74 85 42
95 84 24
19 2 84
32 38 30
42 11 55
87 1 16
90 12 46
26 88 73
98 43 23
41 76 72
73 43 41
54 84 72
78 66 27
2 13 86
91 23 25
17 25 27
6 18 43
95 98 38
42 44 17
83 41 100
66 83 23
68 50 85
48 85 77
46 46 55
82 27 42
20 91 79
16 23 12
24 17 54
92 44 74
27 16 60
40 61 2
57 16 26
9 51 57
43 13 46
28 37 64
14 95 6
10 58 89
56 13 26
98 70 42
92 75 91
72 22 2
49 52 40
24 79 51
41 19 59
27 31 79
85 53 97
89 5 11
88 30 38
71 66 86
21 58 8
54 10 92
48 54 78
94 52 78
52 36 73
85 21 72
30 57 24
38 26 34
89 52 30
75 36 78
98 81 54
18 89 58
75 25 51
34 83 60
85 33 8
61 84 6
12 76 26
89 62 100
88 47 59
32 72 60
87 95 41
28 3 18
53 54 59
76 92 2
23 13 84
1 92 6
6 67 12
7 24 70
41 95 80
32 8 82
43 4 99
19 32 89
85 75 18
86 82 19
19 27 10
59 40 36
98 38 9
94 35 74
97 40 48
37 11 92
20 1 46
25 96 42
96 52 30
86 49 28
30 30 32
89 62 23
22 99 17
22 45 32
93 66 24
54 25 62
83 4 17
68 19 36
62 11 5
82 14 60
32 8 33
77 77 85
15 3 27
45 18 46
94 62 6
48 65 6
20 61 13
43 5 16
15 63 11
39 71 35
69 87 55
63 40 89
69 49 44
86 21 23
87 27 12
55 9 32
39 51 13
79 22 24
30 19 68
64 86 79
66 75 43
20 64 65
11 38 28
47 88 59
24 14 61
40 54 9
22 11 34
97 5 84
25 93 48
1 40 47
10 6 5
35 46 23
66 93 73
82 43 83
92 100 87
64 88 49
1 96 61
56 49 48
73 18 39
23 93 68
72 8 32
17 77 75
11 48 9
9 21 6
63 74 15
98 82 49
78 4 68
67 11 77
18 95 79
33 32 9
70 86 95
20 88 90
7 40 74
4 90 89
52 90 68
54 70 43
31 25 83
77 27 67
17 2 22
18 82 88
11 93 71
65 63 76
47 62 75
9 15 49
11 58 17
13 24 5
37 23 57
57 64 12
71 17 53
25 47 73
65 72 1
76 31 39
28 35 47
6 57 91
95 59 99
20 8 90
13 98 89
12 40 49
88 39 75
32 61 50
82 23 18
34 14 85
7 55 61
64 38 69
25 47 99
26 34 46
26 85 72
98 97 93
83 50 37
12 21 61
45 19 93
20 22 23
11 95 61
38 95 2
75 5 12
38 76 6
18 87 79
41 79 43
36 24 80
96 76 43
43 16 60
5 55 42
18 7 48
74 55 70
78 29 8
38 12 79
57 33 97
2 35 81
72 28 54
17 55 50
44 67 11
99 74 93
25 2 26
64 60 62
55 58 82
27 63 86
59 90 47
58 34 85
68 99 33
22 33 40
48 65 16
53 99 88
80 52 78
24 46 85
55 87 26
46 26 100
72 24 75
17 10 34
8 61 13
4 65 2
22 81 15
95 91 6
24 12 27
65 76 70
39 44 29
20 38 97
79 75 14
6 62 51
72 10 95
45 66 24
2 4 82
65 60 66
54 69 58
1 8 59
72 50 72
34 24 67
84 10 31
34 76 92
7 32 68
22 53 47
2 30 89
24 81 49
46 52 88
49 71 73
31 41 34
59 48 73
72 21 75
38 12 14
27 99 44
51 43 42
25 5 55
94 57 51
68 27 16
61 92 67
23 64 6
68 5 72
32 91 75
5 99 81
47 83 75
6 1 20
74 76 37
25 66 24
76 62 25
58 86 42
11 42 11
74 41 2
50 58 17
11 60 83
64 30 90
7 74 54
70 35 40
89 51 64
6 69 73
68 71 68
61 83 70
20 39 42
29 96 77
22 29 99
11 48 81
15 93 59
31 42 21
8 20 51
80 46 39
10 7 69
16 36 45
50 64 91
45 76 83
2 30 71
45 22 96
78 52 81
1 27 23
90 70 100
77 7 93
37 85 43
75 50 77
95 36 19
50 74 71
88 11 96
85 67 57
75 23 65
26 3 2
17 87 20
100 19 4
13 79 70
70 31 95
100 36 78
65 7 81
86 92 91
14 47 69
64 51 77
5 12 83
51 18 86
96 23 70
98 33 45
1 10 31
7 73 19
17 51 34
65 23 6
63 52 93
95 55 16
26 58 15
75 56 16
48 15 89
21 88 44
75 73 74
26 65 5
38 34 39
34 32 88
9 51 18
97 57 3
21 50 16
57 41 39
21 28 17
45 24 79
13 92 37
78 46 63
1 72 34
88 25 61
13 20 10
11 6 21
59 41 64
94 44 68
86 87 91
55 17 54
56 73 78
30 82 94
2 59 44
16 3 1
9 17 45
44 9 58
28 66 46
42 80 27
6 67 23
83 28 90
21 34 6
46 46 2
74 68 47
47 11 41
82 66 57
96 5 11
15 76 50
66 29 36
96 41 51
78 6 12
22 82 7
9 68 94
29 99 33
50 54 38
25 36 74
29 33 30
59 84 27
35 13 80
68 74 78
42 2 91
35 47 28
67 33 17
92 29 7
12 28 81
88 91 37
29 82 71
33 64 11
54 80 18
65 29 28
90 47 38
68 18 5
33 64 50
28 38 81
23 65 3
18 55 2
84 35 94
57 1 18
16 67 6
32 69 36
69 94 33
59 79 70
32 79 20
55 32 94
55 62 55
32 8 78
75 44 33
50 42 10
5 35 30
36 50 51
77 64 57
99 99 81
25 6 37
80 55 10
57 87 85
32 81 28
63 46 92
38 43 61
22 25 2
38 65 92
77 71 36
70 1 31
59 60 96
68 19 89
6 75 56
2 95 42
98 22 91
62 87 65
37 97 82
61 81 15
51 16 92
84 47 49
2 44 36
32 36 38
25 74 19
85 74 9
91 96 55
80 6 21
24 88 8
34 16 1
70 35 94
38 34 79
9 13 16
64 41 60
7 11 76
27 65 46
30 52 19
70 88 36
87 26 41
43 41 13
42 20 3
54 16 80
1 33 78
7 74 32
84 10 86
97 34 20
51 68 15
64 43 61
73 59 73
30 29 4
66 37 6
89 92 51
52 75 64
30 54 19
55 24 20
88 100 42
51 82 44
59 42 20
47 36 53
39 7 30
22 59 68
96 61 10
51 92 76
45 47 35
49 94 44
46 19 32
56 76 27
99 92 23
66 32 94
27 60 27
71 9 36
28 77 57
13 33 68
5 39 91
62 7 73
100 96 22
73 31 55
13 53 36
80 61 6
54 46 76
23 37 1
42 29 52
58 85 23
95 56 2
60 64 6
21 6 57
27 43 34
72 8 71
63 78 47
37 84 96
51 70 63
1 1 95
10 74 48
49 79 85
76 40 74
10 33 52
99 46 66
51 59 99
96 29 54
87 61 22
84 13 76
13 30 48
40 61 34
17 40 48
83 94 97
16 90 99
54 32 93
12 34 14
64 27 46
91 37 79
23 79 16
53 83 67
73 20 27
33 34 51
35 39 6
75 36 15
65 64 46
63 44 71
66 65 26
33 96 43
21 8 40
54 42 76
15 29 9
88 83 92
95 60 50
63 27 26
51 97 74
10 1 80
86 39 2
80 78 29
52 9 78
71 16 39
17 96 84
14 68 98
11 98 36
13 11 64
33 86 51
100 76 11
88 22 64
54 32 73
90 20 39
8 86 100
92 85 20
85 29 9
78 69 90
26 25 11
100 3 75
61 22 83
14 47 97
12 44 52
22 60 70
73 76 21
75 7 54
66 77 79
59 71 90
73 95 31
20 39 61
92 77 41
21 3 21
21 14 84
84 46 75
63 86 56
37 3 2
2 23 21
3 30 93
19 72 50
71 97 58
63 88 32
29 50 79
96 22 70
47 57 10
18 18 96
7 14 64
31 51 42
20 74 94
26 1 57
43 99 30
53 19 58
89 39 26
54 64 57
37 94 68
14 6 72
18 6 87
83 2 91
70 4 32
58 43 42
75 73 98
69 47 94
9 75 42
52 9 82
18 23 72
36 98 49
96 70 14
83 5 91
85 91 66
76 8 54
1 38 44
79 31 79
18 26 39
80 22 72
26 43 1
82 51 14
96 8 45
70 34 2
90 82 9
31 78 44
29 44 33
6 39 84
80 89 45
26 99 94
95 33 4
51 15 93
55 93 19
37 57 6
23 88 54
5 53 7
25 53 19
40 50 61
6 7 49
34 16 51
42 37 13
67 85 100
47 54 74
31 72 60
85 44 38
40 54 71
29 73 30
6 36 69
46 25 43
34 16 77
54 68 8
86 26 66
82 31 66
38 32 45
77 31 14
+1
+2
+3
-4
+5
-7
-8
+12
+13
+16
+18
-19
+22
+25
+27
-28
-29
-30
+31
-35
-36
-38
+39
+41
-44
+46
-47
-48
-53
-54
+56
-58
-59
+60
+62
+64
-69
+70
-71
-73
+77
-78
+80
-81
+83
+85
+86
-93
+95
-97
-98
