100 10000 52
97 95 53
26 37 49
73 38 69
68 1 38
11 17 49
53 9 12
56 40 80
97 26 92
16 79 96
87 91 40
31 97 79
95 96 56
70 2 70
1 4 51
3 31 8
86 57 89
49 62 4
83 15 37
60 3 43
43 8 93
30 97 44
98 59 90
27 85 28
45 48 58
5 12 63
18 22 12
74 18 62
19 70 30
61 72 61
56 33 13
2 90 9
45 81 34
62 32 11
8 45 24
73 41 51
38 67 59
100 5 85
97 91 32
54 20 68
40 20 16
24 58 41
36 4 51
15 56 52
91 72 96
6 23 30
91 51 38
59 99 55
80 21 7
46 83 81
24 82 16
1 66 30
37 43 59
14 73 12
99 6 49
26 86 82
78 64 77
26 93 84
39 59 3
90 98 77
13 78 91
2 73 97
18 42 84
18 48 4
26 5 51
94 80 1
73 95 67
26 37 30
8 14 35
76 36 47
43 85 15
22 44 56
73 80 50
69 60 65
43 50 64
57 30 80
21 39 76
61 77 11
53 44 53
75 26 72
61 30 48
38 46 14
85 38 49
61 26 46
72 55 93
74 81 95
80 58 88
95 55 90
83 89 73
75 84 26
59 100 84
36 70 69
90 86 68
68 30 37
88 15 6
89 15 60
45 79 35
100 88 24
69 78 45
82 2 45
35 21 53
88 67 99
96 11 36
88 43 83
85 65 33
4 88 24
68 78 91
92 44 87
5 27 44
44 18 91
88 94 57
1 5 51
52 24 98
98 23 32
57 20 76
32 14 73
11 15 68
6 63 95
47 85 23
20 16 24
28 59 72
55 65 2
38 60 36
93 10 22
39 64 5
70 46 52
95 89 35
84 96 22
17 3 97
32 23 62
70 59 100
30 41 76
90 62 58
69 97 12
88 24 49
90 31 26
86 33 48
6 20 29
89 67 35
30 59 94
8 13 40
10 90 71
94 35 97
59 45 80
15 63 7
54 18 50
70 17 28
70 13 62
56 29 98
21 41 68
21 30 45
4 56 75
90 46 26
41 37 2
32 31 55
70 9 83
26 70 4
35 61 27
53 42 93
51 31 81
59 100 42
54 71 7
15 11 85
66 51 48
16 18 29
98 99 10
34 88 76
31 90 31
46 93 81
29 4 41
36 11 78
25 21 89
92 12 61
17 60 13
51 82 4
6 72 34
46 52 67
43 71 9
32 47 38
76 21 3
56 90 56
45 5 86
46 99 89
12 95 87
15 49 50
95 33 47
55 66 88
58 37 76
79 68 86
73 54 21
7 11 33
51 76 45
66 3 84
65 70 48
35 78 38
13 74 48
52 81 87
69 68 48
26 90 93
89 46 52
97 32 17
34 81 9
57 24 58
4 35 59
7 27 43
98 67 55
93 16 39
72 44 42
14 79 53
5 57 75
25 80 20
61 99 79
46 16 20
98 50 60
59 49 62
92 36 33
90 25 9
6 72 31
32 7 34
89 62 2
20 34 72
14 34 53
61 47 23
59 87 96
72 49 51
95 36 45
41 70 74
16 96 73
91 80 65
15 8 79
69 51 78
56 30 80
49 64 16
56 76 38
47 94 42
58 12 43
48 76 17
28 15 24
46 5 36
2 58 69
39 59 31
92 40 28
42 1 23
22 53 44
94 13 65
10 10 7
100 20 70
13 53 54
31 90 3
21 32 82
99 31 93
87 32 47
55 85 39
71 4 32
33 39 66
82 83 27
88 20 1
13 84 96
61 37 49
12 71 8
72 69 51
17 5 70
17 37 62
99 19 53
64 93 71
77 88 18
33 45 11
6 51 20
93 74 37
10 95 3
58 42 27
30 86 23
14 86 85
5 72 75
17 62 77
8 99 54
28 60 68
88 78 6
14 46 92
1 11 68
46 23 50
57 84 96
17 60 68
85 73 10
70 48 62
98 29 50
48 100 31
15 9 75
8 10 35
49 98 77
11 9 14
31 86 82
83 10 61
30 86 77
3 26 54
99 6 69
88 59 83
13 59 79
97 56 61
32 81 87
93 65 68
21 62 41
4 3 99
15 42 81
94 28 69
41 81 83
89 68 33
56 14 22
79 96 54
43 85 23
34 82 15
56 82 65
91 40 60
39 98 30
50 6 91
41 34 27
66 35 9
28 61 52
94 100 35
63 8 87
79 41 18
29 16 39
67 66 41
45 3 31
99 34 54
31 90 100
73 30 41
17 17 18
55 68 70
29 66 24
66 92 35
63 78 20
75 95 26
98 21 97
65 52 63
28 89 63
100 15 85
13 29 76
51 17 82
11 64 33
67 88 13
59 73 61
45 51 24
54 78 60
57 5 16
49 17 45
3 40 98
88 95 44
32 5 45
69 61 93
88 86 38
19 66 60
60 24 2
54 41 82
33 63 81
31 98 76
65 47 24
90 89 95
97 22 72
89 83 46
73 96 84
87 19 44
84 9 95
28 7 31
47 63 22
13 83 72
52 3 22
86 53 7
64 22 97
88 32 6
19 90 31
16 74 1
28 34 73
63 56 26
78 33 17
66 100 44
82 87 34
22 24 5
85 6 98
46 92 99
90 14 59
53 89 53
37 94 12
64 35 71
74 76 18
52 68 45
37 31 89
6 2 17
86 83 63
13 31 53
36 75 35
82 99 95
72 82 17
15 45 6
60 51 4
1 84 27
89 65 30
7 38 16
34 5 15
12 63 35
43 73 9
79 52 14
79 44 84
30 64 82
46 64 28
49 50 86
21 100 63
87 14 72
58 57 8
81 92 44
40 63 21
87 41 85
81 42 55
31 24 45
86 91 85
92 32 39
86 8 55
78 52 100
75 29 48
10 90 21
86 100 67
42 86 66
29 38 16
64 6 13
24 23 13
74 1 86
44 89 54
66 23 11
70 67 14
42 90 9
4 44 35
31 5 15
36 22 19
6 10 14
5 41 13
34 16 58
94 5 78
14 94 84
75 42 99
27 15 28
10 38 20
90 44 27
93 34 100
35 71 19
81 45 91
18 53 75
34 89 84
3 77 30
86 14 81
75 9 44
35 79 96
7 96 42
87 28 98
87 7 52
86 4 78
29 92 54
4 34 63
8 35 97
88 86 64
88 76 11
80 62 39
1 73 42
98 46 9
96 36 77
93 100 89
74 30 68
25 43 81
85 61 79
33 18 13
46 100 87
75 98 30
1 55 25
87 97 90
78 8 25
23 64 58
58 86 70
46 8 52
49 40 28
68 63 19
79 82 51
82 2 85
45 38 15
14 39 30
47 97 93
34 39 47
51 55 72
71 68 70
8 10 34
31 63 95
65 82 80
79 7 99
74 86 40
61 40 36
17 34 97
89 65 45
98 61 87
13 74 64
17 48 40
96 43 67
87 22 79
96 37 1
79 4 58
42 13 16
28 62 91
53 58 45
16 60 47
88 29 82
40 56 73
88 18 37
27 45 36
38 48 91
93 77 80
83 13 11
7 14 100
57 63 100
62 70 6
13 13 70
59 74 29
62 62 16
56 39 91
83 90 96
84 47 4
15 65 85
80 30 11
81 73 67
29 91 60
61 75 55
36 87 35
5 17 24
4 84 90
88 30 60
33 34 99
36 33 47
36 72 56
2 86 16
21 40 13
51 58 78
10 27 95
87 67 75
89 35 3
91 43 52
95 19 44
54 60 28
81 13 4
18 24 5
39 67 12
31 32 47
55 59 7
91 79 7
34 10 46
31 83 8
10 10 46
22 28 13
73 50 4
30 92 79
40 76 58
11 37 88
4 79 75
83 85 66
99 40 28
77 44 56
31 85 70
42 35 22
19 60 64
64 40 98
42 18 20
9 37 15
59 44 100
71 8 59
44 74 49
18 5 13
47 97 22
46 31 55
3 43 83
13 31 14
66 41 74
45 80 18
100 52 57
72 90 19
42 54 8
87 42 95
91 32 33
37 22 89
22 10 46
86 23 5
57 33 32
26 28 47
13 76 17
36 90 92
93 73 99
14 42 59
23 95 27
30 8 3
21 92 73
78 47 49
82 1 85
61 28 40
94 99 21
17 28 45
88 43 83
72 63 21
17 21 43
43 37 64
58 20 49
93 72 44
1 76 78
19 84 95
25 46 44
3 9 96
47 71 57
75 49 45
50 83 21
39 22 73
87 89 8
38 18 68
41 96 81
45 93 52
28 67 93
31 55 93
64 68 37
85 46 72
10 93 97
90 60 80
64 56 54
87 1 69
9 28 98
48 57 93
93 63 94
27 94 81
94 100 21
58 45 51
50 80 98
14 67 97
1 83 10
10 66 6
87 60 69
32 51 64
8 73 27
9 30 1
43 26 44
20 71 72
42 76 51
43 80 86
10 40 50
23 86 47
49 13 24
36 18 17
76 17 86
94 32 86
38 33 24
55 3 46
26 11 69
76 52 10
69 69 48
6 72 61
58 70 77
7 55 14
52 59 63
18 26 14
32 96 63
30 39 68
43 42 52
22 63 42
56 66 37
62 65 6
39 43 94
89 37 1
17 49 98
97 17 78
82 34 79
54 12 57
12 3 67
57 53 75
31 19 44
97 97 26
80 33 38
53 68 16
39 83 94
19 61 21
34 25 100
42 64 58
3 48 74
71 9 52
47 12 84
8 83 57
83 7 44
47 12 87
42 94 34
55 73 79
3 28 48
56 14 53
19 69 77
20 34 63
44 20 15
21 34 71
94 39 32
64 64 33
21 47 78
89 70 48
39 2 49
55 13 5
31 61 89
78 40 17
58 34 75
47 84 63
41 66 24
15 22 26
43 33 36
29 74 11
5 41 78
80 36 4
2 24 47
32 66 37
66 15 51
62 35 56
25 6 88
79 53 89
2 16 98
47 3 31
27 38 48
24 24 40
88 67 61
4 91 2
74 6 47
97 11 41
17 79 9
34 6 51
40 77 48
49 32 15
88 11 98
18 30 64
37 16 88
76 80 76
72 85 20
66 86 1
45 93 26
97 15 40
57 36 13
92 13 98
17 24 85
6 82 33
98 77 51
27 22 21
30 99 83
67 78 13
13 64 60
11 8 95
49 71 22
66 35 79
99 44 25
62 13 80
44 63 83
17 51 62
5 100 12
22 18 4
26 39 36
71 86 36
26 3 96
28 78 82
97 43 8
26 98 64
24 5 82
4 60 86
38 15 30
48 66 77
79 89 55
91 47 29
68 6 98
92 32 86
41 18 4
70 62 60
56 80 77
50 22 27
76 99 67
39 24 41
59 49 6
12 94 72
90 53 90
3 19 7
12 94 97
74 28 30
23 21 31
10 46 22
2 66 28
77 99 61
32 83 12
14 1 60
84 90 73
93 32 23
71 51 41
60 59 84
72 41 38
64 76 86
83 28 24
40 51 24
22 41 58
44 38 18
24 80 6
21 80 13
98 24 82
70 21 72
52 42 35
71 21 71
11 55 3
23 69 1
53 39 11
4 69 23
64 50 98
35 38 86
25 86 60
90 52 57
6 36 80
22 96 22
55 82 76
16 71 53
3 20 82
22 37 13
92 90 26
14 63 27
51 68 74
23 100 90
86 77 2
5 10 19
60 31 53
80 11 58
99 48 69
65 24 32
54 49 18
12 48 39
58 68 39
83 5 24
79 98 65
22 72 83
40 9 96
65 94 57
88 96 99
11 12 55
84 66 17
26 35 55
16 78 51
34 9 12
63 66 41
67 78 58
46 87 63
22 99 97
25 83 22
75 70 38
85 14 25
9 47 60
76 37 91
60 51 65
86 65 32
14 24 86
98 88 70
38 85 24
98 16 51
94 80 13
59 10 87
12 35 72
2 59 25
18 38 16
76 40 33
9 11 88
27 63 59
37 94 14
20 64 30
17 38 86
30 83 14
30 97 10
32 81 14
95 13 74
55 67 7
63 96 25
33 27 43
92 100 92
61 9 72
66 36 39
57 18 1
92 53 43
47 44 56
23 94 59
86 67 83
80 99 42
76 1 51
68 20 45
39 34 12
51 40 33
52 94 81
68 28 76
22 66 36
78 81 56
61 54 79
20 94 21
8 41 36
71 25 83
94 15 74
91 63 21
5 23 4
64 88 76
39 51 5
17 80 6
13 24 4
9 92 9
84 94 53
11 53 92
10 82 85
20 93 10
99 56 73
28 44 67
25 27 87
20 21 57
86 82 23
13 77 18
3 50 4
30 8 19
51 100 25
12 47 1
64 100 8
69 85 30
80 36 41
54 60 78
35 47 74
80 78 48
98 41 32
23 54 63
79 22 67
49 11 65
73 65 33
42 78 98
18 17 66
60 70 16
58 85 6
66 17 98
15 41 51
12 15 85
30 2 1
26 27 34
51 93 87
45 31 75
90 35 25
33 84 56
43 73 97
97 19 9
85 20 77
40 71 75
63 87 7
34 28 74
8 95 63
3 28 78
72 89 92
68 49 47
65 77 13
31 1 64
54 16 2
33 90 34
66 62 41
32 50 1
37 63 89
46 60 66
52 43 67
73 23 11
80 39 51
28 60 69
55 82 38
19 24 38
69 24 2
19 88 82
36 90 44
46 7 61
96 87 95
6 22 97
41 94 27
22 68 69
47 46 35
6 75 42
26 89 52
75 89 35
49 14 73
32 10 93
50 97 87
15 2 36
63 72 96
48 74 69
23 38 2
75 44 67
14 6 98
10 90 31
56 97 22
26 83 61
97 74 17
66 26 21
47 75 52
53 64 85
41 100 79
45 48 74
79 44 72
39 2 68
65 18 39
64 30 17
15 55 100
33 95 25
90 75 26
68 94 90
82 29 13
78 92 54
70 2 40
14 8 99
4 100 8
38 33 15
13 99 90
62 29 64
45 100 25
85 46 31
55 81 3
67 12 97
6 95 72
41 43 26
61 78 32
39 28 77
89 45 91
86 67 10
33 43 84
99 96 21
49 61 99
43 61 94
52 53 99
84 18 4
100 18 65
50 30 86
55 57 52
74 91 70
77 42 61
78 74 51
86 51 64
58 1 30
84 43 57
47 80 17
79 64 50
57 13 28
7 52 8
99 2 16
29 14 53
27 41 98
5 43 75
44 89 43
20 40 17
91 67 83
7 10 14
2 25 12
37 19 52
54 72 100
3 94 63
70 40 80
1 58 36
99 85 40
91 27 93
63 68 30
48 18 29
56 56 53
93 94 42
96 89 7
99 2 1
55 23 28
41 19 53
31 69 85
55 7 75
74 37 39
51 28 16
37 58 80
29 31 67
44 44 19
70 44 95
61 80 47
21 97 53
89 46 8
67 62 64
83 82 78
33 65 77
45 77 70
83 3 21
39 89 99
78 18 51
47 29 23
24 88 5
23 35 79
64 47 33
85 85 37
69 33 24
80 43 100
34 46 55
24 37 69
98 68 64
28 93 63
6 51 13
10 68 33
11 11 69
47 81 84
85 31 97
32 57 94
26 63 21
99 18 32
58 37 33
56 90 31
50 80 36
36 32 49
96 32 86
9 36 4
85 23 69
54 24 91
83 22 14
95 34 71
92 32 15
45 65 91
71 48 69
6 46 42
64 31 54
91 59 19
4 62 37
4 56 89
2 37 48
95 10 31
80 44 63
99 12 22
9 34 61
16 45 64
17 80 40
26 79 97
15 87 34
80 38 88
57 51 13
26 94 26
9 20 16
95 59 81
61 91 68
95 9 72
88 71 75
59 80 33
99 88 74
98 56 81
20 63 21
45 54 27
30 16 28
41 67 22
61 73 25
22 63 94
76 38 37
41 13 15
45 81 26
31 50 40
67 54 21
67 4 33
44 97 14
28 65 77
22 9 35
83 55 34
18 93 7
4 14 83
36 3 61
42 32 33
62 14 25
26 71 14
40 66 86
42 76 74
47 57 92
81 49 85
34 5 32
35 20 15
78 40 38
45 83 99
85 86 85
50 98 85
80 73 99
16 46 25
23 83 53
9 89 71
12 26 3
24 11 36
94 16 68
39 76 28
88 36 11
31 77 62
95 69 16
74 67 43
92 55 9
37 35 54
91 78 13
80 76 16
14 32 5
46 87 53
12 41 36
51 27 8
7 47 38
34 2 68
84 63 53
38 51 37
57 98 11
11 88 33
68 83 94
8 48 69
73 98 39
17 34 56
96 56 57
62 32 23
44 50 24
55 10 93
96 91 45
93 82 62
56 18 33
91 13 80
11 87 52
56 40 36
11 60 2
39 94 99
90 79 12
69 6 66
6 24 88
11 78 49
66 98 28
8 68 16
48 43 35
43 99 7
46 74 32
58 38 24
15 23 85
56 44 14
90 10 97
80 83 7
43 53 84
44 27 7
61 93 7
58 73 46
54 35 67
96 21 9
66 41 28
38 67 3
25 72 46
88 45 29
77 16 80
50 28 2
9 34 25
15 8 94
7 14 100
10 4 23
22 69 16
17 19 54
66 48 13
43 73 84
40 42 10
33 66 47
98 78 91
67 19 84
9 51 6
10 2 76
97 24 40
67 24 28
14 24 47
5 39 66
91 22 44
61 88 66
26 12 96
28 79 94
31 73 95
15 81 72
29 64 49
22 75 93
64 31 89
63 41 74
35 55 3
2 11 6
36 21 34
51 5 85
76 62 82
45 39 66
29 32 47
5 8 96
14 9 90
40 36 23
82 77 39
95 70 91
4 71 52
38 71 7
62 3 57
26 90 83
46 11 74
77 12 27
10 9 26
17 87 42
65 76 45
54 96 84
6 7 22
43 46 96
45 14 42
35 40 49
82 32 1
81 70 16
15 75 46
46 6 20
66 85 2
96 2 64
49 20 60
26 88 76
86 20 24
10 37 88
89 24 50
4 28 65
71 63 61
41 7 71
77 50 39
82 21 75
48 94 79
9 52 56
4 10 61
68 97 79
56 70 86
85 95 79
32 62 13
67 15 40
71 9 57
29 36 32
24 7 99
14 88 5
47 27 61
55 10 57
39 47 86
61 11 62
61 28 20
81 54 55
28 66 18
66 52 14
61 90 79
67 5 32
38 86 60
75 6 64
19 88 66
2 7 8
13 98 77
53 79 87
22 21 87
86 58 20
8 16 82
80 48 70
24 26 31
39 54 19
23 54 99
86 64 20
6 25 59
9 7 59
10 75 71
20 86 28
51 53 9
42 87 31
72 59 61
62 84 27
2 29 20
56 85 13
3 21 67
83 1 41
62 94 79
60 97 12
10 86 23
51 28 37
19 82 76
34 54 57
90 44 53
43 36 2
7 23 40
81 74 49
12 42 14
46 90 53
87 78 80
73 88 69
6 39 76
60 95 42
37 14 35
91 60 1
27 3 10
55 25 19
5 84 31
35 49 51
89 91 13
89 86 51
48 18 29
48 85 23
8 66 69
37 91 20
51 89 92
91 27 44
100 17 37
30 95 67
13 48 2
84 54 8
77 100 89
2 84 52
100 22 46
50 62 60
16 38 32
4 71 10
34 37 68
53 33 29
15 16 48
42 40 18
12 17 38
34 76 40
33 99 92
33 1 2
53 99 55
19 94 57
13 74 91
47 57 53
69 29 2
31 89 8
16 5 51
1 39 38
77 39 78
94 81 7
84 70 86
50 95 63
91 17 16
10 43 34
24 10 71
4 84 26
67 19 75
11 99 95
20 20 60
83 60 24
77 26 100
43 68 5
40 5 64
85 11 18
17 74 16
74 68 24
88 55 54
67 46 75
51 64 76
45 52 56
10 71 72
44 16 51
19 35 89
96 27 56
92 17 62
100 48 20
79 82 24
3 66 39
13 83 95
27 74 49
2 3 9
16 44 54
9 58 64
15 100 96
92 80 15
33 62 80
65 71 43
67 87 83
98 75 93
34 90 96
7 100 56
49 3 97
13 33 37
76 10 97
13 20 74
79 43 9
91 68 77
32 77 60
65 93 61
93 87 59
94 9 93
80 97 67
45 58 62
41 57 25
91 91 64
60 93 55
99 60 36
13 98 36
92 92 71
20 44 19
54 15 16
19 41 33
38 73 22
17 30 98
74 99 21
59 78 88
55 63 26
9 69 74
79 82 11
80 88 86
55 16 47
57 52 22
87 7 84
34 70 4
87 82 80
26 39 98
97 40 32
26 46 56
48 51 47
13 11 40
56 64 2
4 34 55
31 23 32
27 83 43
63 61 44
79 72 54
35 57 42
30 87 83
48 86 2
69 71 27
29 96 53
3 22 57
17 13 32
16 41 64
69 81 79
55 62 18
4 97 81
54 45 65
61 74 16
59 99 54
57 79 90
39 55 14
10 88 85
27 92 26
84 49 51
84 22 75
54 34 99
69 1 85
23 57 14
4 40 15
90 93 43
60 72 22
17 12 46
2 15 85
64 65 69
51 9 67
69 28 77
54 9 87
62 53 52
90 35 90
60 2 23
59 71 96
97 82 39
69 22 92
89 9 14
20 70 40
32 82 80
20 70 76
44 57 31
67 59 100
12 9 26
15 48 64
65 42 84
44 38 64
87 96 14
5 21 56
38 41 28
47 39 40
49 11 4
49 86 64
12 84 93
5 14 97
71 2 23
94 31 57
45 47 24
78 85 76
19 15 77
14 48 29
13 49 91
31 65 1
22 89 83
32 8 21
59 66 11
6 19 100
41 43 95
59 2 1
75 98 11
2 53 71
26 46 43
65 76 39
61 100 14
76 39 33
49 31 75
76 74 40
39 98 4
67 56 97
85 73 93
7 55 21
40 71 95
38 36 41
75 67 19
30 2 39
78 50 60
53 15 23
92 86 5
88 10 59
17 26 99
48 28 36
31 96 56
81 32 28
1 74 77
20 51 40
92 60 23
87 23 70
26 16 49
14 49 38
14 12 63
48 40 48
85 82 76
66 50 36
48 33 23
23 84 9
62 4 74
65 7 61
93 6 77
47 93 100
14 80 16
99 31 94
44 58 41
68 41 6
4 55 34
70 41 23
23 84 100
38 74 48
23 43 27
89 52 95
9 20 80
29 16 80
94 56 54
21 48 36
46 100 10
7 13 88
3 89 90
3 64 18
19 28 80
9 48 82
60 27 63
62 31 89
64 5 39
19 54 99
94 41 68
57 55 12
48 17 23
30 64 24
16 8 72
81 46 73
75 59 75
52 7 72
25 20 88
14 80 76
36 11 68
38 15 36
95 82 68
1 48 13
80 82 76
21 44 27
22 83 55
42 49 68
61 4 23
46 78 74
59 33 37
76 46 12
44 11 38
96 30 48
82 18 6
76 59 90
67 36 86
47 96 43
81 54 81
36 31 79
24 26 19
40 94 63
67 22 89
75 90 10
64 61 43
74 72 97
99 41 13
29 98 1
25 82 64
45 77 33
5 39 32
74 80 39
42 24 48
36 97 52
23 96 7
74 82 13
37 93 99
11 75 79
73 97 8
84 5 91
91 60 15
48 22 96
15 75 84
65 1 70
66 45 70
39 51 13
72 20 85
87 24 69
71 44 84
42 73 84
37 5 62
69 32 4
89 36 6
30 27 21
93 28 40
47 83 52
51 80 50
22 1 88
18 8 25
43 99 19
26 28 82
84 25 19
30 100 54
49 60 29
84 94 100
72 55 46
7 100 54
50 82 65
9 55 53
41 75 61
46 68 51
37 2 28
66 74 2
65 29 64
33 62 36
3 86 37
38 7 56
46 34 92
42 79 34
91 79 72
10 10 34
51 13 36
17 20 39
79 75 72
78 24 70
61 82 17
95 30 36
76 18 74
52 27 55
25 62 70
54 83 42
10 34 59
95 79 67
100 37 18
6 85 38
66 89 97
70 64 40
81 58 1
86 78 60
62 81 8
88 54 75
73 57 87
59 64 65
68 8 54
26 22 27
7 80 91
7 85 88
32 37 33
58 72 55
92 53 46
86 34 55
12 61 34
5 62 98
70 47 38
1 27 84
85 64 66
41 42 67
26 100 54
23 28 45
23 43 75
20 75 59
93 97 52
61 76 77
25 57 8
4 47 82
35 41 6
29 45 5
17 13 5
54 12 63
96 20 2
48 63 99
2 73 95
13 82 48
28 14 34
31 5 48
15 10 12
61 97 83
23 66 45
93 36 47
3 2 30
19 40 64
100 15 51
94 76 33
98 43 72
48 51 18
74 96 95
84 97 94
13 64 39
86 99 9
7 42 96
94 39 1
10 41 80
62 29 2
88 68 85
20 30 80
86 97 21
25 14 10
76 77 91
19 27 25
47 27 94
65 30 80
47 5 29
1 96 8
73 42 95
56 66 38
46 81 93
40 62 77
8 24 40
63 48 62
78 95 94
63 33 4
65 57 89
63 38 50
24 67 31
1 40 66
49 50 39
24 47 86
66 82 36
15 46 87
97 38 18
51 67 53
91 47 69
52 69 86
58 47 28
15 50 58
94 77 64
21 20 17
14 69 74
48 63 59
70 16 82
11 93 97
55 41 64
28 39 62
5 35 63
21 95 54
85 67 57
83 2 70
33 49 30
82 77 45
72 41 29
65 50 98
65 78 24
10 78 76
63 49 76
46 80 18
27 32 28
62 70 17
23 13 64
47 12 7
99 44 43
39 64 82
65 6 30
47 10 35
89 49 33
67 90 10
14 70 33
18 19 72
71 40 68
5 85 38
50 24 66
98 1 66
40 92 31
18 97 72
11 11 70
70 70 76
94 57 81
66 17 98
16 74 85
28 69 74
9 68 76
55 17 69
53 3 53
51 87 84
32 63 55
80 80 66
83 6 65
36 7 59
26 80 48
25 46 21
69 32 45
74 6 18
4 39 91
89 47 41
54 52 93
96 56 27
86 53 27
79 81 100
11 49 64
78 89 10
60 76 77
2 59 71
71 60 18
47 99 79
98 90 14
57 98 68
31 32 66
68 51 76
75 100 81
85 94 14
15 56 96
2 53 63
19 51 37
30 78 20
44 20 88
62 23 6
26 84 95
95 3 67
85 3 84
56 85 30
38 43 54
7 55 92
44 72 92
78 50 77
62 100 72
34 75 7
58 47 37
9 98 60
68 34 57
97 56 99
26 60 30
1 15 39
90 47 36
37 89 94
74 2 50
83 57 54
36 86 37
34 91 65
65 48 88
1 65 16
94 29 28
43 38 82
85 80 17
3 14 93
11 35 25
56 66 74
50 29 66
93 86 2
11 14 42
50 81 92
52 49 88
48 63 42
77 3 53
45 17 28
79 21 96
16 78 82
94 60 33
83 42 72
89 46 99
87 63 34
92 52 55
37 61 87
96 3 89
84 46 73
7 89 22
58 92 27
62 8 79
31 17 29
21 61 89
17 28 48
53 13 65
29 51 36
63 54 100
2 84 52
51 2 60
54 60 36
31 92 71
98 11 49
78 23 20
88 38 29
79 88 16
43 37 85
72 73 44
79 55 54
57 75 83
65 14 25
34 19 22
89 52 12
34 89 21
35 20 68
99 3 97
53 38 37
17 20 58
59 63 46
25 78 76
82 96 9
64 63 79
23 97 25
24 84 14
76 8 55
44 79 61
17 21 3
54 65 37
60 12 27
35 18 15
62 2 86
13 33 36
28 10 3
44 93 61
31 16 86
66 23 6
97 57 7
85 48 49
5 94 79
89 65 77
57 9 26
78 32 47
13 47 65
5 10 9
51 41 66
55 38 30
100 6 77
28 54 31
8 13 33
77 17 28
16 93 21
68 91 18
43 75 44
81 20 69
90 59 31
52 24 38
93 86 91
86 2 86
90 14 8
94 3 79
8 99 94
9 64 17
64 2 20
93 75 99
63 100 52
54 2 13
3 30 88
40 36 6
50 87 67
2 68 4
61 90 3
77 60 20
73 29 77
39 3 100
98 56 72
74 1 6
92 23 49
96 89 27
65 48 62
14 58 74
60 88 85
29 19 25
51 35 71
68 29 24
50 68 86
46 43 54
7 80 6
98 20 47
47 3 43
32 20 88
50 48 30
92 7 67
50 26 8
29 62 30
72 46 94
65 96 26
30 49 41
70 69 98
65 85 91
86 1 36
34 63 95
81 19 89
93 35 79
75 31 87
79 14 27
32 86 6
92 29 49
30 51 37
46 33 37
80 98 20
37 100 73
91 7 42
22 37 85
27 29 45
24 14 93
92 50 85
7 39 45
82 65 18
91 12 63
59 20 2
98 60 17
25 64 2
28 66 38
66 2 36
93 79 7
91 42 55
70 50 16
55 6 48
81 67 79
94 2 86
72 3 25
34 74 18
99 59 99
27 61 53
69 12 94
86 98 45
99 80 40
3 42 55
90 56 67
28 9 19
57 84 56
61 4 76
17 67 43
93 44 53
10 55 59
47 35 89
58 72 89
43 49 91
25 92 61
70 37 49
77 7 83
42 66 62
41 25 14
97 83 22
34 57 89
80 11 88
45 53 54
13 58 11
36 58 80
77 62 47
21 17 28
95 42 3
23 97 26
76 47 78
26 89 14
52 60 50
52 31 95
44 14 26
29 83 9
38 60 24
27 8 81
8 27 8
50 86 69
96 80 91
2 77 47
30 4 98
100 29 60
52 16 98
97 88 40
27 28 39
60 37 51
62 97 19
65 23 17
55 33 60
37 43 75
11 37 11
79 86 23
5 23 36
35 53 92
65 94 46
14 70 69
39 54 12
38 19 35
51 44 59
62 79 7
97 72 67
10 67 25
7 53 56
36 81 100
87 12 75
14 28 36
74 44 42
50 66 4
47 98 82
46 96 42
76 6 64
41 40 29
99 96 22
25 32 74
80 20 64
11 89 34
22 85 62
51 80 29
38 1 86
34 12 34
51 54 67
86 58 66
34 47 66
58 96 3
66 58 60
66 62 37
37 81 93
18 93 61
9 54 46
46 12 52
35 20 65
18 30 37
17 87 52
1 45 58
54 26 7
47 88 40
32 45 91
30 65 36
68 4 32
39 42 22
48 52 7
41 12 97
94 82 65
6 11 51
38 53 92
7 9 73
42 44 63
14 8 57
19 16 11
68 15 37
36 58 78
83 37 51
13 65 15
27 24 20
69 90 72
20 58 49
100 89 27
90 22 59
43 10 96
67 35 7
55 63 93
29 31 8
76 64 41
13 1 6
95 88 70
73 53 3
80 87 84
54 100 96
69 63 26
6 72 84
40 83 73
95 92 35
19 23 28
29 79 44
9 51 36
51 6 58
82 33 69
16 77 62
12 56 94
45 81 19
44 1 40
31 1 76
23 86 76
11 1 66
95 93 14
15 61 12
39 16 91
29 83 84
36 93 79
61 61 90
3 53 72
51 5 20
26 76 85
94 24 13
30 65 39
58 11 38
23 20 33
31 86 13
35 30 29
24 10 52
71 7 56
45 73 7
53 10 56
16 66 39
27 31 44
67 14 97
98 58 11
70 11 29
5 48 49
71 6 20
74 69 86
26 63 61
85 97 59
98 37 28
67 80 69
37 73 26
44 6 40
38 28 16
91 12 46
40 6 15
51 10 14
5 24 98
69 1 36
52 45 36
12 65 45
13 13 66
1 62 65
86 42 93
40 12 26
49 84 100
8 14 71
9 13 82
99 90 100
45 5 69
50 87 56
31 8 34
36 65 85
76 86 36
68 38 65
35 42 59
7 63 53
45 18 17
21 24 65
7 31 59
36 27 43
95 47 49
18 86 13
48 51 11
97 52 72
4 87 90
28 1 80
44 27 97
47 21 61
80 18 6
76 39 41
49 14 84
11 25 12
80 64 85
12 43 92
74 4 18
36 81 14
93 42 59
16 39 18
8 26 95
9 85 38
30 55 75
9 8 54
80 11 24
2 2 13
57 50 13
8 13 47
96 97 99
35 49 5
74 30 20
53 94 100
75 32 18
33 34 43
12 26 7
2 20 17
27 48 74
20 79 54
71 50 40
56 96 72
28 18 23
52 12 90
81 68 28
7 42 72
34 59 97
56 32 47
28 98 36
61 6 76
15 79 94
36 65 13
30 66 60
43 86 11
93 57 75
62 24 76
17 6 28
40 92 100
21 40 11
5 58 41
51 55 56
42 82 20
70 24 76
55 54 35
46 21 84
34 80 6
39 67 95
38 10 71
51 83 52
73 21 63
97 38 4
95 79 75
17 27 8
93 65 51
96 15 2
46 49 38
59 18 36
39 56 75
17 98 50
69 45 33
70 46 57
35 48 49
98 32 45
19 29 30
81 11 5
84 60 48
98 6 65
80 18 28
10 90 75
16 40 98
51 77 41
98 78 51
48 87 25
32 8 61
44 48 51
76 19 79
78 22 44
30 86 20
53 69 48
54 5 30
21 36 39
18 27 71
75 67 43
75 48 5
84 77 4
41 35 7
46 67 46
6 80 15
88 94 71
66 82 37
80 85 51
18 68 98
7 12 7
86 70 86
14 18 30
92 3 21
85 70 82
40 73 79
95 41 13
27 99 46
52 78 51
62 82 36
36 60 68
16 28 85
6 13 17
89 83 9
17 82 24
28 6 24
53 92 95
33 66 80
77 28 50
7 91 70
77 84 34
3 54 25
74 73 9
93 54 10
32 80 77
15 66 23
78 38 47
26 99 9
37 73 57
100 97 27
82 66 85
50 51 16
85 53 59
53 98 4
48 2 36
79 4 18
12 70 69
67 81 12
31 65 13
100 90 67
62 17 33
62 20 65
58 52 92
78 71 72
4 88 37
74 96 56
67 10 55
24 46 79
15 18 69
84 70 88
96 19 96
26 27 97
16 33 77
68 9 94
4 49 47
2 5 86
9 7 8
14 68 20
16 12 52
70 63 3
3 44 25
81 27 90
34 2 77
100 13 23
62 67 90
77 39 13
66 1 11
9 71 79
76 99 53
28 55 27
51 72 94
75 56 3
81 6 80
84 79 71
78 92 59
88 89 21
94 17 37
14 63 61
1 74 6
27 54 71
78 52 94
92 96 61
40 70 1
67 7 83
35 47 24
68 72 73
64 92 52
78 23 68
9 55 71
100 2 91
11 4 11
95 11 30
23 95 35
36 19 53
99 1 78
38 7 52
13 92 95
24 35 52
83 2 85
87 92 72
83 8 22
16 27 99
49 3 83
74 29 98
1 51 23
2 33 50
26 5 28
100 34 75
93 53 21
33 52 31
29 5 85
85 3 56
86 9 67
11 50 38
29 45 82
87 70 18
10 66 64
15 82 18
58 45 78
57 33 39
39 25 72
46 29 65
28 80 82
9 48 6
27 59 73
18 81 19
57 41 2
43 21 42
71 22 99
35 79 57
22 61 53
61 8 52
26 87 42
67 65 58
26 67 79
85 15 40
89 4 1
36 83 43
75 70 80
5 42 21
34 41 70
30 6 41
10 80 58
86 4 50
28 55 43
62 88 78
96 59 43
24 65 13
75 16 58
22 74 20
41 6 64
46 87 25
77 56 9
30 28 88
72 31 21
51 38 77
69 91 38
2 88 40
6 18 41
12 54 92
10 29 70
93 94 90
32 62 24
57 99 59
48 17 40
34 22 54
86 20 88
74 91 58
93 70 37
14 44 43
34 69 70
14 93 94
12 88 39
19 59 99
3 37 78
37 60 2
52 41 38
34 69 15
52 48 5
65 86 69
8 52 72
49 100 75
26 84 12
66 47 68
92 67 7
38 32 38
24 25 57
90 21 81
95 100 61
95 30 2
63 7 54
20 85 5
50 44 46
75 16 5
77 60 51
39 13 68
20 50 47
3 56 19
11 19 97
69 28 76
48 96 55
75 39 2
42 17 15
74 31 46
99 42 56
94 46 31
90 54 53
58 43 57
87 85 86
37 94 59
99 71 35
28 77 70
16 92 83
41 41 39
10 41 70
11 74 41
88 99 22
50 3 7
35 70 29
26 42 57
39 69 13
91 92 10
70 28 1
13 41 28
63 20 32
72 62 78
92 53 61
14 26 42
13 27 67
100 2 30
79 31 89
19 70 74
3 59 52
55 52 99
79 79 12
72 75 84
25 26 87
95 60 11
51 87 84
72 39 24
83 29 58
11 83 34
54 8 55
20 75 22
26 92 53
70 14 35
73 39 74
84 28 23
31 31 19
59 95 81
50 11 80
80 33 78
20 59 56
87 36 45
17 26 100
88 32 49
47 89 46
45 79 53
47 24 49
16 98 70
76 80 78
49 14 71
11 79 90
47 51 5
11 66 5
95 55 72
17 60 91
24 10 100
62 49 39
85 83 93
34 88 80
65 42 52
19 81 26
48 71 95
85 30 24
87 11 47
87 95 79
67 57 84
40 1 51
21 80 28
76 53 61
19 33 65
42 68 40
94 10 25
35 29 32
2 97 7
83 47 41
33 91 29
55 55 34
3 92 72
34 44 25
84 10 55
86 96 35
82 17 23
27 17 48
6 98 77
63 44 3
45 26 83
56 62 85
46 48 88
93 61 63
6 98 77
34 66 28
34 44 100
68 87 61
86 7 12
46 55 35
97 8 73
80 24 18
31 23 48
2 58 85
88 74 51
75 44 100
19 7 83
23 36 32
76 82 1
90 50 36
89 97 99
76 77 78
86 28 78
93 26 22
22 66 2
14 14 79
88 31 7
4 33 80
59 48 60
97 83 27
76 32 4
17 48 5
98 86 77
75 55 100
36 80 50
41 96 97
57 75 73
4 31 55
84 96 55
83 42 34
73 48 39
88 38 6
7 27 81
8 45 74
3 93 96
98 73 54
11 92 44
28 43 93
31 26 73
62 39 80
46 18 24
12 58 18
84 56 52
2 46 79
55 82 64
38 51 33
22 92 54
14 18 40
67 74 18
42 59 19
71 34 92
32 47 15
4 100 22
94 70 13
90 55 42
67 97 25
14 15 68
2 15 28
62 34 27
68 20 50
83 51 58
64 42 25
72 14 10
90 51 13
39 8 12
78 69 36
1 8 72
67 35 46
57 27 94
52 60 13
17 48 58
10 49 58
50 24 58
11 36 98
48 45 91
82 40 91
20 36 68
72 52 21
87 90 43
47 65 49
100 37 88
67 5 60
87 37 98
38 81 95
3 32 13
28 92 56
26 8 96
85 18 85
79 77 36
32 20 17
7 90 14
36 97 8
19 56 96
72 49 33
12 2 38
29 33 47
16 42 31
13 36 28
50 57 93
23 27 31
47 63 93
76 73 10
42 2 74
3 15 38
26 66 78
10 63 61
12 16 40
4 72 59
19 38 17
77 77 33
11 7 84
82 86 4
85 92 97
90 96 89
56 9 59
12 69 80
28 12 96
19 44 27
22 19 9
1 53 46
20 74 78
73 75 31
57 94 90
40 36 82
57 58 38
69 37 74
12 35 81
81 50 91
28 45 41
74 43 75
43 57 75
1 85 70
16 72 54
4 62 39
16 7 8
80 20 64
23 85 28
99 85 86
15 26 79
35 86 38
90 72 95
20 33 39
26 94 8
60 2 98
35 6 65
64 92 99
55 17 60
22 88 33
100 20 80
59 34 44
12 54 10
92 43 54
92 43 14
28 16 37
68 66 47
56 77 1
1 16 40
68 15 98
87 72 21
43 42 61
66 87 34
39 72 21
72 77 88
31 35 42
70 21 25
62 4 38
29 14 95
7 84 27
3 76 45
10 47 70
47 29 60
93 38 69
39 54 89
15 58 24
7 73 54
11 6 41
38 56 79
88 43 12
5 46 92
73 97 63
8 69 18
59 17 60
35 54 14
36 26 57
51 4 2
30 7 79
66 16 98
17 52 21
94 56 25
28 100 21
96 40 78
37 81 31
55 39 2
34 10 44
34 37 17
61 79 44
41 62 36
71 92 72
56 95 79
70 75 27
9 84 95
46 40 37
29 1 41
1 7 61
72 76 24
77 90 97
64 14 87
12 43 34
72 51 62
29 6 66
70 64 58
85 80 60
71 9 10
91 9 25
21 33 77
92 72 27
90 29 23
6 58 6
73 76 41
36 63 9
6 52 75
27 78 66
81 53 31
22 57 12
33 94 34
13 91 64
37 22 55
94 64 2
68 33 11
87 54 100
17 60 51
19 71 42
45 27 31
7 48 37
95 44 12
91 31 54
18 39 80
50 53 71
1 1 65
55 79 75
54 33 45
53 24 49
1 77 32
70 66 39
90 67 14
61 30 29
11 42 3
27 24 65
80 99 14
16 72 100
96 38 66
92 85 40
32 11 37
98 46 95
76 47 20
6 68 37
96 40 15
51 49 85
66 9 21
27 9 34
83 54 31
43 60 17
65 48 32
34 66 62
2 34 44
72 72 67
15 28 74
84 42 89
39 84 43
46 34 7
100 18 86
41 27 87
21 92 46
99 35 95
39 86 65
83 18 78
26 2 68
64 88 62
10 59 75
85 55 35
45 56 89
83 8 22
40 18 32
23 74 62
55 86 29
38 81 31
74 62 30
9 60 30
25 77 24
98 3 7
10 18 4
23 97 22
55 44 87
20 81 22
28 61 71
38 18 51
51 14 43
54 65 86
83 85 39
39 84 9
40 42 3
31 15 66
72 48 80
86 92 21
22 90 83
85 49 36
82 36 15
21 17 4
26 91 80
86 10 55
6 90 43
74 75 14
21 48 2
63 80 23
21 18 39
33 94 44
59 87 35
67 99 9
13 18 82
10 17 15
5 78 69
56 29 91
89 40 88
32 100 73
20 11 17
95 2 82
87 68 70
3 43 3
69 19 34
44 72 12
32 27 89
23 2 28
1 57 95
94 81 46
88 34 27
82 1 98
61 5 23
67 28 98
28 46 63
92 26 95
82 10 83
54 86 33
55 23 49
92 82 18
60 23 17
8 65 33
6 71 43
81 17 13
65 30 15
16 5 11
58 61 12
26 40 70
47 65 41
82 3 43
87 72 9
74 25 31
75 89 52
48 83 54
51 30 86
29 59 71
2 37 76
50 47 36
18 36 69
17 72 92
28 77 98
70 58 16
45 83 53
74 75 81
58 17 6
70 54 27
28 32 50
13 31 14
83 85 37
97 86 82
46 58 23
36 63 75
80 59 27
48 63 59
44 13 17
77 17 5
22 33 68
15 37 62
18 73 56
61 2 18
57 74 6
44 52 19
60 99 71
65 20 36
98 65 60
19 54 87
36 46 27
84 22 52
98 54 93
98 52 10
37 78 36
5 8 25
36 31 54
35 69 64
55 8 94
82 90 8
7 98 16
90 75 81
43 77 1
92 58 23
49 91 86
48 72 56
5 45 38
6 34 92
84 96 8
23 25 96
10 45 88
87 71 93
2 58 48
88 49 77
96 35 73
44 9 81
25 68 5
19 13 41
18 94 90
9 86 49
62 5 58
84 48 40
22 86 65
8 23 50
92 64 49
95 63 83
2 98 91
39 20 98
6 91 38
10 65 69
76 87 89
57 37 65
88 77 69
64 67 92
72 17 62
1 72 75
67 81 31
95 81 95
7 44 67
38 46 73
26 30 6
44 3 84
75 45 37
74 35 3
20 80 45
67 36 39
81 5 86
56 71 19
84 30 66
35 65 91
83 47 23
18 76 38
37 83 87
97 99 54
13 57 3
53 67 57
94 76 51
88 14 54
33 52 22
44 12 87
72 8 56
99 67 97
20 2 28
41 88 86
21 44 10
91 11 74
46 99 89
45 96 10
76 13 64
13 77 33
30 71 59
95 14 84
5 1 41
54 81 43
39 32 70
22 18 30
34 12 93
26 23 88
65 88 33
33 87 27
90 80 17
85 80 77
82 43 59
39 16 39
93 63 27
29 83 81
35 43 96
57 10 27
34 99 56
85 12 99
88 72 59
8 71 92
7 61 31
34 54 97
24 59 95
26 46 21
10 80 82
9 58 29
48 97 61
18 97 92
76 2 16
4 77 80
21 78 23
9 9 22
2 73 83
35 71 27
11 61 9
22 7 89
71 100 67
83 14 54
44 17 78
82 20 62
45 77 29
33 32 69
96 83 7
67 100 75
47 69 36
77 53 90
77 22 90
66 1 74
54 26 95
79 59 8
78 45 2
3 68 58
28 13 98
56 94 71
15 81 46
43 48 38
44 5 41
79 58 29
28 24 15
72 39 40
41 67 12
43 34 95
4 77 68
98 66 74
64 4 15
9 38 88
51 64 1
57 65 5
40 43 26
86 10 87
39 100 14
70 89 25
39 32 45
63 13 28
57 27 43
82 88 11
77 98 39
3 77 50
52 61 71
76 29 1
27 42 27
95 17 41
14 62 39
56 34 22
45 25 71
7 32 17
5 20 41
1 94 35
42 45 70
74 28 15
55 17 24
78 86 20
49 42 8
88 41 4
65 82 36
58 20 64
46 86 78
42 4 45
78 1 85
24 3 89
79 100 93
73 12 72
72 10 63
98 20 33
86 28 41
30 35 12
25 42 53
20 42 100
63 44 54
36 50 66
17 61 44
89 54 92
85 78 2
87 11 13
45 33 80
16 60 39
50 93 96
100 12 3
92 32 77
5 4 45
80 48 45
16 4 2
99 2 4
60 93 55
21 12 7
12 75 57
50 28 88
22 44 8
15 18 91
6 85 39
58 71 81
64 15 68
33 76 2
8 49 60
46 16 20
7 62 18
11 85 30
91 39 41
78 13 76
47 3 21
50 2 62
81 71 67
63 85 40
51 94 90
36 74 62
100 76 29
68 89 67
24 31 96
9 83 46
16 34 100
23 83 25
92 87 26
19 61 46
56 31 79
5 12 42
3 81 53
58 6 50
85 17 88
15 45 11
70 73 19
52 59 67
75 21 56
95 50 77
27 51 49
83 75 54
99 17 51
62 11 29
11 82 47
21 13 68
57 4 62
78 7 55
99 46 43
5 40 30
41 91 77
48 24 41
38 95 100
4 94 92
38 11 23
2 30 13
47 61 43
27 71 56
25 52 9
24 10 46
58 20 23
14 57 72
23 19 44
46 73 61
98 39 70
51 59 63
33 97 21
100 23 70
28 32 40
33 60 24
12 50 51
45 26 94
7 87 94
90 79 97
12 57 35
24 56 75
21 79 42
67 93 42
43 42 94
34 6 11
5 49 6
69 77 11
38 72 67
49 40 13
24 23 33
91 70 36
74 74 33
1 85 33
19 65 77
49 29 62
99 23 17
82 33 88
98 15 91
76 54 55
36 77 4
66 18 60
83 27 59
33 73 9
36 85 68
36 17 2
74 29 49
2 55 19
58 27 75
63 28 45
91 24 17
45 40 23
57 74 16
85 2 58
6 26 7
12 7 44
15 7 12
71 35 57
78 35 3
48 33 17
73 17 76
66 47 36
15 56 27
10 84 54
48 46 100
77 89 93
59 70 51
55 12 57
4 24 4
50 70 76
73 87 56
69 37 60
96 21 73
28 49 62
18 53 22
87 44 79
33 17 48
75 79 71
16 86 23
78 88 33
88 12 27
7 3 34
42 88 17
6 95 25
60 98 65
37 23 28
80 37 40
6 5 4
79 68 82
48 17 65
79 45 39
64 35 27
59 65 30
91 8 43
89 3 34
21 82 69
52 65 70
60 15 50
54 40 76
18 14 96
6 27 79
75 71 22
45 5 6
89 44 87
30 53 87
66 55 87
15 64 33
87 43 79
21 97 87
39 81 25
66 53 83
91 75 89
83 76 69
25 62 15
99 45 88
79 23 32
45 39 32
59 25 84
68 51 85
54 63 54
51 82 78
58 87 67
38 51 20
42 78 85
23 72 90
74 100 35
4 6 68
73 68 70
42 27 57
77 97 83
58 5 64
47 4 82
98 91 65
80 97 9
43 86 20
93 97 26
53 34 22
15 40 30
62 28 40
39 84 54
75 27 54
76 21 75
77 33 4
66 86 24
49 57 3
68 2 39
82 95 89
30 80 24
1 79 87
61 9 61
81 93 56
66 12 25
62 64 76
48 56 84
31 37 50
27 7 75
35 63 56
2 18 30
59 16 17
27 73 57
23 22 81
12 82 66
9 19 93
74 12 42
34 74 68
55 3 52
14 96 9
94 63 54
21 85 76
68 23 88
98 76 6
57 76 51
49 22 44
23 69 4
56 27 92
96 82 45
14 49 70
46 49 85
7 45 49
50 90 75
73 34 87
50 27 73
95 38 77
18 68 24
30 89 95
81 21 96
54 33 15
6 88 28
80 97 83
27 9 92
58 47 1
28 5 28
2 61 35
70 92 61
70 32 15
33 94 79
31 52 9
75 27 42
33 54 55
75 13 47
3 21 31
90 87 9
31 9 79
55 7 57
11 32 85
55 72 93
61 95 27
94 85 58
43 46 27
48 55 10
22 20 74
42 21 10
85 2 76
39 29 16
54 69 88
10 32 98
75 16 23
33 62 11
12 12 93
23 53 75
94 71 10
45 67 72
75 35 94
22 46 100
35 45 32
33 97 100
86 77 32
65 62 29
36 86 30
79 24 82
60 1 49
20 33 85
7 8 46
68 81 12
89 28 48
26 13 70
12 71 75
97 66 1
94 23 50
5 64 6
88 21 81
50 67 96
35 57 9
58 76 37
33 92 7
49 6 77
79 74 32
64 84 99
59 34 3
5 28 48
51 47 49
86 74 77
69 51 65
33 99 57
13 87 22
74 9 99
37 29 60
74 21 83
62 54 7
23 64 13
86 15 78
49 94 93
29 30 98
29 57 3
49 82 23
52 3 22
73 85 58
59 16 15
1 70 23
4 72 54
55 15 76
11 52 73
85 12 100
4 14 97
91 59 3
44 92 67
68 78 38
86 28 91
59 80 47
1 98 76
43 24 32
10 28 11
92 11 13
10 51 88
40 40 29
85 52 83
77 68 24
21 46 19
77 15 38
57 36 70
98 80 98
82 1 41
2 61 12
38 84 22
27 65 32
58 33 36
92 97 59
66 100 14
24 54 12
49 84 19
67 5 66
78 67 95
43 4 40
59 33 45
78 24 41
64 44 31
92 78 98
95 75 35
59 34 19
12 7 52
67 75 31
94 39 50
5 88 15
54 83 31
98 85 2
11 28 51
6 98 47
3 27 26
50 7 53
39 83 25
3 95 10
90 76 38
70 94 56
94 12 92
3 71 93
99 32 33
24 82 29
13 17 62
63 12 35
40 19 3
29 7 52
6 88 50
77 29 76
16 77 17
77 63 81
29 12 100
62 72 96
63 62 30
18 84 73
41 51 13
7 18 60
12 89 12
67 43 35
91 87 46
58 10 83
89 1 32
52 4 65
94 16 78
59 29 28
50 33 51
32 18 40
1 80 23
90 3 92
15 21 89
68 33 23
15 26 89
53 2 23
77 45 6
58 67 3
52 25 92
9 80 41
59 39 78
40 89 34
3 100 96
49 10 8
9 72 52
70 74 98
2 1 15
65 67 73
53 44 84
56 60 65
32 60 62
99 82 98
24 48 1
6 44 46
65 49 17
76 90 100
37 69 51
58 19 55
88 1 11
83 63 43
99 38 60
55 23 16
81 53 26
79 63 97
2 44 79
25 47 77
94 13 78
41 24 86
77 13 88
13 95 71
95 77 91
18 46 10
27 41 18
79 99 72
75 95 31
27 40 66
64 20 88
66 31 44
97 22 34
2 6 48
86 94 7
88 3 90
60 56 52
63 96 10
18 100 8
93 40 68
23 91 45
42 40 20
92 51 28
93 70 11
18 66 69
22 18 69
50 22 7
24 42 97
10 2 39
68 74 80
98 58 66
60 98 41
37 3 14
68 35 75
45 31 25
48 41 50
21 98 18
88 78 24
64 82 24
22 36 39
76 85 74
51 6 32
58 34 3
93 62 20
3 81 25
38 29 98
20 96 21
63 97 19
95 66 78
9 36 30
46 11 30
23 71 99
58 51 20
38 97 90
85 36 74
50 14 31
41 25 89
22 37 4
16 48 80
54 52 56
35 51 76
50 72 26
86 23 6
41 57 10
29 84 75
95 76 70
19 37 5
61 1 17
93 53 35
33 67 19
33 89 72
2 86 98
16 53 99
45 56 12
89 89 94
18 76 18
16 21 7
30 18 50
38 63 83
2 89 75
13 34 90
55 49 85
84 83 14
11 21 22
59 14 8
31 66 38
61 81 9
10 49 48
93 66 28
16 8 93
9 82 64
95 97 92
96 40 49
11 99 87
44 38 62
21 13 2
82 48 66
90 84 43
31 56 99
30 97 84
49 93 54
49 95 44
71 46 72
10 44 3
31 95 57
67 41 15
63 15 18
93 30 68
19 88 76
12 84 43
97 26 59
95 46 100
53 90 100
75 3 52
34 42 79
32 46 100
17 5 88
20 84 100
84 16 85
91 8 14
67 10 94
3 82 5
51 33 18
24 21 3
69 84 73
72 52 27
22 67 52
78 63 43
89 19 3
38 51 40
24 23 17
79 74 13
44 66 47
89 96 100
4 51 38
95 24 45
44 97 42
49 68 17
9 65 6
44 54 26
70 26 63
44 6 40
84 63 87
100 72 26
15 2 68
62 4 78
98 67 92
12 91 47
17 86 45
2 42 72
56 79 84
10 13 23
60 8 72
71 28 32
82 91 68
25 76 17
46 60 65
8 85 1
44 30 45
31 98 47
62 75 14
73 88 69
11 4 70
45 98 20
71 41 65
14 98 24
95 35 59
28 30 51
78 51 76
3 33 37
56 27 22
29 85 29
85 52 42
16 82 41
26 91 77
61 72 12
88 70 68
78 22 93
6 65 32
41 7 59
58 17 40
85 92 12
7 8 83
8 39 62
56 5 48
75 12 31
81 100 31
49 30 38
28 29 40
81 82 1
77 78 11
33 68 1
84 38 32
87 36 11
83 4 23
52 25 94
58 74 38
10 59 44
55 98 68
89 79 89
49 4 98
58 71 55
93 58 65
60 72 55
10 97 34
53 15 68
91 49 1
22 86 58
47 88 85
91 36 85
59 62 5
11 56 7
43 50 98
98 38 1
47 96 75
98 79 67
87 90 55
35 18 41
21 80 91
91 53 12
14 61 10
79 65 51
51 59 75
77 12 31
12 10 84
76 70 38
61 14 22
10 41 62
97 52 67
79 63 75
80 57 12
14 87 97
29 84 90
58 94 27
59 52 72
11 21 90
59 97 21
4 13 15
98 63 84
49 38 85
59 83 63
48 99 46
63 59 21
46 25 90
38 57 19
8 99 8
18 42 63
82 67 61
58 64 38
28 69 30
96 2 69
10 35 14
51 59 97
37 87 52
62 8 53
57 69 80
62 74 17
29 58 30
74 17 66
68 89 90
3 96 59
96 44 27
76 90 93
76 49 23
1 34 100
8 96 75
48 97 84
54 7 44
82 8 25
77 30 32
29 1 98
20 77 88
56 13 20
71 88 64
63 64 65
16 51 39
20 25 94
70 61 44
53 35 52
48 46 35
27 29 13
75 3 59
55 42 3
10 75 92
66 81 27
99 7 57
21 80 60
1 36 85
7 84 93
67 94 95
33 44 42
84 76 23
27 99 26
20 69 32
54 57 95
7 8 9
89 90 35
2 60 28
8 61 54
75 65 39
70 42 92
48 66 70
62 89 34
38 94 97
26 79 95
46 34 73
13 77 24
20 77 98
59 48 40
9 9 67
42 19 44
4 54 99
47 29 18
16 11 70
68 53 3
90 67 56
80 93 92
43 8 43
40 48 6
63 78 36
78 92 61
25 93 84
87 88 39
8 19 92
90 62 37
69 41 23
78 56 83
17 39 18
44 10 93
38 9 10
85 25 61
100 78 5
48 63 19
98 12 72
54 48 68
1 41 24
16 59 44
98 28 85
35 69 78
25 67 73
24 78 48
60 51 70
96 33 16
39 56 97
98 100 12
62 5 69
25 60 80
54 26 54
48 42 22
23 51 47
14 8 19
11 56 96
11 11 65
43 31 71
62 81 61
47 16 41
73 72 9
8 18 16
80 9 3
10 96 19
81 76 23
93 84 72
66 94 99
43 13 24
90 98 13
28 43 59
58 72 21
62 46 73
59 91 66
83 63 27
75 35 71
97 33 32
86 8 97
97 19 100
44 76 82
77 75 9
57 53 72
71 4 85
59 53 99
54 70 30
13 24 2
96 6 82
95 9 22
46 77 4
44 91 88
67 89 97
70 28 78
36 99 27
46 65 41
83 45 15
89 18 60
91 16 28
87 84 93
68 90 59
22 28 98
78 16 60
18 75 92
52 77 85
99 80 17
48 70 78
95 99 67
2 18 45
16 96 55
92 58 65
16 2 70
36 24 88
34 21 52
36 77 76
22 31 55
6 70 80
51 63 46
98 82 74
25 61 100
51 89 42
82 34 53
88 82 91
11 78 77
7 4 70
75 45 88
23 16 17
24 85 78
22 12 44
19 4 70
64 81 54
82 31 35
84 21 59
88 4 16
50 74 20
19 42 100
93 81 71
40 64 70
25 18 48
71 81 63
66 89 52
43 41 23
89 71 56
19 57 67
35 41 69
33 4 37
92 45 58
81 50 76
16 73 79
79 64 11
80 10 67
3 28 17
52 19 53
12 32 82
47 97 61
34 31 26
2 39 40
72 85 29
49 85 30
32 13 77
10 99 52
97 87 83
22 23 58
92 91 5
11 52 22
68 6 18
59 59 31
98 64 30
35 43 9
17 45 66
23 83 27
11 32 23
6 68 74
39 97 42
42 78 50
23 45 70
83 25 87
89 74 18
66 76 30
47 12 44
99 69 85
44 99 14
1 16 38
71 52 8
70 11 1
7 86 68
4 59 7
78 79 59
59 16 6
61 89 54
12 73 71
27 25 35
21 76 28
74 83 14
92 8 10
20 3 27
78 11 29
67 10 75
67 31 95
28 61 22
85 76 11
94 29 16
19 40 51
85 25 90
2 91 58
62 71 100
90 80 39
79 57 92
12 57 73
91 90 99
43 54 44
39 6 5
48 93 7
3 74 23
77 19 35
67 22 97
57 56 31
17 16 11
20 68 37
4 31 81
27 4 48
99 66 17
72 60 74
14 72 35
96 65 85
16 9 55
79 26 3
55 42 99
78 22 84
73 13 68
61 77 48
7 2 20
17 100 95
57 41 45
30 77 39
95 36 68
33 45 64
66 33 28
18 66 16
20 35 52
22 94 12
85 93 87
48 11 47
15 18 36
11 57 59
95 41 48
51 33 6
15 11 69
37 23 40
19 42 75
84 68 11
35 42 94
99 75 35
13 90 44
13 69 80
20 55 53
29 74 2
16 73 55
41 1 37
13 39 82
76 86 32
87 94 92
91 9 57
11 72 21
25 55 87
16 46 83
63 89 54
1 4 74
41 80 76
88 81 54
88 59 27
80 81 43
33 29 50
51 93 84
46 42 19
32 2 28
14 89 44
85 55 99
30 70 36
83 26 93
56 27 31
54 24 74
29 19 92
43 85 88
30 96 54
2 94 95
51 100 83
19 2 24
7 62 33
94 77 37
55 20 29
17 83 79
14 100 63
97 23 48
43 95 73
93 46 72
69 29 2
27 77 49
62 79 10
29 86 39
48 41 20
14 36 20
80 17 18
57 75 14
67 36 28
74 9 75
71 99 46
42 93 95
87 92 57
26 80 4
57 74 16
44 32 37
99 77 4
31 9 8
84 52 56
12 74 39
79 47 33
15 30 74
56 51 38
54 16 48
12 53 3
18 70 69
52 92 42
58 63 90
85 54 93
80 30 32
80 8 25
7 57 3
7 92 72
14 84 35
6 61 46
15 63 67
26 80 20
29 25 71
20 51 62
30 41 77
33 29 33
92 30 6
7 16 58
32 28 77
48 50 5
8 92 72
9 48 80
80 83 56
34 72 89
73 63 52
75 53 93
72 34 25
26 77 24
60 89 26
88 86 58
80 75 55
74 18 85
50 66 88
51 23 18
25 15 23
48 97 67
41 62 6
28 74 76
34 10 93
80 65 85
40 62 23
22 58 60
35 32 88
86 3 9
81 39 13
17 91 39
43 82 24
45 33 80
86 8 99
54 50 2
56 52 75
4 79 94
16 42 8
81 72 90
5 63 99
42 71 10
16 64 6
71 92 84
79 62 6
35 60 39
100 70 74
79 83 75
54 51 36
13 89 43
88 69 48
29 18 49
85 38 98
10 9 43
4 62 74
53 40 24
14 31 35
61 89 52
78 66 17
20 19 92
61 64 68
10 51 30
88 92 100
1 67 97
8 25 67
93 32 70
51 23 15
91 86 11
87 57 42
18 100 44
59 59 25
69 56 71
70 89 52
95 78 32
7 31 7
48 67 43
81 73 54
35 90 84
4 80 77
18 91 17
4 87 84
48 73 89
85 34 79
67 76 23
40 58 64
54 56 81
70 38 32
72 2 86
31 48 49
30 90 99
36 83 72
12 96 99
47 71 96
2 41 91
85 14 84
10 55 57
35 37 49
37 5 24
71 21 63
61 94 79
42 80 30
4 19 52
34 26 63
100 22 12
1 37 88
60 29 36
23 93 8
82 6 78
65 68 40
40 44 31
12 87 71
22 65 48
77 45 13
40 22 99
68 7 19
53 42 19
22 66 60
70 69 16
40 20 1
25 31 94
66 96 79
42 70 18
18 63 90
36 54 22
41 49 11
94 8 92
85 66 91
10 72 21
77 61 71
88 46 83
55 47 37
4 37 74
81 35 93
78 44 81
11 64 98
44 81 42
36 44 79
8 97 3
81 15 29
39 79 72
57 27 96
39 38 85
2 98 1
12 50 28
38 88 68
57 90 83
82 89 72
27 57 14
67 71 26
49 47 1
81 3 97
36 89 46
5 5 82
7 95 72
41 100 35
29 45 50
64 14 25
31 2 39
8 58 20
10 77 86
86 68 74
55 30 28
51 100 25
25 86 47
76 6 45
92 88 74
39 14 46
20 63 95
32 6 39
41 44 12
67 54 72
46 85 51
12 48 66
29 74 39
69 50 40
17 42 43
17 59 89
15 90 12
88 72 12
11 10 67
16 76 70
21 14 89
70 98 18
71 3 57
19 37 64
35 76 30
42 16 64
73 86 66
19 9 59
29 94 95
32 32 62
50 93 84
46 60 86
92 65 5
18 53 100
89 69 28
92 43 84
46 40 98
95 53 89
59 26 19
78 97 89
54 79 19
97 55 72
15 100 44
10 65 23
7 75 95
35 94 9
62 70 60
70 60 32
38 40 6
63 18 47
48 66 51
23 97 21
42 83 54
95 35 99
87 5 69
50 12 90
48 60 70
55 64 80
65 41 29
76 33 70
2 80 65
83 21 53
17 27 21
43 97 57
25 5 48
71 26 7
26 56 95
14 65 62
84 48 45
33 31 96
95 91 88
47 57 63
65 59 44
97 72 57
90 87 100
91 20 1
27 64 41
84 35 12
16 31 34
87 39 1
87 52 25
40 23 30
52 83 7
96 66 38
30 92 43
87 62 41
98 66 20
82 65 4
40 80 41
13 81 84
68 55 44
89 40 82
27 14 89
60 36 68
21 44 7
59 11 20
26 55 94
63 93 87
90 40 88
66 24 82
29 17 77
20 24 98
34 37 65
46 18 40
50 31 43
85 12 21
6 52 96
48 90 43
81 70 49
48 13 49
25 98 2
99 96 34
52 90 73
47 85 78
54 63 57
82 35 99
86 89 79
55 17 48
44 93 79
53 84 95
100 86 60
93 63 83
13 73 96
77 16 32
1 10 53
5 12 52
96 15 13
82 91 65
5 81 63
5 17 2
99 61 95
34 15 17
52 1 58
62 93 75
16 13 5
94 15 49
64 94 35
1 10 97
80 43 71
73 22 92
27 95 44
87 8 27
56 10 87
63 16 45
69 79 90
18 58 40
76 100 97
3 64 24
94 40 1
75 36 6
35 75 59
78 23 74
44 13 28
20 12 3
86 84 34
50 100 43
19 67 21
22 2 74
5 43 10
22 38 91
17 22 67
35 61 92
47 1 23
18 66 48
37 23 88
59 25 81
27 18 77
22 96 94
51 33 32
98 6 28
69 16 68
54 80 13
31 43 75
69 98 86
76 66 33
65 88 28
10 26 87
38 21 3
84 41 40
61 5 32
20 84 3
56 35 84
73 30 33
41 46 35
13 16 6
6 2 40
76 67 63
11 26 71
31 94 53
53 82 2
46 36 66
21 6 62
19 52 3
81 79 56
52 98 16
20 100 9
97 44 31
82 17 74
39 4 86
85 41 13
1 89 83
5 51 5
97 84 94
34 81 25
92 55 75
91 39 98
63 54 34
77 86 30
20 1 98
56 11 6
26 59 61
79 17 6
35 65 51
9 39 77
50 3 31
97 66 28
41 88 6
30 83 10
83 100 44
87 13 85
73 7 42
84 31 83
27 66 98
93 28 29
79 75 10
33 75 12
62 24 62
29 33 70
48 94 43
41 53 42
53 1 69
27 41 88
51 51 91
22 15 40
14 81 22
42 45 98
2 28 78
10 6 48
62 64 13
57 90 84
57 35 44
44 97 21
27 69 88
52 14 43
89 57 63
90 88 76
35 84 8
81 59 42
59 14 75
20 11 49
92 81 89
7 17 62
24 14 7
21 77 40
32 95 3
29 70 69
91 15 5
82 54 53
43 58 41
87 11 48
52 2 6
15 50 29
45 13 82
18 25 35
99 81 56
67 56 59
40 24 15
22 41 15
60 15 6
47 91 20
100 76 80
19 53 67
45 61 31
16 76 70
12 55 94
6 92 10
75 45 60
22 71 9
83 74 16
85 39 41
10 84 83
89 43 52
80 76 82
97 50 62
66 15 39
49 48 60
61 55 100
26 4 41
96 95 72
35 1 50
83 79 10
20 39 82
72 58 32
32 77 66
95 57 99
21 77 24
9 72 9
19 92 22
56 36 80
20 93 26
89 77 48
61 5 74
60 71 31
14 56 3
91 85 88
9 28 60
35 62 78
70 15 18
35 10 9
48 38 16
29 85 28
39 91 48
12 87 75
62 7 44
50 36 51
33 90 27
92 45 1
49 17 62
14 52 92
56 19 67
31 20 65
2 4 45
39 50 49
6 89 43
84 2 74
85 21 84
37 98 28
99 75 52
56 88 13
30 93 87
17 52 53
64 99 34
68 39 13
30 48 86
78 7 71
90 45 60
76 98 33
24 47 1
2 95 75
19 8 35
53 37 39
10 71 43
92 11 74
14 73 21
80 55 79
98 93 44
79 33 6
97 95 8
56 61 73
26 6 74
74 98 1
57 13 80
100 66 41
90 59 56
60 6 65
41 18 49
72 93 53
72 73 96
67 31 52
13 27 84
66 62 36
55 45 70
89 1 11
27 28 85
2 51 47
71 51 38
27 60 15
20 52 97
45 67 52
12 8 54
31 65 38
77 20 6
10 62 18
51 22 94
24 73 90
29 31 81
23 37 13
32 31 53
82 17 37
41 71 26
30 21 73
81 60 50
9 5 58
4 65 78
35 50 37
4 79 100
77 87 3
7 57 72
18 33 62
17 82 18
92 55 99
21 44 57
69 76 74
79 33 60
87 67 31
24 67 96
87 12 9
5 66 38
67 33 41
29 47 68
46 77 91
6 28 37
98 62 86
68 12 87
98 93 25
54 87 55
84 71 95
86 46 63
91 87 25
50 55 84
77 35 79
62 17 38
7 64 49
45 85 62
48 85 62
72 65 40
85 100 71
87 57 14
70 55 71
82 90 92
25 95 53
11 21 92
34 77 86
43 76 23
31 77 58
47 69 29
22 16 36
56 85 69
95 90 73
22 33 86
3 22 90
78 75 56
44 68 49
39 12 95
47 11 60
13 38 24
18 31 43
94 33 65
94 95 31
100 16 47
66 37 85
75 29 38
87 55 83
22 44 53
77 87 34
97 90 21
7 39 6
39 3 46
75 49 4
28 28 38
36 64 65
10 20 60
9 16 66
42 79 61
100 75 12
79 60 4
33 29 50
49 84 87
14 48 74
16 27 44
14 18 23
73 99 25
90 51 5
9 40 70
25 2 49
82 66 33
1 40 82
64 23 62
93 22 12
67 64 15
87 62 45
6 1 48
13 51 48
59 52 27
86 59 10
65 86 68
88 97 21
31 34 53
72 4 17
41 37 69
20 90 27
22 92 93
4 50 77
95 11 37
8 12 34
13 30 64
69 30 51
86 23 78
57 51 69
14 20 65
78 78 30
1 23 74
4 82 60
88 97 7
14 37 1
89 91 17
84 22 63
15 7 14
18 57 52
98 24 85
81 65 74
77 97 10
24 75 100
8 67 26
24 57 96
38 24 1
22 57 81
44 6 5
42 45 66
2 95 81
56 62 37
7 11 16
1 20 41
67 95 93
25 78 86
77 50 91
94 6 70
62 86 77
86 83 56
32 88 13
47 19 87
40 71 56
3 81 72
20 77 88
31 51 4
60 51 36
94 10 27
34 36 6
93 45 24
71 55 9
91 96 56
8 66 82
2 38 13
26 86 5
94 18 64
60 62 40
31 18 86
3 81 92
5 85 98
49 23 17
98 10 87
77 70 33
53 92 59
68 68 32
55 98 49
53 25 61
64 21 27
16 81 73
78 81 26
80 45 48
96 18 29
64 84 75
26 10 79
97 61 81
86 75 9
77 49 50
23 44 55
80 31 7
57 98 76
13 71 61
29 38 80
38 13 64
14 100 42
32 23 5
18 80 16
63 1 62
62 36 51
12 44 95
95 92 14
71 23 58
82 26 57
50 81 27
97 98 17
39 81 75
30 69 33
28 12 87
70 79 54
94 72 99
80 97 43
95 12 10
91 87 56
49 77 17
58 95 84
43 4 45
9 82 24
87 54 83
93 13 38
3 38 82
77 91 13
92 32 23
3 62 4
12 43 71
7 56 52
7 68 39
47 72 67
69 28 23
18 71 25
98 55 61
99 2 15
24 90 96
43 23 4
1 18 68
25 17 88
84 61 59
69 86 69
70 16 6
73 24 11
11 99 97
81 87 27
58 30 23
26 55 56
69 81 19
61 58 23
43 58 41
10 52 71
42 25 22
87 60 16
61 12 84
35 48 15
18 98 51
95 5 32
31 80 74
80 73 95
30 2 51
62 35 3
77 17 49
52 3 63
29 99 59
60 19 43
66 49 18
79 16 30
35 18 38
32 1 16
37 6 98
45 69 51
40 44 12
29 74 58
25 100 56
39 26 72
68 63 9
51 41 18
78 55 57
64 62 85
93 65 30
73 42 55
32 60 40
89 27 57
38 11 76
69 78 45
43 24 1
99 41 1
14 38 65
25 62 11
9 2 58
88 2 13
73 55 79
11 1 64
74 88 48
8 22 71
82 71 12
89 3 22
46 90 14
61 54 12
47 70 76
79 79 95
88 81 63
17 30 88
4 46 89
34 53 71
93 30 5
16 77 74
46 19 63
12 52 43
32 98 40
47 76 65
49 35 95
53 33 23
80 18 23
10 98 28
9 12 34
58 72 73
80 52 35
6 71 10
89 95 75
83 94 90
82 8 25
77 23 17
70 58 1
11 96 89
36 84 89
53 21 99
19 95 72
56 74 91
98 23 91
25 37 28
91 81 61
12 59 56
82 1 36
70 65 6
63 25 95
20 41 74
81 48 37
15 47 20
98 47 50
1 59 93
76 87 63
45 31 63
38 53 72
34 4 62
65 36 60
41 46 25
67 68 49
89 79 84
72 42 97
50 14 44
6 59 19
18 52 53
66 59 21
11 68 24
100 35 22
16 81 43
55 10 43
63 85 2
23 59 12
20 36 66
71 39 20
82 52 90
18 90 14
4 45 64
66 91 86
96 78 6
17 78 23
44 92 42
52 79 34
39 58 98
66 82 6
68 39 18
63 2 62
80 66 69
14 78 17
27 74 24
86 84 63
61 57 83
80 27 72
31 56 57
7 5 6
79 30 68
7 4 6
41 11 69
83 96 67
55 75 10
54 96 99
49 37 77
96 59 56
9 39 86
49 6 82
89 66 18
68 45 68
31 48 38
52 98 45
39 26 87
46 27 43
37 3 72
61 2 48
9 4 62
31 55 61
16 18 38
35 32 49
61 13 68
30 17 45
78 8 63
70 5 70
25 54 79
31 93 81
12 12 19
89 18 11
22 90 61
41 41 78
63 89 55
12 35 75
2 27 94
73 95 75
51 81 84
49 29 50
64 53 35
63 100 42
79 100 46
95 56 92
62 37 2
65 73 31
13 98 76
78 47 18
92 11 29
61 35 12
55 79 25
55 42 89
8 64 50
87 51 17
87 45 80
18 12 46
8 83 79
93 68 80
23 64 28
89 11 40
70 98 86
72 35 100
62 74 4
88 83 61
38 18 65
1 30 13
93 73 95
7 77 85
60 32 2
61 36 91
65 39 29
80 14 8
38 69 48
74 27 59
2 71 21
18 41 32
70 16 15
91 81 44
68 98 88
18 91 60
4 65 24
38 14 22
49 99 71
20 44 54
33 75 71
90 51 11
71 22 21
3 54 56
78 45 49
68 42 44
93 79 61
92 46 93
16 74 4
7 12 27
58 55 95
48 39 17
69 28 47
60 1 32
4 70 6
45 87 12
54 31 46
38 37 24
88 43 89
38 79 90
45 46 81
46 52 73
60 76 29
55 8 87
58 18 24
8 14 31
35 67 53
39 8 94
14 86 68
89 93 54
90 69 51
46 98 40
34 75 34
71 70 29
30 89 92
62 28 88
61 63 81
29 87 54
33 94 53
22 89 87
83 76 74
82 35 27
86 61 75
94 40 77
68 5 45
61 76 37
7 18 37
83 36 86
43 40 28
59 45 2
16 54 100
31 61 22
27 48 62
29 9 94
94 39 51
68 12 83
13 10 83
42 28 33
73 53 72
73 96 26
29 37 18
52 70 15
84 59 87
67 52 21
2 79 63
33 81 96
44 98 20
94 14 73
31 1 48
49 67 61
32 6 85
76 36 98
44 87 59
45 1 16
14 1 24
12 52 26
32 52 57
20 68 16
85 33 18
1 72 92
89 50 49
14 47 37
61 48 98
88 27 89
16 44 46
18 34 90
55 20 33
42 55 73
68 5 6
89 93 89
37 28 82
69 86 4
57 64 15
86 77 36
45 18 39
74 42 7
24 49 91
92 9 96
43 64 91
72 84 7
82 79 90
84 23 1
88 95 14
99 17 78
5 20 2
91 37 13
75 15 47
61 88 15
59 99 22
12 29 65
44 62 36
74 100 59
68 11 18
25 49 20
75 54 21
91 40 39
82 54 63
28 99 93
75 43 52
26 85 30
87 27 87
31 2 40
70 29 58
66 46 93
95 97 3
97 82 2
65 69 33
18 38 28
72 72 42
96 81 63
24 96 94
72 43 61
16 20 30
69 93 8
13 53 7
18 40 13
89 55 12
84 63 34
34 43 7
22 65 18
25 6 20
15 29 11
50 97 44
86 98 62
95 21 92
64 52 26
92 44 35
5 31 3
1 5 16
14 70 4
80 81 73
55 53 52
82 76 37
28 7 42
99 69 11
72 35 84
75 51 2
34 1 50
56 84 72
71 9 63
15 13 98
86 78 24
59 51 17
71 47 15
24 9 75
93 22 35
33 46 19
42 98 16
68 67 79
43 41 85
96 57 81
56 31 75
20 75 93
30 29 50
17 80 49
79 73 90
25 65 91
9 78 4
45 88 68
8 67 52
91 34 63
13 22 72
50 15 58
45 92 67
44 48 45
90 89 93
82 49 6
31 52 72
65 37 88
44 79 94
91 53 96
68 53 67
19 20 17
64 89 43
34 56 35
92 58 65
72 59 100
35 80 60
67 60 88
77 80 36
83 74 49
99 16 32
17 29 6
81 87 27
56 12 7
86 44 79
29 68 15
15 43 21
50 77 30
5 83 95
21 76 69
76 88 82
92 50 48
63 83 3
2 70 2
67 33 23
74 14 31
3 1 11
43 27 84
25 7 14
96 70 29
93 78 98
45 55 71
8 58 88
33 49 15
98 53 21
74 63 73
37 47 17
76 7 9
48 86 41
80 90 9
48 64 20
93 49 69
10 3 87
96 82 41
95 77 37
100 55 59
53 70 77
74 15 50
8 52 7
32 30 36
55 43 83
7 56 12
67 47 41
25 43 89
90 24 38
28 39 32
11 66 30
98 83 8
90 71 99
21 67 42
35 9 72
19 18 28
9 58 37
65 21 59
25 37 41
93 16 39
9 75 61
24 19 46
97 86 82
27 2 65
77 42 56
48 28 58
23 15 17
13 27 9
8 43 84
74 75 67
6 26 46
66 84 19
40 94 95
81 23 86
38 60 69
79 92 61
35 86 6
60 78 4
83 65 50
92 46 10
15 94 73
59 6 30
41 22 42
26 19 87
23 33 49
21 43 63
37 85 24
21 22 55
5 97 56
56 38 68
20 85 32
24 8 95
37 97 90
29 74 11
58 68 64
65 16 17
15 93 52
84 41 2
70 82 80
40 95 46
57 1 18
89 80 47
82 41 16
38 76 6
1 75 94
94 53 46
73 91 74
19 31 8
68 34 72
40 70 24
17 59 75
54 89 14
34 39 2
50 30 58
37 79 14
66 71 59
88 74 66
95 7 22
54 60 85
27 26 46
11 72 8
52 22 72
17 1 5
17 92 57
31 84 12
68 29 18
94 7 55
82 36 51
85 78 20
54 41 28
13 52 42
71 53 43
6 91 39
100 100 9
70 6 20
43 75 3
4 27 59
26 16 68
61 68 1
31 25 95
25 76 80
2 100 72
95 85 4
32 27 89
39 43 99
61 62 37
96 32 13
61 30 37
40 50 38
79 82 69
34 40 45
51 18 64
91 26 81
12 98 74
41 51 32
1 61 92
65 2 4
87 90 99
87 30 60
46 78 76
39 74 24
12 95 81
2 25 75
84 2 41
100 61 87
6 25 99
23 85 2
58 91 4
3 53 3
6 74 82
18 61 59
44 85 18
7 51 28
32 98 18
41 86 66
52 54 27
25 14 25
24 80 23
40 26 63
67 83 59
57 36 60
81 84 90
9 91 23
16 21 75
6 11 69
43 7 14
96 84 72
24 5 74
80 96 73
21 30 58
75 78 80
61 62 88
34 86 51
77 58 98
67 91 38
77 56 26
54 98 20
50 5 39
61 75 19
61 30 78
82 57 56
54 45 20
83 48 29
43 60 4
82 34 3
18 24 32
54 98 62
19 60 58
4 88 51
85 72 31
1 74 91
62 66 40
98 18 68
91 59 96
81 34 9
87 44 89
90 68 50
2 95 52
92 90 61
37 73 42
93 81 73
64 96 63
72 39 60
67 27 72
19 39 1
58 75 99
92 37 13
7 42 75
26 10 84
59 1 28
42 2 11
58 97 10
86 87 75
46 4 74
40 33 4
32 96 81
58 72 43
29 60 11
78 30 51
18 24 37
4 19 67
96 9 97
78 59 54
76 98 2
39 87 90
12 47 88
81 75 95
89 87 83
35 19 31
75 79 84
82 10 53
71 4 33
31 28 33
76 33 4
73 30 74
61 30 58
44 15 70
21 80 23
42 99 96
70 81 63
46 84 56
23 80 66
10 10 84
95 97 95
4 71 14
28 72 95
68 95 97
52 68 6
1 38 51
42 1 13
100 2 23
24 34 83
83 48 88
25 65 49
81 45 49
93 98 37
95 96 81
46 51 47
51 1 28
50 63 95
28 79 87
97 71 25
47 5 11
43 78 60
33 37 88
50 48 37
61 47 45
49 46 67
68 32 28
14 32 47
35 89 9
100 15 5
26 25 75
23 25 35
56 51 6
18 77 13
11 7 59
31 51 70
51 30 38
26 31 87
64 4 36
22 91 51
31 32 33
18 32 64
90 21 42
60 20 15
12 17 69
47 47 88
98 97 22
89 4 24
68 5 15
26 20 66
9 26 54
44 13 11
68 25 55
84 20 38
57 42 56
80 1 18
10 37 29
97 59 95
60 33 51
60 18 69
50 8 95
41 98 2
19 19 92
40 63 54
68 70 45
23 16 28
33 88 49
2 20 62
93 1 15
38 89 79
23 45 15
84 99 71
81 8 55
12 37 60
78 48 64
37 24 28
2 29 16
9 30 39
88 66 65
60 56 96
95 87 56
6 83 81
44 69 29
85 92 31
12 5 78
89 61 63
41 24 15
39 47 77
91 81 55
76 81 55
50 33 41
14 28 91
9 98 68
18 66 15
48 30 50
72 19 72
41 79 93
16 17 28
72 95 59
60 95 53
42 22 27
48 79 44
52 25 89
32 78 39
75 20 47
65 76 24
79 95 7
87 39 2
26 32 64
78 76 23
100 79 26
23 3 9
59 49 40
50 71 99
48 87 22
59 66 18
5 12 3
63 59 56
44 60 58
81 90 46
97 48 98
93 70 4
87 13 11
49 59 94
20 72 22
86 46 31
63 97 54
67 55 31
63 88 62
41 36 16
74 65 49
26 42 7
50 65 20
19 38 74
44 97 31
80 69 33
52 65 40
51 77 17
68 63 57
37 76 32
7 15 37
77 79 8
27 42 79
95 75 93
45 63 12
85 19 12
86 7 44
68 37 36
66 66 76
80 75 57
93 38 20
67 34 96
100 95 72
47 68 40
7 70 68
70 33 29
40 16 74
88 2 47
60 90 53
26 12 42
64 12 95
6 35 14
80 91 39
64 26 7
91 50 80
18 97 79
5 97 10
77 77 62
35 10 95
48 85 16
71 22 9
93 44 8
34 71 95
76 72 75
30 2 88
2 5 77
40 73 87
91 40 76
81 69 17
37 39 37
52 47 38
18 1 47
77 5 69
23 27 42
33 56 97
7 52 95
11 35 59
44 36 68
10 37 36
64 48 74
50 71 22
15 91 40
24 6 45
97 36 39
8 70 41
77 68 5
64 3 81
25 15 45
79 30 28
23 30 20
32 78 47
22 20 58
62 53 93
53 29 49
51 31 89
51 55 84
88 90 35
17 59 7
74 77 37
68 34 61
68 61 43
92 21 12
61 80 50
22 78 70
77 54 61
85 4 20
33 59 83
14 89 8
35 96 87
40 45 69
78 99 71
36 36 6
59 59 22
96 77 62
78 16 11
8 76 62
64 76 88
51 36 88
37 3 46
62 95 52
97 3 52
44 77 47
82 69 66
4 99 93
75 56 83
41 37 85
28 27 8
84 9 99
12 95 9
68 18 39
60 70 78
10 71 90
71 7 22
50 11 48
33 82 17
34 23 30
25 11 16
70 92 99
16 2 36
62 62 66
3 39 38
84 56 10
7 2 6
55 16 65
54 41 49
69 74 66
96 64 78
14 55 57
8 55 59
2 90 92
19 60 5
76 77 74
14 5 4
94 8 21
12 5 85
80 99 89
80 50 86
61 96 57
83 65 13
89 42 53
17 76 80
56 1 23
83 91 39
70 34 92
15 63 79
84 21 81
32 55 14
21 64 24
59 14 71
72 23 18
14 71 96
20 36 38
29 37 15
60 44 26
60 29 23
80 80 6
97 95 42
12 94 87
61 62 2
53 71 93
28 100 96
60 10 22
20 33 30
80 91 62
31 73 67
79 84 96
46 66 64
92 17 45
54 6 91
31 35 93
77 36 77
90 37 13
27 39 78
51 95 100
22 32 82
74 82 41
51 44 71
53 1 2
73 96 42
25 41 16
81 90 71
10 4 64
41 33 4
94 42 97
83 68 48
70 20 33
10 19 31
55 71 90
48 48 2
27 49 32
74 67 10
34 48 51
48 64 30
33 91 74
17 36 49
89 33 69
3 92 89
63 27 26
11 74 47
83 82 29
13 61 73
20 27 34
18 13 28
3 43 54
86 4 32
20 38 5
47 41 86
74 54 27
30 21 44
54 71 52
36 80 50
6 100 53
64 32 28
72 56 22
27 68 20
16 77 29
68 11 23
48 58 76
38 89 21
68 92 3
43 77 17
78 69 29
3 82 17
22 58 50
64 62 68
7 42 83
94 19 67
58 50 20
87 62 40
72 31 75
44 79 55
36 68 29
21 40 6
4 16 15
93 69 82
64 7 75
41 74 78
93 72 8
85 34 42
4 66 62
3 15 49
46 75 19
89 87 94
99 12 95
90 82 36
17 73 92
56 71 90
37 91 24
6 5 30
59 37 28
49 23 15
41 57 63
28 62 36
98 15 11
73 54 55
41 78 24
4 7 22
99 46 42
96 48 58
84 85 20
79 56 34
89 74 17
75 50 15
64 26 63
81 76 48
82 10 81
15 62 15
91 56 81
95 20 68
11 67 90
32 90 61
40 38 91
31 26 95
67 52 63
82 58 2
58 74 32
83 21 71
12 92 46
36 66 51
11 54 8
27 50 18
34 33 86
75 52 59
63 76 65
3 73 22
75 78 98
100 91 18
77 48 66
87 67 87
35 100 79
73 66 33
85 97 89
48 63 55
4 10 53
73 9 12
35 99 83
92 21 92
67 30 80
72 29 16
68 96 79
64 2 4
51 33 39
7 32 51
31 92 3
12 2 16
28 15 70
57 99 89
35 60 80
94 38 76
54 83 43
11 40 11
69 42 57
73 18 78
36 57 44
89 98 66
53 85 20
10 56 44
96 8 42
10 92 35
99 69 28
30 46 14
66 98 91
23 99 97
79 23 36
74 32 23
7 7 84
61 32 48
62 29 18
36 29 33
11 46 34
97 74 23
59 41 66
49 59 19
95 99 59
70 89 21
24 15 47
81 70 1
72 4 16
72 49 78
14 70 88
50 30 17
11 62 6
36 37 5
10 31 95
19 36 13
11 41 4
31 46 25
51 36 32
29 33 48
97 14 89
48 86 20
2 35 46
35 86 6
11 52 19
6 90 53
78 31 73
34 89 75
87 89 79
90 51 36
32 100 10
80 67 55
25 38 2
56 74 86
42 5 60
23 24 82
34 59 89
43 21 34
91 12 79
15 91 20
34 90 56
2 52 22
20 47 23
52 94 83
35 67 25
37 70 32
24 84 99
21 87 34
93 23 82
10 6 2
29 37 66
18 81 96
55 56 25
76 6 65
37 39 85
1 12 46
38 41 28
43 95 44
88 91 74
82 74 5
40 72 90
18 43 84
58 68 40
4 17 45
79 54 8
73 76 51
84 60 29
86 79 14
53 43 79
60 86 49
56 3 46
66 8 46
13 95 42
47 26 27
9 57 7
20 60 50
34 85 68
100 86 65
20 80 39
22 4 1
29 89 97
45 8 93
55 76 23
61 77 49
17 53 27
41 92 42
81 67 89
1 35 97
99 26 22
34 97 46
80 52 95
87 63 27
74 66 36
34 48 98
77 94 61
53 92 7
93 9 21
24 16 1
40 26 19
45 30 65
40 92 42
7 91 2
23 100 12
4 54 83
13 91 49
29 57 55
69 7 42
81 81 97
96 4 85
99 87 100
28 80 16
1 32 33
30 11 1
49 87 8
27 49 20
55 47 38
44 11 38
49 66 2
3 28 30
7 74 23
1 95 94
83 29 39
78 62 80
68 16 91
73 40 20
57 32 5
13 41 20
19 17 85
95 13 85
20 79 21
82 4 49
10 71 94
50 97 21
42 83 52
18 17 30
56 42 63
53 17 40
15 65 37
53 71 89
7 5 85
87 74 77
86 80 70
38 18 40
99 81 84
46 30 40
88 19 21
57 30 77
68 35 31
45 89 71
35 50 47
16 36 17
71 19 22
47 45 69
57 81 67
76 43 34
32 67 83
44 19 67
34 59 31
94 23 40
46 38 77
42 38 74
25 73 81
93 37 45
81 53 52
78 98 80
72 25 100
86 25 8
86 72 12
23 75 93
53 31 9
63 91 11
46 93 100
32 31 71
56 32 86
93 34 87
74 18 45
94 41 91
9 60 23
96 78 41
11 6 76
30 61 63
59 99 56
71 25 90
9 59 27
95 2 15
71 98 15
3 80 70
55 60 85
48 5 18
81 82 2
84 93 67
13 73 21
50 39 13
41 21 89
73 59 57
72 2 77
9 4 88
33 17 5
63 84 72
55 4 41
6 49 24
52 67 53
46 7 83
54 56 44
59 66 78
86 81 72
55 19 75
19 42 43
82 24 48
60 99 46
12 6 45
89 71 67
50 74 38
75 41 80
91 93 27
18 59 56
7 96 7
87 3 93
26 92 73
19 83 73
53 22 93
23 10 9
58 72 84
10 39 85
38 79 81
38 15 45
97 1 40
25 13 2
56 35 53
82 35 53
55 40 38
63 43 34
14 90 27
14 52 89
43 64 65
79 74 2
28 9 95
44 89 61
25 3 56
59 19 53
1 99 90
5 49 98
97 49 85
92 32 48
61 17 33
38 55 3
46 37 38
31 78 18
97 49 29
27 49 82
66 58 17
90 40 2
89 3 22
6 49 17
1 57 43
56 72 90
20 65 23
34 6 82
72 100 99
78 17 11
51 68 65
10 41 76
39 42 21
81 77 36
1 96 7
43 18 24
24 91 37
16 92 93
55 68 98
84 65 86
90 21 84
9 49 1
50 80 37
75 1 91
97 76 66
34 86 68
13 68 30
9 55 26
92 43 9
49 65 15
55 22 97
96 61 22
72 21 43
74 17 51
30 98 20
36 56 53
71 23 77
46 75 7
94 57 43
54 60 50
20 96 7
16 42 53
63 62 88
10 44 87
17 23 68
74 85 24
43 14 72
88 99 42
47 27 31
7 38 37
15 27 22
86 100 71
58 48 11
63 83 89
7 94 8
95 100 83
11 49 76
66 74 16
73 68 15
3 23 1
85 58 88
70 91 82
56 42 9
72 82 68
35 35 42
83 64 4
65 66 86
40 28 50
59 76 13
33 79 53
100 4 32
98 61 84
50 35 89
17 92 43
64 19 96
23 94 92
38 45 66
14 100 89
52 55 14
46 61 42
78 56 67
4 99 73
75 9 79
11 42 63
69 60 78
25 29 24
13 19 21
18 56 25
13 81 96
54 27 53
44 58 49
73 44 8
81 67 35
68 96 35
26 99 26
27 41 51
92 19 35
73 39 51
29 47 78
75 14 92
68 82 68
5 34 43
64 29 50
19 13 20
66 57 55
51 30 15
93 9 34
96 62 49
87 67 93
6 34 97
33 18 47
22 78 58
2 90 54
78 96 63
89 71 73
17 58 76
16 92 72
1 76 50
37 19 7
57 67 31
48 42 14
34 22 19
34 90 21
26 59 100
11 29 49
57 11 18
17 39 98
50 16 17
92 97 43
15 10 75
28 75 46
12 58 39
35 21 63
65 79 53
31 48 76
53 83 56
29 75 25
33 50 49
38 78 11
27 89 9
66 47 64
36 1 62
36 21 44
59 65 2
37 33 13
57 43 92
56 5 60
25 73 63
11 88 17
39 32 60
61 97 93
79 14 84
47 5 85
43 52 53
34 46 19
75 93 73
17 94 43
24 7 8
94 61 71
56 32 38
76 93 56
60 10 92
72 70 20
91 95 46
16 50 13
25 84 72
52 29 1
82 62 77
29 38 64
95 94 90
45 21 96
21 47 68
65 29 2
20 82 11
21 45 11
64 90 59
44 65 82
72 47 82
93 17 33
84 17 70
31 68 32
71 51 6
78 41 20
10 92 34
29 5 77
28 12 55
51 5 98
48 17 39
88 27 54
61 85 98
32 74 62
13 81 89
90 33 11
26 3 83
89 66 48
46 45 24
56 97 22
55 59 10
8 55 67
28 96 31
50 91 64
75 3 35
39 44 79
78 71 63
32 51 66
32 95 99
80 84 46
19 17 33
70 1 86
52 6 38
13 9 35
35 40 80
20 47 82
4 90 35
69 100 19
93 57 87
44 43 63
100 21 63
18 3 31
96 46 79
97 44 9
61 93 7
70 83 100
3 85 11
93 10 55
85 42 43
50 77 48
100 71 31
96 71 56
84 22 27
13 28 77
55 10 46
3 63 97
43 16 11
41 8 27
83 94 73
44 79 95
34 10 54
33 64 77
66 40 17
36 37 6
94 57 100
30 2 76
78 59 56
22 46 12
84 74 33
58 79 3
98 21 100
58 44 53
93 83 55
56 50 98
89 86 58
19 63 8
32 44 55
5 65 40
78 95 61
54 79 57
33 19 71
33 74 45
64 64 66
8 26 100
14 88 37
71 94 100
6 22 56
71 90 27
7 45 77
60 5 50
60 42 90
72 39 23
58 5 65
86 42 3
14 81 25
7 48 5
47 19 43
14 75 7
25 68 49
31 93 63
27 39 69
75 87 61
58 18 16
36 35 55
71 81 14
77 29 38
54 72 67
11 42 90
82 79 25
97 80 28
39 17 45
90 58 76
59 76 30
7 21 100
26 83 27
18 31 84
25 2 32
29 8 79
52 26 97
8 85 76
12 56 25
76 37 69
21 74 49
79 50 36
98 15 77
28 61 10
89 100 90
66 11 38
48 48 32
85 15 41
86 95 19
17 93 73
7 71 22
17 36 60
39 13 29
94 46 100
4 21 63
68 18 58
93 66 38
4 5 45
45 72 54
26 6 41
91 99 12
15 55 72
7 100 25
54 79 42
75 67 93
32 94 72
61 41 48
92 8 27
10 85 15
49 35 71
10 5 30
15 50 91
74 43 89
50 98 88
63 83 95
37 26 52
49 87 8
63 62 91
69 9 83
42 54 59
53 75 27
29 3 75
36 10 75
79 35 25
92 26 94
23 37 62
30 99 25
59 1 48
86 83 81
68 62 4
7 22 57
36 35 26
62 28 37
60 68 76
77 84 99
71 86 29
72 2 45
97 64 30
17 93 67
36 27 10
77 7 57
57 16 2
25 45 69
80 8 59
92 59 75
39 31 63
1 19 14
4 94 8
69 12 67
10 39 29
83 20 11
52 14 19
62 32 13
24 20 88
30 49 64
74 47 66
50 86 32
98 1 86
48 30 4
57 60 32
46 56 19
33 67 63
59 95 67
33 31 8
28 72 61
41 53 56
36 8 63
96 18 66
15 17 1
64 42 44
7 30 47
96 67 43
84 1 77
42 59 56
67 26 67
92 67 84
75 15 1
83 41 49
4 95 3
45 45 88
18 71 26
10 67 57
67 4 64
96 52 81
28 69 16
45 5 13
67 82 51
19 80 58
65 17 41
24 48 2
79 23 32
95 11 41
8 89 43
29 62 41
76 89 92
54 24 60
52 47 69
38 28 69
58 93 35
26 23 16
69 98 74
84 91 74
1 73 83
12 90 99
26 42 61
80 51 38
99 73 12
86 80 45
16 14 72
56 59 26
27 83 73
1 44 25
36 19 61
25 79 59
39 36 82
18 13 50
7 70 48
61 29 78
80 38 33
65 8 21
58 36 76
5 54 79
54 65 69
20 98 23
45 2 16
65 35 63
53 10 42
31 48 11
69 24 77
59 87 79
23 48 68
36 59 95
60 60 4
76 99 14
4 84 96
26 82 6
2 57 9
70 93 55
10 57 83
33 84 21
80 89 56
78 84 21
98 37 4
9 52 89
44 63 81
60 55 99
24 3 67
23 2 30
67 33 28
65 48 60
32 8 9
1 26 57
61 32 80
71 81 63
32 54 59
75 34 93
75 99 95
64 18 86
73 70 64
91 35 90
3 20 17
77 100 94
46 57 87
68 27 22
35 96 14
2 82 51
91 12 8
28 11 13
92 64 70
52 77 28
85 44 93
84 54 43
38 89 9
50 77 47
4 99 94
1 73 26
42 67 90
55 10 81
47 37 33
16 38 29
19 78 65
10 54 89
2 38 5
34 9 84
32 74 69
30 58 76
43 12 81
7 44 52
76 4 51
15 94 61
62 45 4
26 85 78
43 24 38
27 60 86
94 49 86
89 48 76
1 81 67
22 94 35
63 8 10
46 30 88
60 35 21
18 75 55
69 53 25
43 52 97
88 49 24
37 25 84
28 94 72
94 72 99
22 82 18
50 38 69
55 4 85
58 61 46
22 33 88
78 33 50
6 79 25
63 25 43
88 84 9
82 10 90
57 2 82
66 25 10
17 20 39
6 94 90
5 31 95
20 30 74
32 91 39
99 11 20
29 50 49
83 97 25
29 80 62
3 46 72
42 44 81
63 99 67
5 68 74
37 88 50
74 51 74
81 19 67
2 89 44
28 59 67
44 53 8
62 54 61
31 84 96
49 78 91
86 4 15
17 39 5
52 7 56
83 67 21
69 89 54
3 11 88
71 94 99
29 37 18
43 57 59
56 20 47
62 10 46
79 70 30
7 76 51
49 42 61
76 30 40
84 100 22
43 45 74
59 82 4
54 93 61
48 76 91
72 67 90
17 99 14
35 44 57
52 12 96
18 22 57
28 45 28
98 73 25
57 25 52
26 88 77
3 11 36
56 15 20
74 24 4
97 29 49
11 30 76
6 42 97
90 53 57
44 85 6
61 13 16
22 67 94
87 92 27
52 9 81
37 38 49
46 54 72
15 1 32
27 5 70
99 15 36
76 58 41
6 46 89
32 69 40
71 21 7
32 85 5
15 33 60
73 19 56
68 67 46
99 75 7
73 87 35
68 66 2
83 68 4
64 21 73
22 17 50
39 69 49
62 57 89
61 31 19
20 98 62
52 65 38
5 38 29
10 3 43
11 39 17
35 75 9
2 42 89
3 33 37
17 86 45
27 20 77
82 59 87
37 90 19
14 33 58
83 56 8
59 1 5
89 100 12
60 84 94
5 3 10
42 93 53
4 77 48
61 43 8
93 25 12
90 11 62
53 45 64
40 94 55
93 7 9
51 13 38
36 25 94
97 69 86
76 43 83
33 44 73
16 63 92
75 89 99
28 13 45
38 36 41
15 35 73
73 79 87
31 99 21
59 2 20
26 100 96
40 67 71
45 25 79
10 99 89
39 83 21
25 89 54
87 11 16
89 32 4
92 54 25
33 90 7
57 15 50
91 63 53
39 64 98
66 80 15
31 49 98
92 78 85
39 75 61
67 31 53
52 48 29
33 10 79
57 65 47
36 1 5
45 49 85
98 79 90
41 4 86
72 20 24
81 34 57
43 67 25
53 83 10
57 31 90
96 99 75
99 1 39
19 14 25
97 63 56
68 54 14
18 91 78
32 36 64
42 38 98
6 42 84
56 4 45
75 15 76
43 79 42
11 89 99
45 62 74
7 8 43
57 9 10
98 73 97
92 99 90
10 97 59
15 24 80
100 91 76
93 91 15
2 48 70
28 7 99
52 85 45
79 76 30
1 10 43
4 99 72
93 98 58
61 34 97
19 91 58
83 45 49
40 12 21
21 65 80
96 6 77
52 13 77
72 5 82
45 78 29
10 57 31
27 29 36
96 2 30
84 34 12
80 89 61
48 75 84
99 29 58
34 100 43
63 3 56
64 91 88
50 46 72
83 52 25
1 35 59
10 5 69
79 48 30
92 62 49
43 37 11
95 25 67
15 22 93
11 51 5
86 88 78
67 52 14
15 77 39
94 3 84
41 95 92
78 81 54
54 19 87
61 85 39
82 78 30
59 52 83
75 7 89
22 31 97
6 90 12
90 73 56
6 72 12
72 55 7
8 73 26
70 6 85
64 48 13
37 85 82
82 13 15
82 72 92
48 25 56
58 1 64
24 4 91
23 29 51
61 55 56
31 49 41
70 64 85
13 24 45
95 48 15
50 85 41
65 7 54
11 74 32
7 73 75
62 28 51
20 38 17
74 99 44
73 95 54
21 44 87
23 59 44
15 21 100
50 86 91
89 96 21
45 100 25
90 2 41
43 6 13
81 53 22
49 69 39
98 54 84
85 82 69
46 81 90
57 9 72
62 49 38
70 91 32
38 26 72
56 27 10
15 44 9
24 91 28
40 10 73
46 22 55
89 89 42
19 13 51
88 50 29
8 89 35
3 91 64
66 18 39
22 18 86
11 7 35
34 6 39
41 56 54
3 18 11
67 8 9
94 34 52
37 16 82
7 23 6
67 48 15
68 10 72
42 27 87
38 22 72
23 66 15
9 66 29
57 53 25
52 53 12
8 49 88
4 87 53
59 26 84
88 8 84
37 41 39
57 7 26
1 77 98
81 21 25
6 57 22
29 29 85
75 42 67
18 40 70
71 55 54
54 28 62
17 35 21
63 30 70
22 53 57
76 53 31
35 21 67
66 82 32
70 41 40
51 89 19
90 30 29
3 39 16
45 45 1
84 43 8
50 97 63
9 99 75
36 37 41
45 37 1
44 9 94
80 11 39
20 73 7
2 3 55
34 73 75
65 70 6
3 21 95
20 69 91
98 85 68
48 79 67
45 9 83
80 20 5
90 80 91
12 62 33
100 50 80
42 82 2
73 59 22
83 90 19
94 57 42
80 70 16
41 11 30
28 84 63
35 43 73
65 86 36
26 3 67
17 48 64
86 66 37
76 19 7
66 90 31
67 50 40
28 41 30
29 30 68
7 45 17
88 75 52
65 45 48
24 33 74
10 87 97
82 81 99
18 91 23
82 59 87
80 91 36
3 81 35
39 91 37
1 29 47
74 72 83
34 71 46
1 81 99
83 10 43
30 9 44
33 79 96
3 9 71
10 48 98
8 25 46
35 98 20
72 19 92
17 58 80
7 76 58
25 40 45
76 6 74
20 91 68
51 70 4
49 56 52
77 21 26
34 84 73
93 76 78
3 10 57
55 16 70
56 16 48
55 94 87
25 23 62
93 91 1
92 42 72
21 47 51
68 47 78
53 9 19
62 63 79
44 77 15
54 60 66
99 61 35
11 28 38
92 11 51
95 44 57
94 68 65
36 53 84
41 78 76
47 24 76
45 74 39
26 52 73
55 31 61
42 66 88
43 55 35
54 93 61
48 25 43
40 17 16
95 84 10
21 13 30
11 17 16
22 17 32
75 74 36
73 33 41
10 72 19
55 21 42
28 46 92
36 57 44
65 10 79
86 48 2
12 84 10
31 80 40
31 40 68
27 80 16
69 21 43
14 12 90
43 39 49
88 38 85
76 10 93
16 61 8
72 59 83
33 31 94
90 6 2
30 12 10
20 91 6
84 52 42
28 40 33
71 69 85
44 6 50
22 49 32
65 31 3
8 77 62
30 79 71
80 79 97
37 37 41
58 68 15
66 19 55
14 51 65
14 84 92
74 80 30
13 98 30
77 29 38
51 39 20
58 25 31
33 7 94
24 64 40
57 45 58
61 11 45
29 43 90
53 93 54
48 48 16
70 23 29
41 59 3
95 44 31
5 63 84
29 90 83
22 46 21
58 92 31
96 8 84
45 51 86
71 31 27
2 89 93
6 67 10
33 60 47
4 7 81
65 47 2
37 100 83
22 89 14
77 87 7
93 69 38
5 19 96
71 83 12
94 36 47
86 61 55
93 38 39
12 71 54
83 90 63
99 77 69
52 90 99
84 48 17
88 23 36
56 16 5
32 22 26
13 74 68
57 89 94
21 3 46
40 38 86
99 74 20
41 30 38
46 35 67
99 99 83
36 72 97
11 12 3
9 67 14
68 3 8
35 33 88
67 62 40
31 26 67
65 33 66
75 62 24
20 24 51
51 37 11
20 87 100
97 94 83
8 1 65
75 96 10
3 79 71
86 78 68
79 23 39
89 59 100
50 29 38
48 40 64
16 54 90
91 12 99
58 87 9
44 78 69
36 95 54
10 4 80
40 14 7
14 91 15
46 1 30
88 14 100
4 50 2
86 24 17
13 42 27
40 56 55
87 87 56
79 68 29
49 20 60
82 95 84
11 85 48
77 6 65
7 42 71
96 9 21
57 3 92
66 51 18
64 49 45
75 33 82
27 26 81
29 54 97
28 22 53
88 45 29
52 10 71
19 94 44
14 9 42
73 70 58
56 43 56
75 30 82
71 68 58
19 57 61
23 65 45
7 27 53
72 35 57
74 77 29
20 29 16
37 68 50
30 90 93
56 86 15
83 18 16
18 95 90
29 4 17
16 41 47
43 27 92
91 21 44
3 81 8
89 52 19
11 31 34
31 97 90
40 95 27
69 20 13
37 33 28
60 5 4
11 20 40
87 99 25
7 68 80
20 8 43
58 94 71
11 69 48
36 62 13
54 27 31
90 38 36
24 82 24
68 40 51
44 49 11
34 70 13
47 79 92
66 44 83
42 10 56
22 47 15
49 9 43
95 54 22
35 64 68
8 66 77
23 30 62
69 25 79
65 99 22
52 53 27
52 29 80
4 66 1
49 100 67
6 89 14
36 35 99
72 58 80
10 99 71
42 85 28
52 72 59
83 68 76
100 65 98
3 39 91
92 77 62
13 22 3
94 57 84
58 52 55
76 59 61
42 83 53
29 97 92
23 8 95
100 39 18
57 5 20
72 70 37
28 38 15
64 28 80
15 22 90
65 30 5
67 51 18
63 29 20
27 34 57
40 73 31
74 75 35
25 38 48
76 78 70
1 96 31
80 5 68
21 11 36
56 27 8
46 64 51
80 87 94
41 19 52
63 19 59
76 32 37
70 79 19
68 39 18
57 54 43
84 21 84
42 45 65
99 61 27
8 42 95
83 28 77
34 91 13
56 73 93
16 99 87
71 49 91
46 63 73
75 93 90
19 57 100
9 3 63
89 33 11
57 91 82
1 10 22
42 91 30
75 95 14
80 39 98
57 36 16
78 90 52
76 90 43
32 95 94
64 5 23
56 29 5
82 30 41
34 4 33
41 84 43
99 83 84
75 98 78
52 78 98
15 53 21
25 84 72
31 25 34
60 6 40
84 12 52
79 70 58
89 56 31
6 69 37
34 95 67
23 84 75
14 93 67
38 83 79
35 32 48
26 47 5
36 88 58
15 21 56
87 82 68
19 89 79
69 43 95
35 47 48
77 72 99
62 94 26
30 63 96
31 97 25
33 11 17
66 29 13
59 1 15
16 80 68
51 80 91
53 73 27
58 40 4
63 69 24
90 21 72
66 18 85
41 7 31
76 13 49
83 2 49
99 51 74
54 36 74
7 69 85
99 84 79
77 13 23
86 88 1
90 19 55
12 85 6
23 86 49
95 47 15
99 6 36
95 62 68
19 28 6
67 92 84
37 48 91
40 26 90
91 64 13
63 90 89
77 58 74
74 25 79
86 11 16
1 4 38
55 65 88
83 33 50
73 11 41
91 88 18
74 40 80
92 13 37
35 75 42
24 51 5
34 30 2
33 37 1
85 21 35
63 96 99
83 33 82
78 86 2
4 13 69
63 43 73
75 36 85
26 79 31
98 83 31
50 81 53
10 60 11
37 65 28
41 54 8
24 72 71
2 59 54
69 99 54
6 74 50
85 98 23
98 99 79
46 3 44
4 63 54
34 77 1
47 24 32
86 3 83
6 58 4
62 8 79
50 77 51
68 23 39
89 35 59
39 88 36
72 30 86
70 49 91
96 32 29
68 80 85
49 62 32
33 58 50
14 85 20
16 70 74
42 48 1
26 5 58
1 86 60
27 42 35
21 3 84
19 68 85
33 20 38
35 37 70
73 52 31
52 7 84
60 27 46
10 60 40
12 83 97
68 67 12
49 97 34
22 61 8
76 41 16
44 32 29
73 35 52
41 95 52
66 56 79
70 75 55
65 95 14
99 29 77
2 75 97
7 81 97
24 94 67
21 57 73
41 26 93
28 4 80
8 27 67
96 6 11
67 70 51
33 78 33
69 66 47
38 26 46
47 18 60
17 60 68
61 91 82
77 46 54
62 86 91
79 57 22
20 71 21
68 18 38
97 74 2
77 11 20
30 32 98
10 10 3
1 66 4
48 66 32
36 77 69
13 79 93
93 47 64
54 85 69
12 15 77
69 8 61
44 71 53
75 28 20
77 8 97
34 83 73
50 31 97
57 72 34
46 94 27
74 95 63
99 76 86
20 11 45
96 3 56
4 6 47
88 15 68
17 69 11
52 90 84
43 6 32
1 65 41
43 53 21
75 29 64
37 59 56
48 47 64
76 24 50
13 8 25
95 76 65
80 96 59
38 87 43
45 85 82
82 2 48
6 32 85
87 4 36
34 21 44
71 28 85
62 40 60
46 79 14
46 70 69
91 68 23
91 59 26
73 85 76
100 38 36
68 53 35
18 10 26
3 64 70
84 99 54
32 54 8
65 3 21
47 48 29
16 39 68
22 6 74
68 26 7
37 11 17
1 82 32
93 55 71
97 55 94
27 76 5
43 63 61
80 75 34
55 15 16
94 85 18
70 44 92
54 36 80
10 84 42
100 24 85
30 99 34
18 42 79
86 87 31
60 40 33
82 55 72
50 98 82
87 69 50
50 19 10
7 57 63
37 44 46
4 83 55
73 98 66
52 12 27
8 8 35
80 36 39
47 11 13
10 93 92
33 18 33
99 74 2
22 39 50
27 57 34
46 76 15
63 15 76
23 96 31
12 11 50
29 54 95
50 92 61
19 84 79
62 20 62
55 37 18
34 26 56
40 30 70
11 66 16
97 58 51
23 12 22
49 28 15
12 45 18
40 49 76
39 28 80
59 100 99
37 93 94
80 11 68
31 85 39
37 30 37
92 94 34
12 92 57
34 16 17
78 8 63
93 30 62
89 30 32
97 20 68
33 56 94
41 11 13
34 64 88
23 88 40
43 39 29
4 61 27
51 35 53
79 9 67
13 72 61
91 65 80
5 85 50
72 96 63
86 70 80
9 66 76
7 12 21
19 7 90
85 16 77
97 65 4
28 87 34
32 3 84
9 47 17
24 77 41
17 87 3
69 91 45
87 25 96
21 92 83
78 53 26
19 94 8
45 19 42
52 23 20
82 42 3
31 48 18
85 39 23
47 71 44
93 52 43
14 95 21
42 1 16
11 68 4
52 5 39
32 99 14
64 65 70
51 93 96
67 96 55
72 94 53
67 44 67
100 97 83
53 60 98
38 37 48
85 86 41
38 60 5
3 33 2
5 54 81
99 73 71
40 40 50
88 64 23
17 23 36
95 66 82
80 40 23
13 5 15
31 17 41
9 42 63
55 66 28
78 72 89
68 4 78
93 57 100
73 31 96
77 68 33
66 11 29
70 89 79
37 70 13
87 33 48
3 71 72
52 74 45
28 65 40
59 15 11
54 32 91
75 16 98
74 69 39
41 37 5
91 32 15
45 95 55
51 79 72
27 91 68
66 20 11
33 45 49
34 96 93
52 18 49
26 1 28
92 7 92
76 57 90
65 78 24
49 82 76
78 68 76
90 99 57
43 67 55
85 78 82
82 71 34
6 34 10
76 91 45
1 81 22
22 10 72
1 85 86
81 40 23
32 40 70
95 25 53
36 28 49
28 80 66
85 52 31
27 88 36
70 27 100
27 89 21
76 84 3
10 54 43
71 68 24
98 45 17
10 31 94
22 17 70
72 89 9
67 30 29
98 78 77
6 3 94
1 85 2
72 97 9
15 98 78
77 8 53
32 1 11
95 83 87
17 83 81
74 91 47
56 1 66
36 67 57
59 85 66
64 11 2
65 89 8
75 20 13
94 68 58
86 7 57
99 66 68
82 19 59
32 90 59
41 43 93
12 37 74
41 83 10
38 78 66
78 9 94
48 16 85
15 92 73
11 7 55
52 70 37
58 76 82
41 27 34
100 93 99
78 72 21
17 3 97
36 100 26
21 63 99
60 39 91
11 46 79
25 47 36
44 9 73
52 86 39
79 47 74
69 70 50
83 84 34
66 67 43
22 98 15
10 43 100
57 51 13
67 66 41
41 36 60
74 74 48
8 31 10
42 38 1
93 43 83
86 13 76
92 25 90
6 13 50
17 99 14
54 45 41
77 45 24
1 75 34
18 11 6
27 75 27
94 32 13
88 98 88
69 11 6
73 76 39
16 31 99
74 45 15
80 4 45
28 68 62
78 86 6
62 22 56
37 73 22
34 87 44
33 47 98
37 38 2
46 82 91
77 60 77
1 71 9
12 97 53
46 96 27
55 65 37
27 39 68
96 47 82
33 1 38
28 40 36
48 34 61
18 10 61
93 12 27
22 40 66
32 46 72
17 65 40
87 12 21
13 83 94
2 16 23
44 3 97
95 39 15
30 67 81
18 26 27
1 51 39
57 59 53
39 89 67
22 86 50
74 72 71
85 16 4
19 34 67
16 15 69
20 30 64
21 7 89
97 41 38
27 64 33
7 3 71
8 46 10
86 82 33
20 25 67
67 31 84
77 63 75
10 21 25
80 97 21
61 16 11
52 42 52
74 24 58
48 30 48
99 27 71
99 96 94
9 15 50
3 40 69
4 7 10
27 66 39
1 60 86
43 32 74
80 85 48
75 9 72
42 99 75
28 27 71
15 29 51
13 76 58
47 77 68
44 1 65
55 6 28
30 42 44
36 2 1
30 38 16
14 87 14
68 24 49
41 38 51
23 41 39
70 90 81
38 74 78
29 43 35
43 27 75
70 99 81
17 79 21
88 6 41
59 71 59
92 80 36
87 97 31
15 2 4
58 1 32
89 60 32
57 96 84
29 39 66
56 43 96
43 84 34
89 52 90
26 44 35
27 4 80
43 37 20
21 36 86
10 31 55
45 81 61
20 59 94
89 90 73
24 94 61
72 39 33
19 50 98
71 96 22
53 79 14
85 58 15
95 90 72
39 5 65
77 53 25
98 88 45
14 89 79
31 70 80
76 13 66
56 36 47
30 13 24
33 64 28
15 29 41
90 75 61
33 14 59
22 44 25
62 68 88
70 40 74
87 60 47
86 74 13
20 12 10
77 34 53
36 87 55
61 33 18
57 35 25
28 8 44
8 15 32
45 11 51
95 2 11
78 20 65
11 84 56
33 20 77
39 67 52
6 27 83
42 89 97
15 51 64
70 76 4
100 72 14
77 95 83
56 71 8
31 89 8
77 83 10
51 64 30
2 39 45
17 35 99
47 15 86
80 19 3
35 3 12
12 26 90
89 9 8
71 11 60
77 32 48
2 97 55
82 57 12
15 27 35
100 72 26
75 71 96
69 51 5
37 90 94
8 31 19
56 59 75
7 38 78
14 85 5
76 4 32
47 77 4
71 94 10
45 66 41
25 38 88
67 65 6
41 80 40
47 17 68
22 44 61
90 1 6
64 76 2
3 50 66
57 50 66
14 71 92
94 6 82
82 48 50
19 38 74
78 13 48
97 86 77
79 19 57
31 70 86
48 40 49
85 88 78
11 8 56
27 53 55
9 33 23
31 94 26
41 30 58
85 2 11
53 17 76
53 43 26
48 82 18
81 74 6
73 94 7
18 67 72
38 70 48
63 58 88
70 61 10
54 29 32
68 87 34
36 75 52
70 93 57
13 95 55
39 20 38
2 30 80
21 37 20
94 3 90
34 2 77
2 48 51
86 55 81
43 85 40
44 16 80
29 60 41
63 62 86
54 78 24
67 72 21
44 34 44
93 76 86
30 68 4
89 33 5
37 69 51
11 56 81
75 21 56
47 2 41
4 35 10
34 37 82
38 21 10
46 70 82
88 15 74
24 70 40
46 74 16
7 32 29
30 54 3
52 24 11
71 35 57
50 33 86
14 51 76
15 48 36
25 6 11
71 33 16
92 25 89
55 38 82
73 86 29
13 10 53
67 4 15
94 86 39
45 68 17
63 71 84
79 77 13
12 93 14
9 61 100
67 20 51
74 27 67
62 56 87
13 89 100
84 25 95
31 85 86
34 30 62
86 46 61
46 91 74
61 25 26
26 76 80
8 6 66
96 76 17
15 23 66
27 73 22
2 91 33
52 27 3
9 15 45
95 63 12
55 21 42
74 72 89
50 63 73
41 55 19
54 87 44
55 87 55
73 20 68
8 9 81
95 93 83
25 81 92
4 20 51
78 73 3
69 2 36
6 94 26
95 96 90
85 25 31
35 35 63
30 62 50
28 23 74
16 37 98
90 58 78
84 76 39
66 53 99
36 28 6
17 67 93
53 91 88
42 4 18
55 60 58
66 79 14
88 28 70
31 49 64
82 98 29
47 69 82
29 42 84
86 99 73
70 96 7
51 73 42
74 50 28
60 35 14
74 87 90
56 60 50
63 25 87
70 51 30
59 23 65
14 15 5
83 91 98
3 75 83
58 85 32
98 27 19
87 9 81
19 4 64
70 47 40
63 66 91
93 57 93
57 98 33
93 68 70
22 62 13
90 59 44
52 48 13
61 60 82
15 23 47
1 43 53
86 40 78
100 70 2
26 75 96
57 23 68
44 67 19
39 70 62
95 23 51
14 10 9
24 15 33
79 37 30
47 75 27
76 59 44
33 12 43
23 32 78
6 39 17
74 50 1
92 49 88
80 91 60
78 48 18
73 22 19
87 24 80
30 72 19
35 37 65
67 60 88
92 77 20
73 79 52
91 41 48
28 1 69
32 33 74
41 57 53
84 25 92
89 39 2
72 15 29
18 17 33
45 56 34
1 69 28
37 61 42
72 84 79
74 45 98
83 92 8
2 6 4
61 71 99
91 72 83
53 27 96
58 88 20
56 31 87
23 6 5
24 10 52
34 48 37
82 53 52
5 100 35
69 49 88
32 16 85
57 90 56
41 7 90
69 31 7
31 33 98
68 50 15
70 33 80
3 33 78
23 13 91
80 40 82
7 96 43
31 99 35
48 43 26
75 18 80
7 60 74
43 43 9
31 66 23
23 6 74
59 66 82
42 5 74
29 31 35
71 31 25
41 53 57
44 89 92
33 14 75
43 60 88
89 53 84
11 30 18
54 34 43
47 89 84
24 85 98
22 41 62
95 27 19
40 25 89
57 65 88
30 3 81
77 36 62
29 50 11
89 62 47
100 96 79
58 53 12
4 83 21
26 96 57
68 62 6
43 15 76
61 6 30
68 13 49
62 83 73
81 5 6
48 31 97
84 37 82
68 61 25
61 54 90
11 100 26
60 45 76
26 20 24
58 69 45
54 45 41
65 61 53
49 91 85
8 77 76
88 62 48
97 74 58
46 38 86
37 69 5
55 44 93
86 22 53
60 78 13
75 17 2
90 33 62
50 72 59
90 65 16
62 8 75
26 7 56
97 65 18
12 31 84
62 30 86
75 52 34
49 5 38
35 82 4
75 60 28
5 1 76
55 50 16
31 54 96
91 26 81
50 15 49
16 39 36
28 6 20
15 100 43
44 41 80
1 65 62
12 70 5
42 15 6
63 73 63
84 81 96
99 19 43
51 12 55
24 86 78
68 82 32
63 78 47
67 8 22
66 60 69
62 78 49
68 65 98
98 68 23
81 82 37
51 51 29
55 64 32
23 69 15
78 78 82
29 37 30
77 2 50
2 42 31
86 43 55
98 67 22
49 55 100
2 92 42
61 83 89
66 47 88
1 88 1
15 61 97
93 96 87
20 64 41
90 93 100
16 22 46
63 11 47
2 2 69
70 48 28
9 36 60
41 68 66
51 4 18
87 93 53
65 56 100
86 33 49
37 45 65
65 93 35
49 20 66
80 58 82
57 91 51
57 92 46
46 74 30
96 27 99
71 45 50
45 88 15
99 22 3
85 59 97
57 87 94
90 34 63
88 88 60
26 8 34
6 75 79
40 48 58
53 68 41
19 45 39
23 44 89
11 91 50
62 79 90
81 21 90
80 12 54
94 60 1
23 36 65
91 29 50
80 45 32
47 81 53
9 79 92
97 44 43
97 11 17
41 46 89
54 99 89
40 4 65
12 23 69
2 59 9
19 78 11
4 88 80
17 48 91
48 19 57
30 85 78
94 54 27
80 47 85
13 54 21
48 18 20
73 55 73
74 74 41
93 22 81
21 97 84
94 21 75
81 39 16
59 97 81
55 9 83
7 61 27
21 74 65
58 62 60
6 51 69
9 48 91
40 36 39
8 56 81
4 75 73
80 77 69
64 14 46
32 47 76
54 39 60
94 22 84
49 76 30
75 26 54
31 91 50
8 75 44
69 86 47
31 32 66
70 28 58
1 84 61
42 5 23
41 80 17
93 51 76
50 62 15
79 20 77
44 70 77
45 57 52
57 21 73
17 38 65
50 47 23
20 59 81
51 89 27
7 37 78
86 81 31
32 5 51
45 18 11
46 57 100
27 48 36
66 68 5
14 13 62
65 84 79
85 48 28
79 71 73
84 57 71
88 7 59
58 14 63
92 6 36
19 89 55
24 61 72
47 3 55
67 59 83
53 94 71
18 8 56
94 84 99
77 97 53
32 82 16
82 5 65
57 18 49
44 1 80
55 66 15
63 97 84
58 96 67
23 81 10
67 35 44
90 53 19
21 52 73
22 88 36
79 19 67
55 26 34
66 65 33
18 12 52
23 16 15
100 13 91
89 70 28
19 55 72
13 50 68
73 92 12
52 85 88
3 59 93
40 27 67
4 68 86
21 4 58
10 1 36
34 19 99
11 1 49
15 48 1
5 75 79
82 5 45
73 5 60
27 52 95
62 5 16
94 95 25
37 66 17
50 19 87
49 7 22
76 45 77
45 3 71
50 91 69
91 31 79
2 42 99
98 34 63
12 65 48
6 85 32
76 40 29
71 32 62
31 1 5
37 44 43
53 52 9
38 92 26
1 31 79
6 38 66
66 30 91
75 100 27
64 13 1
91 46 73
3 86 60
68 16 64
64 1 58
13 77 45
39 1 50
100 10 19
41 20 77
38 8 73
24 32 58
34 89 99
57 86 77
49 2 60
41 79 10
43 51 16
29 47 5
60 33 45
3 16 15
70 1 11
17 87 84
72 48 74
57 32 39
74 47 50
28 19 71
61 11 62
94 41 85
3 100 75
40 89 72
14 42 44
22 40 37
99 86 28
96 43 94
41 55 10
5 37 29
58 4 15
95 9 52
99 100 43
11 59 10
56 86 28
15 56 46
21 97 35
14 33 37
73 58 98
42 25 3
43 77 64
83 50 33
19 23 48
24 59 52
10 54 42
99 72 34
83 63 92
76 24 18
15 6 48
42 69 1
27 80 62
56 62 23
15 90 100
29 39 11
67 9 83
75 77 47
53 90 57
60 25 94
54 72 12
77 96 57
19 85 86
43 97 71
3 66 18
58 26 87
100 85 29
42 9 73
49 52 42
100 99 46
50 55 22
83 59 84
55 47 30
41 79 89
23 28 70
42 15 23
97 52 53
22 80 98
5 64 69
26 21 27
27 68 98
23 68 23
66 42 99
43 21 100
55 95 22
11 19 57
80 20 60
28 93 83
73 50 33
41 85 24
3 39 48
93 63 56
76 83 81
43 27 89
27 43 53
48 72 12
78 22 96
1 66 68
42 78 23
43 8 59
78 36 15
30 20 91
14 41 30
6 83 25
83 13 32
69 89 34
86 92 42
41 57 19
51 44 100
54 59 52
66 60 69
69 48 1
37 90 63
26 52 67
47 78 60
3 52 55
76 51 37
18 67 44
4 63 35
51 87 43
6 53 10
11 41 29
16 41 64
26 79 54
90 50 49
32 44 87
72 82 28
34 20 4
86 7 96
6 11 51
54 77 29
65 13 69
31 74 16
84 70 38
79 7 31
74 50 40
2 60 85
27 31 19
64 17 4
6 83 87
17 11 49
42 50 66
35 92 52
17 75 31
68 88 6
72 69 28
23 100 99
63 69 40
85 55 9
92 69 62
53 97 26
41 85 74
92 85 82
67 32 88
94 97 61
43 96 12
51 36 33
41 92 73
42 92 14
28 88 5
36 42 67
36 55 21
64 20 48
47 15 13
74 79 63
28 34 94
55 49 68
13 63 87
81 4 76
24 64 60
48 90 100
85 68 28
82 97 14
30 49 60
89 79 81
69 17 86
36 42 27
86 37 41
100 5 41
41 51 80
72 30 69
34 74 65
10 24 85
52 94 83
37 51 30
68 90 14
39 97 44
25 80 5
76 13 74
94 17 60
43 64 20
78 40 18
47 41 50
45 19 53
64 27 71
16 47 66
67 57 12
72 10 55
9 36 20
96 55 42
70 64 40
33 52 34
63 85 69
94 70 18
91 17 16
38 36 17
53 83 59
97 6 5
32 94 72
100 39 82
73 44 21
13 33 64
34 50 70
94 79 84
1 96 90
8 70 36
39 99 73
3 76 78
26 31 22
82 63 89
57 77 68
11 68 88
22 84 8
77 76 86
1 19 87
18 95 92
17 96 46
47 92 84
5 69 62
98 31 26
91 39 33
41 1 4
82 19 52
53 88 74
93 42 12
49 31 81
79 9 71
55 15 48
5 8 59
60 100 59
92 86 30
61 68 2
45 25 73
17 57 14
23 18 23
30 32 23
74 48 65
19 23 20
60 15 80
90 83 59
96 83 27
71 5 98
49 65 58
24 58 50
70 5 62
82 74 48
64 56 92
27 23 18
33 20 17
46 27 75
33 95 31
56 47 23
11 82 5
22 78 69
75 46 99
76 45 41
61 60 78
72 38 50
15 10 7
21 38 58
91 20 80
71 15 24
41 36 45
35 66 30
37 96 21
46 90 89
49 20 2
59 7 44
67 99 7
55 39 74
46 59 73
56 53 54
67 79 27
56 67 72
75 20 32
97 17 45
21 14 59
80 15 65
22 58 70
27 72 73
67 69 62
76 91 24
64 46 10
46 8 75
50 7 19
76 33 70
92 66 4
87 88 60
67 83 19
100 77 45
16 14 59
28 51 24
51 52 84
11 77 82
87 43 22
80 12 21
50 34 9
27 51 62
63 13 86
73 49 11
42 5 49
61 39 60
96 44 46
61 76 88
90 86 85
60 3 99
93 87 12
92 59 96
93 65 66
99 53 99
11 69 17
82 19 63
73 86 5
76 46 67
46 2 70
77 25 90
23 29 36
82 99 59
94 31 93
14 78 98
20 52 81
87 78 29
89 66 68
20 94 52
40 1 13
97 69 98
47 67 75
27 16 91
24 39 23
40 22 93
98 32 60
9 63 44
5 68 33
7 82 85
50 7 90
64 14 90
73 25 44
21 92 55
76 86 58
97 75 22
85 31 54
31 62 68
84 65 51
18 26 100
98 42 27
45 61 31
53 83 72
5 66 2
51 12 72
28 10 87
78 47 48
34 17 85
39 85 49
10 90 93
21 85 32
42 67 44
81 44 83
100 8 31
95 20 33
32 24 11
41 80 5
84 53 10
12 7 31
37 21 67
27 6 85
3 38 76
76 81 63
34 89 96
69 29 98
1 93 9
32 45 15
35 60 91
49 52 9
24 62 69
85 30 85
97 76 23
15 17 45
15 35 52
3 70 28
51 46 59
18 73 96
91 76 77
26 14 43
64 54 97
48 87 81
4 99 89
31 3 14
89 47 88
40 17 50
71 23 48
35 60 30
61 22 8
60 88 47
33 39 38
72 98 66
6 3 87
53 43 93
76 69 38
47 4 18
71 56 55
71 25 75
26 71 95
57 100 9
31 89 3
22 80 77
85 75 44
78 56 53
94 49 69
18 41 13
76 66 41
92 87 26
56 66 76
21 77 36
70 5 65
92 64 40
90 62 20
13 20 70
1 13 33
74 2 88
55 99 84
81 1 13
18 100 63
74 7 90
79 51 23
92 39 64
91 65 45
36 58 2
7 92 67
75 17 49
14 24 32
42 40 60
100 67 75
55 76 17
77 6 60
35 78 91
35 65 50
83 90 71
83 41 45
87 14 26
20 16 65
97 87 55
4 35 72
89 4 40
17 28 64
72 87 100
75 10 27
54 94 59
68 16 23
6 61 72
99 17 13
92 91 13
13 5 6
45 61 72
34 76 74
86 91 20
73 43 83
63 97 27
95 95 57
54 69 41
44 82 51
28 31 94
10 77 82
27 80 2
94 78 17
18 51 36
41 28 48
58 24 17
86 75 83
63 75 7
45 38 24
22 99 52
10 78 91
80 9 19
87 50 80
40 98 41
89 97 84
70 100 95
50 72 87
91 43 75
64 98 82
31 98 20
92 8 10
4 21 46
48 41 66
68 45 23
77 95 12
63 22 27
98 51 50
34 3 8
46 28 47
3 97 75
52 88 47
91 80 30
15 44 42
51 9 79
34 35 43
80 8 67
22 87 92
31 89 10
64 34 21
15 72 95
89 18 6
13 57 26
63 6 76
44 78 49
11 66 64
69 30 13
43 91 23
52 96 19
76 88 62
88 63 3
8 87 9
27 90 34
98 54 81
81 13 88
18 78 48
62 64 40
64 28 62
52 50 33
41 74 78
99 84 52
79 92 97
36 35 67
100 29 13
8 12 72
2 19 95
81 50 29
100 24 74
50 28 23
73 71 25
91 28 40
81 3 52
1 99 63
23 70 24
39 55 34
84 62 82
24 58 5
42 94 7
17 92 52
96 48 4
50 70 6
18 59 56
65 99 26
21 100 87
58 49 23
36 92 19
66 90 87
35 58 78
3 24 4
12 14 61
61 5 66
31 71 3
34 88 48
27 39 24
9 69 32
83 20 28
56 53 3
51 57 54
42 41 17
17 15 37
88 100 79
91 35 52
70 87 27
70 51 37
11 7 56
53 70 32
35 62 74
80 37 23
63 67 99
68 45 32
20 64 29
60 72 97
78 31 81
1 62 85
40 93 27
42 98 45
97 32 45
87 59 22
60 98 47
43 89 9
47 97 55
15 39 74
45 71 59
7 52 93
7 97 25
83 97 83
45 47 11
39 11 58
11 41 38
97 68 70
13 96 100
4 29 91
75 100 42
16 83 21
75 41 23
44 30 18
57 11 60
26 46 21
49 38 47
51 83 79
44 41 78
11 55 43
97 81 99
45 82 70
37 41 4
2 39 6
72 12 42
91 8 7
93 61 87
53 42 61
12 6 20
2 38 5
64 48 88
98 73 46
24 13 77
31 42 43
13 62 68
1 75 63
62 91 98
75 42 35
73 90 97
80 47 65
41 14 12
56 24 5
47 92 52
31 15 47
100 66 58
73 16 50
26 7 14
74 57 92
53 41 28
5 12 10
95 22 54
23 58 20
48 96 81
24 94 84
10 49 29
65 64 40
65 64 85
32 18 66
59 89 97
18 80 58
23 88 18
93 14 59
49 70 86
68 63 75
96 98 60
48 71 42
68 88 15
17 31 54
20 76 62
100 31 34
50 52 42
88 81 89
59 71 55
94 35 96
59 99 84
85 93 53
29 45 20
37 6 13
98 93 67
61 95 22
46 24 17
55 68 58
77 58 30
75 98 47
80 66 30
21 66 48
58 51 70
61 82 50
99 2 76
96 67 27
27 30 58
12 41 78
78 62 13
14 46 7
54 34 8
80 82 47
20 80 48
65 92 10
37 81 83
20 46 84
51 93 54
81 60 33
61 16 17
12 34 52
75 15 98
29 83 59
68 40 11
58 50 1
75 23 74
12 39 80
93 13 77
97 66 82
19 77 78
81 77 36
14 69 70
93 49 6
13 44 95
44 26 42
36 19 71
65 11 66
51 91 74
20 38 68
56 8 7
87 13 68
56 68 5
29 12 19
5 31 99
81 55 57
47 81 63
70 25 84
77 86 74
84 34 97
54 53 96
88 12 89
24 81 27
88 10 53
2 51 64
78 39 51
91 46 31
27 14 8
42 43 56
25 52 93
87 39 85
23 94 31
2 13 29
9 34 73
78 2 64
24 74 77
41 12 61
58 37 60
9 90 87
49 36 1
88 21 94
9 81 100
22 69 48
38 56 99
57 44 43
97 10 42
66 63 19
7 9 31
79 35 34
23 39 86
58 28 23
2 8 99
73 4 91
78 60 88
47 47 15
8 21 9
75 37 76
26 6 23
79 23 39
85 21 14
21 28 30
40 5 38
46 89 3
16 76 6
70 71 99
86 79 52
26 2 40
65 74 82
93 98 88
91 10 3
3 45 15
87 56 9
57 90 83
77 93 92
11 71 54
62 33 30
75 85 51
9 46 89
1 79 61
27 83 67
71 58 28
21 5 16
46 49 1
45 94 25
77 79 99
70 65 58
75 27 10
28 29 18
41 50 17
67 93 19
77 2 5
62 18 38
30 49 88
53 86 45
89 74 64
13 94 55
41 22 3
39 76 15
94 63 96
4 90 46
25 8 95
87 65 49
54 12 42
88 65 45
74 96 21
42 90 89
39 92 19
77 85 28
19 17 62
26 12 10
17 36 17
44 37 80
6 35 25
89 95 9
5 46 7
48 11 70
24 11 70
94 88 33
76 62 85
100 13 62
85 19 93
58 49 91
77 7 67
12 92 63
58 12 14
59 46 3
60 17 4
49 4 40
26 29 68
70 71 35
71 41 47
55 43 97
28 41 38
89 84 87
81 32 30
53 13 24
40 32 23
28 13 80
16 46 35
96 84 3
10 22 87
33 54 94
21 60 82
16 29 4
72 64 51
14 76 98
84 57 59
60 50 58
48 83 92
38 62 11
28 78 98
57 91 60
58 11 23
38 98 15
56 6 49
23 58 36
26 34 27
100 92 34
88 40 15
49 79 72
4 96 54
7 15 82
56 93 63
76 17 62
76 8 54
74 50 85
79 63 79
40 9 93
100 95 46
54 72 100
49 58 15
84 11 58
97 38 68
37 59 63
7 40 33
12 18 49
45 22 26
93 71 19
12 96 19
55 42 84
3 88 85
89 59 87
79 83 12
54 76 41
75 2 29
17 7 100
46 77 4
54 28 98
11 6 78
88 89 90
49 91 29
28 18 36
53 81 19
9 88 66
53 34 46
3 54 95
16 24 30
35 46 21
75 16 24
37 77 98
97 1 38
23 14 55
70 8 100
96 26 42
55 62 69
96 46 25
51 39 17
46 23 78
20 91 60
1 92 81
24 80 69
56 51 86
44 60 68
41 38 76
41 34 57
11 10 46
79 29 64
39 60 33
48 78 29
79 73 42
13 9 14
66 41 66
13 65 29
87 35 89
97 28 39
58 58 24
50 73 46
41 85 39
45 89 12
69 38 4
71 85 86
59 71 52
89 62 23
44 61 92
54 26 25
36 43 63
35 77 69
21 15 1
76 60 1
51 65 47
40 22 73
1 46 34
24 43 3
37 54 27
13 82 32
32 89 14
27 22 93
66 6 91
14 80 65
77 31 81
18 14 96
70 88 77
76 10 31
68 68 66
62 2 77
42 67 73
47 3 75
45 31 72
4 5 40
54 17 60
11 58 32
23 6 29
96 3 19
94 52 84
58 51 98
78 10 90
27 99 79
70 72 14
24 13 69
13 93 73
46 21 35
68 60 23
60 52 71
92 93 19
3 28 49
15 58 18
77 31 43
72 57 22
6 62 74
68 88 98
76 71 79
9 81 99
83 76 82
37 34 75
22 82 16
39 28 58
46 60 85
51 96 92
39 68 98
60 16 17
59 100 63
48 74 49
77 34 97
80 29 51
46 68 77
32 18 38
54 86 45
19 63 61
97 61 59
15 32 24
4 91 32
93 38 36
22 26 56
16 90 57
53 3 93
37 12 35
12 22 87
55 46 96
18 63 21
86 31 81
6 71 53
88 62 64
88 65 66
23 21 93
7 60 80
93 39 51
90 31 9
9 7 42
75 10 27
80 42 31
97 28 98
17 13 37
7 44 21
25 99 42
6 34 67
61 15 91
9 6 16
6 11 86
66 31 34
42 10 59
68 99 34
89 45 4
48 62 24
30 34 35
97 65 23
26 4 86
72 5 47
40 91 30
88 59 61
33 49 78
52 97 79
45 76 24
52 68 82
49 66 85
59 15 40
99 28 77
4 26 72
86 10 44
44 71 26
17 68 20
+2
-3
+4
+5
+6
-7
-8
-10
-14
+15
+17
+20
+24
+28
+30
-31
+32
+33
+40
+41
-42
-44
+45
-46
+48
+49
+50
-52
-54
-57
+58
-59
+60
+62
+66
+70
-72
-75
+77
-79
-81
+82
-84
+85
+86
-89
-92
-93
-94
-95
-97
-100
