9
1 225 180
4 45 180 270 315
5 330 0 20 135 150 230 250 290 315 315
8 0 70 150 210 250 270 315 330
8 0 50 70 70 90 150 180 210 230 250 270 270 290 315 330 330
9 0 70 110 230 250 270 290 315 330
9 0 0 10 80 100 110 120 230 240 260 270 280 290 290 315 325 330 350
13 0 80 90 110 120 135 195 240 260 290 300 315 325
9 0 70 90 110 120 120 135 180 195 225 230 240 260 280 290 300 325 350
12 70 90 100 120 130 180 195 225 230 250 325 350
7 350 60 70 90 100 100 110 170 240 260 270 280 290 315
13 60 80 100 110 170 210 230 240 260 270 290 315 330
7 330 15 20 70 90 100 120 140 150 225 240 250 280 310
13 0 15 70 90 110 140 180 230 250 260 270 300 315
14 5 15 20 60 70 80 100 125 135 150 165 175 185 190 195 200 220 240 245 250 260 270 275 290 300 310 315 340
13 0 15 60 90 135 160 175 190 200 250 270 290 315
1 5 0
0
0 0
7 30