10
1 0 180
1 180
1 180 0
3 0 90 180
2 45 225 270 315
5 270 315 0 45 135
3 67 112 157 270 292 337
7 270 0 22 45 67 112 157
3 112 180 203 248 292 0
9 203 270 292 315 22 45 90 135 180
6 33 123 168 203 214 259 281 292 326 348 0 22
12 214 270 303 315 326 348 22 78 112 135 146 157
8 22 67 90 112 123 146 157 203 214 248 259 303 315 326 348 11
11 214 248 270 315 337 11 45 78 112 146 168
9 11 33 56 78 90 101 112 135 180 214 225 237 259 270 281 315 326 0
18 203 225 237 248 259 281 337 0 11 33 45 56 78 90 135 146 157 168
6 78 90 101 123 168 203 214 225 248 259 270 326
10 237 337 348 22 45 67 101 135 146 157
2 11 180 192 0
0
0 4
5 3
