10
1 0 180
1 180
1 90 0
2 270 90
2 225 270 0 135
4 315 0 90 180
3 22 67 112 157 180 337
7 225 270 337 0 22 112 180
4 22 45 67 180 270 292 315 337
10 203 225 248 270 292 337 0 45 67 180
9 33 45 56 78 90 168 180 192 225 237 259 270 292 315 337 348 0 22
14 203 214 225 237 248 281 292 326 348 22 45 78 90 168
7 22 33 45 67 101 112 123 203 214 225 248 281 303 11
14 203 237 259 281 303 326 11 22 33 56 78 90 101 123
7 33 45 56 78 101 112 135 157 180 248 292 303 348 11
19 203 259 270 281 292 315 326 337 348 11 22 45 90 112 123 135 146 168 180
7 33 90 112 123 157 180 214 225 237 259 281 292 303 315
9 192 225 270 315 337 0 22 101 146
2 11 180 192 0
0
2 4
0 4
