15
1 180 0
1 180
2 90 180 270 0
2 0 180
3 90 135 180 270 315 45
4 270 315 45 135
4 112 135 180 248 270 315 337 90
7 248 292 337 22 112 157 180
3 67 203 270 315 0 45
7 203 225 315 22 67 135 157
7 56 78 90 123 135 146 157 180 225 270 281 303 337 33
17 192 214 225 281 303 315 326 337 11 33 45 67 90 112 146 157 168
8 22 56 78 90 101 135 168 192 203 270 281 292 326 337 348 11
12 203 214 248 303 315 326 348 45 67 112 146 168
9 22 33 45 67 78 90 101 146 168 203 225 248 259 292 303 315 348 11
14 214 259 326 337 22 56 78 101 123 135 146 157 168 180
8 33 45 67 101 203 225 237 259 270 292 303 315 326 337 0 22
16 192 203 248 259 281 303 315 337 348 11 33 45 112 123 146 157
9 56 90 112 123 157 180 192 214 225 248 270 281 292 303 315 326 0 22
21 192 203 225 270 281 292 303 326 337 348 11 33 45 90 101 112 123 135 157 168 180
17 28 39 45 50 56 73 78 95 101 118 123 140 151 163 174 186 197 214 220 242 254 259 265 270 275 292 315 320 326 331 337 348 0 22
35 186 203 214 237 242 248 259 270 292 298 303 309 315 326 337 354 0 11 16 22 33 39 50 67 73 78 90 101 112 118 123 146 151 163 180
20 5 11 22 28 50 56 78 84 90 95 106 112 129 140 146 157 163 174 186 192 197 203 214 220 225 237 242 265 281 286 303 309 315 320 331 337 343 348 354 0
29 186 209 225 248 275 281 286 298 315 320 326 348 11 28 39 45 50 61 73 90 101 118 123 129 140 146 163 168 174
19 5 11 16 22 28 33 39 45 56 73 78 101 106 118 140 151 157 163 174 180 186 192 203 209 220 225 231 265 270 281 286 298 303 315 320 337 343 0
25 186 197 209 214 231 242 254 281 292 298 309 315 0 5 16 22 39 45 61 78 118 123 135 151 174
17 11 16 50 67 73 78 84 90 101 106 112 118 123 129 140 146 163 168 186 192 197 203 209 225 265 270 286 292 337 343 348 354 0 5
32 186 203 214 237 248 254 259 265 275 292 303 309 320 326 331 343 354 5 16 28 33 45 50 90 95 106 112 135 140 157 163 180
2 5 180 186 0
0
8 8
4 11
