20
0
2 0 180
1 180 0
2 0 90
2 225 270 0 180
4 270 315 90 135
4 22 45 90 112 157 292 337 0
7 225 292 315 337 22 67 135
3 90 157 203 270 292 67
9 225 292 315 337 45 67 112 157 180
9 11 22 33 56 67 90 123 135 168 180 214 259 270 281 303 326 337 0
18 192 203 225 248 270 292 315 337 348 22 33 67 101 123 135 146 157 168
9 22 33 45 90 101 123 146 157 180 225 248 259 292 303 326 337 348 0
16 214 237 259 270 281 303 315 337 11 56 67 101 135 157 168 180
10 33 56 67 90 112 123 146 157 168 180 214 237 248 259 270 292 326 348 0 22
11 192 203 270 303 326 337 11 33 123 135 146
10 11 22 45 56 101 112 123 135 146 157 168 214 237 248 270 281 315 326 348 0
21 203 225 237 259 270 281 292 303 315 0 22 33 45 67 78 90 101 112 135 146 168
9 22 33 45 78 90 101 112 135 146 157 168 192 214 270 281 303 315 11
16 214 225 248 292 303 326 337 348 11 45 56 67 123 146 157 180
17 5 16 28 33 39 50 61 67 73 106 112 140 151 163 174 180 197 209 225 237 248 254 270 275 281 286 298 309 320 326 337 343 348 0
31 186 192 197 214 220 225 231 242 259 265 270 281 286 303 315 326 331 343 5 16 22 28 33 45 56 67 73 129 146 168 174
19 22 28 33 39 45 50 61 84 90 95 106 118 123 151 157 186 192 197 203 220 231 237 242 254 259 270 286 298 303 309 315 320 326 337 343 348 354 11
30 192 197 203 214 225 242 254 270 275 281 292 298 315 326 337 343 354 0 5 16 28 45 56 73 95 101 106 112 146 180
16 16 22 45 50 61 67 78 90 95 101 118 151 157 168 174 192 203 209 220 225 237 242 254 270 281 286 309 320 331 337 343 348
39 186 197 214 231 242 248 265 270 275 281 303 315 320 326 331 337 354 0 11 16 28 33 39 56 61 73 78 90 101 106 112 118 123 129 140 151 163 174 180
13 22 50 61 73 90 106 112 118 129 135 157 168 197 209 220 237 248 265 281 292 303 315 343 354 0 11
25 186 192 197 225 231 237 242 254 275 286 298 303 331 22 39 50 73 84 112 123 146 151 168 174 180
17 16 33 45 50 56 73 84 90 95 101 106 112 118 135 146 163 192 197 203 214 220 225 254 259 265 286 292 309 315 326 331 348 354 11
30 186 197 203 214 225 242 248 259 286 298 309 315 320 343 5 22 33 45 67 78 84 90 101 106 112 140 163 168 174 180
15 5 11 28 33 50 78 90 101 129 135 140 168 192 209 220 225 231 237 242 248 254 259 265 286 292 298 326 343 348 0
34 186 203 225 231 242 248 254 259 265 270 275 298 303 309 320 326 331 343 354 5 11 16 33 39 56 67 84 106 118 123 129 146 157 168
18 16 33 39 45 50 56 67 73 90 95 101 106 112 118 123 129 135 140 151 163 168 174 197 203 214 237 303 309 315 326 331 337 343 348 354 0
37 186 192 209 220 231 237 254 259 275 281 286 292 309 326 331 348 354 0 5 11 16 22 45 61 67 73 78 84 95 112 123 129 140 146 163 168 180
18 28 39 45 50 56 61 78 84 106 112 129 146 151 163 174 186 197 203 214 225 237 242 248 254 265 270 275 281 298 303 320 326 337 343 0 5
32 192 197 209 225 259 270 275 286 292 303 309 315 320 326 337 5 16 22 28 45 56 61 73 78 90 95 101 112 118 129 168 174
17 5 11 22 39 45 56 73 101 112 118 123 140 146 151 157 163 174 180 197 203 209 214 225 231 237 242 254 281 286 292 303 315 343 348
29 186 192 203 209 220 225 242 248 281 292 298 309 320 331 337 348 354 0 5 22 56 67 84 106 118 135 146 163 180
2 5 180 186 0
0
4 16
9 11
