20
1 180 0
1 180
1 0 180
3 270 0 180
2 135 180 225 90
3 270 315 180
3 67 135 270 292 337 45
10 203 225 248 270 337 0 22 45 135 157
4 45 67 90 157 203 225 292 337
11 203 248 270 292 315 337 45 67 112 135 180
9 45 56 90 112 123 146 168 180 203 225 248 259 292 303 315 326 0 33
17 192 214 237 259 270 281 292 315 348 0 22 33 67 78 146 157 168
8 45 78 90 135 146 168 180 203 225 248 259 270 292 303 315 337
17 192 214 248 270 281 292 348 0 11 45 56 78 112 135 146 157 168
8 56 67 90 112 123 135 168 214 225 237 259 270 281 292 303 0
16 192 203 214 237 248 270 292 303 315 0 11 22 33 135 146 157
9 78 112 123 146 168 180 237 248 259 270 281 303 315 326 337 348 0 33
18 192 225 248 259 281 292 315 337 348 22 45 56 67 78 112 135 146 180
10 11 45 56 67 112 123 146 157 168 214 237 259 270 281 292 303 326 337 348 0
12 225 248 270 326 0 67 78 90 101 123 168 180
19 5 11 16 22 28 33 39 50 56 61 67 78 84 112 123 129 146 151 157 163 180 186 203 209 225 231 237 248 259 265 275 281 286 298 315 326 343 354
45 186 192 197 203 214 220 225 237 242 248 254 259 270 275 286 303 309 315 331 337 343 348 0 5 22 28 33 39 45 50 56 61 73 78 84 90 95 112 118 129 135 140 151 163 174
16 33 39 61 73 101 123 129 140 151 157 168 203 220 231 248 259 265 275 286 298 303 309 315 320 326 331 337 343 348 354 0 28
31 192 197 209 214 225 259 265 281 292 303 320 326 343 0 5 22 33 45 50 56 73 78 84 95 123 129 146 157 163 174 180
21 5 16 22 28 33 39 56 61 67 73 90 95 101 123 129 135 146 151 157 174 186 192 197 203 209 214 225 231 248 265 270 281 286 292 298 320 326 331 337 343 348 354
26 186 197 203 209 220 225 237 242 248 270 281 286 292 298 320 326 337 348 5 11 22 33 123 129 140 151
20 11 16 22 28 33 45 61 67 73 78 84 90 95 123 135 157 163 174 203 209 214 220 225 237 248 254 259 270 281 286 292 303 309 315 320 326 331 343 348 354
30 192 203 214 231 242 254 265 275 281 292 298 309 315 331 337 348 0 45 50 56 67 78 90 123 129 135 140 163 174 180
16 5 11 16 39 50 56 67 78 101 112 118 135 146 157 168 174 186 192 225 231 242 248 254 270 281 286 298 303 337 343 354 0
35 192 197 203 209 214 220 225 237 242 265 275 309 320 326 331 348 354 5 22 56 61 78 84 90 95 101 112 118 129 140 146 157 168 174 180
19 5 11 16 22 33 45 50 56 61 67 73 106 112 118 123 135 140 151 163 168 174 180 186 192 203 225 231 242 265 275 292 298 303 309 326 348 354 0
29 192 197 214 237 248 254 259 265 275 281 286 292 303 315 320 331 354 5 16 22 28 33 50 67 90 146 157 174 180
17 28 39 45 56 61 78 84 90 95 151 168 174 180 220 225 231 237 242 248 254 265 270 275 281 286 292 309 315 326 331 337 343 348 11
31 197 220 231 242 248 259 265 270 281 286 298 303 315 320 331 337 348 5 16 28 39 56 61 78 118 123 129 140 157 163 180
18 11 16 22 33 39 45 50 61 67 78 84 90 135 151 163 168 186 197 203 209 214 220 225 231 237 248 254 265 270 275 286 298 303 315 320 0
29 197 203 209 220 231 242 248 254 286 303 320 5 11 22 45 50 56 61 73 84 90 95 101 106 112 140 157 168 174
15 5 16 22 33 39 45 67 78 101 106 112 118 123 146 151 157 163 180 186 197 209 214 220 231 270 275 281 286 303 348
22 214 225 237 242 254 259 265 270 281 292 298 303 354 0 22 78 90 95 106 118 151 174
2 5 180 186 0
0
8 8
11 19
