20
1 180 0
1 180
1 0 180
2 270 0
3 90 180 270 315 0 45
4 225 315 0 90
2 22 225 248 0
5 203 292 337 112 135
5 22 45 67 112 203 225 270 315 337 0
9 225 248 270 292 22 45 90 157 180
10 45 67 78 90 101 123 135 146 157 180 225 237 248 270 292 303 315 326 337 22
16 192 203 214 225 270 281 326 348 11 22 33 45 112 123 135 168
10 22 33 56 67 78 101 135 146 157 192 237 248 259 281 292 315 326 337 348 0
19 192 203 214 225 248 281 292 315 326 0 11 22 33 67 78 101 123 146 157
8 33 45 67 78 90 112 123 180 192 225 259 281 303 315 326 0
15 192 225 237 248 281 292 326 0 22 33 45 56 67 112 157
7 78 112 123 146 180 192 203 248 259 281 292 315 337 11
14 237 259 270 303 0 22 45 56 101 112 123 146 157 168
9 22 33 45 67 135 214 225 237 248 259 270 292 303 315 326 337 0 11
17 192 225 237 248 270 303 326 348 22 33 67 78 90 101 112 157 180
17 5 16 39 45 61 73 78 106 118 123 129 135 140 146 168 186 203 209 220 231 254 259 265 275 281 286 292 298 303 309 320 343 348 354
42 186 197 209 214 225 231 237 242 248 254 265 270 281 286 292 303 315 320 337 343 348 0 5 28 33 39 50 56 61 73 78 90 101 118 123 135 140 151 157 163 168 180
16 5 33 45 50 61 67 78 84 95 118 129 140 146 157 174 180 186 209 220 225 237 254 259 265 270 281 286 292 298 331 343 0
27 186 197 203 214 220 231 265 275 303 309 326 337 5 16 28 33 39 50 56 67 78 112 129 151 157 163 168
19 11 16 22 28 33 39 45 61 73 106 112 135 140 146 163 168 174 186 209 214 225 231 237 259 270 275 281 286 298 303 309 315 320 326 331 343 348 354
32 192 197 203 214 259 265 281 292 298 303 309 315 326 337 343 354 0 22 45 61 67 73 90 106 112 129 135 140 151 157 174 180
18 5 16 22 33 39 50 56 61 78 84 95 101 112 118 123 129 140 151 163 174 180 186 192 197 203 231 242 265 270 298 315 320 331 337 343 354
27 192 203 209 220 237 242 254 259 265 281 303 331 337 354 0 5 11 22 39 56 73 84 101 135 146 157 180
21 11 16 22 28 33 50 61 73 78 90 95 101 106 112 118 123 140 146 151 157 168 180 186 192 197 203 214 225 242 248 281 286 292 298 303 315 320 331 337 343 348 0
31 197 203 231 237 259 270 275 286 292 298 303 331 343 11 28 33 45 67 78 84 90 95 106 118 129 135 146 157 163 174 180
19 5 11 16 28 33 39 45 50 56 61 67 78 90 118 123 135 140 151 157 163 168 174 186 197 209 214 220 237 242 254 265 281 320 326 331 337 348 0
30 192 209 220 237 242 248 254 275 286 298 303 309 315 326 343 348 11 16 33 39 56 61 73 90 101 112 123 129 151 180
21 11 22 28 33 39 56 67 84 90 95 106 112 118 123 129 135 140 151 163 168 186 197 203 214 220 225 231 237 254 270 281 286 292 298 303 309 315 320 326 337 343 5
24 203 209 214 231 248 259 270 275 292 303 309 315 337 348 11 39 78 95 123 151 157 163 174 180
17 11 16 39 50 56 61 67 73 95 106 112 118 129 135 140 168 186 192 214 231 237 242 248 254 275 281 292 298 309 326 331 337 343 0
39 192 197 203 220 225 231 237 248 265 270 275 281 286 298 303 315 320 326 331 343 348 5 11 22 28 33 39 61 73 84 90 101 118 135 140 157 163 174 180
17 5 11 22 39 45 61 67 84 95 101 118 123 129 135 140 146 151 157 168 174 209 220 231 242 259 270 286 298 303 309 337 343 354 0
24 186 192 197 242 254 259 281 292 320 331 354 5 16 39 56 73 90 95 106 112 118 135 146 168
2 5 180 186 0
0
8 8
11 19
