116
0 951
0 952
0 953
0 954
0 955
0 956
0 957
0 958
0 959
0 960
0 961
0 962
0 963
0 964
0 965
0 966
0 967
0 968
0 969
0 970
0 971
0 972
0 973
0 974
0 975
0 976
0 977
0 978
0 979
0 980
0 981
0 982
0 983
0 984
0 985
0 986
0 987
0 988
0 989
0 990
0 991
0 992
0 993
0 994
0 995
0 996
0 997
0 998
0 999
0 1000
1 1000
2 1000
3 1000
4 1000
5 1000
6 1000
6 999
6 998
6 997
6 996
6 995
6 994
6 993
6 992
6 991
6 990
6 989
6 988
6 987
6 986
6 985
6 984
6 983
6 982
6 981
6 980
6 979
6 978
6 977
6 976
6 975
6 974
6 973
6 972
6 971
6 970
6 969
6 968
6 967
6 966
6 965
6 964
6 963
6 962
6 961
6 960
6 959
6 958
6 957
6 956
6 955
6 954
6 953
6 952
6 951
6 950
6 949
5 949
4 949
4 948
3 948
2 948
2 949
1 949
1 950
0 950
114
6 48
6 47
6 46
6 45
6 44
6 43
6 42
6 41
6 40
6 39
6 38
6 37
6 36
6 35
6 34
6 33
6 32
6 31
6 30
6 29
6 28
6 27
6 26
6 25
6 24
6 23
6 22
6 21
6 20
6 19
6 18
6 17
6 16
6 15
6 14
6 13
6 12
6 11
6 10
6 9
6 8
6 7
6 6
6 5
6 4
6 3
6 2
6 1
6 0
5 0
4 0
3 0
2 0
1 0
0 0
0 1
0 2
0 3
0 4
0 5
0 6
0 7
0 8
0 9
0 10
0 11
0 12
0 13
0 14
0 15
0 16
0 17
0 18
0 19
0 20
0 21
0 22
0 23
0 24
0 25
0 26
0 27
0 28
0 29
0 30
0 31
0 32
0 33
0 34
0 35
0 36
0 37
0 38
0 39
0 40
0 41
0 42
0 43
0 44
0 45
0 46
0 47
0 48
0 49
0 50
1 50
1 49
2 49
2 48
3 48
4 48
4 49
5 49
6 49
0
