100
9
30 75 35 51 25 19 76 65 62
11 56 63 60 77 48 28 26 74
16 44 46 41 17 8 66 61 42
29 7 43 38 40 31 27 10 39
52 23 58 80 50 20 33 69 47
79 1 5 49 22 37 71 18 70
54 72 4 64 55 34 12 6 15
14 53 45 13 32 59 73 57 81
36 3 78 24 2 68 9 67 21
7
11 28 2 19 9 41 24
17 34 5 10 42 18 47
33 35 22 8 49 1 29
14 20 12 3 44 7 26
39 37 6 25 36 43 30
46 27 16 45 48 32 13
21 31 23 40 38 15 4
3
9 1 6
7 8 5
3 4 2
9
44 75 31 53 69 74 77 68 30
37 33 15 29 76 46 42 70 27
54 36 78 64 50 58 52 1 21
17 61 23 18 57 28 38 16 9
45 22 60 32 49 51 39 73 66
19 13 80 67 20 7 26 63 6
79 59 62 81 25 14 40 72 48
2 65 71 8 4 47 11 43 56
35 3 34 41 24 12 5 55 10
8
16 49 2 31 62 34 48 45
39 59 61 25 64 42 54 21
12 28 46 53 30 29 27 51
26 57 38 10 7 11 60 56
15 23 43 63 52 33 18 24
17 55 32 14 35 5 3 19
47 58 40 37 4 9 22 20
6 44 8 36 41 1 13 50
3
1 4 6
7 9 8
2 3 5
3
8 5 3
2 6 1
7 9 4
8
24 43 33 14 53 15 35 38
50 10 45 56 61 17 32 16
28 3 19 57 40 29 18 5
27 20 48 44 23 63 12 55
49 42 64 26 9 52 7 39
21 11 4 51 47 41 37 34
62 8 31 36 59 22 1 54
2 25 13 58 30 60 46 6
4
6 8 15 7
5 14 13 12
16 1 4 2
11 10 3 9
5
23 19 8 2 12
1 5 7 15 25
24 20 9 21 4
17 6 13 3 16
18 14 22 11 10
8
53 21 57 6 4 30 18 60
9 51 10 40 64 25 46 13
35 37 38 42 12 24 34 36
39 8 19 54 58 59 5 33
48 50 1 49 17 47 32 22
28 31 26 14 52 45 55 3
11 23 62 41 63 56 44 20
16 43 15 61 29 7 2 27
10
30 45 65 85 29 49 68 62 22 41
4 24 17 54 13 18 44 7 77 47
15 92 57 52 2 43 3 69 70 89
87 86 60 58 51 71 39 55 48 11
64 91 96 1 31 73 12 50 32 25
72 40 36 21 97 74 14 8 84 10
9 42 66 53 100 59 27 75 33 46
78 98 5 88 28 34 83 95 26 93
94 67 90 63 61 82 6 38 56 37
19 35 20 80 16 81 23 99 76 79
7
19 28 8 47 43 10 48
6 15 17 30 42 27 25
3 41 13 21 9 35 31
37 33 14 36 18 49 7
34 46 38 16 23 45 5
22 20 2 44 24 1 12
11 40 32 29 26 4 39
2
4 2
1 3
4
5 2 3 10
9 4 8 1
13 6 11 16
12 7 14 15
7
13 1 39 37 4 38 18
21 17 33 22 5 40 36
24 3 35 23 42 11 25
15 31 20 10 2 41 46
43 30 47 45 7 34 19
16 48 49 32 26 14 9
29 8 44 12 6 27 28
7
30 4 33 46 7 40 29
39 45 43 23 25 21 28
12 1 37 35 13 11 10
22 15 26 31 8 49 47
14 16 38 41 2 48 9
44 6 18 42 3 5 34
27 32 36 20 19 24 17
8
13 31 49 30 11 57 4 63
37 61 34 45 40 2 46 26
48 18 15 1 6 41 47 59
27 7 56 10 21 58 42 5
8 35 43 19 39 12 20 51
32 50 29 3 38 64 17 52
16 60 9 22 25 62 14 53
24 33 23 54 44 28 55 36
5
10 24 15 16 7
12 18 9 13 22
19 23 14 8 25
4 1 17 2 20
3 11 6 5 21
9
76 49 5 79 58 53 12 30 2
73 9 38 44 55 21 23 69 37
74 43 48 36 33 31 19 29 72
16 13 59 54 34 4 42 35 1
78 25 52 22 50 60 70 6 45
41 11 51 18 7 27 28 47 57
81 24 77 20 26 40 56 17 75
68 63 46 65 39 62 66 8 3
32 14 64 67 61 15 71 80 10
6
31 24 35 16 10 28
29 26 14 22 30 27
33 9 15 25 17 7
36 8 3 32 11 13
23 20 18 6 21 1
2 5 12 34 19 4
10
49 14 11 64 38 100 17 22 94 97
59 4 51 66 5 40 44 21 31 28
84 95 54 20 26 36 29 91 57 89
78 43 16 93 88 47 30 60 24 99
92 15 56 3 10 75 18 34 6 79
52 12 70 83 53 2 80 77 45 50
62 19 69 25 35 72 68 27 71 46
87 37 55 9 48 74 67 90 1 76
32 8 33 58 42 61 81 63 41 86
7 82 65 96 13 39 85 98 23 73
2
2 4
1 3
9
42 4 11 16 14 45 66 43 52
5 19 22 72 64 32 15 68 60
73 76 34 77 78 27 10 50 49
40 47 17 36 79 62 3 63 37
35 20 31 8 80 67 59 71 65
57 23 29 13 54 25 26 81 38
21 53 39 46 44 74 18 28 2
33 61 69 24 58 12 1 55 56
41 6 70 7 75 30 51 9 48
10
73 82 58 19 94 39 89 18 43 70
54 56 78 60 12 61 47 85 25 95
10 91 64 24 30 75 49 87 50 84
55 48 22 35 41 15 1 28 20 42
6 71 4 45 13 66 23 74 40 97
9 17 29 76 96 86 32 8 79 7
100 44 26 80 31 65 62 33 68 69
2 46 98 16 88 67 5 14 92 59
99 77 57 27 90 81 52 83 53 72
63 21 93 51 37 36 11 34 3 38
9
46 78 22 64 9 29 58 55 79
66 24 74 71 63 31 16 15 25
41 12 21 80 6 4 49 40 11
51 60 18 10 43 65 2 57 36
52 19 47 68 13 67 5 53 26
81 14 50 34 35 54 37 45 38
1 59 23 77 61 3 42 70 62
33 69 75 48 17 39 30 44 32
20 76 56 7 72 73 27 8 28
7
22 46 7 15 45 1 39
6 20 44 32 14 28 5
23 30 26 37 35 11 27
21 3 19 8 24 38 2
43 9 34 10 25 47 18
36 4 41 40 42 17 48
13 16 31 33 49 12 29
9
22 74 40 48 17 44 35 67 57
18 41 58 15 69 81 56 49 61
55 31 20 62 4 79 14 25 45
68 78 51 50 8 53 54 23 47
64 33 80 13 38 26 43 52 10
16 12 27 28 65 30 1 75 7
5 71 21 76 63 2 37 66 60
34 73 3 36 59 24 29 9 77
32 19 70 72 6 39 11 46 42
7
9 8 18 1 31 14 6
49 12 15 28 3 22 20
11 47 24 26 36 19 48
2 10 38 30 21 35 13
23 39 41 32 40 42 29
5 37 7 46 44 34 45
43 17 33 25 16 4 27
7
38 35 18 25 15 28 14
9 5 27 33 43 8 41
16 29 22 21 47 4 26
32 48 6 17 46 13 31
49 37 42 19 20 40 2
44 34 36 10 7 11 30
45 39 3 1 24 12 23
6
8 27 32 7 21 24
19 6 31 28 30 14
10 5 3 17 9 26
11 29 25 22 23 18
34 1 20 12 4 2
13 15 33 36 16 35
7
31 34 42 24 48 19 14
20 10 8 15 9 6 41
49 33 1 11 43 17 12
27 16 45 32 40 36 5
2 28 46 44 29 30 25
21 26 35 18 22 3 7
38 13 39 37 4 23 47
4
10 1 6 8
13 11 14 9
15 3 12 4
5 16 2 7
3
2 8 9
7 5 1
4 3 6
6
2 3 4 13 34 36
16 19 10 17 18 22
26 14 33 20 24 7
29 15 35 6 21 23
32 25 1 30 9 27
31 8 5 28 11 12
7
28 22 17 14 48 47 4
46 1 5 7 19 40 11
31 27 36 23 6 18 34
37 29 43 25 39 2 49
20 38 35 16 32 21 3
41 15 30 8 12 42 44
24 33 10 13 9 45 26
6
13 4 9 34 3 11
8 6 23 12 1 27
20 21 32 28 30 36
2 18 22 31 19 24
17 33 15 7 29 26
16 5 35 14 10 25
4
10 15 11 4
2 3 14 7
5 8 6 1
13 16 12 9
2
1 3
4 2
4
6 4 2 1
7 8 13 3
10 14 9 12
11 5 15 16
10
37 49 29 9 2 54 18 20 33 31
8 100 74 4 16 73 43 5 35 95
98 44 88 80 22 60 71 72 97 76
51 61 78 90 38 89 46 10 39 26
64 87 32 79 57 1 15 19 11 17
53 25 12 65 24 23 59 58 91 81
63 96 27 41 45 66 99 3 47 55
28 14 85 7 36 82 84 77 48 86
68 67 75 56 21 6 52 93 42 94
70 83 34 13 92 30 50 69 40 62
7
1 33 21 36 28 39 30
27 45 46 16 34 24 47
15 25 12 49 2 29 40
42 6 13 38 20 8 7
44 5 41 37 17 35 9
32 31 11 18 14 23 10
26 22 43 3 4 48 19
8
1 44 59 2 22 61 31 6
41 17 56 4 63 11 62 42
3 20 9 64 49 28 23 27
14 26 18 8 29 37 38 57
15 55 34 36 7 46 10 35
60 21 43 12 25 54 13 45
5 19 52 48 50 53 16 51
32 40 47 24 33 58 30 39
4
16 1 5 15
2 6 4 10
8 11 14 3
13 7 9 12
10
40 53 73 6 74 66 61 55 5 14
22 19 56 78 32 85 27 50 79 35
4 8 21 33 29 41 100 57 58 1
13 76 62 88 63 87 7 47 83 98
10 49 48 67 36 17 94 20 65 34
75 69 38 92 3 39 2 46 89 84
12 18 43 52 31 37 16 30 77 9
96 68 44 23 28 91 99 26 24 54
82 42 71 72 95 45 90 80 86 81
51 70 25 64 59 15 93 11 60 97
7
9 12 26 29 32 37 3
48 18 42 6 14 31 8
17 36 33 4 20 2 5
1 10 38 22 43 15 7
23 16 41 46 28 25 39
13 21 47 40 19 27 34
30 49 35 24 11 44 45
4
11 1 4 16
14 3 7 9
5 2 15 13
6 8 12 10
10
55 86 80 64 58 37 40 79 99 31
52 23 57 68 76 15 81 30 75 49
90 6 96 1 50 83 89 73 82 29
84 56 70 26 59 91 41 33 95 88
38 20 4 39 19 87 51 9 8 100
47 53 54 11 72 7 32 17 85 24
2 63 45 61 28 16 5 98 66 67
42 93 22 35 18 60 74 94 14 27
43 65 77 21 34 13 97 92 46 10
71 69 3 25 44 12 62 36 48 78
9
70 24 1 8 51 37 52 78 80
20 59 60 79 47 23 27 66 42
38 72 81 11 3 69 58 6 31
41 77 40 2 54 75 9 71 21
32 43 67 35 10 34 5 62 28
56 4 30 25 39 22 12 74 36
57 15 76 26 44 48 61 19 45
33 65 50 18 53 17 68 7 55
29 46 14 73 63 64 16 13 49
9
2 77 39 42 80 20 54 23 6
11 19 72 66 21 29 25 63 56
14 3 1 73 71 61 31 68 33
65 57 36 4 76 52 62 40 17
13 75 78 53 37 10 55 59 60
26 67 22 16 15 81 50 7 51
46 28 47 48 69 34 32 9 12
64 18 5 41 49 30 24 70 74
27 43 35 45 44 8 79 38 58
9
68 62 44 66 79 65 74 21 77
34 1 33 6 2 50 4 32 67
17 58 46 40 73 13 63 8 76
64 37 71 3 69 36 41 54 39
27 26 78 18 55 53 81 61 22
15 16 14 35 20 57 49 29 52
30 23 43 48 75 45 12 59 24
42 80 5 47 31 11 10 56 25
70 38 19 60 28 72 51 9 7
5
6 3 9 7 1
15 4 2 18 13
22 23 5 25 12
10 14 21 11 20
16 19 8 17 24
7
31 18 39 21 14 40 44
10 5 19 15 20 2 38
24 9 33 3 8 30 37
22 47 49 13 46 16 17
6 4 11 36 7 41 23
48 35 27 12 29 28 25
34 42 43 1 32 26 45
6
4 23 8 36 7 21
12 28 34 20 32 29
15 5 19 30 22 3
24 1 27 10 18 25
31 11 14 26 35 16
2 33 9 13 17 6
8
20 61 62 2 43 50 21 48
60 53 17 10 46 58 29 24
52 63 54 59 19 16 35 36
3 25 4 11 64 34 42 26
23 51 55 1 38 33 9 13
32 18 31 6 5 39 22 57
49 14 56 15 44 12 41 8
27 37 40 30 47 45 7 28
6
16 32 11 26 23 24
15 10 29 8 36 25
5 30 2 22 7 14
35 18 12 3 31 17
9 27 20 4 1 21
19 28 33 34 13 6
6
19 3 35 16 4 13
29 21 2 14 10 1
23 26 6 30 5 15
28 33 9 20 22 27
32 31 8 12 25 36
11 34 18 17 24 7
5
16 4 15 18 11
25 8 17 7 13
21 22 24 20 6
2 5 19 9 1
23 3 10 12 14
9
79 28 40 5 24 30 73 67 18
14 45 51 16 1 12 48 44 27
74 65 47 11 8 56 6 60 31
76 46 72 17 29 66 78 23 61
25 57 75 20 54 33 35 62 55
26 41 32 52 77 22 59 36 49
7 37 68 53 10 58 38 42 63
64 43 19 2 34 4 21 9 13
3 80 69 81 39 71 50 70 15
2
2 3
1 4
8
52 64 40 4 58 51 25 61
43 53 8 56 55 32 10 28
1 59 9 41 11 21 2 36
62 47 5 24 42 57 6 18
38 20 54 60 22 44 31 14
30 39 35 29 34 23 37 19
16 27 12 26 48 17 46 63
49 13 45 50 7 3 15 33
6
6 22 23 10 13 7
19 20 14 33 30 17
11 35 34 28 4 1
27 15 8 25 2 32
36 18 9 12 26 29
24 5 21 3 31 16
5
9 24 17 13 12
20 8 21 6 4
1 18 14 22 7
23 11 5 25 2
19 10 16 3 15
8
8 42 16 13 23 28 44 24
9 26 20 61 57 32 4 52
5 25 58 15 40 50 7 6
11 35 55 2 59 14 51 37
29 33 10 56 54 34 48 21
39 47 49 36 45 17 63 31
62 19 22 38 53 41 46 1
27 18 64 43 12 3 60 30
5
20 24 2 13 6
9 23 7 12 10
18 4 8 11 25
15 14 3 22 19
21 1 17 16 5
3
7 8 9
2 3 5
1 6 4
6
21 15 25 19 28 18
17 14 23 29 35 33
11 34 16 27 22 5
7 12 32 9 26 8
36 6 20 24 2 13
1 30 3 4 10 31
2
3 4
2 1
9
22 18 39 1 36 45 54 12 14
52 58 43 71 15 29 47 34 64
10 37 48 68 24 61 79 6 40
51 76 19 16 13 32 42 75 74
59 7 35 5 25 44 49 11 33
31 56 66 50 38 65 67 17 53
62 70 46 63 8 23 60 41 28
77 26 2 73 4 20 9 80 57
21 3 72 78 81 55 30 69 27
9
22 7 26 66 13 73 44 32 76
53 79 6 51 62 3 80 46 75
11 77 9 39 21 30 43 8 17
20 59 1 58 56 15 28 37 41
49 72 50 48 4 64 36 2 60
78 52 47 16 31 65 35 63 57
69 19 33 12 23 71 61 68 25
38 10 67 81 29 5 24 40 54
74 45 27 70 34 55 18 14 42
7
45 6 28 34 29 4 41
32 2 39 48 18 12 31
26 17 25 22 13 47 27
19 49 35 3 10 37 11
40 33 23 20 43 8 1
42 14 44 5 38 30 16
21 15 46 9 36 24 7
8
59 17 30 63 11 7 36 12
21 62 43 58 48 39 6 13
38 45 23 52 33 3 4 42
19 57 49 64 10 15 35 31
18 40 61 2 8 25 56 27
32 34 55 44 29 9 28 14
54 26 1 50 46 16 60 22
20 53 47 41 5 51 37 24
8
35 51 20 52 31 53 26 33
17 64 4 25 21 6 8 43
28 9 39 63 46 12 23 40
62 13 24 54 7 16 2 41
48 44 15 47 32 36 18 37
3 22 60 57 50 30 34 11
27 55 38 1 42 10 29 14
5 45 61 58 19 56 59 49
5
22 5 9 4 14
1 7 25 23 20
21 2 8 10 13
15 17 19 3 18
11 24 12 6 16
5
25 21 10 15 13
23 18 8 7 1
22 6 9 11 19
16 17 14 12 5
3 2 4 24 20
5
15 11 23 6 3
4 20 14 24 25
2 16 8 21 1
22 7 17 18 10
13 19 12 9 5
3
7 6 8
5 3 1
2 9 4
7
20 29 22 46 28 31 34
18 11 13 23 1 14 44
5 15 7 47 30 39 42
24 38 19 33 32 6 12
21 3 26 16 40 2 35
27 49 37 36 41 43 45
4 17 25 8 48 9 10
9
28 13 56 39 2 25 6 44 18
63 69 48 1 20 9 4 73 74
27 49 71 57 26 51 17 10 7
65 41 15 45 47 62 8 81 34
11 31 14 67 59 38 58 32 3
77 76 55 66 70 79 64 29 60
37 16 42 50 19 36 78 5 24
12 72 43 21 30 68 61 53 22
33 80 75 35 52 46 54 40 23
10
28 19 18 89 83 86 44 30 24 11
20 97 13 3 85 78 60 80 1 74
88 6 45 27 82 46 47 9 71 67
50 57 8 36 31 25 16 29 77 7
62 75 99 94 14 15 81 39 52 91
73 21 23 33 90 53 58 55 54 43
5 96 56 65 79 70 51 22 40 84
72 38 17 10 64 34 100 12 98 48
92 95 76 42 87 4 59 61 37 93
2 66 49 26 32 69 63 35 68 41
6
32 10 22 30 2 34
6 25 15 14 28 27
20 16 31 3 17 8
12 23 21 33 1 36
24 7 26 29 18 35
5 4 13 19 9 11
8
46 27 45 49 42 36 56 7
31 34 12 13 4 44 38 17
48 2 16 41 53 55 54 51
47 21 30 3 19 57 28 40
37 10 6 63 62 1 9 35
22 50 18 60 24 26 29 39
33 8 64 20 11 5 61 14
52 43 59 15 58 23 25 32
9
60 50 71 66 13 79 15 64 73
19 31 4 14 28 7 8 72 58
11 36 37 17 74 32 2 23 67
46 35 80 1 53 9 70 6 44
63 57 47 81 52 24 12 42 27
38 54 43 68 22 10 62 34 29
51 69 20 30 16 33 75 76 5
25 39 61 49 45 3 48 18 21
56 26 78 41 65 77 59 55 40
7
12 36 39 14 30 17 22
49 43 44 46 34 6 4
15 48 1 41 2 3 23
5 37 38 29 28 18 35
19 33 9 24 40 31 10
16 20 27 26 7 11 21
8 47 13 42 45 32 25
3
9 1 2
3 4 7
5 8 6
10
36 23 83 47 92 72 13 33 14 8
42 82 77 76 54 48 68 79 100 19
62 87 37 58 52 15 94 1 85 88
40 6 43 89 41 55 11 39 67 4
24 65 29 59 51 5 2 69 80 99
31 18 17 38 70 22 86 97 44 53
57 7 20 78 25 81 27 66 34 60
9 30 64 63 84 46 21 3 10 95
93 45 91 75 49 61 71 50 26 96
12 90 74 35 16 56 98 32 28 73
9
2 29 68 5 52 17 53 77 69
28 43 71 19 76 63 35 34 25
39 32 22 14 81 59 47 33 49
24 11 10 78 67 12 15 6 55
9 80 40 31 3 7 51 48 57
38 74 23 41 42 4 16 45 58
62 18 8 44 50 36 66 70 61
54 73 65 20 26 46 79 27 56
1 60 37 75 13 64 21 30 72
7
48 15 13 32 34 27 29
3 14 44 18 35 45 30
38 4 1 19 26 12 24
37 39 41 6 20 36 22
33 31 40 11 46 2 7
42 25 43 9 5 47 23
8 10 17 28 49 16 21
8
37 1 52 33 21 41 7 20
18 22 6 48 56 31 17 61
2 43 54 39 55 57 35 50
10 27 42 3 63 59 40 12
8 60 64 47 34 36 30 13
62 5 26 19 9 29 11 51
4 25 15 23 14 44 32 46
38 53 28 45 49 16 24 58
5
4 22 3 8 23
20 7 2 24 10
25 5 16 19 6
13 9 14 17 1
18 11 12 21 15
10
76 27 97 30 11 62 8 95 74 78
26 72 77 51 29 67 18 50 81 16
37 28 24 17 59 53 57 5 7 9
69 42 65 98 91 52 40 25 60 93
55 87 15 54 14 1 21 33 61 2
22 58 20 88 36 75 4 34 41 23
32 10 82 44 13 63 100 85 45 39
64 92 83 89 56 6 73 46 48 84
70 68 19 66 3 71 99 43 94 38
86 90 35 96 31 79 47 80 49 12
3
8 3 4
5 6 9
7 2 1
5
11 2 16 3 12
13 18 4 8 1
6 24 21 7 9
20 25 5 17 23
19 14 15 22 10
2
4 3
2 1
5
4 5 3 17 22
16 10 1 23 25
7 8 24 11 9
2 19 20 21 15
6 14 18 13 12
5
11 21 22 19 14
25 12 3 15 23
10 4 7 6 2
24 5 1 16 9
8 18 13 17 20
3
3 5 7
4 1 6
2 8 9
7
16 5 25 6 24 8 19
45 4 42 27 38 48 7
43 36 22 33 10 35 30
31 40 26 17 11 46 2
44 18 23 28 41 49 1
15 21 39 29 13 34 9
3 20 12 14 32 47 37
9
26 39 1 46 51 44 13 50 35
79 73 31 71 10 45 59 7 47
40 75 25 77 30 64 58 80 15
12 3 54 27 11 62 17 9 37
23 70 63 38 24 56 28 78 32
48 68 42 66 18 5 49 43 36
21 61 69 4 8 76 60 65 19
81 55 2 57 29 33 72 74 14
67 22 52 6 20 53 34 16 41
6
2 29 4 20 32 5
28 7 19 24 31 9
1 21 25 12 18 30
27 11 33 17 22 34
6 35 10 16 26 15
23 8 14 13 36 3
