33332 54 5300
13809 0 9
5126 0 9
18111 1 9
12740 0 9
20941 0 9
24877 1 9
11235 0 9
25825 1 9
13786 1 9
11945 0 9
13193 0 9
12963 1 9
4649 1 9
6042 0 9
3421 0 9
3527 1 9
28066 0 9
10371 0 9
27852 1 9
19988 1 9
9910 0 9
232 0 9
7445 0 9
21700 0 9
5942 0 9
10042 1 9
1829 1 9
11800 0 9
11751 0 9
32826 0 9
5828 0 9
246 0 9
17122 1 9
6172 1 9
4612 1 9
2771 0 9
17851 0 9
32137 1 9
32141 1 9
24476 1 9
29406 1 9
32206 0 9
21362 0 9
16164 1 9
25162 1 9
15141 1 9
4334 1 9
2853 1 9
13002 0 9
29415 0 9
32212 1 9
26549 1 9
11195 0 9
2697 0 9
7979 1 9
4769 1 9
32669 1 9
13842 1 9
1449 1 9
23570 1 9
23694 0 9
32331 1 9
3690 1 9
32807 1 9
2813 0 9
14200 0 9
22456 0 9
10726 1 9
23358 1 9
24946 1 9
25079 0 9
32745 0 9
2243 0 9
5052 0 9
13833 0 9
13073 0 9
17352 1 9
9852 1 9
9236 0 9
5834 1 9
17303 1 9
7067 1 9
18722 0 9
27961 0 9
1953 0 9
2466 1 9
31796 1 9
14954 0 9
22393 1 9
3927 0 9
21298 0 9
14545 0 9
12086 0 9
6619 1 9
9810 1 9
13806 1 9
17162 1 9
23650 0 9
8284 0 9
25621 0 9
10451 1 9
27905 1 9
13579 0 9
32130 1 9
3026 0 9
1150 0 9
674 0 9
7436 1 9
3604 0 9
13077 1 9
24194 1 9
19022 1 9
7078 0 9
30112 1 9
28165 0 9
16246 0 9
10113 1 9
2334 0 9
7180 1 9
6211 0 9
31448 0 9
15787 0 9
29244 1 9
25266 0 9
14543 0 9
31654 0 9
11862 1 9
20047 0 9
28544 1 9
7746 0 9
24720 1 9
13871 1 9
19503 0 9
33327 1 9
17521 1 9
7264 1 9
11890 1 9
20453 0 9
7345 1 9
27848 1 9
15010 1 9
16984 0 9
8517 1 9
31788 1 9
28671 0 9
16235 0 9
25881 0 9
15061 1 9
24742 0 9
27479 1 9
1801 1 9
7566 0 9
12207 0 9
14888 0 9
23446 0 9
11380 0 9
1945 0 9
30169 0 9
5982 1 9
31189 0 9
19187 1 9
25112 0 9
32874 0 9
23518 1 9
20820 0 9
15630 0 9
4679 1 9
21957 1 9
29602 0 9
15396 1 9
31950 0 9
6292 1 9
115 0 9
26246 0 9
23910 0 9
31503 1 9
30715 1 9
31930 0 9
12967 0 9
19887 1 9
9767 0 9
12182 1 9
22498 0 9
28931 0 9
13186 1 9
22950 1 9
31984 1 9
16752 0 9
3785 1 9
8695 1 9
6006 0 9
29740 1 9
6701 1 9
32735 0 9
25254 1 9
7296 0 9
15550 1 9
18268 0 9
4684 1 9
25797 1 9
5164 0 9
19086 1 9
20641 0 9
18794 1 9
792 1 9
30877 1 9
11401 1 9
30405 1 9
16848 1 9
22915 1 9
10025 0 9
15893 1 9
6051 0 9
7057 1 9
24495 1 9
25913 0 9
4996 0 9
22411 0 9
6289 0 9
10924 0 9
22901 1 9
22044 1 9
6358 0 9
21656 1 9
8569 1 9
13897 1 9
24952 1 9
16164 0 9
9357 0 9
878 0 9
29546 0 9
19290 1 9
24480 1 9
10103 0 9
23381 1 9
24427 0 9
6582 1 9
29418 1 9
12569 1 9
28304 1 9
19184 0 9
16857 0 9
5965 1 9
26995 0 9
27075 0 9
11917 0 9
30782 1 9
27220 0 9
12919 0 9
27339 0 9
9200 0 9
27751 1 9
13180 1 9
15161 0 9
22088 1 9
9746 0 9
19876 0 9
5335 0 9
8268 0 9
29102 0 9
1765 0 9
30268 0 9
7981 1 9
17539 1 9
1576 1 9
13620 0 9
14688 1 9
16144 0 9
666 0 9
1745 0 9
17751 1 9
27820 0 9
29806 0 9
22528 0 9
2656 0 9
10749 0 9
28060 1 9
20485 0 9
29180 1 9
7675 1 9
279 0 9
8846 1 9
15353 1 9
27496 1 9
20507 1 9
5029 0 9
27653 1 9
21721 1 9
11884 1 9
29231 1 9
24244 1 9
23399 1 9
32345 1 9
18137 0 9
17759 1 9
12731 0 9
11117 1 9
9607 0 9
21650 1 9
32744 1 9
28982 1 9
6253 0 9
22573 0 9
6926 0 9
920 0 9
29664 1 9
30484 0 9
8164 1 9
29140 1 9
32922 0 9
22876 0 9
16136 1 9
20371 1 9
11740 1 9
3102 0 9
19987 0 9
30048 0 9
20996 1 9
9774 1 9
28041 1 9
5148 0 9
29706 1 9
13227 0 9
2024 1 9
2445 1 9
33176 1 9
1378 1 9
23212 0 9
28740 1 9
14602 1 9
18007 1 9
15329 1 9
7688 0 9
24542 0 9
1198 0 9
31858 0 9
16329 1 9
28972 1 9
30703 0 9
6119 0 9
13506 1 9
529 1 9
13098 1 9
11087 1 9
15520 0 9
4573 0 9
26747 0 9
27494 0 9
16738 1 9
4633 0 9
1027 1 9
4144 1 9
10341 0 9
24872 1 9
15675 0 9
19009 0 9
6335 1 9
26961 1 9
1168 0 9
7648 1 9
9324 0 9
4227 0 9
2888 0 9
14606 1 9
1972 1 9
20111 1 9
28784 1 9
27345 1 9
24958 1 9
7641 1 9
9590 0 9
22095 1 9
14217 0 9
29316 0 9
15370 0 9
3322 0 9
28474 1 9
25009 1 9
32002 1 9
33116 0 9
16659 0 9
27242 0 9
30354 1 9
22712 0 9
23653 1 9
444 0 9
22460 0 9
15603 1 9
31464 0 9
17747 1 9
20477 0 9
33231 0 9
29535 0 9
23987 0 9
28752 1 9
22201 1 9
6201 0 9
21370 1 9
3572 0 9
32750 0 9
450 0 9
22114 1 9
1567 0 9
12487 1 9
32608 0 9
18109 0 9
20160 0 9
17574 0 9
5794 1 9
18648 0 9
22281 0 9
4371 0 9
30134 1 9
4921 0 9
27977 0 9
3847 0 9
9809 0 9
12610 1 9
30187 0 9
7241 0 9
16344 1 9
9538 1 9
25141 1 9
16897 0 9
25387 0 9
8329 1 9
390 1 9
13763 0 9
4541 1 9
11552 1 9
6463 1 9
20780 0 9
19112 0 9
3763 1 9
8162 1 9
24711 0 9
26241 1 9
22010 0 9
23299 0 9
13942 0 9
27336 1 9
13178 1 9
17049 1 9
6514 0 9
25182 1 9
2221 0 9
8587 0 9
5697 1 9
30032 0 9
14734 1 9
24787 0 9
13683 1 9
10240 0 9
29497 1 9
18835 0 9
4346 1 9
11356 0 9
29662 1 9
15518 0 9
13294 0 9
9459 1 9
10113 0 9
8961 1 9
32707 1 9
6288 0 9
25713 1 9
31872 1 9
2733 1 9
31350 1 9
30831 0 9
1008 1 9
13080 1 9
19751 0 9
7692 1 9
26301 0 9
27240 1 9
18826 1 9
20701 0 9
20809 1 9
19810 0 9
24707 0 9
7507 1 9
27348 0 9
13883 0 9
11247 1 9
21508 0 9
1121 1 9
17175 1 9
32003 1 9
4322 1 9
6554 1 9
4443 1 9
14988 1 9
22172 1 9
23340 1 9
2406 1 9
27872 1 9
7335 0 9
16289 1 9
30415 0 9
24937 0 9
27017 1 9
13119 0 9
17067 0 9
28426 1 9
19385 1 9
16328 0 9
4589 0 9
21189 0 9
24113 1 9
25572 1 9
23188 0 9
28353 1 9
25174 1 9
18745 1 9
31178 0 9
8811 0 9
24129 1 9
1337 0 9
28863 1 9
838 1 9
11854 0 9
18307 1 9
12812 0 9
14249 1 9
10855 1 9
33179 0 9
6620 0 9
21054 0 9
18121 0 9
16325 1 9
16737 1 9
29891 0 9
20596 0 9
9288 1 9
2778 0 9
4247 1 9
32970 1 9
26864 1 9
2375 1 9
16519 1 9
15354 0 9
13317 0 9
16611 1 9
3752 1 9
8589 0 9
12541 1 9
26210 1 9
13989 1 9
4190 1 9
26470 0 9
6036 1 9
30780 1 9
18319 0 9
269 1 9
7922 1 9
22507 1 9
7734 1 9
14511 0 9
2316 0 9
31116 1 9
29824 1 9
12391 0 9
22336 1 9
26420 0 9
26601 0 9
12229 0 9
29934 1 9
24999 1 9
30566 1 9
31716 0 9
23905 1 9
6293 0 9
21727 1 9
13246 0 9
16957 1 9
30644 1 9
28836 0 9
23098 0 9
5205 1 9
4349 1 9
11068 1 9
28176 0 9
2839 1 9
10542 0 9
26962 0 9
32318 1 9
226 0 9
3173 0 9
30095 0 9
30665 1 9
25800 1 9
24602 0 9
23824 0 9
20229 0 9
3541 1 9
26267 1 9
24822 0 9
6495 0 9
4888 0 9
8868 1 9
6380 0 9
17674 1 9
26653 0 9
4708 0 9
3654 0 9
8643 0 9
4398 1 9
7207 0 9
17348 1 9
20072 0 9
209 1 9
27864 0 9
19989 0 9
18381 1 9
478 0 9
32459 0 9
19636 0 9
16123 1 9
5783 0 9
15597 1 9
32704 1 9
3413 0 9
15372 0 9
15184 1 9
2376 0 9
9289 0 9
14563 1 9
3433 0 9
27824 1 9
18215 1 9
1913 1 9
11006 1 9
17261 1 9
30900 1 9
33126 0 9
20115 1 9
2792 1 9
13039 0 9
33251 0 9
24416 1 9
15319 1 9
32414 1 9
26561 0 9
12795 1 9
19646 1 9
30846 1 9
12436 1 9
22877 1 9
12548 0 9
13658 1 9
6311 0 9
14922 1 9
5008 0 9
24028 1 9
32469 0 9
33185 0 9
22199 1 9
15047 1 9
30083 0 9
10328 1 9
1882 0 9
10057 0 9
17653 0 9
1839 0 9
18881 0 9
26584 1 9
10019 0 9
15143 1 9
10659 1 9
16869 1 9
1100 0 9
26048 0 9
8591 0 9
6790 0 9
28567 1 9
24173 0 9
27589 0 9
26812 1 9
12215 0 9
18192 0 9
26145 0 9
27659 1 9
32515 0 9
3971 0 9
11340 0 9
1471 1 9
16233 1 9
6179 0 9
3962 1 9
6796 0 9
26177 1 9
32626 0 9
31026 0 9
9364 1 9
18737 1 9
18970 1 9
2984 0 9
28291 0 9
19729 0 9
21231 0 9
32814 0 9
15228 1 9
10092 1 9
5996 0 9
2935 0 9
24915 1 9
21555 1 9
24749 0 9
9824 1 9
30541 1 9
1628 1 9
9567 0 9
28417 1 9
2191 1 9
9873 0 9
13482 0 9
10779 0 9
3279 1 9
11759 0 9
9846 1 9
26252 0 9
5198 0 9
3004 1 9
236 0 9
30362 0 9
4471 0 9
4634 1 9
15107 0 9
21234 0 9
25102 1 9
13115 0 9
1341 0 9
13998 1 9
26710 0 9
14731 1 9
32506 1 9
8143 0 9
4677 0 9
3436 1 9
7114 0 9
10032 1 9
17744 0 9
16495 0 9
5702 0 9
14596 1 9
9878 0 9
191 1 9
22331 0 9
16156 1 9
17381 0 9
28452 1 9
8208 1 9
30486 0 9
15276 1 9
16919 0 9
32103 1 9
15987 1 9
7714 1 9
4261 1 9
1310 0 9
25724 0 9
27498 0 9
925 1 9
23495 0 9
24100 0 9
4194 0 9
31614 1 9
2058 0 9
10462 0 9
16021 0 9
16072 0 9
29121 1 9
5902 0 9
4287 1 9
10327 1 9
20737 0 9
19815 1 9
24126 0 9
16012 0 9
13084 0 9
6999 1 9
18955 1 9
31151 1 9
30781 1 9
24950 1 9
23253 1 9
7532 1 9
3084 0 9
22353 0 9
293 0 9
33171 0 9
430 1 9
33323 1 9
21819 0 9
25060 0 9
20594 1 9
31432 0 9
828 1 9
6030 1 9
12856 1 9
7265 0 9
20923 0 9
33232 1 9
5575 0 9
32477 0 9
20000 1 9
25799 1 9
26261 0 9
28163 1 9
5018 1 9
26542 0 9
20664 1 9
12852 1 9
21975 1 9
29078 0 9
14308 1 9
4953 0 9
28418 0 9
15864 0 9
25197 1 9
16782 0 9
33023 0 9
442 0 9
25570 0 9
18868 0 9
14805 0 9
11336 0 9
19497 0 9
32671 1 9
20356 0 9
28460 0 9
27031 0 9
13913 1 9
5141 0 9
23848 0 9
10195 1 9
11741 1 9
32550 1 9
8300 0 9
30015 1 9
11833 1 9
23099 1 9
24448 1 9
16718 0 9
28224 1 9
5610 1 9
13311 1 9
12120 1 9
763 1 9
17290 1 9
31517 1 9
26859 0 9
17033 1 9
27865 1 9
26643 0 9
4639 0 9
23160 0 9
26538 0 9
11037 0 9
16220 1 9
5731 0 9
23701 1 9
11467 0 9
18875 1 9
12669 0 9
22756 0 9
22771 1 9
18405 1 9
11823 1 9
12180 1 9
30554 1 9
7629 0 9
21853 0 9
33294 1 9
23683 0 9
5871 1 9
31045 1 9
18459 1 9
1479 1 9
5253 1 9
32904 0 9
10894 0 9
21956 0 9
12063 1 9
26516 0 9
31985 1 9
17508 0 9
10106 1 9
6872 1 9
410 1 9
15736 1 9
29235 1 9
28359 0 9
13004 0 9
17451 1 9
17581 1 9
11334 0 9
30738 0 9
9508 0 9
27876 0 9
1255 1 9
815 0 9
9228 0 9
28220 1 9
30509 1 9
18675 1 9
11495 0 9
13461 1 9
27028 0 9
12645 0 9
10029 0 9
25902 1 9
2858 0 9
6706 0 9
24626 0 9
10061 0 9
3269 1 9
29251 1 9
4133 0 9
25935 1 9
19276 1 9
17614 1 9
21080 1 9
2548 0 9
27078 1 9
14128 0 9
2247 0 9
8325 1 9
31665 1 9
27488 1 9
5595 0 9
8759 1 9
14587 1 9
18657 1 9
22103 0 9
1559 0 9
12184 1 9
24150 0 9
4873 0 9
10609 1 9
11344 0 9
20462 1 9
9114 1 9
7950 1 9
29087 1 9
15882 0 9
18379 1 9
27588 1 9
1153 1 9
25128 0 9
3238 0 9
19445 1 9
21222 1 9
26623 1 9
26130 1 9
22091 0 9
2067 0 9
1065 0 9
32410 0 9
6309 1 9
7240 1 9
12959 0 9
13229 1 9
8820 1 9
13116 1 9
12172 1 9
26560 1 9
18559 0 9
6546 1 9
22347 0 9
2490 1 9
13545 0 9
30269 1 9
1234 0 9
20029 0 9
16694 1 9
24852 0 9
22289 0 9
32060 1 9
12095 0 9
13951 1 9
27306 1 9
25166 1 9
12613 0 9
22868 1 9
31955 1 9
20888 0 9
13642 0 9
2858 1 9
27592 1 9
19266 1 9
17360 1 9
12750 0 9
15046 1 9
2635 0 9
22474 0 9
23005 1 9
3260 1 9
4076 1 9
16239 0 9
13091 0 9
20859 1 9
29831 0 9
31962 1 9
20341 1 9
2468 1 9
24670 0 9
26629 0 9
21830 1 9
9663 1 9
30388 1 9
20043 1 9
29841 1 9
28117 1 9
32198 1 9
13329 0 9
5110 1 9
25866 1 9
23126 0 9
5277 1 9
1998 1 9
32306 0 9
27632 0 9
10330 0 9
25490 0 9
11655 0 9
1883 1 9
8988 0 9
32298 0 9
3500 1 9
23657 1 9
5 1 9
22503 0 9
7119 1 9
29956 0 9
13353 0 9
16637 0 9
16014 0 9
4578 1 9
25274 0 9
3746 0 9
19073 1 9
21591 0 9
2170 1 9
6929 0 9
15064 0 9
24440 1 9
33120 0 9
21294 1 9
8873 0 9
26888 1 9
19402 0 9
23324 1 9
26879 1 9
8708 1 9
11273 1 9
2699 0 9
7884 1 9
24980 1 9
2009 0 9
2663 1 9
24782 0 9
32024 1 9
24876 1 9
18279 0 9
20662 1 9
28279 0 9
16178 1 9
29399 1 9
14085 1 9
7894 1 9
10009 0 9
30108 0 9
18152 1 9
5259 0 9
17209 1 9
2487 0 9
22535 1 9
28282 0 9
16540 0 9
3561 1 9
29569 1 9
4564 1 9
7239 0 9
30966 0 9
26125 0 9
11263 1 9
9891 1 9
19249 0 9
8243 1 9
8725 1 9
16538 0 9
13678 0 9
25278 0 9
30069 0 9
4695 0 9
30026 0 9
22707 1 9
1866 0 9
21253 1 9
23929 0 9
29383 1 9
15830 0 9
23697 1 9
29581 1 9
26996 0 9
1671 1 9
2060 1 9
19838 0 9
2920 0 9
11864 0 9
21958 1 9
24774 1 9
19132 0 9
28371 1 9
24179 0 9
15028 1 9
16229 1 9
31633 1 9
13682 0 9
11119 1 9
9851 0 9
16746 0 9
18059 0 9
12498 0 9
7912 1 9
12238 0 9
29072 0 9
3707 1 9
32 0 9
31739 0 9
22021 0 9
29065 1 9
20753 0 9
11617 1 9
8197 0 9
30770 0 9
27570 0 9
33307 1 9
6782 1 9
21480 0 9
13787 1 9
33165 0 9
8872 1 9
10824 0 9
14126 1 9
32677 1 9
15164 0 9
13292 1 9
2754 1 9
14793 0 9
8033 1 9
11476 1 9
7529 0 9
30662 0 9
12562 0 9
12693 1 9
14539 0 9
7633 1 9
31334 1 9
11184 0 9
20152 1 9
13488 1 9
16043 0 9
28242 1 9
3589 1 9
748 0 9
19149 1 9
29972 1 9
10722 1 9
23310 1 9
3049 1 9
21250 0 9
3132 0 9
23932 1 9
8686 0 9
27594 1 9
20314 1 9
12546 0 9
16184 1 9
26418 1 9
1240 1 9
11015 1 9
3033 0 9
1924 1 9
16219 0 9
13307 0 9
24148 0 9
3861 1 9
10513 0 9
9519 1 9
1959 1 9
18066 1 9
23280 1 9
6726 1 9
25287 1 9
22739 1 9
17754 0 9
5132 1 9
17249 1 9
13519 0 9
24112 0 9
7611 0 9
17160 1 9
28908 1 9
3651 0 9
7205 0 9
20531 0 9
32227 0 9
18113 1 9
27159 1 9
22223 1 9
7978 1 9
6584 0 9
14627 1 9
2865 1 9
15505 1 9
14764 1 9
23706 1 9
2910 1 9
25583 1 9
13180 0 9
18583 0 9
4731 1 9
24186 0 9
32018 0 9
15727 0 9
3656 1 9
18292 1 9
20493 0 9
1434 0 9
3940 1 9
22657 1 9
19064 0 9
18535 0 9
20566 0 9
20833 0 9
8085 1 9
13053 0 9
3595 1 9
27541 0 9
12235 0 9
8609 0 9
32309 0 9
22443 0 9
947 1 9
32658 0 9
12793 0 9
3498 0 9
24700 1 9
5298 0 9
16091 1 9
7613 1 9
14901 1 9
26149 0 9
6216 0 9
14302 1 9
19302 1 9
8792 0 9
28921 1 9
31509 0 9
7697 0 9
21320 1 9
4846 1 9
31678 0 9
735 1 9
4253 1 9
23061 0 9
32125 1 9
3115 0 9
1549 0 9
32614 0 9
19983 0 9
966 0 9
5930 0 9
32436 0 9
31487 1 9
7037 0 9
20432 1 9
23121 0 9
19846 0 9
29157 0 9
9082 1 9
32549 0 9
18420 1 9
8155 0 9
11474 1 9
22874 0 9
173 0 9
23760 1 9
6870 0 9
3029 1 9
23377 1 9
2927 0 9
18618 0 9
13235 1 9
17709 0 9
15287 0 9
6708 1 9
16985 0 9
25052 0 9
9437 1 9
6421 1 9
28925 0 9
20539 1 9
24338 0 9
13254 0 9
5156 0 9
7683 0 9
16583 1 9
25998 0 9
15506 1 9
31496 0 9
7549 1 9
15128 0 9
10400 0 9
7567 1 9
6892 0 9
21719 1 9
472 0 9
7523 1 9
32898 0 9
4235 0 9
14487 1 9
6439 0 9
18516 1 9
27906 0 9
8585 0 9
32935 1 9
15925 1 9
9103 0 9
29261 1 9
22118 1 9
13035 1 9
1117 1 9
9998 1 9
11484 1 9
3141 1 9
30744 0 9
5195 1 9
1959 0 9
13746 0 9
6573 1 9
31503 0 9
4083 0 9
12379 0 9
24998 0 9
18286 0 9
12068 0 9
7402 1 9
4627 0 9
3559 1 9
7134 1 9
8103 0 9
25817 0 9
11657 0 9
20740 1 9
28277 0 9
7762 0 9
3724 0 9
22766 1 9
26538 1 9
16829 1 9
19847 1 9
459 1 9
12985 1 9
5955 1 9
18667 1 9
4528 0 9
31454 0 9
7877 0 9
2393 1 9
1942 1 9
9363 1 9
30547 1 9
22475 1 9
2080 0 9
33268 1 9
1007 1 9
11178 0 9
1239 0 9
15119 1 9
17320 1 9
24453 0 9
15852 0 9
20644 1 9
2683 1 9
18543 0 9
10581 0 9
12543 1 9
19972 1 9
21850 1 9
29439 0 9
30218 0 9
13938 0 9
30039 1 9
29997 1 9
20573 1 9
18415 1 9
28536 1 9
14962 1 9
25770 0 9
31628 1 9
11360 0 9
12327 0 9
22741 0 9
21622 1 9
31154 0 9
28850 0 9
17691 1 9
8773 1 9
6490 1 9
28134 0 9
27194 0 9
11425 0 9
15935 0 9
20628 0 9
27878 0 9
20416 1 9
1121 0 9
1250 0 9
2284 1 9
16568 1 9
24907 0 9
11591 1 9
9306 1 9
17886 1 9
30597 0 9
17969 1 9
12801 1 9
18014 1 9
32217 1 9
13634 1 9
9916 0 9
22287 1 9
27278 1 9
10287 0 9
17210 1 9
5286 1 9
12705 0 9
12283 1 9
1375 1 9
2515 0 9
17578 1 9
22841 0 9
8956 0 9
23202 0 9
26049 0 9
16980 1 9
29248 1 9
5888 0 9
33109 1 9
4017 1 9
19969 0 9
11332 0 9
13250 0 9
17774 1 9
15956 1 9
6920 0 9
27466 0 9
25533 1 9
17146 1 9
4875 0 9
24186 1 9
32767 0 9
5543 0 9
21570 1 9
12887 0 9
1370 0 9
22314 1 9
2989 0 9
28068 0 9
8429 1 9
16388 0 9
25814 1 9
32327 0 9
31059 0 9
67 0 9
28357 1 9
33129 1 9
22396 0 9
20376 0 9
22668 0 9
33156 0 9
5407 1 9
8650 1 9
22829 1 9
2777 0 9
26479 1 9
7050 1 9
23273 0 9
21315 0 9
23523 0 9
32037 0 9
22254 1 9
9704 1 9
15265 1 9
5227 1 9
26515 0 9
27487 1 9
32713 0 9
32341 0 9
30621 0 9
7224 0 9
8263 1 9
9985 1 9
7610 1 9
13578 0 9
26050 1 9
18870 0 9
32567 0 9
3859 0 9
27602 0 9
4583 0 9
22953 1 9
29036 1 9
13681 1 9
16296 0 9
2737 0 9
25641 0 9
10623 0 9
10998 1 9
9271 0 9
9063 0 9
13987 1 9
24813 1 9
26972 0 9
14785 0 9
147 0 9
17135 0 9
20236 1 9
13424 1 9
28148 0 9
22420 0 9
7746 1 9
12791 0 9
2484 1 9
22019 1 9
2199 1 9
4173 0 9
27912 1 9
4241 1 9
19178 1 9
5368 1 9
6503 0 9
27987 0 9
25173 0 9
25630 1 9
19268 1 9
12952 1 9
373 0 9
19202 0 9
541 0 9
30479 1 9
1444 0 9
4521 1 9
23253 0 9
8641 0 9
14816 1 9
11664 1 9
2600 0 9
3641 0 9
18396 0 9
4806 0 9
23114 1 9
421 1 9
5367 1 9
19430 0 9
48 0 9
27023 0 9
12943 0 9
3340 0 9
2903 1 9
19078 1 9
3253 0 9
20277 0 9
30665 0 9
5885 1 9
20852 1 9
18114 0 9
33105 1 9
19486 1 9
9170 0 9
2438 1 9
27457 0 9
4669 0 9
29501 0 9
11199 0 9
4744 0 9
21785 0 9
5397 0 9
28946 1 9
26719 1 9
31385 1 9
30170 1 9
8669 0 9
22207 0 9
3389 0 9
25488 1 9
32306 1 9
667 1 9
7537 0 9
29216 1 9
14967 0 9
9592 0 9
25956 1 9
20364 1 9
16366 0 9
8469 0 9
20893 1 9
15203 0 9
8844 1 9
25321 1 9
11409 1 9
3497 1 9
27079 0 9
33319 1 9
11594 0 9
20367 1 9
28303 0 9
32063 0 9
25400 1 9
5093 0 9
17733 1 9
5668 0 9
14810 1 9
21718 1 9
4958 0 9
25408 1 9
7820 0 9
15392 0 9
24014 1 9
23316 1 9
14089 0 9
7072 0 9
13713 1 9
3614 1 9
1269 1 9
33265 0 9
9615 0 9
24678 0 9
9311 1 9
3201 0 9
9498 0 9
27846 0 9
4420 0 9
32702 0 9
27464 0 9
32055 0 9
28951 0 9
31570 1 9
28072 0 9
29503 1 9
2625 1 9
30777 1 9
5019 1 9
4891 0 9
5276 1 9
13358 1 9
6926 1 9
10904 0 9
11828 0 9
3710 1 9
6476 1 9
27960 1 9
31695 1 9
25516 0 9
8347 0 9
9901 1 9
18293 0 9
18598 1 9
28767 0 9
32051 0 9
19280 1 9
27759 1 9
25610 0 9
26457 1 9
17280 0 9
16337 1 9
9153 1 9
26331 0 9
19242 1 9
8851 0 9
3539 1 9
27777 0 9
3016 0 9
33065 1 9
3740 1 9
9651 0 9
25802 1 9
13170 0 9
27218 0 9
18901 1 9
12029 1 9
1685 0 9
24050 1 9
8924 1 9
25637 0 9
6680 0 9
26015 1 9
18134 1 9
3579 1 9
720 0 9
2437 1 9
11369 1 9
28841 1 9
6181 1 9
18010 1 9
8717 1 9
23618 1 9
23646 0 9
13297 1 9
9832 1 9
18356 1 9
12958 1 9
31366 1 9
26636 0 9
18779 0 9
2989 1 9
4260 0 9
24195 0 9
9543 0 9
13320 1 9
27755 1 9
19299 0 9
6936 1 9
12268 1 9
1401 1 9
22591 0 9
31820 1 9
30092 1 9
17517 0 9
28792 1 9
29029 0 9
29314 0 9
926 0 9
28560 1 9
18345 0 9
15651 0 9
8699 1 9
31862 1 9
6263 0 9
21704 0 9
1207 1 9
23475 0 9
5076 1 9
23890 0 9
27418 0 9
4990 0 9
11034 1 9
28227 1 9
30002 1 9
23269 0 9
9616 1 9
12189 0 9
9118 1 9
14574 0 9
5758 1 9
640 0 9
6950 0 9
7363 1 9
23609 1 9
19929 1 9
1105 0 9
20715 1 9
3912 1 9
17677 0 9
15016 1 9
10233 1 9
16120 1 9
6180 0 9
27982 1 9
2170 0 9
17477 1 9
11725 0 9
10147 1 9
32397 1 9
25699 0 9
30016 0 9
10062 1 9
13269 1 9
1522 1 9
15074 1 9
6752 1 9
12821 0 9
8575 1 9
10734 0 9
13924 0 9
15241 0 9
5072 1 9
25489 1 9
12110 0 9
25638 1 9
22197 1 9
18399 1 9
1066 1 9
31511 1 9
26504 0 9
4103 0 9
871 0 9
26044 0 9
25367 0 9
22884 1 9
20558 0 9
22428 1 9
786 1 9
11924 1 9
26556 1 9
4607 0 9
180 1 9
30622 1 9
30465 0 9
12341 0 9
14147 1 9
25990 0 9
11294 0 9
3995 0 9
24166 0 9
10319 1 9
9435 1 9
16188 1 9
4022 0 9
14412 0 9
16569 1 9
12338 0 9
15116 0 9
26282 0 9
5428 0 9
10547 0 9
33015 1 9
24074 0 9
23122 0 9
27537 0 9
13975 1 9
25609 1 9
26677 1 9
9820 1 9
1828 1 9
22224 0 9
21309 1 9
17477 0 9
2690 1 9
20235 0 9
13934 0 9
8793 1 9
32310 1 9
19396 0 9
10945 1 9
6785 1 9
13827 0 9
26732 0 9
18009 1 9
24969 0 9
19714 1 9
24106 0 9
15134 0 9
9374 1 9
12866 1 9
27535 0 9
26044 1 9
16958 1 9
568 1 9
31134 0 9
31561 0 9
10323 1 9
15871 0 9
19833 1 9
17060 0 9
8233 0 9
14243 0 9
7927 0 9
33189 0 9
29208 1 9
24430 1 9
22758 0 9
30366 1 9
14116 1 9
23225 1 9
16772 0 9
13819 0 9
31989 0 9
13880 1 9
31854 0 9
8808 0 9
30223 0 9
12169 0 9
29547 1 9
4240 0 9
4597 0 9
30582 1 9
1296 0 9
31861 0 9
11852 0 9
26660 1 9
29636 0 9
3242 1 9
8924 0 9
30112 0 9
19516 1 9
32845 1 9
12904 0 9
856 1 9
5327 0 9
31635 1 9
9623 0 9
15356 0 9
21367 1 9
11984 1 9
4212 1 9
9535 1 9
27428 0 9
9036 0 9
13852 1 9
23774 1 9
18505 0 9
2675 0 9
19478 1 9
10106 0 9
28732 1 9
17912 1 9
25358 0 9
9378 1 9
31632 1 9
3194 1 9
637 0 9
19330 0 9
22761 1 9
28948 1 9
33297 1 9
13095 0 9
25969 1 9
5457 1 9
12701 0 9
5341 0 9
28765 0 9
20676 1 9
21750 0 9
13802 1 9
18185 1 9
5215 1 9
13677 1 9
26507 1 9
4223 1 9
1869 1 9
7228 1 9
12571 0 9
18578 1 9
5310 1 9
17242 0 9
25120 0 9
24385 1 9
12790 1 9
9001 1 9
25427 0 9
31567 0 9
30103 0 9
3848 0 9
29793 1 9
26692 0 9
22668 1 9
22155 1 9
1090 1 9
1753 1 9
8895 1 9
17284 0 9
31418 0 9
4483 0 9
19265 0 9
19681 1 9
18507 0 9
5628 1 9
19458 0 9
13264 0 9
1509 0 9
23902 0 9
5018 0 9
7470 1 9
9854 1 9
8841 1 9
19502 1 9
15661 0 9
12245 1 9
23658 0 9
2402 1 9
22866 1 9
5295 0 9
5175 0 9
14922 0 9
4754 0 9
23444 1 9
17754 1 9
20003 0 9
7405 0 9
15755 1 9
1264 1 9
23180 0 9
31697 0 9
32928 0 9
12390 0 9
14326 0 9
26900 0 9
30689 0 9
4174 1 9
12515 1 9
18952 1 9
25514 0 9
22111 0 9
26959 1 9
17667 1 9
9813 0 9
10604 0 9
15874 0 9
14690 0 9
32818 0 9
28683 0 9
2013 0 9
12500 0 9
20886 0 9
14771 0 9
24621 1 9
4593 1 9
929 1 9
33157 0 9
6065 0 9
5047 1 9
22081 0 9
18894 0 9
4163 0 9
13450 0 9
30592 1 9
15001 0 9
14344 0 9
14788 1 9
14996 1 9
33196 0 9
2442 1 9
28518 1 9
19194 0 9
16579 0 9
1675 1 9
14873 1 9
31750 0 9
5560 1 9
31468 0 9
24795 1 9
12768 0 9
10646 0 9
3167 0 9
23897 1 9
1526 1 9
28029 0 9
3649 0 9
29283 0 9
12573 1 9
29380 1 9
14528 1 9
26202 0 9
10008 0 9
22855 0 9
27794 1 9
28966 1 9
21886 1 9
23185 1 9
6854 1 9
18808 1 9
10826 0 9
5178 0 9
6231 1 9
30993 1 9
30609 0 9
25863 0 9
7381 1 9
8986 0 9
17419 0 9
2970 0 9
14739 1 9
1941 1 9
24453 1 9
31155 0 9
27123 0 9
24131 1 9
19679 0 9
27868 0 9
9728 0 9
20717 0 9
22409 1 9
21645 0 9
30990 1 9
14103 0 9
7206 1 9
11664 0 9
21604 0 9
33122 1 9
21892 1 9
32154 0 9
1247 1 9
22441 1 9
12405 0 9
8435 0 9
4330 1 9
29128 0 9
11921 0 9
32276 1 9
23439 1 9
32955 1 9
16722 1 9
9879 0 9
8450 1 9
26047 0 9
30367 0 9
11102 0 9
13531 1 9
21566 0 9
27832 1 9
30309 0 9
16582 0 9
18193 1 9
18149 1 9
4494 0 9
8673 0 9
17956 0 9
32225 0 9
20561 0 9
21179 0 9
10930 0 9
3853 1 9
28524 1 9
32405 1 9
20083 1 9
1372 0 9
14248 1 9
22126 1 9
21531 1 9
14007 1 9
30011 1 9
33259 1 9
18732 0 9
5638 0 9
10901 1 9
10202 1 9
8767 1 9
21652 0 9
32604 0 9
5475 1 9
4706 1 9
25895 0 9
12824 1 9
30286 0 9
4538 0 9
2038 1 9
21741 1 9
2256 1 9
21137 0 9
14360 0 9
25808 0 9
25986 0 9
10454 0 9
20054 1 9
24880 1 9
26437 1 9
30437 1 9
24439 0 9
19754 1 9
29895 1 9
20266 0 9
32454 0 9
4862 1 9
24534 1 9
1952 1 9
29963 1 9
5771 1 9
20475 0 9
11937 0 9
11031 1 9
10931 0 9
30347 0 9
23596 0 9
19995 0 9
15320 0 9
19574 1 9
20025 1 9
8942 0 9
6597 1 9
8105 0 9
11599 1 9
14538 1 9
25932 0 9
16247 0 9
20427 1 9
25171 0 9
4080 1 9
932 1 9
16376 1 9
27914 0 9
26981 1 9
14681 0 9
6291 0 9
1453 0 9
10420 0 9
10547 1 9
22453 1 9
21958 0 9
22759 1 9
23313 0 9
15667 1 9
652 1 9
8304 0 9
17372 1 9
9083 0 9
29024 1 9
29176 1 9
3183 0 9
6020 0 9
15827 1 9
19633 1 9
8149 0 9
33310 1 9
4204 1 9
13704 0 9
13486 0 9
13728 0 9
16113 1 9
25418 1 9
22588 1 9
16649 0 9
18951 1 9
18405 0 9
12643 0 9
1891 1 9
2886 1 9
17934 0 9
24821 1 9
21738 0 9
26020 0 9
8212 0 9
17141 0 9
1144 0 9
3263 1 9
29614 1 9
8214 0 9
32924 0 9
3972 1 9
18403 1 9
28580 0 9
17082 1 9
11074 0 9
27939 1 9
14541 0 9
7482 1 9
7494 0 9
31486 1 9
29365 0 9
14117 0 9
33031 1 9
3564 0 9
9045 1 9
28952 1 9
16255 1 9
32473 1 9
17190 1 9
21805 1 9
13024 0 9
128 1 9
733 1 9
29909 0 9
16513 1 9
17000 0 9
18165 0 9
30574 1 9
22198 0 9
24786 0 9
5588 1 9
30803 0 9
17580 0 9
16535 1 9
9785 0 9
8998 0 9
29421 0 9
17887 0 9
32226 1 9
10207 1 9
25683 1 9
22120 1 9
25252 1 9
18165 1 9
24862 1 9
16928 0 9
11609 1 9
28844 0 9
12872 1 9
21841 0 9
1812 1 9
24757 1 9
22232 0 9
26243 1 9
33212 1 9
7674 1 9
9758 0 9
26793 0 9
13155 1 9
918 0 9
6257 0 9
20057 0 9
26123 0 9
31177 0 9
8989 1 9
33311 1 9
22306 1 9
3366 1 9
27251 1 9
2970 1 9
11108 0 9
10482 1 9
8747 1 9
4458 0 9
6647 1 9
5619 1 9
4182 1 9
21569 1 9
830 1 9
26684 0 9
28793 1 9
6290 1 9
11934 1 9
2220 0 9
27345 0 9
6481 1 9
8057 1 9
21306 1 9
27014 0 9
19373 1 9
24459 0 9
23476 1 9
9176 1 9
31821 0 9
2012 1 9
29563 1 9
1597 0 9
23093 1 9
6581 1 9
15748 1 9
31291 0 9
25506 1 9
6283 1 9
9278 1 9
1123 0 9
1014 1 9
31221 1 9
31254 0 9
28824 1 9
10059 0 9
14660 0 9
3477 1 9
19306 1 9
32810 1 9
16525 0 9
9299 0 9
40 0 9
25549 1 9
10182 1 9
25830 0 9
30962 0 9
16629 0 9
5540 1 9
7937 0 9
5789 0 9
14386 1 9
16439 0 9
26356 0 9
5705 0 9
62 1 9
7156 1 9
432 0 9
16010 0 9
15373 1 9
31690 0 9
3991 1 9
6610 0 9
26105 0 9
8219 0 9
27923 1 9
24159 1 9
2081 1 9
2816 1 9
23919 1 9
14100 1 9
32375 1 9
3077 1 9
16905 0 9
4038 0 9
9230 0 9
18133 0 9
23190 0 9
24990 1 9
6139 1 9
19424 0 9
26358 1 9
31823 0 9
20413 0 9
2592 0 9
24070 0 9
20211 0 9
14656 0 9
22395 0 9
11851 0 9
16598 0 9
9234 0 9
8505 1 9
5959 0 9
20474 1 9
24719 0 9
16488 1 9
20198 1 9
31184 0 9
4423 0 9
32632 0 9
1816 1 9
30488 0 9
5067 0 9
6565 0 9
21401 0 9
5385 1 9
26596 1 9
8125 1 9
17941 1 9
31552 1 9
20939 1 9
7155 1 9
31544 1 9
3158 1 9
22592 1 9
19339 1 9
9781 0 9
21117 0 9
8782 0 9
14159 1 9
4505 1 9
25530 0 9
13224 1 9
6205 1 9
17734 0 9
8027 1 9
23292 1 9
22816 1 9
25281 1 9
33186 1 9
26840 1 9
32528 1 9
22820 1 9
6405 1 9
12208 1 9
689 1 9
2762 1 9
1218 0 9
20212 1 9
15035 0 9
5550 1 9
22082 1 9
2279 0 9
8828 0 9
13719 1 9
17790 1 9
4784 1 9
29864 0 9
6643 1 9
26453 1 9
7136 1 9
16653 0 9
30544 0 9
23264 1 9
12239 1 9
17867 0 9
5485 1 9
7018 1 9
27812 1 9
8032 0 9
28563 1 9
1805 0 9
4184 1 9
24648 1 9
27681 0 9
281 1 9
25819 0 9
21194 1 9
29405 1 9
32480 0 9
19662 1 9
15791 1 9
17441 0 9
13676 0 9
479 1 9
69 1 9
15746 1 9
13104 0 9
3224 1 9
6422 0 9
30076 1 9
17467 1 9
8981 1 9
30423 0 9
17250 0 9
3114 1 9
5376 0 9
22991 0 9
15576 0 9
31266 0 9
13123 0 9
32749 0 9
14655 1 9
22217 1 9
13460 0 9
31045 0 9
4917 0 9
26667 0 9
93 0 9
113 0 9
9420 1 9
1259 0 9
8648 1 9
13368 0 9
1092 1 9
10551 1 9
6091 0 9
19110 0 9
25723 0 9
2610 0 9
9904 0 9
31573 0 9
13402 1 9
21834 1 9
20942 1 9
20192 1 9
28346 0 9
27007 1 9
18463 1 9
22116 1 9
17208 1 9
26930 0 9
30641 0 9
5555 0 9
28393 0 9
4388 1 9
33317 1 9
5193 1 9
31693 1 9
26438 1 9
1817 0 9
9645 1 9
15714 1 9
29958 1 9
9265 1 9
19277 0 9
13243 1 9
26402 0 9
25951 0 9
7143 1 9
9175 0 9
32871 1 9
32266 1 9
6593 1 9
24828 0 9
31093 0 9
32201 0 9
6988 0 9
13513 1 9
31620 1 9
32762 1 9
15063 1 9
29018 1 9
21919 0 9
18936 0 9
8554 1 9
2326 0 9
13468 0 9
6930 0 9
1970 0 9
11535 0 9
3822 0 9
28387 1 9
32810 0 9
19797 0 9
21289 1 9
665 0 9
7572 0 9
27678 0 9
1297 0 9
5388 0 9
7730 1 9
4166 0 9
14096 1 9
14263 1 9
16286 0 9
31840 1 9
13184 0 9
8628 1 9
2346 0 9
5690 0 9
5089 0 9
6477 0 9
25076 0 9
31338 1 9
9627 1 9
9402 1 9
24350 0 9
22421 0 9
6746 1 9
15913 0 9
22655 1 9
11726 1 9
16101 1 9
30441 1 9
18235 1 9
25125 0 9
31998 1 9
17685 1 9
641 0 9
14842 1 9
3307 1 9
32268 1 9
19150 0 9
30882 1 9
290 0 9
24696 1 9
17684 0 9
6278 0 9
46 0 9
7510 1 9
17676 0 9
31809 0 9
29808 0 9
20267 0 9
16658 1 9
29931 0 9
32933 0 9
25499 1 9
22427 0 9
13211 1 9
21742 0 9
557 1 9
13176 1 9
12583 0 9
30137 0 9
27633 1 9
16981 1 9
17513 1 9
2401 1 9
5557 0 9
12697 1 9
26555 1 9
3468 0 9
22988 1 9
322 0 9
31588 1 9
10018 1 9
17139 0 9
18328 1 9
10971 0 9
26039 0 9
6325 1 9
31088 1 9
31094 1 9
29242 0 9
13368 1 9
29733 1 9
32850 0 9
18087 0 9
30654 0 9
23205 0 9
26152 1 9
21966 0 9
20835 1 9
32579 0 9
29573 1 9
15041 0 9
13247 1 9
29422 1 9
25043 1 9
709 1 9
32108 0 9
11706 1 9
9052 0 9
28757 1 9
22575 0 9
27618 1 9
16574 0 9
18843 0 9
28 0 9
21867 0 9
29956 1 9
3810 1 9
7426 1 9
12099 1 9
451 1 9
21391 0 9
24809 1 9
20649 0 9
9322 0 9
12797 1 9
14551 0 9
1244 0 9
22934 0 9
29021 0 9
26037 1 9
32430 1 9
10224 1 9
16157 0 9
7909 0 9
13233 1 9
15389 1 9
12968 1 9
6407 1 9
3767 1 9
23827 0 9
33018 1 9
12332 0 9
7301 0 9
4955 1 9
14333 0 9
1178 0 9
24675 0 9
26462 0 9
30481 1 9
33187 0 9
22555 0 9
18068 1 9
24314 0 9
15327 0 9
21726 0 9
31773 0 9
30042 1 9
17183 1 9
19415 1 9
8248 0 9
16053 1 9
19127 1 9
19784 1 9
31005 1 9
5150 0 9
25454 0 9
32595 0 9
25967 1 9
31414 0 9
20696 1 9
18908 0 9
22219 1 9
15238 1 9
12996 0 9
239 1 9
8861 0 9
2800 0 9
8118 1 9
12285 1 9
14809 1 9
31406 0 9
28159 1 9
3951 0 9
1854 0 9
24481 1 9
17118 0 9
11987 0 9
19701 1 9
17048 1 9
4581 0 9
14761 0 9
31554 1 9
22604 1 9
28685 0 9
16509 1 9
8644 1 9
14425 1 9
4733 1 9
26116 1 9
8772 0 9
14183 1 9
30555 1 9
27734 1 9
13797 0 9
19763 0 9
6248 0 9
18713 0 9
24489 1 9
27576 1 9
12448 1 9
30138 1 9
10572 1 9
234 0 9
7864 1 9
5975 1 9
214 0 9
16436 1 9
11026 0 9
25064 0 9
176 0 9
17489 1 9
29261 0 9
30186 1 9
17365 0 9
7277 0 9
22627 0 9
10091 1 9
26565 0 9
15813 0 9
11252 1 9
21342 1 9
3264 0 9
6625 1 9
21694 0 9
22063 0 9
30511 1 9
5893 0 9
6681 1 9
33292 0 9
6350 0 9
5127 0 9
17277 1 9
23767 0 9
28140 0 9
29731 0 9
15407 1 9
18436 0 9
10052 1 9
2630 0 9
27690 0 9
12111 1 9
21496 0 9
32913 1 9
1079 0 9
28388 1 9
30758 0 9
13001 1 9
29750 0 9
27381 1 9
29481 1 9
10695 0 9
19313 0 9
23338 1 9
15916 0 9
20636 1 9
9189 1 9
19042 1 9
26045 0 9
7256 1 9
17342 0 9
14473 0 9
12966 0 9
29830 0 9
17143 0 9
6071 0 9
20130 0 9
6813 0 9
21032 0 9
9582 1 9
3212 1 9
10017 0 9
19018 0 9
25719 1 9
3776 0 9
6550 1 9
11090 0 9
23857 1 9
20383 0 9
4917 1 9
31868 0 9
2137 1 9
12913 0 9
24905 1 9
32828 1 9
14588 1 9
29482 0 9
16749 1 9
21717 0 9
5574 1 9
28038 1 9
7606 1 9
29358 0 9
1554 1 9
31848 1 9
23063 0 9
23410 0 9
21723 1 9
1227 1 9
2328 0 9
21418 1 9
11320 1 9
21990 0 9
22401 0 9
12023 0 9
32552 1 9
26473 1 9
27475 1 9
19775 0 9
13834 1 9
28142 0 9
572 1 9
13392 1 9
15801 0 9
14278 1 9
3921 0 9
31755 0 9
30954 0 9
1515 0 9
17389 0 9
28397 1 9
22236 0 9
5140 0 9
16075 1 9
26172 1 9
17724 0 9
15170 0 9
16961 1 9
14396 1 9
1596 1 9
24586 0 9
8186 1 9
17595 1 9
22267 0 9
15891 1 9
28027 0 9
11558 0 9
27141 1 9
1944 1 9
27081 1 9
20704 0 9
5981 0 9
9056 1 9
32142 0 9
20495 1 9
15096 0 9
23861 1 9
19074 0 9
33197 0 9
13331 0 9
577 0 9
7752 1 9
29296 0 9
2494 1 9
12358 1 9
27027 0 9
14258 0 9
27184 0 9
5035 0 9
10992 1 9
492 1 9
21760 0 9
8476 0 9
21617 0 9
27880 0 9
23692 1 9
8503 1 9
3206 1 9
20886 1 9
18430 0 9
16812 0 9
840 1 9
27038 1 9
10814 1 9
23754 0 9
542 1 9
30343 0 9
11334 1 9
27230 1 9
24891 1 9
17339 0 9
7455 0 9
26764 0 9
9792 1 9
12019 1 9
8382 1 9
30145 0 9
19814 0 9
3553 1 9
32854 0 9
14429 1 9
6820 0 9
19257 0 9
14265 0 9
3264 1 9
31404 0 9
31559 0 9
8304 1 9
8521 0 9
15055 0 9
4729 1 9
30907 0 9
8811 1 9
29090 0 9
30185 0 9
9044 1 9
19173 1 9
17989 1 9
24292 0 9
2753 0 9
9038 0 9
21116 1 9
24367 0 9
6862 0 9
22149 0 9
30773 0 9
613 0 9
16134 0 9
14810 0 9
202 0 9
31879 0 9
17902 1 9
30988 0 9
2007 0 9
15859 1 9
10875 1 9
33227 0 9
7319 1 9
11801 0 9
1593 0 9
26274 0 9
9924 0 9
17766 0 9
27929 1 9
17891 1 9
4511 1 9
25850 0 9
20680 1 9
2892 0 9
4331 0 9
21130 0 9
13686 1 9
14652 0 9
29666 1 9
2047 0 9
31309 0 9
30956 1 9
18004 1 9
25019 1 9
32150 0 9
16790 0 9
5505 0 9
24246 1 9
30425 0 9
13346 1 9
4838 1 9
7906 1 9
21272 0 9
13094 1 9
33219 0 9
19801 0 9
32812 1 9
19590 0 9
10568 1 9
18048 0 9
30372 1 9
25752 0 9
30600 1 9
25955 1 9
30877 0 9
9269 1 9
25495 0 9
26089 0 9
28184 0 9
29623 1 9
23655 1 9
2862 0 9
15801 1 9
12486 0 9
28505 0 9
16135 0 9
27558 0 9
10357 1 9
9330 1 9
4074 1 9
15554 0 9
12059 1 9
20536 0 9
22620 0 9
2619 1 9
22283 0 9
15011 0 9
15862 0 9
10429 1 9
15368 0 9
8874 1 9
16552 0 9
36 0 9
26057 0 9
16949 0 9
5403 1 9
14473 1 9
17687 0 9
6594 1 9
7796 0 9
27950 0 9
10369 1 9
26491 1 9
10210 0 9
27799 1 9
21118 1 9
20151 1 9
31005 0 9
16191 0 9
25742 0 9
15147 1 9
1483 0 9
21784 0 9
4568 1 9
599 0 9
17922 0 9
1636 0 9
32351 1 9
10034 0 9
21715 0 9
27916 0 9
167 0 9
26785 0 9
4290 0 9
31844 1 9
21139 0 9
1053 0 9
15992 1 9
5523 1 9
359 0 9
6525 0 9
21121 1 9
10263 0 9
11499 1 9
4025 1 9
28886 1 9
6011 0 9
22681 1 9
12254 1 9
10804 0 9
7595 0 9
32878 0 9
22906 0 9
32120 0 9
12676 1 9
7063 0 9
3070 0 9
6736 1 9
5461 1 9
31365 0 9
16662 1 9
31581 0 9
27007 0 9
9492 0 9
4508 0 9
29655 0 9
32643 0 9
24162 0 9
9706 0 9
7682 1 9
18725 0 9
9457 1 9
11562 0 9
6531 0 9
9475 0 9
18325 0 9
12490 0 9
18730 1 9
15115 0 9
17470 0 9
6534 0 9
18461 1 9
16071 1 9
27071 0 9
4428 1 9
31433 1 9
24237 0 9
27655 1 9
17081 1 9
6266 1 9
6307 1 9
6647 0 9
31813 0 9
10558 1 9
32900 0 9
2497 1 9
30287 1 9
23495 1 9
25134 1 9
801 0 9
23128 1 9
19023 0 9
6789 0 9
15253 0 9
250 0 9
26011 1 9
27917 1 9
30936 0 9
24740 0 9
1294 1 9
7948 0 9
26179 0 9
32495 1 9
10738 1 9
5301 1 9
14995 0 9
2498 0 9
1818 1 9
4131 0 9
14433 1 9
29552 0 9
7002 1 9
22038 1 9
3492 1 9
26407 0 9
17040 1 9
19784 0 9
23301 0 9
3419 0 9
19158 0 9
23345 1 9
12094 0 9
17490 0 9
7259 1 9
27156 1 9
28410 1 9
224 0 9
32317 0 9
13310 0 9
30724 0 9
14836 1 9
15071 1 9
87 0 9
1565 1 9
23989 0 9
24957 0 9
22872 1 9
11844 0 9
28762 0 9
8676 0 9
24185 0 9
11451 0 9
21317 1 9
21661 1 9
3135 1 9
29883 1 9
29165 0 9
11139 1 9
4389 0 9
33295 1 9
15783 1 9
31625 1 9
1097 0 9
10577 0 9
18230 0 9
13939 1 9
23066 1 9
22028 0 9
26749 1 9
12205 0 9
15910 1 9
2845 1 9
26114 1 9
6989 0 9
13479 1 9
13046 0 9
29792 0 9
2201 0 9
9974 1 9
4976 1 9
30106 1 9
14006 1 9
24920 0 9
7871 0 9
32144 0 9
29466 0 9
4671 0 9
19365 1 9
21796 0 9
7261 0 9
10475 0 9
31052 1 9
15313 1 9
29082 0 9
27223 1 9
28508 1 9
501 1 9
21148 1 9
19233 0 9
23133 0 9
28874 0 9
31378 1 9
8094 0 9
829 0 9
22563 0 9
21460 1 9
5908 0 9
9522 1 9
9912 0 9
1340 0 9
17269 1 9
18823 0 9
13737 1 9
29329 0 9
5665 1 9
24267 0 9
22345 0 9
28857 1 9
11773 1 9
33032 1 9
16151 0 9
23117 1 9
14485 0 9
13559 0 9
8858 1 9
9282 0 9
16106 0 9
1206 1 9
21436 1 9
13967 1 9
24738 1 9
14556 1 9
2464 1 9
8133 1 9
12813 1 9
4415 1 9
10175 0 9
15931 1 9
22855 1 9
8354 1 9
6756 1 9
24420 1 9
13749 0 9
19620 0 9
10154 0 9
11009 1 9
32450 0 9
1691 1 9
10833 1 9
12364 1 9
7106 0 9
14211 1 9
14216 0 9
32458 0 9
12410 1 9
21039 1 9
8723 0 9
26977 1 9
31647 0 9
6 0 9
8346 1 9
9960 0 9
17555 0 9
20770 0 9
1639 1 9
15447 0 9
21179 1 9
15812 1 9
30561 0 9
28691 1 9
11442 0 9
7089 1 9
9206 0 9
3897 0 9
27674 0 9
22690 0 9
19511 0 9
13577 0 9
9883 1 9
23558 1 9
18063 0 9
15610 0 9
17916 1 9
31240 0 9
17806 0 9
3679 0 9
25984 1 9
9880 1 9
18439 1 9
30797 0 9
33255 1 9
13546 0 9
6599 1 9
9867 1 9
32541 0 9
3678 1 9
28187 0 9
8083 1 9
32882 0 9
3441 0 9
10140 0 9
9771 1 9
30745 1 9
12126 1 9
20656 1 9
25333 1 9
31176 1 9
14236 1 9
9416 0 9
5430 0 9
27375 0 9
6942 0 9
6725 1 9
21864 1 9
27252 1 9
32668 1 9
28686 1 9
8891 0 9
4224 0 9
10508 1 9
6045 0 9
18593 0 9
25652 1 9
3006 1 9
11778 1 9
24731 0 9
83 0 9
27962 1 9
16923 1 9
18688 0 9
11329 1 9
4762 0 9
17632 1 9
30583 0 9
9766 0 9
17099 1 9
11985 1 9
7387 1 9
29865 0 9
7047 0 9
15558 0 9
6770 1 9
11486 1 9
25670 1 9
7167 0 9
6930 1 9
8340 1 9
30446 0 9
6075 0 9
31591 0 9
10301 0 9
24059 1 9
22812 1 9
13795 0 9
12187 0 9
9071 0 9
16069 1 9
22698 0 9
1950 1 9
13992 1 9
22600 1 9
7712 1 9
10622 0 9
25773 1 9
30558 0 9
11810 1 9
14826 0 9
6399 1 9
25964 1 9
32223 1 9
4572 1 9
18372 1 9
14947 1 9
9397 0 9
6270 1 9
10648 1 9
32805 1 9
25017 0 9
10510 1 9
9442 1 9
12680 0 9
14192 0 9
19406 0 9
10794 0 9
30028 0 9
19719 0 9
32876 0 9
1011 0 9
26652 0 9
6629 1 9
9950 0 9
17799 1 9
8487 1 9
206 1 9
8911 0 9
29629 0 9
6804 0 9
2694 1 9
25449 0 9
16609 1 9
19994 1 9
30518 1 9
9634 0 9
25340 1 9
10407 1 9
16508 0 9
32684 0 9
31083 1 9
32032 0 9
22254 0 9
2395 1 9
27337 1 9
6156 0 9
17977 1 9
29051 0 9
4857 0 9
7896 1 9
31313 0 9
5371 0 9
23486 1 9
6564 1 9
3893 0 9
12582 1 9
4231 1 9
2567 1 9
30765 0 9
20326 0 9
16268 0 9
28639 0 9
30397 0 9
4638 0 9
21512 0 9
30006 1 9
1360 0 9
4129 0 9
20246 1 9
16177 1 9
10714 1 9
17449 1 9
32027 0 9
22729 1 9
10682 0 9
20302 0 9
15453 1 9
8061 1 9
18510 0 9
4557 1 9
13195 1 9
32841 1 9
9614 1 9
4147 0 9
14388 0 9
13810 0 9
18008 0 9
2455 1 9
8844 0 9
5068 1 9
23839 0 9
909 0 9
2320 0 9
14638 0 9
20362 0 9
30851 0 9
28310 0 9
15978 1 9
26430 0 9
11428 1 9
18103 0 9
8089 1 9
16766 0 9
17356 0 9
6696 0 9
2098 1 9
16505 0 9
22831 0 9
3355 0 9
12958 0 9
29491 1 9
26680 1 9
15858 0 9
10425 1 9
28521 1 9
1965 1 9
6333 1 9
5275 0 9
24090 0 9
9833 0 9
25894 1 9
8801 0 9
24217 1 9
25762 0 9
5175 1 9
23816 1 9
13920 0 9
27188 0 9
27190 0 9
25167 0 9
23055 0 9
11111 1 9
8172 1 9
22609 0 9
10928 1 9
20811 1 9
22924 0 9
15160 0 9
22362 1 9
17233 1 9
7369 1 9
14150 0 9
32149 1 9
1093 0 9
20045 1 9
14569 0 9
14476 0 9
22151 1 9
15216 1 9
6209 1 9
27392 1 9
10389 1 9
15629 1 9
31711 1 9
27866 0 9
29818 0 9
19375 1 9
19473 0 9
21626 0 9
10575 1 9
23088 1 9
13136 0 9
22628 1 9
24730 1 9
10048 1 9
32651 0 9
22278 1 9
13417 0 9
28097 0 9
20159 1 9
17599 0 9
10782 1 9
13854 1 9
25774 0 9
11872 0 9
22989 0 9
24128 0 9
1803 1 9
1535 0 9
25002 0 9
24057 0 9
26294 0 9
25645 0 9
18790 1 9
9241 1 9
14243 1 9
31354 1 9
14750 0 9
21809 0 9
19865 1 9
15495 0 9
9534 0 9
22298 0 9
33048 0 9
5626 0 9
5484 1 9
13821 0 9
23669 1 9
7963 1 9
3280 1 9
32945 0 9
17939 1 9
19366 0 9
22581 0 9
19659 1 9
26022 0 9
4915 0 9
12022 0 9
26731 1 9
16253 1 9
26772 0 9
28728 1 9
31439 1 9
3710 0 9
6760 0 9
18158 1 9
20882 1 9
26975 1 9
27613 1 9
2158 0 9
30920 1 9
8332 0 9
12823 1 9
1594 1 9
22445 1 9
10353 1 9
31929 1 9
30373 0 9
22696 0 9
23158 0 9
7349 1 9
22801 0 9
28549 1 9
32504 1 9
25499 0 9
31259 1 9
10165 1 9
18882 0 9
5714 0 9
24300 1 9
18401 1 9
2627 0 9
31843 1 9
6798 1 9
18021 0 9
32996 1 9
18363 0 9
26569 0 9
28316 0 9
1809 0 9
22975 1 9
28657 1 9
29712 0 9
26253 1 9
27121 1 9
22113 0 9
11027 0 9
22767 1 9
13877 0 9
33050 0 9
6848 0 9
9585 0 9
10228 0 9
2315 0 9
9680 0 9
27140 0 9
11221 0 9
22912 0 9
12061 0 9
30006 0 9
15755 0 9
14005 1 9
2836 0 9
25699 1 9
22521 0 9
13198 0 9
19611 1 9
3631 1 9
10245 0 9
6087 1 9
1286 1 9
12782 1 9
13121 0 9
33170 1 9
32444 1 9
32210 1 9
18722 1 9
11460 1 9
6519 0 9
20660 1 9
25009 0 9
30385 0 9
11708 0 9
25942 1 9
21824 1 9
1085 0 9
30668 1 9
23773 1 9
23544 1 9
24224 1 9
15352 0 9
27740 0 9
8098 1 9
22516 0 9
20511 0 9
4114 1 9
4235 1 9
31187 0 9
18027 1 9
16959 0 9
1901 1 9
27964 0 9
30469 1 9
16532 1 9
10159 1 9
1764 1 9
29665 0 9
16210 1 9
14585 0 9
16203 0 9
7782 0 9
17254 0 9
19034 1 9
32723 0 9
20202 1 9
12478 0 9
3983 1 9
6793 0 9
22479 1 9
8140 1 9
28753 1 9
11197 0 9
22293 1 9
11032 1 9
14570 1 9
21754 0 9
24344 0 9
27735 0 9
7080 0 9
11163 0 9
12605 0 9
8253 1 9
2671 0 9
29198 1 9
8442 0 9
7262 1 9
14518 0 9
21757 1 9
24792 0 9
1159 0 9
32522 1 9
32181 1 9
2443 0 9
20699 1 9
29757 0 9
21284 0 9
22837 0 9
9790 0 9
8238 0 9
29902 1 9
14127 1 9
3344 0 9
28713 0 9
5048 0 9
14397 1 9
17654 0 9
18044 0 9
9050 1 9
1540 1 9
18906 0 9
20042 0 9
11508 0 9
469 1 9
29137 0 9
29533 1 9
8914 1 9
12417 0 9
14191 1 9
9317 0 9
11188 0 9
18094 1 9
29936 1 9
4485 1 9
32271 0 9
18421 1 9
14769 0 9
16185 0 9
17869 0 9
28362 0 9
17573 0 9
24032 1 9
19296 1 9
7211 0 9
21955 0 9
8234 1 9
26956 0 9
13596 1 9
11851 1 9
9554 1 9
6545 0 9
28586 0 9
33154 0 9
20762 1 9
19790 0 9
31360 1 9
2228 1 9
29222 1 9
14357 0 9
8880 1 9
10332 0 9
22615 0 9
29702 1 9
30281 1 9
31558 1 9
32185 1 9
1101 1 9
33223 0 9
29510 0 9
24367 1 9
17877 1 9
33044 0 9
20314 0 9
17384 1 9
11710 0 9
15728 1 9
7571 1 9
24442 1 9
5188 1 9
30945 1 9
22926 0 9
21769 1 9
11869 0 9
32179 1 9
24485 0 9
4732 1 9
17839 0 9
16926 0 9
11321 1 9
28873 1 9
7202 1 9
25323 1 9
13442 0 9
5902 1 9
8355 0 9
4588 1 9
28567 0 9
5813 1 9
27284 0 9
9462 0 9
11069 0 9
21513 1 9
27127 1 9
25537 1 9
13858 1 9
9633 0 9
1042 1 9
20402 0 9
27476 1 9
33061 1 9
26128 1 9
23534 0 9
13923 1 9
24881 1 9
21634 1 9
30042 0 9
8972 0 9
12227 1 9
2595 1 9
189 1 9
7366 0 9
19657 1 9
3633 0 9
17170 0 9
7077 0 9
8743 1 9
123 0 9
33123 0 9
21078 0 9
1724 0 9
24726 1 9
7182 1 9
3913 0 9
26696 0 9
15334 0 9
11459 0 9
7444 1 9
10012 1 9
12671 0 9
22416 1 9
1058 1 9
33140 1 9
30591 0 9
27208 0 9
23937 1 9
1744 1 9
12383 1 9
24646 1 9
2849 1 9
4628 1 9
26446 0 9
21851 1 9
27843 0 9
19335 0 9
22986 0 9
23102 0 9
27695 0 9
155 0 9
4037 1 9
35 1 9
75 0 9
31918 0 9
9546 0 9
16888 1 9
11719 1 9
23238 1 9
6954 1 9
7959 0 9
16074 0 9
11382 0 9
14627 0 9
19471 0 9
17206 0 9
2760 1 9
16543 1 9
27205 1 9
1352 1 9
22726 0 9
9165 0 9
32531 0 9
4426 1 9
22454 0 9
11039 0 9
31886 0 9
22641 0 9
24971 0 9
2281 0 9
30296 1 9
16340 0 9
26102 1 9
3227 0 9
15642 0 9
17525 1 9
16013 0 9
17805 0 9
5021 0 9
29683 1 9
11350 0 9
6915 0 9
10898 0 9
7655 0 9
28880 0 9
20957 0 9
11057 1 9
15905 0 9
22478 0 9
27074 1 9
25210 1 9
11513 0 9
32649 1 9
17855 0 9
2705 0 9
33039 1 9
29910 1 9
33130 0 9
6217 0 9
15225 0 9
9252 1 9
8588 1 9
16747 0 9
13174 1 9
4588 0 9
12868 1 9
14177 1 9
1377 1 9
249 1 9
6060 1 9
2950 1 9
24360 0 9
15903 0 9
23203 1 9
16594 1 9
17959 1 9
22140 0 9
8613 0 9
31224 0 9
13067 0 9
13526 0 9
28667 0 9
7123 1 9
25137 1 9
30968 0 9
19562 1 9
30461 1 9
22154 1 9
16534 0 9
17370 1 9
11525 0 9
18040 1 9
4299 0 9
7868 1 9
1774 1 9
13604 1 9
23270 1 9
6323 1 9
21586 1 9
31135 0 9
26899 0 9
14410 1 9
18695 1 9
31197 1 9
32016 1 9
15832 0 9
12411 0 9
18110 0 9
21931 0 9
20538 0 9
24198 1 9
25228 1 9
19697 0 9
26723 0 9
16750 0 9
14840 1 9
21930 0 9
25540 0 9
14408 0 9
7739 0 9
2614 0 9
7736 0 9
22030 0 9
23142 1 9
1533 0 9
28733 0 9
25202 1 9
11739 1 9
20321 1 9
22012 0 9
8900 1 9
27467 1 9
19460 1 9
14958 0 9
1503 0 9
32603 1 9
21272 1 9
14237 0 9
31817 0 9
6458 1 9
31526 1 9
26603 0 9
8552 1 9
6322 1 9
28406 1 9
29374 1 9
20181 0 9
26412 0 9
17363 0 9
171 0 9
9859 0 9
29282 0 9
10576 1 9
5482 1 9
13624 0 9
4785 0 9
283 1 9
19028 1 9
3632 1 9
32915 1 9
18582 1 9
30530 0 9
22039 0 9
2541 1 9
22754 0 9
32240 1 9
25402 1 9
7666 1 9
3191 0 9
21419 1 9
9971 0 9
28694 1 9
789 1 9
27585 0 9
4611 0 9
6135 1 9
9908 0 9
1603 1 9
32809 1 9
5960 0 9
20658 1 9
27789 0 9
7896 0 9
4098 0 9
16389 0 9
31112 1 9
9337 0 9
4339 0 9
20932 1 9
27416 0 9
21077 1 9
27173 1 9
4391 0 9
22723 0 9
29671 0 9
27540 1 9
5530 1 9
3204 1 9
7897 1 9
24109 1 9
6908 0 9
13808 1 9
10150 0 9
8169 0 9
10050 1 9
22540 0 9
16386 1 9
9038 1 9
4933 1 9
9382 1 9
32371 1 9
29847 0 9
9269 0 9
26329 1 9
1978 1 9
1842 0 9
20457 0 9
21098 0 9
4590 1 9
22511 1 9
15431 1 9
27149 1 9
19256 1 9
9894 1 9
31537 1 9
18043 1 9
4070 1 9
12093 1 9
1967 0 9
20929 0 9
2053 1 9
6120 0 9
16168 0 9
26878 1 9
32328 0 9
14049 0 9
973 0 9
27207 1 9
32952 1 9
17291 1 9
3806 0 9
19426 1 9
25841 0 9
162 1 9
9882 0 9
1502 1 9
31018 1 9
1523 1 9
32763 0 9
18525 1 9
26849 0 9
16180 1 9
27166 0 9
277 1 9
9152 1 9
20364 0 9
17972 0 9
33228 1 9
6280 1 9
16226 1 9
26554 0 9
19234 1 9
4132 1 9
30227 1 9
17793 0 9
11666 1 9
19439 1 9
15248 1 9
9025 0 9
27742 1 9
23716 0 9
29642 1 9
30491 1 9
24892 1 9
27298 1 9
21985 1 9
18389 1 9
30532 1 9
20970 0 9
16921 0 9
29398 1 9
23060 1 9
28301 1 9
13102 1 9
18020 0 9
19354 1 9
18117 0 9
32197 1 9
1484 1 9
32072 1 9
31284 1 9
3909 0 9
26343 0 9
30231 0 9
11574 0 9
15309 0 9
2345 1 9
7591 1 9
21804 0 9
28388 0 9
22256 0 9
12384 0 9
2792 0 9
27991 0 9
11707 0 9
537 0 9
23078 0 9
26622 1 9
16165 0 9
23305 0 9
32273 0 9
11511 0 9
22051 1 9
20518 1 9
25265 0 9
23311 0 9
26187 0 9
24346 0 9
14626 0 9
22490 0 9
16896 1 9
5496 1 9
26775 1 9
31293 0 9
14421 1 9
9900 0 9
2365 1 9
20340 0 9
4218 0 9
20074 0 9
28665 1 9
4077 0 9
4035 1 9
23485 0 9
2341 1 9
13768 0 9
20051 1 9
6743 0 9
18155 1 9
16677 0 9
20879 1 9
2092 0 9
12566 0 9
15878 0 9
10765 0 9
18600 1 9
29397 1 9
30225 1 9
30787 1 9
1903 1 9
32280 1 9
14876 0 9
17137 0 9
14085 0 9
25050 0 9
32151 1 9
6339 1 9
17966 0 9
24851 1 9
22122 1 9
12915 1 9
1428 0 9
9456 0 9
9477 1 9
33150 0 9
3884 1 9
618 1 9
6604 0 9
19072 1 9
18954 1 9
24511 0 9
28071 0 9
31358 0 9
25047 1 9
8264 0 9
33169 0 9
18302 1 9
28622 0 9
20478 1 9
19774 0 9
14246 1 9
3210 1 9
14713 0 9
2924 1 9
27070 1 9
16940 1 9
6631 1 9
12426 1 9
1371 1 9
21631 0 9
14048 1 9
19199 0 9
15426 0 9
32661 1 9
26577 1 9
7129 1 9
2240 1 9
23843 0 9
24313 1 9
6111 1 9
9885 0 9
4034 0 9
22744 1 9
19354 0 9
32588 0 9
1767 0 9
29578 0 9
28494 1 9
16061 1 9
8071 1 9
12056 0 9
24464 1 9
22045 1 9
3715 0 9
24566 0 9
32864 0 9
2119 1 9
29752 0 9
10639 1 9
18022 0 9
28071 1 9
13037 1 9
26354 1 9
8617 0 9
28833 1 9
29049 0 9
18412 0 9
12999 1 9
27044 0 9
27606 0 9
7095 1 9
15730 1 9
223 0 9
10155 0 9
30090 0 9
23069 0 9
23424 0 9
12804 0 9
6828 1 9
26348 1 9
23438 0 9
16591 0 9
10784 1 9
27297 0 9
14960 1 9
21290 0 9
8941 0 9
16696 1 9
31560 1 9
11761 1 9
29969 1 9
16106 1 9
3764 0 9
24888 1 9
4718 0 9
18557 0 9
26545 0 9
10405 1 9
9398 1 9
28010 1 9
27411 1 9
31853 0 9
5294 1 9
9423 0 9
22616 1 9
9116 1 9
8116 1 9
10705 0 9
23996 1 9
18153 1 9
32754 1 9
17310 0 9
30992 0 9
19068 1 9
19555 1 9
13175 0 9
22485 0 9
15532 0 9
983 1 9
13862 1 9
6094 1 9
19301 0 9
193 0 9
10177 0 9
24524 1 9
5777 0 9
27315 0 9
26381 1 9
7691 0 9
16088 0 9
28112 0 9
25346 1 9
19871 1 9
18032 1 9
2301 1 9
16656 1 9
3875 0 9
8810 1 9
29259 0 9
2250 1 9
6596 1 9
10225 1 9
2912 1 9
857 1 9
30005 1 9
27514 0 9
3060 0 9
9513 0 9
19376 0 9
6404 0 9
16483 1 9
18927 1 9
21333 0 9
22584 1 9
11294 1 9
14235 1 9
28578 0 9
18224 0 9
2069 1 9
14579 1 9
28202 1 9
9300 0 9
32750 1 9
2287 0 9
4083 1 9
30638 1 9
13675 1 9
26679 1 9
6840 0 9
18017 1 9
5225 0 9
3799 1 9
18845 0 9
6486 1 9
5272 1 9
26590 1 9
24079 1 9
9310 1 9
27356 1 9
10300 1 9
12778 0 9
4988 1 9
19368 0 9
16521 1 9
8882 1 9
26119 0 9
4403 1 9
170 1 9
1407 1 9
13592 1 9
17484 0 9
31302 1 9
8649 1 9
11897 1 9
20215 0 9
20252 0 9
12222 0 9
17417 0 9
15318 0 9
5502 1 9
6480 1 9
7554 0 9
6605 0 9
6642 0 9
12501 1 9
28840 0 9
11171 1 9
3583 1 9
333 1 9
5803 0 9
172 0 9
5304 1 9
3507 0 9
24986 0 9
15765 0 9
3549 1 9
25617 0 9
14155 1 9
16730 0 9
26569 1 9
13230 1 9
19337 1 9
8550 0 9
28534 0 9
29977 1 9
22657 0 9
7233 0 9
28977 0 9
29690 0 9
4079 1 9
14001 0 9
11950 1 9
6165 1 9
30414 1 9
25452 0 9
13093 0 9
32635 1 9
26050 0 9
1410 0 9
30331 1 9
10687 1 9
3714 1 9
1474 0 9
24694 1 9
26087 0 9
5813 0 9
1517 0 9
9489 0 9
22414 0 9
19014 1 9
28590 0 9
16877 0 9
11845 1 9
15328 0 9
5363 0 9
25397 0 9
566 0 9
12576 0 9
29847 1 9
5007 1 9
9393 1 9
20460 1 9
15032 0 9
11692 1 9
19088 1 9
12126 0 9
17407 0 9
8345 1 9
8630 1 9
10944 1 9
795 0 9
29414 1 9
32664 0 9
25892 1 9
19452 0 9
4502 0 9
22881 1 9
13112 1 9
17984 1 9
28561 1 9
6949 0 9
8385 0 9
25152 1 9
30214 1 9
32194 1 9
31263 0 9
15349 1 9
16565 1 9
8925 0 9
3653 0 9
15461 0 9
31565 0 9
8490 0 9
16315 1 9
13796 1 9
12886 1 9
11688 1 9
24924 1 9
19119 0 9
17776 0 9
5203 1 9
17214 0 9
25534 0 9
24684 1 9
31408 0 9
702 0 9
11738 1 9
16523 1 9
18420 0 9
23681 1 9
9894 0 9
30734 0 9
1982 1 9
19994 0 9
32907 1 9
12464 0 9
9696 0 9
33277 0 9
14019 1 9
3557 1 9
32894 0 9
16647 0 9
13337 0 9
31037 0 9
31127 1 9
13156 1 9
19111 1 9
30661 1 9
27938 0 9
17294 0 9
12255 1 9
14345 0 9
7135 1 9
29905 0 9
607 0 9
25980 1 9
28374 0 9
4322 0 9
7911 1 9
8352 1 9
25926 1 9
18001 0 9
5134 0 9
2488 1 9
9375 0 9
14395 0 9
23923 0 9
16887 1 9
8869 0 9
25968 0 9
14033 0 9
9414 0 9
14682 0 9
26511 1 9
32497 0 9
23942 1 9
5313 0 9
22882 1 9
26169 0 9
17760 0 9
28866 0 9
29779 1 9
28855 1 9
22406 0 9
17274 0 9
22375 0 9
18876 0 9
22725 1 9
29947 1 9
33215 0 9
12733 0 9
23056 1 9
18267 0 9
13657 1 9
7186 1 9
3383 0 9
10090 1 9
27797 1 9
31229 0 9
6919 1 9
18406 0 9
23089 1 9
9214 0 9
32507 0 9
20080 0 9
17469 1 9
10030 1 9
16466 1 9
32893 0 9
14755 1 9
11078 1 9
911 1 9
17593 0 9
29183 0 9
9913 1 9
25379 1 9
6076 0 9
30311 1 9
29385 1 9
21677 0 9
26222 0 9
938 1 9
5311 0 9
3604 1 9
10524 1 9
24951 0 9
10631 1 9
29360 1 9
22916 0 9
22341 0 9
2192 1 9
2909 1 9
22160 1 9
26815 0 9
8416 1 9
18603 0 9
6146 0 9
29827 1 9
22351 0 9
31080 1 9
16195 0 9
23182 0 9
23421 1 9
10045 0 9
25079 1 9
26579 0 9
14993 1 9
10478 1 9
28558 1 9
21227 0 9
7449 0 9
17617 0 9
3399 1 9
2463 0 9
32905 1 9
20689 0 9
21690 0 9
11775 1 9
31905 1 9
30991 1 9
11499 0 9
18096 1 9
16215 0 9
28987 0 9
5036 1 9
16379 1 9
14415 1 9
8631 0 9
6009 1 9
9215 1 9
28238 1 9
20515 1 9
26306 0 9
4096 1 9
18775 0 9
14891 1 9
9818 1 9
26664 0 9
19595 1 9
2878 0 9
5212 0 9
22897 1 9
29032 1 9
21371 1 9
32502 1 9
27873 1 9
2810 1 9
28749 0 9
12244 1 9
11643 0 9
16918 0 9
17846 1 9
4006 0 9
8421 0 9
5528 1 9
6828 0 9
566 1 9
21390 1 9
18466 0 9
12593 1 9
14920 1 9
3925 0 9
19529 0 9
2414 1 9
21029 1 9
6009 0 9
8949 0 9
20922 1 9
18683 0 9
6964 1 9
18069 1 9
26936 0 9
19051 1 9
31897 0 9
25274 1 9
21500 0 9
13783 0 9
15304 1 9
30687 0 9
17715 1 9
2299 1 9
28656 1 9
1263 1 9
2502 1 9
3316 0 9
12980 0 9
6957 0 9
19255 0 9
17335 0 9
28123 1 9
26918 0 9
13721 1 9
28093 1 9
26724 0 9
27995 0 9
32837 1 9
23200 0 9
32496 1 9
25795 1 9
493 0 9
1860 0 9
27478 0 9
4551 0 9
868 0 9
9121 0 9
21974 0 9
103 0 9
15503 0 9
25682 1 9
27875 1 9
30155 0 9
12954 1 9
18588 1 9
32499 0 9
3577 1 9
4156 0 9
9382 0 9
25428 1 9
30139 0 9
23497 1 9
32292 0 9
17571 0 9
24343 1 9
5399 1 9
18393 1 9
2187 0 9
14750 1 9
21581 0 9
23825 1 9
23930 0 9
29487 0 9
1722 1 9
3602 1 9
13926 1 9
32991 0 9
23311 1 9
14320 1 9
31114 0 9
24858 0 9
17208 0 9
29094 0 9
26387 0 9
10921 1 9
21077 0 9
26034 0 9
23086 1 9
5567 0 9
13749 1 9
25021 1 9
336 1 9
31011 0 9
25574 0 9
943 1 9
26950 0 9
27130 0 9
10294 1 9
27233 1 9
16435 0 9
17949 1 9
7803 1 9
4049 1 9
1328 1 9
27197 1 9
10791 1 9
8112 1 9
33055 1 9
4921 1 9
3935 1 9
2010 1 9
32758 1 9
30923 1 9
25856 1 9
704 0 9
841 0 9
11721 0 9
27700 0 9
29278 0 9
31831 0 9
5042 0 9
7046 1 9
30789 1 9
12446 1 9
13562 1 9
5334 1 9
15464 1 9
25306 0 9
25734 0 9
17518 0 9
22768 1 9
14239 0 9
9024 0 9
32953 0 9
4842 1 9
3558 0 9
19235 1 9
23515 0 9
18240 0 9
10633 1 9
12496 0 9
15688 0 9
539 1 9
17905 0 9
11776 1 9
28892 1 9
17390 1 9
7149 0 9
11601 1 9
27842 1 9
31951 1 9
23480 1 9
11121 1 9
19491 0 9
24139 1 9
7972 1 9
17257 1 9
25455 0 9
18510 1 9
18467 0 9
25909 0 9
3648 1 9
9981 0 9
17499 1 9
9558 1 9
28299 1 9
531 1 9
9915 1 9
1898 0 9
12357 1 9
7849 0 9
16555 0 9
7989 1 9
13871 0 9
25058 0 9
25229 1 9
33037 0 9
3959 1 9
22164 0 9
7996 1 9
28312 1 9
22130 0 9
21031 1 9
7735 0 9
9133 0 9
1209 1 9
25474 0 9
18956 0 9
12626 0 9
32353 1 9
24206 1 9
25435 0 9
3445 0 9
20241 0 9
932 0 9
26412 1 9
13134 1 9
27542 1 9
28880 1 9
28510 1 9
14898 0 9
14864 0 9
4087 1 9
8614 0 9
10289 0 9
16554 0 9
15711 0 9
10545 0 9
14799 0 9
19957 0 9
27271 1 9
28417 0 9
6907 1 9
6236 1 9
28759 0 9
9906 0 9
17925 1 9
5732 0 9
13217 0 9
27955 1 9
15000 1 9
8514 0 9
9946 1 9
19092 0 9
394 0 9
31800 1 9
23247 1 9
14744 0 9
2154 1 9
4011 1 9
16193 0 9
7768 0 9
27887 1 9
11359 1 9
20862 0 9
32498 1 9
2008 1 9
24692 1 9
15496 1 9
27009 0 9
17690 0 9
22405 0 9
20153 1 9
33182 1 9
17326 0 9
24160 0 9
31629 1 9
5055 0 9
15394 0 9
1908 0 9
28540 1 9
14903 1 9
22194 0 9
26311 1 9
13915 1 9
19785 1 9
29041 1 9
24892 0 9
12313 0 9
25313 1 9
14044 1 9
3290 0 9
10022 1 9
1568 0 9
3962 0 9
28104 1 9
5415 1 9
9248 0 9
14171 1 9
7629 1 9
30538 1 9
21799 1 9
24553 0 9
29795 1 9
12310 0 9
16081 1 9
1128 1 9
21292 0 9
8912 0 9
10320 1 9
12644 1 9
8351 1 9
19340 0 9
15817 1 9
30426 1 9
186 1 9
17190 0 9
18708 1 9
23735 0 9
20317 1 9
27435 1 9
11607 1 9
23016 1 9
29019 1 9
13635 1 9
30929 1 9
25958 0 9
15333 1 9
21615 0 9
17224 1 9
15139 1 9
1215 1 9
27348 1 9
6863 1 9
22894 0 9
8749 1 9
16431 0 9
28226 1 9
17481 1 9
24860 1 9
20956 1 9
2842 0 9
11166 0 9
24213 1 9
10576 0 9
18424 0 9
6374 0 9
1292 1 9
8852 1 9
25923 1 9
6018 1 9
13463 1 9
10170 1 9
6565 1 9
30672 0 9
12145 0 9
26335 0 9
425 1 9
18723 1 9
31048 0 9
2477 0 9
14737 0 9
8291 1 9
30009 1 9
27752 0 9
32489 0 9
32153 1 9
17741 1 9
6117 1 9
30693 0 9
9303 0 9
5501 0 9
26581 0 9
6373 1 9
7109 1 9
7486 1 9
26039 1 9
4026 0 9
13993 1 9
25351 0 9
1181 1 9
32932 0 9
25784 0 9
3724 1 9
22352 1 9
23640 0 9
21082 0 9
28295 0 9
16631 0 9
11328 0 9
23214 0 9
28196 1 9
12577 1 9
23226 0 9
14285 1 9
22672 0 9
21812 0 9
2722 1 9
13609 0 9
30719 1 9
32374 0 9
9989 1 9
24329 1 9
23629 1 9
15747 0 9
4181 0 9
24078 0 9
18755 0 9
2799 1 9
10535 0 9
19204 0 9
8945 1 9
1373 1 9
2335 1 9
28269 1 9
29291 1 9
31344 1 9
3670 0 9
14119 0 9
5512 1 9
11181 1 9
26383 0 9
9108 1 9
12968 0 9
14680 0 9
3787 1 9
28521 0 9
8901 1 9
24001 0 9
19915 0 9
8222 0 9
6329 0 9
4069 0 9
19895 1 9
13205 1 9
19417 1 9
1897 1 9
24537 1 9
17967 1 9
27815 0 9
12092 0 9
7234 1 9
11001 1 9
29998 0 9
10311 1 9
21664 1 9
20502 1 9
9363 0 9
17569 0 9
21135 0 9
11623 1 9
6694 1 9
27462 0 9
28596 0 9
15483 0 9
15512 1 9
24192 1 9
15602 0 9
33291 1 9
12398 1 9
18237 1 9
29162 1 9
12634 1 9
12580 1 9
28401 1 9
21943 1 9
30893 0 9
14997 0 9
19054 1 9
2475 0 9
29992 0 9
19166 0 9
28937 0 9
5436 0 9
30299 1 9
33119 1 9
14435 1 9
25405 0 9
21685 1 9
779 0 9
16487 1 9
15277 0 9
26748 0 9
6570 0 9
1890 0 9
11679 0 9
30721 1 9
7793 1 9
15722 1 9
13900 0 9
7994 0 9
13015 1 9
11892 1 9
6704 1 9
21195 0 9
545 0 9
32365 1 9
1616 1 9
21466 0 9
22450 0 9
8724 1 9
5224 1 9
3501 0 9
5344 1 9
32335 0 9
15033 0 9
882 1 9
339 0 9
14806 1 9
10030 0 9
33124 0 9
102 1 9
24790 0 9
18281 1 9
8523 1 9
23024 1 9
3794 0 9
11489 0 9
10367 1 9
10713 1 9
22884 0 9
1826 1 9
15693 0 9
28918 1 9
8931 0 9
6788 1 9
8207 0 9
11377 1 9
13546 1 9
18868 1 9
4433 0 9
33043 1 9
16837 1 9
24717 0 9
13023 1 9
30146 1 9
168 1 9
18616 1 9
2879 1 9
25846 0 9
31660 0 9
