83330 54 2971
48176 0 9
52917 1 9
11294 1 9
41484 1 9
19798 0 9
39461 1 9
53433 1 9
2322 0 9
57474 1 9
34518 1 9
1085 1 9
48595 1 9
3161 1 9
76326 0 9
65900 0 9
4446 1 9
43754 1 9
28475 0 9
42656 0 9
60158 0 9
42875 0 9
48407 0 9
75294 1 9
67222 1 9
75421 1 9
20986 1 9
18382 1 9
13119 0 9
23357 1 9
51765 0 9
45476 1 9
49387 1 9
49216 0 9
12315 1 9
60979 1 9
30250 0 9
76129 0 9
9371 0 9
39320 0 9
58792 1 9
13754 0 9
45975 1 9
78010 1 9
10614 1 9
71101 0 9
73401 1 9
18012 1 9
52400 1 9
63744 0 9
75806 0 9
44296 1 9
23755 0 9
42137 0 9
80284 0 9
23640 1 9
61769 0 9
42597 0 9
80591 0 9
11429 0 9
41891 1 9
69809 1 9
26262 1 9
28114 0 9
17356 1 9
48530 1 9
53739 1 9
45323 1 9
15139 0 9
25346 1 9
60924 1 9
71761 0 9
51995 1 9
80497 0 9
75197 0 9
14924 0 9
76024 0 9
9325 1 9
54883 0 9
17171 0 9
205 0 9
74058 1 9
16709 0 9
59541 1 9
51788 1 9
7213 1 9
72541 1 9
42083 1 9
30634 0 9
77845 0 9
20199 1 9
29672 1 9
27903 1 9
6210 1 9
23504 1 9
41962 0 9
63371 0 9
80914 0 9
9597 1 9
37913 1 9
62101 1 9
23405 1 9
17082 0 9
32064 1 9
5007 1 9
48027 0 9
30851 0 9
33141 0 9
75680 1 9
66987 1 9
77702 0 9
27986 1 9
20441 1 9
4809 1 9
62725 1 9
53049 0 9
64671 0 9
55323 1 9
69054 0 9
40681 1 9
10286 1 9
74853 1 9
10006 0 9
17690 0 9
23547 0 9
61461 1 9
35211 1 9
253 0 9
10477 0 9
67020 0 9
61477 0 9
40547 1 9
59108 0 9
48255 1 9
49167 0 9
21559 0 9
63974 1 9
13429 0 9
21549 0 9
18446 0 9
23680 1 9
71737 0 9
73616 0 9
58116 0 9
83025 0 9
76153 0 9
61556 0 9
36210 0 9
20611 0 9
2952 0 9
66254 0 9
9156 1 9
56122 0 9
54597 1 9
75902 0 9
56596 1 9
61053 1 9
34785 1 9
28259 0 9
56637 1 9
12235 1 9
71641 0 9
32215 0 9
58781 0 9
54827 1 9
71812 0 9
74251 0 9
15562 1 9
14091 1 9
22624 1 9
19371 1 9
11258 1 9
20059 1 9
60273 0 9
22248 0 9
72831 0 9
52257 1 9
71434 0 9
15957 0 9
66361 0 9
45434 1 9
49854 1 9
45907 1 9
68782 0 9
53997 0 9
73336 1 9
30224 1 9
58536 1 9
80677 1 9
26774 0 9
32533 1 9
19966 1 9
16539 1 9
29409 1 9
14304 1 9
29149 0 9
53878 1 9
6026 0 9
66053 1 9
8216 0 9
31577 1 9
45523 0 9
51641 0 9
36548 0 9
82358 0 9
17208 1 9
61728 1 9
39766 0 9
24044 0 9
58099 1 9
36156 0 9
32143 1 9
22040 0 9
20818 1 9
7204 0 9
66506 0 9
48852 1 9
39648 1 9
81119 1 9
66243 0 9
48524 1 9
63297 0 9
73942 0 9
63959 1 9
44627 1 9
35785 0 9
27202 0 9
42451 1 9
61674 1 9
3830 1 9
51449 1 9
20660 1 9
14554 0 9
12404 1 9
7485 1 9
68478 0 9
43100 1 9
27961 0 9
70057 1 9
17080 1 9
16534 1 9
30107 0 9
60331 1 9
55799 0 9
1759 1 9
4043 1 9
67682 1 9
56723 0 9
50932 0 9
32023 1 9
13329 0 9
21791 1 9
67101 0 9
1919 0 9
56708 0 9
19472 0 9
75914 1 9
14805 0 9
76206 1 9
15925 0 9
19564 1 9
66906 0 9
72001 1 9
26190 0 9
45492 0 9
20699 1 9
57087 1 9
40230 1 9
27251 0 9
80654 1 9
23184 1 9
53424 1 9
58882 1 9
81127 0 9
14490 0 9
66631 1 9
24633 0 9
59378 1 9
3639 0 9
5905 1 9
66605 0 9
63958 0 9
80974 0 9
82370 1 9
61443 0 9
58952 1 9
24983 1 9
35233 0 9
14612 0 9
5347 1 9
11388 1 9
67024 1 9
58654 1 9
61839 0 9
61871 1 9
46526 1 9
18120 1 9
80732 1 9
76688 1 9
20733 1 9
71575 1 9
78743 0 9
32683 1 9
74377 1 9
11705 1 9
36675 1 9
50450 0 9
17285 0 9
8103 0 9
80992 1 9
23133 1 9
41802 1 9
81274 1 9
68266 0 9
16636 0 9
37249 1 9
74071 0 9
57817 1 9
40725 1 9
12904 1 9
70467 0 9
36152 0 9
45926 1 9
26645 1 9
29706 0 9
79085 0 9
6265 1 9
43742 0 9
70780 0 9
29222 1 9
79583 1 9
75222 0 9
40049 0 9
9008 1 9
76870 1 9
71301 1 9
68971 1 9
78331 0 9
7546 0 9
63650 0 9
34604 0 9
19505 1 9
855 1 9
9309 1 9
33246 0 9
33605 1 9
15589 0 9
56383 1 9
57124 0 9
2078 0 9
79528 1 9
3646 0 9
49922 1 9
18505 0 9
57285 1 9
4879 0 9
71760 0 9
53933 1 9
28634 0 9
40618 0 9
18111 1 9
82900 1 9
63040 0 9
66604 0 9
69938 1 9
18158 0 9
49288 1 9
34203 0 9
76583 1 9
70555 0 9
41430 1 9
37274 1 9
12156 1 9
55260 0 9
11506 1 9
21101 1 9
61670 0 9
12034 0 9
81263 1 9
73915 1 9
27920 0 9
16808 0 9
21795 1 9
62660 1 9
52065 1 9
5852 0 9
63758 0 9
18316 0 9
61720 0 9
60680 0 9
67045 0 9
8448 1 9
986 1 9
11561 1 9
32371 1 9
51631 0 9
35729 0 9
81719 1 9
45584 1 9
28858 0 9
15206 1 9
21104 0 9
36616 1 9
55509 0 9
65887 1 9
19517 0 9
78160 1 9
30966 1 9
80614 1 9
62935 0 9
82067 1 9
66377 0 9
8955 0 9
31115 1 9
82768 0 9
39069 1 9
139 0 9
24606 1 9
10637 0 9
55592 0 9
25013 1 9
13509 1 9
77690 1 9
50302 0 9
1440 0 9
27141 0 9
57754 0 9
68721 0 9
67244 0 9
13251 1 9
30935 0 9
18794 1 9
81416 1 9
40201 0 9
32667 1 9
22841 1 9
11880 0 9
568 1 9
41312 0 9
6539 1 9
37793 0 9
18143 0 9
18661 1 9
20157 0 9
1460 1 9
69202 0 9
82300 1 9
20166 0 9
26712 0 9
49185 0 9
34948 1 9
60133 0 9
71958 0 9
65359 0 9
19302 0 9
18163 0 9
49142 0 9
15249 1 9
52510 1 9
21613 0 9
35863 0 9
83040 0 9
15645 1 9
31972 0 9
81562 1 9
64940 1 9
57054 0 9
63713 0 9
66964 1 9
8125 1 9
10973 0 9
6434 1 9
78876 0 9
81184 1 9
40876 0 9
14088 0 9
790 0 9
79992 0 9
40731 1 9
59609 0 9
18602 1 9
77656 0 9
22250 1 9
75673 0 9
73961 1 9
81767 0 9
35232 1 9
34596 1 9
72339 1 9
74497 1 9
79306 1 9
49905 0 9
68173 1 9
69426 0 9
64440 1 9
70718 1 9
10597 0 9
55579 1 9
63745 1 9
77819 0 9
83174 0 9
41760 1 9
45675 0 9
3627 1 9
17112 0 9
65023 0 9
45957 1 9
13904 0 9
538 1 9
36106 0 9
47416 0 9
1784 1 9
40464 0 9
94 0 9
25972 0 9
53030 0 9
54109 0 9
1766 0 9
4360 0 9
7404 0 9
10513 0 9
71960 0 9
14913 1 9
11090 1 9
61359 0 9
17310 0 9
48314 0 9
41835 1 9
76141 1 9
81243 1 9
43329 1 9
14884 0 9
80231 1 9
23447 1 9
16718 1 9
58444 0 9
81640 1 9
5628 0 9
23599 1 9
49784 1 9
4561 1 9
41296 1 9
71053 0 9
51391 1 9
39480 1 9
48405 1 9
11482 1 9
10861 1 9
8581 1 9
79979 1 9
47855 1 9
10951 1 9
5396 0 9
64295 0 9
69447 1 9
77545 1 9
43807 0 9
50047 1 9
45184 0 9
46499 0 9
51246 1 9
40339 1 9
68416 1 9
42042 0 9
72175 1 9
30949 1 9
778 1 9
71591 0 9
21688 0 9
72336 0 9
52400 0 9
76029 1 9
76073 1 9
80025 1 9
72292 0 9
29251 1 9
12381 0 9
48864 0 9
73804 0 9
70399 1 9
41463 1 9
40801 0 9
57561 0 9
59570 1 9
58794 1 9
48672 1 9
11977 1 9
12163 0 9
47685 1 9
56253 0 9
56198 0 9
542 0 9
11101 0 9
77630 1 9
11833 1 9
76423 1 9
51579 1 9
82826 1 9
61916 1 9
46283 1 9
80343 0 9
58768 1 9
67060 0 9
25505 0 9
21817 0 9
49519 0 9
54785 0 9
59309 1 9
81652 0 9
61539 1 9
52860 0 9
4288 1 9
52682 0 9
47337 0 9
30389 0 9
81760 0 9
30203 1 9
29068 1 9
71852 1 9
72466 1 9
13740 0 9
42270 0 9
56691 1 9
3638 1 9
81377 1 9
82985 1 9
37475 0 9
31714 0 9
4953 0 9
35503 1 9
67844 0 9
60134 0 9
13631 0 9
35027 0 9
53330 0 9
66781 1 9
40779 1 9
34911 0 9
47079 0 9
68140 1 9
33098 1 9
81834 1 9
32037 1 9
21996 0 9
48458 0 9
23407 1 9
24903 1 9
67102 1 9
32642 0 9
36717 0 9
13601 0 9
26413 0 9
60310 1 9
70937 0 9
17242 1 9
33066 1 9
51575 1 9
2358 1 9
29395 1 9
24587 0 9
37965 0 9
59974 1 9
78733 0 9
479 1 9
11288 1 9
52014 1 9
2901 0 9
69513 1 9
30873 1 9
25723 0 9
48340 0 9
38133 1 9
77156 0 9
65532 0 9
2088 0 9
20294 0 9
78718 0 9
28252 0 9
30333 1 9
6328 0 9
10200 0 9
62931 0 9
9584 0 9
26656 0 9
71704 1 9
66115 1 9
52230 0 9
33320 0 9
57352 0 9
76823 0 9
79464 1 9
17248 1 9
58036 0 9
16337 0 9
24206 0 9
54945 1 9
27228 1 9
42110 0 9
28408 1 9
27898 1 9
69322 0 9
4520 1 9
48739 1 9
41325 1 9
21086 1 9
21289 1 9
82436 0 9
4044 1 9
14606 1 9
452 0 9
39673 0 9
27662 0 9
80759 0 9
5233 0 9
9772 1 9
60789 0 9
69894 1 9
19268 0 9
42965 1 9
35352 0 9
13389 1 9
74492 0 9
68473 0 9
53379 1 9
73548 1 9
44313 0 9
25632 1 9
58639 1 9
66222 0 9
77832 1 9
76044 0 9
56258 1 9
1490 1 9
1049 1 9
1436 1 9
29 1 9
51441 1 9
80665 0 9
60930 1 9
2058 0 9
37951 0 9
19135 0 9
19882 0 9
32981 1 9
16744 0 9
17727 0 9
76340 1 9
57761 1 9
64631 0 9
36653 0 9
1930 0 9
80707 1 9
45888 0 9
77437 0 9
74522 0 9
40746 1 9
53395 0 9
14403 0 9
69547 1 9
3168 0 9
62692 0 9
756 1 9
13997 0 9
42922 1 9
41092 1 9
38999 1 9
45049 1 9
38291 1 9
57061 1 9
13218 1 9
37439 1 9
50677 1 9
59282 0 9
4777 1 9
73160 0 9
77987 0 9
23842 1 9
3890 1 9
81494 0 9
48656 0 9
81069 0 9
19264 0 9
52631 0 9
23890 0 9
23736 0 9
35264 0 9
39793 1 9
49705 1 9
51871 1 9
4999 0 9
61372 1 9
59217 0 9
30053 0 9
9542 1 9
17748 1 9
9046 1 9
60187 1 9
39261 0 9
40245 1 9
26456 1 9
28746 1 9
57074 0 9
17203 1 9
78603 0 9
60707 1 9
15431 0 9
51963 0 9
82307 0 9
49157 0 9
23816 1 9
48060 0 9
47798 0 9
61436 1 9
79200 1 9
56348 1 9
34072 1 9
37762 0 9
73476 0 9
5201 0 9
63105 1 9
51833 0 9
7938 0 9
32383 0 9
13444 1 9
60345 1 9
49636 0 9
74536 1 9
52275 0 9
25987 0 9
10490 1 9
83268 1 9
25642 1 9
51680 0 9
79117 1 9
3104 0 9
43893 1 9
19303 0 9
13858 1 9
18016 1 9
66071 1 9
13917 1 9
1011 0 9
81385 0 9
58011 0 9
32907 0 9
51968 0 9
28931 0 9
4610 1 9
24402 1 9
31671 1 9
27191 0 9
26514 0 9
35829 0 9
12348 1 9
71700 1 9
5547 1 9
31035 0 9
49406 1 9
43445 0 9
38280 1 9
82909 1 9
45744 1 9
49555 1 9
10355 1 9
46327 1 9
25872 0 9
30118 1 9
37259 1 9
45153 1 9
38747 1 9
72200 1 9
7274 0 9
25078 1 9
45731 0 9
14838 1 9
23284 0 9
26765 0 9
79795 0 9
29865 1 9
31361 0 9
69093 0 9
58767 1 9
75527 1 9
39485 1 9
48823 1 9
61645 0 9
39383 0 9
48641 0 9
39195 0 9
54191 1 9
69838 1 9
13499 1 9
46029 0 9
76521 0 9
35104 0 9
62395 0 9
21621 1 9
30061 1 9
18570 0 9
14142 0 9
52637 0 9
36563 0 9
46129 1 9
7293 1 9
54057 1 9
9888 0 9
17031 0 9
19551 0 9
40544 0 9
68627 0 9
10005 0 9
67949 0 9
47441 0 9
52169 1 9
13161 1 9
65954 1 9
21461 1 9
10080 0 9
41011 0 9
2784 1 9
569 1 9
70860 0 9
35918 0 9
446 0 9
48301 1 9
15351 0 9
68744 1 9
22875 1 9
33685 1 9
39340 0 9
41164 0 9
33939 0 9
68214 1 9
1324 0 9
78630 1 9
46310 0 9
45042 0 9
49946 1 9
8253 1 9
54334 0 9
48162 1 9
69990 0 9
50494 1 9
20350 0 9
37071 1 9
50745 1 9
59761 1 9
43728 0 9
24082 0 9
59269 1 9
5327 0 9
7568 0 9
14328 1 9
15013 0 9
64902 1 9
420 1 9
55061 0 9
76807 1 9
55877 1 9
11253 1 9
55450 1 9
63768 0 9
53210 1 9
63192 0 9
35717 1 9
72245 1 9
72616 1 9
48820 0 9
52474 0 9
1360 0 9
15813 0 9
66986 0 9
23792 1 9
18448 1 9
19679 1 9
16989 1 9
43781 1 9
71416 1 9
20087 0 9
45206 0 9
11961 1 9
51586 0 9
71259 1 9
24668 0 9
58670 0 9
31292 0 9
56906 0 9
17624 1 9
76362 0 9
47964 1 9
1832 1 9
34574 0 9
25351 1 9
79229 0 9
10179 0 9
12354 1 9
65175 1 9
33595 1 9
73150 0 9
13222 1 9
49009 1 9
64326 1 9
4368 0 9
77939 0 9
42416 1 9
74153 1 9
45652 1 9
59987 1 9
17650 1 9
38124 0 9
38926 1 9
43871 0 9
53944 1 9
26444 0 9
11479 0 9
4685 1 9
27965 0 9
79862 0 9
72413 1 9
41595 0 9
54206 1 9
37999 0 9
68608 0 9
13535 1 9
65797 0 9
17970 0 9
21019 0 9
41685 0 9
69173 0 9
12025 0 9
56423 1 9
60020 0 9
81573 0 9
73838 0 9
77022 0 9
48888 0 9
40480 0 9
28518 1 9
9301 1 9
79802 1 9
25981 0 9
54049 1 9
79622 1 9
7809 0 9
32747 1 9
36485 1 9
51841 1 9
31600 0 9
72894 1 9
25591 1 9
63449 1 9
49295 0 9
47888 0 9
32805 0 9
61913 0 9
42403 0 9
34408 1 9
24556 1 9
46436 1 9
73793 0 9
22271 1 9
30762 0 9
31021 1 9
79957 0 9
6620 0 9
42489 1 9
69118 0 9
73726 0 9
46889 1 9
64566 0 9
37494 0 9
3029 1 9
51119 0 9
17902 1 9
26844 0 9
19721 1 9
78717 0 9
78174 1 9
56986 0 9
17326 0 9
65491 1 9
66109 0 9
67157 1 9
34092 1 9
69843 0 9
70495 1 9
35597 0 9
73286 1 9
28169 0 9
9503 1 9
75366 0 9
25117 1 9
2184 1 9
46478 1 9
1702 0 9
67274 0 9
42915 0 9
41330 1 9
38786 1 9
35335 1 9
54442 0 9
77486 1 9
62389 0 9
49491 1 9
19588 1 9
48362 0 9
860 1 9
8107 0 9
42938 0 9
73499 1 9
58564 1 9
16264 0 9
14882 1 9
34546 0 9
20215 0 9
42267 1 9
49747 0 9
34313 1 9
33567 0 9
39339 0 9
65461 1 9
20887 1 9
42166 0 9
17170 0 9
38210 0 9
1351 1 9
4886 0 9
48402 0 9
79239 1 9
51443 0 9
79416 0 9
60830 1 9
33528 0 9
36129 1 9
53005 0 9
29548 1 9
74521 1 9
34813 0 9
79323 0 9
41413 0 9
51782 1 9
17488 0 9
24020 0 9
57981 0 9
20224 1 9
60521 0 9
692 1 9
38545 0 9
63519 1 9
2108 0 9
53223 0 9
58382 1 9
3835 1 9
12224 0 9
38917 0 9
69656 1 9
60167 1 9
65630 1 9
31753 0 9
35830 0 9
3371 0 9
29902 1 9
67800 0 9
54272 0 9
50907 0 9
5606 1 9
20550 1 9
81482 1 9
23643 1 9
55345 0 9
68868 1 9
16910 1 9
58686 0 9
61781 0 9
20612 0 9
82936 0 9
39084 1 9
62523 0 9
27242 0 9
69817 0 9
14557 0 9
14294 0 9
4627 0 9
7584 1 9
39158 1 9
31211 1 9
41933 0 9
18300 1 9
72322 0 9
48323 0 9
41830 1 9
79373 0 9
65264 1 9
27783 1 9
5029 0 9
21323 1 9
16327 1 9
49686 0 9
60528 1 9
22483 1 9
52429 0 9
80464 1 9
981 1 9
55407 1 9
11005 1 9
47489 1 9
50658 0 9
18895 1 9
74267 1 9
63229 1 9
65318 1 9
62990 0 9
31142 0 9
60005 0 9
80608 1 9
77610 1 9
37465 0 9
37093 0 9
44103 0 9
7513 0 9
44935 1 9
12973 0 9
38765 1 9
15619 0 9
40700 1 9
54687 1 9
81716 1 9
79759 0 9
71942 1 9
1487 0 9
51451 1 9
8195 1 9
83155 0 9
2870 1 9
80358 0 9
5521 1 9
79424 1 9
39966 1 9
22565 0 9
34220 1 9
28248 0 9
18808 0 9
51753 1 9
34679 0 9
54927 0 9
64538 0 9
34837 0 9
75150 1 9
49230 1 9
40803 0 9
56041 1 9
37130 1 9
32238 1 9
63038 0 9
8552 0 9
23238 1 9
57695 0 9
32679 0 9
46180 1 9
47608 1 9
61551 0 9
19797 1 9
66885 1 9
51052 1 9
19952 0 9
33328 1 9
74490 1 9
34939 1 9
33034 1 9
38501 0 9
13183 0 9
56144 1 9
27341 0 9
52759 1 9
50402 0 9
61217 1 9
13296 1 9
48438 0 9
541 0 9
82599 0 9
937 0 9
41836 1 9
7761 0 9
73183 0 9
64675 0 9
33180 0 9
60945 1 9
24652 0 9
3586 0 9
53975 0 9
57430 1 9
11570 1 9
2723 0 9
46613 0 9
10799 0 9
66207 0 9
58789 1 9
77585 1 9
55185 0 9
52081 0 9
31724 0 9
71550 1 9
52162 0 9
79857 0 9
59187 0 9
32159 0 9
12003 1 9
7168 1 9
2093 0 9
77445 1 9
51557 0 9
56717 0 9
23669 1 9
22134 0 9
63976 0 9
49641 1 9
38594 0 9
48339 0 9
59167 0 9
577 1 9
48870 0 9
13147 1 9
82792 1 9
20378 0 9
45118 1 9
77747 0 9
29660 0 9
15861 1 9
46194 1 9
8747 0 9
42033 1 9
78178 1 9
75069 0 9
43172 0 9
79185 1 9
57358 0 9
75571 1 9
24685 1 9
67063 1 9
73088 1 9
74819 0 9
50834 0 9
80942 1 9
27338 1 9
58046 0 9
80824 0 9
53374 1 9
8978 1 9
16581 0 9
66089 0 9
75739 1 9
19451 0 9
79366 0 9
44689 0 9
57127 1 9
10962 1 9
70903 0 9
36917 1 9
65830 0 9
7656 0 9
64737 1 9
18566 1 9
33242 1 9
20257 1 9
67058 1 9
45345 1 9
80600 0 9
28601 1 9
51388 0 9
67309 0 9
18597 1 9
45661 0 9
65024 0 9
31042 1 9
51907 0 9
32765 0 9
53073 0 9
6069 0 9
19934 0 9
36568 0 9
75051 1 9
11971 0 9
45437 0 9
29496 1 9
40865 1 9
70589 1 9
7447 0 9
10788 1 9
59954 1 9
957 0 9
2942 0 9
61165 0 9
16421 1 9
3246 1 9
64795 0 9
40690 1 9
40446 0 9
82830 1 9
6296 1 9
37491 1 9
37284 1 9
23518 0 9
34262 0 9
78246 0 9
38444 1 9
12492 1 9
81574 0 9
17416 1 9
54032 1 9
45245 0 9
60946 0 9
43185 1 9
62805 0 9
46990 0 9
18371 0 9
67579 1 9
66611 1 9
29616 0 9
47696 1 9
75853 1 9
64840 0 9
39314 0 9
23694 1 9
44110 0 9
34054 0 9
26621 0 9
51721 0 9
32432 0 9
34806 0 9
24659 0 9
59751 1 9
77627 0 9
32379 1 9
28895 1 9
48444 1 9
40221 0 9
21861 0 9
30429 0 9
65722 0 9
57417 0 9
16139 0 9
5495 0 9
54280 1 9
49002 0 9
19214 0 9
27609 0 9
30182 0 9
66871 0 9
71333 0 9
55661 0 9
42344 0 9
20977 1 9
35906 1 9
6860 1 9
35644 0 9
67188 1 9
4914 0 9
8408 1 9
46241 0 9
14659 1 9
77155 0 9
14723 1 9
70644 1 9
4772 1 9
12530 0 9
42609 1 9
75532 1 9
77861 1 9
64520 1 9
36634 1 9
81965 0 9
76231 1 9
34830 1 9
24063 0 9
57073 1 9
26495 1 9
15394 1 9
75217 0 9
44163 0 9
25128 0 9
42289 0 9
44074 0 9
36495 1 9
57324 1 9
4750 0 9
65356 0 9
73170 0 9
23104 1 9
72682 0 9
8727 0 9
12675 0 9
51190 0 9
20038 0 9
70208 1 9
37244 1 9
62600 1 9
29737 1 9
71414 0 9
16125 0 9
26179 0 9
53530 0 9
78673 0 9
18303 1 9
14370 0 9
43086 1 9
74817 1 9
63095 0 9
26893 1 9
27967 1 9
12990 0 9
81797 0 9
45026 0 9
53003 0 9
21346 0 9
37213 0 9
11438 1 9
22610 0 9
28041 0 9
37247 0 9
43186 0 9
44032 1 9
52122 0 9
29475 1 9
42298 1 9
71309 0 9
63274 1 9
36577 0 9
34107 0 9
77944 0 9
67622 0 9
31760 1 9
15065 1 9
23283 1 9
51627 0 9
9246 1 9
220 0 9
76568 1 9
69041 1 9
62063 0 9
70437 0 9
54390 1 9
4608 0 9
63517 1 9
55356 1 9
54464 1 9
64450 1 9
56037 1 9
52540 1 9
23258 1 9
64067 1 9
24098 0 9
56189 1 9
36854 0 9
69189 0 9
24068 0 9
25125 1 9
54969 0 9
41941 0 9
56964 1 9
42778 1 9
22944 1 9
18295 0 9
42998 0 9
50229 1 9
5669 0 9
38680 0 9
16838 0 9
45065 0 9
66543 1 9
76371 0 9
1570 1 9
46363 1 9
35683 1 9
37451 0 9
30974 0 9
29630 0 9
33578 0 9
47037 1 9
4185 0 9
76596 0 9
21096 1 9
15115 1 9
63653 1 9
43562 1 9
19372 0 9
22225 1 9
58326 1 9
12464 1 9
19912 0 9
32781 1 9
20610 1 9
11326 0 9
38733 1 9
3367 0 9
40206 0 9
17085 1 9
13774 0 9
3656 0 9
55563 0 9
17020 1 9
35889 0 9
17221 0 9
46639 1 9
60476 0 9
18179 0 9
47320 1 9
5089 0 9
11220 0 9
52102 0 9
81359 0 9
65357 1 9
14410 0 9
28770 1 9
54576 0 9
64397 0 9
13527 0 9
23374 0 9
82323 1 9
61460 1 9
7085 0 9
38211 1 9
369 1 9
15247 0 9
44876 1 9
44205 1 9
53267 0 9
12496 0 9
28405 1 9
77711 0 9
50799 0 9
55666 0 9
30814 1 9
12130 1 9
61058 1 9
4327 1 9
48900 0 9
13041 0 9
32534 1 9
9382 0 9
69482 1 9
76772 1 9
45739 1 9
58621 0 9
47118 0 9
31003 1 9
45967 0 9
65671 1 9
45961 1 9
55986 1 9
76132 1 9
16916 1 9
28380 1 9
8080 1 9
82112 1 9
53792 0 9
8411 0 9
32424 0 9
25387 0 9
61970 1 9
6420 1 9
1235 0 9
60360 1 9
65855 0 9
31865 1 9
40575 0 9
45052 1 9
8155 1 9
10380 1 9
15921 0 9
26568 1 9
21302 0 9
14178 1 9
51516 0 9
7490 1 9
23964 0 9
76580 0 9
23265 0 9
47427 0 9
37672 0 9
681 0 9
2543 0 9
29735 0 9
50142 1 9
27763 1 9
73923 0 9
15390 1 9
26615 1 9
9746 1 9
34049 0 9
35548 1 9
25375 1 9
28215 1 9
76802 1 9
45765 0 9
26102 0 9
2483 1 9
930 1 9
74742 0 9
13077 0 9
72484 0 9
16255 1 9
37131 1 9
49242 0 9
73368 0 9
39576 0 9
34042 1 9
77650 0 9
9613 1 9
23122 1 9
62625 1 9
82225 1 9
73493 1 9
24210 1 9
18882 0 9
21229 1 9
57969 1 9
14680 1 9
25819 1 9
76572 1 9
40182 0 9
27595 1 9
5719 1 9
46693 0 9
54817 1 9
35944 0 9
19736 0 9
23648 0 9
1392 1 9
38529 1 9
19232 1 9
33394 0 9
24676 1 9
70938 0 9
75425 0 9
30406 1 9
38432 0 9
2748 0 9
71231 0 9
82611 1 9
37735 1 9
20758 1 9
45653 1 9
15691 1 9
33070 1 9
25252 1 9
14651 1 9
12208 0 9
83328 0 9
51746 0 9
14074 1 9
6892 0 9
15362 0 9
26195 0 9
36731 0 9
73226 1 9
16683 1 9
19837 1 9
69936 0 9
31544 0 9
58622 0 9
52010 1 9
24355 0 9
4542 0 9
24445 0 9
28424 1 9
27681 1 9
66522 1 9
47592 1 9
4563 0 9
83021 0 9
28681 1 9
72173 0 9
14285 0 9
39275 0 9
42390 1 9
81084 0 9
25104 0 9
24978 1 9
28359 1 9
46466 1 9
12360 1 9
45418 0 9
6247 0 9
12185 1 9
36381 1 9
32844 0 9
55906 1 9
73852 1 9
47512 1 9
13303 0 9
4127 0 9
75296 0 9
21230 1 9
54088 1 9
22963 0 9
25468 1 9
6577 1 9
45143 1 9
49510 1 9
5774 1 9
37655 1 9
61571 0 9
22958 0 9
36840 0 9
45611 0 9
72584 0 9
20128 1 9
51213 1 9
37423 1 9
49033 0 9
12917 0 9
39443 0 9
42492 0 9
69593 0 9
78854 1 9
45925 0 9
49976 1 9
3302 0 9
56597 1 9
49972 1 9
66497 1 9
72873 1 9
6912 0 9
22962 0 9
31555 0 9
60306 1 9
61071 0 9
42546 1 9
56983 1 9
42418 0 9
27156 0 9
23661 0 9
42978 0 9
75394 1 9
19473 1 9
76993 0 9
68989 0 9
5806 0 9
69455 0 9
64343 0 9
51103 1 9
73576 0 9
51133 1 9
38526 0 9
30326 0 9
7790 0 9
48398 0 9
28289 1 9
10203 1 9
26341 1 9
13121 0 9
33269 0 9
77423 0 9
81936 0 9
24387 1 9
63944 1 9
6033 1 9
64561 0 9
1795 0 9
34416 0 9
45050 0 9
45267 1 9
10574 1 9
9668 0 9
78530 0 9
52300 0 9
50802 0 9
51070 0 9
75777 0 9
12187 1 9
57617 1 9
46813 1 9
70961 1 9
8109 1 9
42412 1 9
15438 1 9
77461 1 9
48862 1 9
46078 0 9
60149 0 9
28745 1 9
35530 1 9
18420 0 9
81977 1 9
21944 1 9
60628 1 9
54738 0 9
37311 0 9
34717 1 9
3334 1 9
55607 0 9
17786 0 9
65390 0 9
12815 1 9
37514 0 9
70077 1 9
4249 0 9
66763 0 9
8252 0 9
2380 0 9
80450 1 9
36726 0 9
46236 0 9
77514 1 9
64813 1 9
46839 1 9
44127 1 9
58758 1 9
55148 1 9
44559 1 9
210 0 9
50813 0 9
39486 1 9
65774 1 9
36507 1 9
20993 0 9
36185 0 9
25491 0 9
26556 0 9
4000 1 9
50054 0 9
35444 1 9
67322 1 9
3940 1 9
38869 0 9
9991 0 9
73568 1 9
32676 0 9
9580 0 9
55619 1 9
51365 1 9
63279 1 9
57593 1 9
46906 0 9
62216 0 9
46766 0 9
66762 1 9
81052 0 9
16077 1 9
82228 0 9
25671 1 9
59929 1 9
46542 1 9
43709 1 9
15195 1 9
19324 0 9
72513 1 9
5443 1 9
56178 0 9
27090 1 9
5981 0 9
18854 1 9
15578 1 9
73341 1 9
75738 0 9
45697 1 9
14753 1 9
45677 1 9
6104 0 9
1544 1 9
77851 1 9
48632 1 9
3779 0 9
67874 0 9
7384 0 9
57664 0 9
24734 0 9
30699 1 9
50226 1 9
34516 1 9
6437 0 9
42754 0 9
75667 0 9
14421 1 9
68121 0 9
44587 1 9
52568 0 9
14766 0 9
81782 0 9
56853 0 9
23525 1 9
53569 0 9
10243 1 9
33719 1 9
50217 0 9
31068 0 9
12173 0 9
42176 0 9
7100 0 9
77219 0 9
34355 1 9
35101 0 9
14039 1 9
27586 1 9
3522 0 9
47346 0 9
9840 1 9
55733 1 9
35408 0 9
14176 0 9
50964 1 9
31263 0 9
70915 1 9
23894 0 9
28968 1 9
15276 0 9
39948 0 9
53035 0 9
11394 0 9
3607 1 9
35433 0 9
70029 1 9
9632 1 9
26400 1 9
29905 0 9
1407 1 9
41308 0 9
48455 1 9
2349 1 9
30932 1 9
60329 1 9
77164 1 9
78740 1 9
71261 0 9
12081 1 9
79601 0 9
69601 1 9
79444 1 9
79767 1 9
70836 1 9
56521 1 9
82763 0 9
74783 1 9
20541 1 9
76847 0 9
12186 1 9
60694 0 9
24771 0 9
26761 0 9
80342 1 9
50905 1 9
57113 1 9
52454 0 9
52525 1 9
55593 0 9
16085 0 9
44116 1 9
2971 0 9
55461 1 9
67867 1 9
54619 1 9
68981 1 9
69778 0 9
42181 0 9
43023 0 9
80741 0 9
69643 0 9
71861 0 9
17622 0 9
77992 1 9
23190 0 9
56070 1 9
47674 0 9
29988 0 9
50951 0 9
9651 1 9
56735 1 9
13250 0 9
44189 0 9
39633 1 9
67500 1 9
21362 0 9
53873 1 9
2012 1 9
51197 1 9
8726 1 9
11817 0 9
24467 1 9
9699 0 9
16837 1 9
80987 0 9
58991 1 9
23863 0 9
22636 0 9
41652 1 9
76117 1 9
72662 1 9
70942 0 9
66657 1 9
66295 1 9
53040 1 9
45472 0 9
44297 0 9
55612 0 9
41935 1 9
53529 0 9
19916 1 9
51751 1 9
48202 1 9
44969 1 9
5109 1 9
32600 0 9
28535 0 9
40108 0 9
13659 0 9
26655 1 9
15028 0 9
57773 0 9
72248 0 9
57306 1 9
29671 0 9
33883 1 9
48118 1 9
34608 1 9
26631 0 9
74561 0 9
81197 0 9
81760 1 9
79801 1 9
20177 0 9
47404 1 9
17962 1 9
70041 0 9
56479 0 9
49822 1 9
33350 0 9
72402 1 9
81193 1 9
53006 1 9
19374 0 9
9058 1 9
80000 1 9
39844 0 9
79191 1 9
49956 0 9
2105 1 9
18045 1 9
2204 1 9
3650 0 9
6869 0 9
77287 1 9
559 1 9
68352 1 9
74954 0 9
70078 1 9
35267 1 9
69861 0 9
34268 1 9
31105 0 9
74396 1 9
8602 0 9
16717 1 9
5591 1 9
6237 0 9
68975 0 9
13358 0 9
22551 0 9
45784 0 9
24863 1 9
15330 0 9
73833 0 9
65302 1 9
44470 0 9
24179 1 9
71132 0 9
7768 1 9
53184 1 9
44516 0 9
79227 0 9
53490 0 9
18926 0 9
32172 1 9
40022 1 9
63833 0 9
13639 1 9
57971 1 9
27280 0 9
64065 0 9
20493 0 9
21016 1 9
2895 0 9
15207 0 9
5090 1 9
61211 0 9
5361 0 9
72977 1 9
62775 1 9
65152 0 9
24665 1 9
11453 1 9
6677 1 9
57640 0 9
43252 0 9
27282 0 9
52423 1 9
32284 0 9
11854 1 9
28183 0 9
7565 1 9
67489 1 9
43448 1 9
19295 1 9
68687 0 9
41281 1 9
68722 0 9
13895 1 9
70879 0 9
36617 0 9
61786 1 9
75755 1 9
15694 0 9
64869 0 9
79841 1 9
76645 0 9
74933 1 9
48388 0 9
43131 0 9
79890 1 9
65793 1 9
6934 1 9
62556 1 9
60871 1 9
11666 1 9
2757 0 9
42320 0 9
82333 1 9
71454 0 9
50925 1 9
64407 0 9
37209 1 9
71660 1 9
21737 0 9
30000 1 9
38588 1 9
36674 1 9
31184 0 9
5340 0 9
32516 0 9
43533 0 9
46122 0 9
67078 1 9
12476 0 9
1166 0 9
48306 1 9
18925 1 9
68637 0 9
4402 1 9
6671 0 9
39907 1 9
6615 0 9
48103 1 9
75363 1 9
51428 0 9
83104 1 9
54329 0 9
2727 0 9
80382 0 9
10948 0 9
60165 0 9
39111 0 9
69753 0 9
39402 1 9
24158 1 9
65008 0 9
56309 1 9
68445 0 9
48320 1 9
64903 0 9
13628 1 9
81951 0 9
65261 0 9
32041 0 9
32093 1 9
63844 0 9
16454 1 9
24747 0 9
67171 0 9
18151 1 9
35159 0 9
55383 0 9
285 1 9
57271 1 9
69479 1 9
50111 1 9
43343 1 9
70943 0 9
57400 1 9
6756 1 9
78957 1 9
72019 0 9
7980 1 9
36307 1 9
329 0 9
72741 1 9
58211 0 9
68205 0 9
36026 0 9
11905 0 9
18871 0 9
75775 1 9
80094 1 9
55373 0 9
70161 1 9
79408 1 9
43707 0 9
59843 1 9
56731 1 9
48452 0 9
10417 0 9
68068 0 9
41704 0 9
41866 1 9
54495 1 9
24383 1 9
77854 0 9
14485 0 9
59791 0 9
39074 1 9
70790 1 9
2524 0 9
66523 1 9
11500 1 9
50243 0 9
58884 0 9
64211 0 9
379 1 9
4722 0 9
80006 0 9
27812 0 9
51317 1 9
3629 1 9
73176 1 9
79500 0 9
47825 1 9
3486 0 9
16210 0 9
61899 0 9
55066 0 9
50692 1 9
13420 1 9
5758 0 9
64004 1 9
57048 1 9
18246 0 9
37649 0 9
50856 0 9
70910 1 9
35612 1 9
45813 1 9
56386 0 9
81224 1 9
2509 0 9
69737 0 9
33061 0 9
66092 1 9
22773 0 9
47752 0 9
52516 1 9
33484 0 9
68910 0 9
37000 1 9
42112 1 9
76872 1 9
32942 0 9
50099 0 9
47515 0 9
10516 0 9
68006 1 9
42674 1 9
53609 0 9
67703 1 9
33003 0 9
72670 1 9
59989 0 9
73063 1 9
66923 0 9
52978 0 9
40062 1 9
36790 0 9
12359 1 9
60899 1 9
62549 0 9
4548 0 9
36820 0 9
79318 0 9
77395 0 9
10084 1 9
9463 1 9
70931 1 9
66400 0 9
20424 0 9
60783 0 9
56003 0 9
53180 1 9
51712 1 9
59933 1 9
16828 0 9
7519 1 9
25612 1 9
5086 1 9
83275 0 9
23021 0 9
50160 1 9
7784 1 9
42599 1 9
46819 1 9
74551 0 9
50636 1 9
34115 1 9
13782 1 9
41232 1 9
74662 0 9
33752 0 9
27840 1 9
68138 0 9
62421 1 9
47678 0 9
5604 0 9
39360 0 9
59587 0 9
15671 1 9
60868 0 9
74845 0 9
60838 0 9
13070 0 9
28477 1 9
45884 0 9
4075 0 9
56529 0 9
81154 1 9
52487 1 9
44406 0 9
79692 1 9
14428 0 9
25674 0 9
23269 0 9
36465 1 9
35838 0 9
76669 0 9
43372 1 9
76535 0 9
63212 1 9
7944 0 9
15835 1 9
1290 0 9
30522 0 9
37336 0 9
10241 1 9
16248 0 9
63056 1 9
77249 0 9
21343 1 9
49427 1 9
69264 1 9
25480 1 9
1061 0 9
31952 0 9
33131 0 9
14133 1 9
20559 1 9
2636 1 9
7741 0 9
61846 1 9
57502 0 9
54538 1 9
61689 1 9
32154 0 9
59174 1 9
31367 0 9
16428 0 9
50050 0 9
29523 0 9
7947 1 9
67690 0 9
60645 0 9
26670 0 9
43318 1 9
5790 1 9
78125 1 9
48465 1 9
18884 1 9
37305 1 9
55779 1 9
72328 1 9
24236 0 9
4367 1 9
21589 0 9
44507 1 9
47231 1 9
58408 0 9
16881 1 9
48329 0 9
17515 1 9
19449 1 9
60555 0 9
76169 0 9
73104 0 9
80490 1 9
20663 1 9
64599 1 9
62546 1 9
12842 0 9
55445 1 9
78017 1 9
2468 1 9
27636 1 9
38884 0 9
13534 1 9
50980 0 9
59991 0 9
12604 0 9
70596 0 9
71445 1 9
80375 0 9
48890 1 9
44257 0 9
20189 1 9
29568 1 9
71519 1 9
14494 0 9
9683 1 9
68555 1 9
66013 1 9
61836 1 9
39976 1 9
77254 0 9
30590 1 9
61863 0 9
81826 0 9
62608 0 9
64097 1 9
76495 1 9
55112 0 9
50478 1 9
29216 1 9
23507 0 9
47749 0 9
9799 0 9
68986 0 9
6038 1 9
72500 0 9
19975 1 9
23966 1 9
5005 1 9
69950 0 9
6404 1 9
56174 1 9
22686 1 9
47637 1 9
20713 1 9
64651 0 9
16277 1 9
10434 0 9
15855 1 9
22168 0 9
26447 0 9
52543 0 9
14311 0 9
47526 0 9
3321 1 9
52531 1 9
41726 1 9
68035 1 9
58401 1 9
47978 0 9
56211 0 9
3317 0 9
63294 1 9
77550 1 9
41354 1 9
47936 0 9
44615 0 9
71696 0 9
33274 0 9
42732 0 9
51802 1 9
47414 1 9
51346 1 9
16369 0 9
68287 1 9
62888 1 9
62256 0 9
17386 1 9
47748 0 9
70158 1 9
82773 0 9
66145 1 9
17176 0 9
48374 0 9
30165 1 9
56931 0 9
70642 1 9
81214 1 9
74154 1 9
40631 1 9
80240 0 9
40003 0 9
25831 1 9
14469 0 9
35661 0 9
41134 0 9
15563 1 9
11744 1 9
32068 1 9
22999 1 9
58390 1 9
21396 0 9
58433 0 9
36684 1 9
79774 0 9
54811 1 9
54412 0 9
6467 0 9
46979 0 9
48878 0 9
70027 1 9
24468 1 9
74207 1 9
40407 1 9
53000 0 9
66477 0 9
67512 0 9
2049 0 9
11045 1 9
13084 0 9
33148 1 9
47804 1 9
56400 0 9
46481 1 9
4282 1 9
22007 1 9
68897 1 9
81230 0 9
30119 1 9
37904 1 9
24642 0 9
64887 1 9
44880 1 9
53670 1 9
29759 0 9
21327 0 9
26918 0 9
78558 0 9
30872 1 9
74078 1 9
7423 0 9
54263 0 9
38522 1 9
43575 0 9
7162 1 9
62611 1 9
76413 0 9
48033 1 9
5648 0 9
7729 0 9
59938 1 9
2076 1 9
63369 1 9
74648 1 9
39926 1 9
45760 0 9
28226 1 9
79581 0 9
29093 1 9
51667 1 9
15466 0 9
68421 1 9
14529 0 9
77649 1 9
80884 0 9
61664 1 9
72066 1 9
79505 0 9
22984 1 9
2848 1 9
3378 0 9
21309 1 9
15526 0 9
72564 0 9
27846 0 9
25239 1 9
66958 1 9
27374 0 9
76881 1 9
28271 0 9
46177 0 9
60454 1 9
10098 1 9
33395 0 9
2805 1 9
50858 0 9
23622 0 9
48763 1 9
51372 0 9
41149 0 9
15243 0 9
16813 1 9
45449 1 9
10566 0 9
54250 1 9
70539 1 9
33548 0 9
45845 0 9
42507 0 9
31528 1 9
72510 0 9
46680 1 9
74938 0 9
53253 1 9
58008 1 9
49983 1 9
67442 0 9
5722 0 9
6227 1 9
66917 0 9
20261 0 9
53067 1 9
14261 0 9
49334 0 9
31789 1 9
52710 1 9
11925 0 9
49175 0 9
59162 0 9
7993 0 9
60038 1 9
26767 1 9
69775 1 9
31992 0 9
40179 1 9
16897 1 9
24968 1 9
863 0 9
36087 0 9
42436 1 9
54645 0 9
3217 1 9
14485 1 9
37724 0 9
49351 0 9
2633 0 9
65705 1 9
2774 1 9
32243 0 9
59519 0 9
45396 1 9
12910 1 9
47007 1 9
72022 1 9
25614 0 9
17098 0 9
78074 0 9
83161 1 9
57646 0 9
24496 1 9
15986 0 9
4066 0 9
8480 0 9
1383 0 9
11913 1 9
41326 0 9
2882 0 9
8887 0 9
50555 0 9
47810 1 9
75472 1 9
47205 1 9
39118 1 9
32452 0 9
31960 1 9
36818 1 9
36476 1 9
73690 0 9
52541 1 9
54542 0 9
12258 0 9
6135 0 9
59900 0 9
5402 1 9
24611 1 9
79228 0 9
64297 1 9
52397 1 9
30727 0 9
33594 1 9
33399 0 9
38772 1 9
35730 0 9
15667 1 9
26596 0 9
45430 1 9
4615 1 9
77123 1 9
72746 1 9
8650 1 9
65916 0 9
49770 1 9
5862 0 9
71833 1 9
15213 0 9
70606 0 9
50523 1 9
3351 0 9
49963 1 9
76500 0 9
62265 0 9
79204 0 9
45842 1 9
50088 0 9
38422 0 9
5039 0 9
35100 0 9
73687 1 9
4635 1 9
71766 0 9
37212 0 9
65253 1 9
19909 1 9
50976 0 9
63535 0 9
13781 0 9
1024 1 9
35619 1 9
59620 1 9
29028 1 9
46317 1 9
24200 1 9
46383 1 9
25034 0 9
20559 0 9
55961 1 9
14368 1 9
63757 1 9
72685 1 9
49573 0 9
58556 0 9
16093 1 9
59816 0 9
36027 0 9
68862 1 9
47237 0 9
62049 1 9
38592 0 9
78505 0 9
46338 1 9
55648 0 9
72455 0 9
555 0 9
64368 0 9
58368 0 9
56605 1 9
58842 1 9
552 0 9
9683 0 9
33286 0 9
79941 1 9
61575 1 9
63474 1 9
19494 1 9
33523 0 9
6732 1 9
21269 1 9
24391 1 9
18624 0 9
29364 0 9
4199 1 9
73233 0 9
47594 0 9
42266 1 9
53236 1 9
4793 1 9
21296 0 9
71858 1 9
22362 0 9
32868 0 9
63283 0 9
9587 1 9
82677 1 9
49455 0 9
69626 1 9
27427 1 9
46116 0 9
54036 0 9
37321 0 9
31028 0 9
7489 0 9
44725 1 9
55458 0 9
5065 1 9
80058 1 9
47412 0 9
40356 0 9
69548 0 9
23870 0 9
58578 1 9
8831 0 9
81851 0 9
30627 0 9
72870 1 9
61915 0 9
65339 1 9
24749 1 9
7130 0 9
41115 0 9
53880 0 9
51398 0 9
15045 0 9
56518 1 9
848 0 9
82540 0 9
10032 0 9
58931 1 9
28376 0 9
80015 1 9
40972 0 9
33781 0 9
69835 1 9
61834 0 9
9686 1 9
73957 0 9
44839 0 9
31511 0 9
79128 0 9
70569 1 9
17134 1 9
33237 1 9
59140 1 9
56808 0 9
79483 1 9
77596 0 9
66743 0 9
32006 0 9
22287 0 9
22780 0 9
12806 1 9
41198 0 9
22960 1 9
36554 1 9
24573 0 9
11086 0 9
30820 1 9
78143 0 9
49289 0 9
46321 0 9
43125 1 9
42628 1 9
71937 1 9
24667 1 9
64866 1 9
60050 0 9
46601 1 9
34045 1 9
74184 0 9
24042 1 9
68767 0 9
70237 1 9
51045 0 9
9375 1 9
19367 0 9
43313 1 9
57993 0 9
75300 0 9
10143 1 9
49124 1 9
8458 1 9
83111 0 9
64746 0 9
38953 0 9
79106 1 9
30938 1 9
15313 1 9
26026 0 9
