17568 54 3827
14376 0 9
17029 0 9
12493 1 9
12994 0 9
13102 0 9
16772 0 9
17304 1 9
8419 1 9
6133 1 9
7017 1 9
6572 1 9
6391 0 9
10483 0 9
6951 1 9
16551 1 9
3882 1 9
7079 1 9
8490 1 9
8520 1 9
14499 1 9
9108 1 9
11564 1 9
5604 0 9
1893 0 9
12251 1 9
3127 0 9
6764 0 9
14224 1 9
9177 1 9
10648 0 9
15989 0 9
8378 0 9
10145 1 9
15909 1 9
12213 1 9
15774 0 9
3324 1 9
5654 1 9
11008 0 9
5475 0 9
15273 0 9
15187 1 9
4560 0 9
16109 1 9
7596 0 9
9537 0 9
3385 1 9
6245 1 9
16004 1 9
6622 1 9
8596 1 9
16376 0 9
16824 0 9
12871 1 9
8718 1 9
4078 0 9
1970 0 9
9684 0 9
126 0 9
7066 0 9
11771 1 9
6608 1 9
15372 0 9
7608 1 9
10952 1 9
7454 0 9
16444 0 9
8456 0 9
13183 1 9
13808 1 9
16533 1 9
14584 1 9
12880 1 9
15760 0 9
2451 0 9
1748 1 9
4070 0 9
17243 0 9
6435 0 9
2659 0 9
9808 0 9
4422 1 9
16134 1 9
8740 1 9
15889 0 9
4631 1 9
2318 1 9
2973 0 9
16513 0 9
3665 0 9
6920 1 9
13596 1 9
7669 0 9
4259 1 9
81 0 9
16908 0 9
2206 1 9
16401 0 9
12129 1 9
8441 0 9
10130 1 9
8345 0 9
3620 1 9
17445 1 9
15576 1 9
2721 1 9
11238 1 9
11929 0 9
15335 0 9
6000 1 9
412 1 9
11 0 9
14350 1 9
5342 1 9
7581 0 9
1056 0 9
15597 0 9
6801 0 9
6025 1 9
1102 1 9
10148 1 9
10145 0 9
2757 0 9
11936 1 9
3077 1 9
3309 1 9
11500 0 9
5405 1 9
1624 0 9
16759 1 9
13060 0 9
12472 0 9
10731 0 9
12388 1 9
15519 1 9
4114 1 9
6022 0 9
10636 1 9
17059 1 9
8113 1 9
14292 1 9
12330 1 9
16998 1 9
1407 1 9
16077 0 9
16742 0 9
17011 1 9
10702 1 9
16661 1 9
4489 0 9
6971 1 9
3922 1 9
17211 1 9
16656 0 9
4659 1 9
2952 0 9
9572 1 9
15935 0 9
3571 0 9
6092 1 9
11674 0 9
1998 0 9
10160 0 9
5776 1 9
13921 0 9
14451 1 9
17142 1 9
14002 1 9
2774 0 9
12673 1 9
5225 0 9
4160 0 9
10404 1 9
10616 1 9
6522 0 9
4037 1 9
3963 1 9
12231 1 9
3854 1 9
11186 0 9
13932 1 9
12091 1 9
4424 0 9
417 1 9
5674 0 9
17092 1 9
15024 0 9
1544 1 9
333 0 9
11731 0 9
3733 0 9
16895 1 9
1727 1 9
15351 0 9
1180 1 9
10270 1 9
10097 0 9
10415 0 9
189 1 9
12828 0 9
16287 1 9
8115 1 9
8017 0 9
11128 0 9
3293 1 9
6325 1 9
4782 1 9
186 0 9
2535 1 9
8114 1 9
3734 1 9
3166 1 9
17058 1 9
14644 1 9
4505 0 9
8963 0 9
5600 0 9
4539 1 9
9111 1 9
15511 0 9
5712 1 9
15966 1 9
17525 1 9
11840 0 9
7035 0 9
6039 1 9
6831 1 9
16611 0 9
6745 1 9
4199 0 9
11890 0 9
11561 1 9
3416 0 9
2559 1 9
11131 0 9
17519 0 9
1150 0 9
3975 0 9
7242 1 9
12948 0 9
16508 1 9
17130 0 9
16800 1 9
15353 1 9
2227 0 9
117 0 9
15923 1 9
7821 0 9
7738 1 9
3080 1 9
4786 1 9
8751 1 9
13130 1 9
4859 1 9
4863 0 9
12166 1 9
14225 0 9
2471 0 9
14227 1 9
3876 0 9
14798 0 9
17127 1 9
14256 1 9
1057 1 9
3238 0 9
8426 1 9
6026 1 9
13030 0 9
5756 0 9
12481 1 9
14685 1 9
11220 1 9
941 1 9
7921 0 9
2242 1 9
12929 0 9
1930 1 9
1338 1 9
5720 0 9
11004 0 9
7506 1 9
11739 1 9
10116 0 9
2060 0 9
4154 1 9
867 1 9
10332 1 9
16149 0 9
9772 0 9
8759 1 9
2868 0 9
2621 1 9
9856 0 9
17201 0 9
2498 0 9
5918 0 9
2604 0 9
6272 0 9
7995 1 9
3500 0 9
13983 1 9
16786 0 9
14822 0 9
7226 0 9
5107 1 9
596 1 9
14703 0 9
16498 0 9
16526 1 9
7890 1 9
1137 0 9
4837 1 9
716 1 9
7282 0 9
10280 1 9
3728 1 9
10089 1 9
15618 1 9
11644 0 9
6852 1 9
2482 0 9
10229 0 9
17527 0 9
3927 0 9
12914 1 9
10522 1 9
16141 1 9
8436 1 9
8346 1 9
15694 1 9
2734 1 9
16019 1 9
14776 0 9
4943 1 9
9613 1 9
3180 0 9
5408 0 9
11588 0 9
16144 0 9
11366 1 9
16363 0 9
53 0 9
7632 1 9
6514 1 9
7676 1 9
731 1 9
8041 1 9
3348 0 9
17282 1 9
13397 0 9
8606 1 9
12447 1 9
16244 0 9
10443 1 9
5932 1 9
3166 0 9
13671 1 9
13349 0 9
12626 1 9
15337 0 9
12090 1 9
951 1 9
8740 0 9
15353 0 9
719 0 9
5514 0 9
10735 0 9
13155 1 9
537 1 9
17111 1 9
2439 0 9
16638 0 9
12951 0 9
10573 0 9
16417 0 9
8126 0 9
13060 1 9
10277 0 9
2279 0 9
16764 0 9
4508 0 9
12546 1 9
10604 1 9
8394 0 9
9496 0 9
14824 0 9
10628 0 9
9359 0 9
9284 1 9
7720 0 9
6844 1 9
14276 1 9
4851 0 9
6964 1 9
16570 1 9
4249 1 9
14199 1 9
2489 1 9
845 1 9
3008 1 9
5351 1 9
12367 1 9
16150 0 9
15316 1 9
4509 1 9
12081 0 9
2270 1 9
6563 0 9
6576 0 9
1347 0 9
16646 0 9
1103 1 9
5700 1 9
3769 1 9
15649 1 9
10571 0 9
10427 1 9
16959 0 9
1582 1 9
5650 1 9
15653 0 9
16851 0 9
13244 0 9
14161 0 9
9652 1 9
6958 1 9
16213 0 9
14917 0 9
8486 0 9
12516 1 9
981 0 9
5778 1 9
4731 1 9
6116 1 9
11758 0 9
7467 0 9
13800 0 9
13249 1 9
3633 1 9
5429 0 9
2825 1 9
15559 1 9
2878 0 9
6815 1 9
7500 0 9
2637 0 9
2347 0 9
347 0 9
15115 1 9
14535 0 9
4690 1 9
855 1 9
6779 1 9
12054 0 9
6333 0 9
5581 1 9
13911 1 9
1594 1 9
9906 0 9
13920 0 9
7669 1 9
6899 1 9
11575 1 9
10102 0 9
7119 0 9
4738 1 9
5774 1 9
1251 1 9
5133 0 9
12952 1 9
8275 0 9
4024 0 9
13942 1 9
11793 1 9
8946 1 9
9155 1 9
11040 1 9
2866 0 9
2300 1 9
17419 1 9
9520 0 9
9337 1 9
10827 0 9
8431 0 9
10954 1 9
2785 1 9
1921 0 9
14811 0 9
3467 1 9
8022 1 9
11220 0 9
17480 0 9
10940 0 9
1158 1 9
14162 0 9
4500 1 9
13776 1 9
14063 0 9
16623 0 9
12012 0 9
11335 1 9
9731 1 9
9190 1 9
8836 1 9
15343 1 9
16946 0 9
12690 1 9
6994 1 9
10169 1 9
13113 1 9
12557 0 9
10997 1 9
9820 1 9
11538 0 9
15789 1 9
10068 0 9
17374 0 9
4632 0 9
15617 1 9
9636 0 9
1321 0 9
451 1 9
10178 1 9
12157 0 9
13107 1 9
1301 1 9
13431 1 9
11254 1 9
3725 0 9
781 0 9
15647 1 9
11300 0 9
5673 1 9
16667 0 9
146 0 9
11021 0 9
12767 0 9
10719 0 9
9982 0 9
10692 0 9
10592 0 9
7702 0 9
13538 1 9
3031 0 9
7114 1 9
7265 1 9
1229 0 9
16557 1 9
15158 0 9
3714 0 9
17216 0 9
7549 0 9
6249 1 9
13195 1 9
7359 1 9
9690 0 9
12046 1 9
13002 1 9
1079 1 9
6649 0 9
13714 1 9
6934 0 9
2863 0 9
9109 0 9
4152 1 9
12120 1 9
9666 1 9
8949 1 9
13567 1 9
8508 0 9
17434 1 9
7591 0 9
14526 1 9
2350 0 9
4711 0 9
1641 0 9
15441 1 9
2103 0 9
10858 1 9
17008 1 9
5945 1 9
3922 0 9
16598 0 9
7707 1 9
16870 1 9
7301 1 9
1762 1 9
12364 1 9
482 1 9
15515 0 9
2816 1 9
14579 0 9
9451 0 9
630 1 9
915 1 9
6055 1 9
740 1 9
13259 0 9
4029 0 9
622 0 9
5325 0 9
15149 0 9
5200 0 9
5714 0 9
4471 0 9
10266 1 9
7321 0 9
716 0 9
8937 1 9
9713 0 9
7171 1 9
83 1 9
7394 1 9
11731 1 9
9720 1 9
8549 0 9
17297 0 9
16330 1 9
12492 1 9
6290 0 9
14204 0 9
15847 0 9
1488 0 9
8594 0 9
5282 0 9
14819 1 9
8042 1 9
8141 0 9
2403 0 9
7871 1 9
11814 0 9
17243 1 9
13777 0 9
5942 0 9
7318 1 9
6843 0 9
15856 1 9
874 0 9
7045 1 9
149 0 9
4984 1 9
6467 0 9
14596 0 9
9599 1 9
3574 0 9
1318 0 9
16185 0 9
8786 1 9
16737 0 9
7670 0 9
5156 0 9
1478 1 9
16407 0 9
3259 1 9
14298 1 9
9580 1 9
1327 1 9
11959 1 9
3398 0 9
17484 1 9
1335 0 9
16339 1 9
12238 0 9
15921 1 9
13888 1 9
17453 0 9
14113 1 9
4771 0 9
9078 1 9
15383 0 9
12178 0 9
4358 1 9
1254 0 9
12719 0 9
12162 1 9
15151 1 9
15544 0 9
3188 0 9
11155 0 9
16121 1 9
2710 1 9
2688 1 9
11461 1 9
12576 1 9
9641 0 9
2177 1 9
5811 0 9
8624 1 9
4878 1 9
14767 0 9
1917 1 9
957 1 9
2676 1 9
13503 1 9
6976 0 9
13982 1 9
16882 0 9
4502 1 9
15294 0 9
401 1 9
4398 1 9
6941 0 9
16347 1 9
8672 0 9
5174 0 9
2001 1 9
12760 1 9
10498 1 9
5990 1 9
14063 1 9
8503 1 9
11596 0 9
6325 0 9
7309 0 9
2959 1 9
5631 1 9
878 1 9
798 1 9
17007 1 9
2860 0 9
2452 1 9
16702 0 9
4995 1 9
12002 1 9
16210 1 9
2171 0 9
17517 0 9
13330 0 9
5773 1 9
8024 0 9
10485 1 9
15075 0 9
13930 1 9
13031 0 9
5603 0 9
13945 0 9
7582 1 9
17416 1 9
3273 0 9
17164 0 9
370 1 9
10838 1 9
7778 0 9
16530 0 9
16960 1 9
11198 0 9
6605 0 9
4868 1 9
3244 1 9
14471 1 9
8548 1 9
8744 1 9
6741 0 9
12436 0 9
9527 0 9
12711 0 9
4124 1 9
6462 1 9
187 0 9
8640 0 9
16625 0 9
8881 1 9
9575 0 9
16572 0 9
15464 1 9
14813 0 9
10227 0 9
1610 0 9
3863 0 9
4762 0 9
1009 0 9
10027 0 9
16498 1 9
7137 1 9
3869 1 9
1470 1 9
7442 1 9
7440 1 9
6235 0 9
9323 0 9
9255 1 9
4713 0 9
6499 1 9
2487 0 9
3850 0 9
10075 0 9
8340 0 9
12002 0 9
17192 1 9
4722 1 9
8283 0 9
5526 0 9
5775 1 9
2728 1 9
2394 0 9
3655 0 9
668 1 9
42 0 9
778 1 9
7648 1 9
1013 0 9
14035 1 9
13520 0 9
14455 0 9
9279 1 9
17386 0 9
16155 1 9
11037 1 9
14597 0 9
396 0 9
890 1 9
14968 1 9
11002 1 9
3921 0 9
8934 0 9
3060 0 9
13432 1 9
11243 0 9
5379 0 9
7418 0 9
9519 1 9
8266 0 9
12958 0 9
10872 0 9
11638 1 9
8234 0 9
17161 1 9
414 0 9
14381 0 9
12925 0 9
1481 0 9
16188 1 9
15879 0 9
16948 0 9
11455 1 9
5889 1 9
12742 0 9
15277 1 9
6874 0 9
15431 0 9
6581 0 9
8222 1 9
2378 1 9
351 0 9
6658 1 9
11248 1 9
5026 0 9
8595 1 9
6362 0 9
16750 0 9
5220 1 9
6847 1 9
7644 1 9
1174 1 9
7966 0 9
623 1 9
10206 1 9
4250 0 9
141 1 9
13414 0 9
11925 0 9
11966 1 9
1580 0 9
11591 0 9
14339 1 9
967 1 9
17466 1 9
5359 0 9
233 1 9
1175 0 9
10017 0 9
8669 1 9
10849 0 9
7927 0 9
10641 1 9
5102 0 9
2779 0 9
11609 1 9
14982 0 9
9158 1 9
6779 0 9
6510 0 9
11148 1 9
17425 1 9
14352 0 9
4779 1 9
9251 1 9
8387 1 9
7360 1 9
10384 0 9
4830 1 9
811 1 9
3875 1 9
13059 1 9
10921 1 9
10561 0 9
9612 1 9
10517 0 9
1930 0 9
5415 1 9
16984 0 9
1979 1 9
2748 0 9
16327 1 9
3293 0 9
7494 0 9
5283 0 9
4984 0 9
16310 1 9
4904 1 9
6319 1 9
12107 1 9
4885 1 9
404 0 9
2201 0 9
10560 1 9
16752 1 9
1071 1 9
6652 1 9
10091 0 9
13332 1 9
7838 0 9
13995 0 9
8598 1 9
13118 1 9
17257 1 9
15217 1 9
5068 1 9
2781 0 9
11545 1 9
16 1 9
9197 0 9
11697 1 9
6956 0 9
17051 1 9
17283 0 9
8723 1 9
10726 0 9
8383 1 9
16164 1 9
9521 0 9
12045 1 9
10565 1 9
7283 0 9
5717 1 9
13136 1 9
2169 1 9
986 1 9
4927 1 9
9330 0 9
11567 1 9
12438 0 9
8454 1 9
166 0 9
290 0 9
15413 1 9
16717 1 9
1898 1 9
12073 1 9
180 0 9
13499 1 9
9238 0 9
3521 0 9
10077 0 9
5418 0 9
15436 0 9
6080 0 9
781 1 9
14969 0 9
8806 0 9
11223 0 9
7659 0 9
6559 1 9
15344 1 9
6524 0 9
699 0 9
1134 0 9
12532 0 9
3349 0 9
12267 1 9
479 0 9
9516 0 9
7961 1 9
1801 1 9
8565 0 9
3997 0 9
17349 0 9
7677 1 9
12758 0 9
11769 1 9
9212 0 9
13285 1 9
15424 1 9
9264 1 9
10644 0 9
4575 1 9
1178 1 9
6177 0 9
11365 0 9
14674 1 9
6541 0 9
3718 1 9
5060 1 9
4384 1 9
11959 0 9
11605 0 9
8159 0 9
9168 0 9
10416 0 9
12819 1 9
9400 0 9
3499 0 9
6140 0 9
5560 0 9
11709 1 9
2586 1 9
13271 0 9
2058 0 9
4437 0 9
5456 1 9
2389 1 9
15575 0 9
7781 0 9
9947 1 9
10920 0 9
11838 1 9
12174 0 9
1352 0 9
4129 1 9
125 1 9
12598 0 9
4883 0 9
5072 1 9
544 0 9
3097 1 9
6963 1 9
7626 0 9
8529 0 9
15669 1 9
1917 0 9
1198 1 9
6523 1 9
13638 1 9
4306 0 9
8011 0 9
12333 1 9
680 1 9
14580 0 9
717 0 9
5170 1 9
8577 1 9
16488 1 9
15164 0 9
4785 0 9
7671 1 9
2327 1 9
14193 0 9
10861 1 9
10505 0 9
6201 0 9
15919 0 9
7187 1 9
16202 0 9
1158 0 9
13145 1 9
7468 0 9
10184 1 9
4592 0 9
6242 0 9
910 0 9
10201 1 9
10530 0 9
1428 1 9
9615 1 9
8105 0 9
2084 1 9
12845 0 9
10337 0 9
3856 0 9
3868 0 9
15782 1 9
16003 0 9
3342 0 9
5131 0 9
13383 1 9
16807 1 9
4595 0 9
11818 0 9
14794 0 9
5502 0 9
9136 1 9
11995 1 9
3761 1 9
6183 1 9
8291 1 9
5794 0 9
5113 1 9
10891 1 9
14524 1 9
5889 0 9
2441 1 9
7303 1 9
11420 0 9
4214 0 9
2755 1 9
8352 1 9
2766 1 9
9650 0 9
7179 0 9
9697 1 9
15496 1 9
650 1 9
14704 1 9
7668 0 9
3662 1 9
6130 0 9
13742 1 9
83 0 9
3391 0 9
11651 1 9
11403 1 9
3924 1 9
6107 0 9
6822 0 9
8831 0 9
8377 1 9
7031 1 9
16657 0 9
13694 1 9
7679 1 9
11266 0 9
4704 1 9
13935 1 9
13621 0 9
10829 0 9
10937 0 9
9801 1 9
13257 1 9
15733 1 9
4602 0 9
14575 1 9
14053 1 9
905 0 9
7023 0 9
17136 0 9
5562 0 9
3307 0 9
17017 1 9
16274 0 9
11117 0 9
8807 1 9
1416 0 9
3072 1 9
3739 1 9
10748 1 9
11070 0 9
7443 1 9
1967 0 9
14654 1 9
6854 0 9
9010 0 9
16697 0 9
480 1 9
15276 0 9
7523 1 9
14595 1 9
15726 1 9
7246 0 9
746 1 9
1091 1 9
10219 1 9
2796 1 9
16360 1 9
11048 0 9
2923 1 9
17520 0 9
11501 0 9
154 1 9
11934 1 9
10716 1 9
13899 1 9
3751 0 9
11396 0 9
16940 1 9
4629 1 9
1723 1 9
5221 0 9
9950 0 9
11885 0 9
6197 0 9
9422 0 9
5823 1 9
18 1 9
10020 1 9
11811 0 9
899 1 9
7545 0 9
12374 0 9
834 1 9
5014 0 9
4277 0 9
5085 0 9
7688 1 9
1748 0 9
12863 1 9
3612 0 9
10847 1 9
13394 0 9
11777 0 9
11132 1 9
5498 0 9
12542 1 9
6361 0 9
6714 0 9
13142 0 9
2253 0 9
6921 0 9
3550 1 9
16862 1 9
3955 0 9
15753 0 9
11715 0 9
3636 0 9
7594 1 9
3164 0 9
771 0 9
8282 0 9
16425 1 9
13535 1 9
16853 0 9
3121 0 9
15213 1 9
13478 1 9
6406 1 9
4915 1 9
5803 1 9
8401 0 9
1863 0 9
1734 1 9
35 1 9
12251 0 9
6938 0 9
14515 1 9
14002 0 9
4753 0 9
3740 1 9
7937 1 9
14939 1 9
4224 0 9
645 1 9
2180 1 9
14317 1 9
6288 1 9
12533 0 9
2392 1 9
16423 1 9
6792 0 9
16065 1 9
5866 1 9
3122 1 9
13042 0 9
14148 0 9
10302 1 9
59 1 9
17042 1 9
13264 0 9
11323 1 9
1479 1 9
1439 1 9
16104 0 9
15430 1 9
2021 1 9
7139 0 9
6668 0 9
461 0 9
4971 1 9
257 1 9
16529 1 9
17108 0 9
6662 1 9
14254 1 9
4649 1 9
3485 1 9
13172 1 9
8397 1 9
5714 1 9
11399 1 9
9556 1 9
16783 1 9
1674 1 9
8137 0 9
6129 0 9
354 0 9
6111 1 9
5538 1 9
268 0 9
860 1 9
12782 0 9
11010 1 9
6594 0 9
1563 1 9
2221 1 9
6409 0 9
2660 1 9
2130 1 9
4582 0 9
772 0 9
563 1 9
17348 0 9
11065 1 9
12601 1 9
3686 0 9
14264 1 9
2735 0 9
16208 0 9
8333 0 9
8996 0 9
4355 1 9
13755 0 9
8161 0 9
16845 1 9
15623 0 9
10199 1 9
1587 1 9
12568 0 9
16820 1 9
16362 0 9
8598 0 9
2289 0 9
13619 0 9
15641 0 9
9412 1 9
14879 1 9
15040 0 9
11014 0 9
10212 0 9
10676 0 9
14092 0 9
11811 1 9
5440 0 9
13908 0 9
9734 1 9
8006 0 9
813 1 9
5903 1 9
1984 1 9
1391 1 9
8650 1 9
7417 0 9
7317 1 9
6693 1 9
9992 1 9
1638 1 9
11157 0 9
4276 1 9
10618 0 9
675 0 9
1687 1 9
12619 0 9
7268 1 9
15264 0 9
15614 1 9
7615 1 9
16690 0 9
14688 1 9
16517 0 9
11339 0 9
15755 1 9
12146 0 9
4462 0 9
16072 0 9
3120 0 9
15986 1 9
17173 0 9
15007 0 9
5736 0 9
14272 1 9
8046 1 9
9064 0 9
7656 0 9
14258 0 9
17371 0 9
714 1 9
14834 1 9
17454 0 9
5725 0 9
2012 0 9
8904 0 9
14844 0 9
9335 1 9
17006 0 9
14083 1 9
15931 1 9
5770 1 9
1371 0 9
11253 1 9
11125 0 9
13973 0 9
1071 0 9
1238 1 9
9635 1 9
4051 0 9
8651 0 9
3881 0 9
10305 0 9
4664 1 9
11196 0 9
10296 0 9
7723 1 9
12688 1 9
1004 0 9
7150 1 9
5661 0 9
12493 0 9
3191 1 9
14583 1 9
15749 0 9
1398 0 9
12167 0 9
17509 1 9
5851 0 9
360 0 9
10419 1 9
6745 0 9
6163 1 9
7759 0 9
12316 0 9
4663 0 9
2284 0 9
8729 1 9
7317 0 9
123 1 9
3253 0 9
2992 1 9
9693 0 9
13859 0 9
10510 0 9
8417 1 9
12410 0 9
12607 1 9
16207 0 9
2541 1 9
13549 1 9
10203 1 9
11452 1 9
17123 1 9
16114 0 9
17482 1 9
12016 0 9
4522 1 9
6434 0 9
10865 1 9
6869 0 9
13914 1 9
5237 0 9
13553 1 9
1502 0 9
13253 0 9
2699 1 9
7462 1 9
12116 1 9
4312 0 9
3054 0 9
15279 0 9
14672 0 9
14167 1 9
5164 1 9
8662 0 9
13659 1 9
1732 1 9
7163 1 9
6887 1 9
15002 1 9
16758 1 9
13098 0 9
9637 1 9
5923 0 9
1841 1 9
15829 0 9
2711 0 9
15143 0 9
15222 1 9
6262 1 9
4481 0 9
2485 0 9
15786 1 9
11940 0 9
6351 0 9
15975 0 9
12653 0 9
15940 1 9
4458 1 9
79 0 9
3372 0 9
14658 1 9
813 0 9
11671 1 9
4058 1 9
8499 0 9
272 1 9
9060 0 9
11279 0 9
15104 1 9
11956 1 9
8958 1 9
5867 0 9
9495 0 9
12887 0 9
8141 1 9
13327 1 9
15559 0 9
14429 0 9
9410 1 9
153 1 9
4181 0 9
11272 1 9
5464 0 9
1910 1 9
3259 0 9
6516 0 9
11822 1 9
7719 1 9
4305 1 9
7235 0 9
12587 1 9
12202 1 9
11741 0 9
10555 0 9
96 1 9
1900 0 9
13875 1 9
10756 0 9
1240 0 9
15299 0 9
4259 0 9
7532 1 9
14458 0 9
10506 0 9
11485 0 9
8070 0 9
13412 0 9
12455 0 9
2336 0 9
13343 0 9
522 1 9
14428 0 9
12831 0 9
10446 0 9
3578 1 9
75 1 9
9075 1 9
10303 0 9
13425 0 9
13502 1 9
8230 1 9
565 0 9
2834 0 9
7445 1 9
7863 1 9
1942 1 9
16529 0 9
10640 1 9
2249 0 9
13111 0 9
329 1 9
4144 0 9
6362 1 9
12336 1 9
15915 1 9
14043 1 9
10339 1 9
1287 0 9
7746 0 9
791 1 9
11117 1 9
6455 1 9
1118 1 9
7512 0 9
9566 0 9
14495 1 9
5197 0 9
3890 1 9
1569 0 9
9271 1 9
13476 0 9
14070 0 9
6476 1 9
92 0 9
971 1 9
1377 1 9
8197 1 9
9634 0 9
5568 0 9
7182 1 9
2163 0 9
4097 1 9
6891 1 9
10476 0 9
2397 0 9
8103 0 9
2776 0 9
16037 1 9
8313 0 9
17191 0 9
12785 1 9
1805 1 9
14214 1 9
7619 0 9
8933 0 9
5914 0 9
10420 0 9
5002 0 9
6355 0 9
15726 0 9
13741 0 9
2825 0 9
11630 0 9
16579 0 9
9299 0 9
6076 0 9
7567 0 9
15306 1 9
16720 0 9
4783 0 9
3523 1 9
5037 0 9
12899 0 9
17452 0 9
11616 1 9
11342 0 9
174 0 9
15210 0 9
15713 1 9
12728 0 9
8504 0 9
4286 1 9
4625 1 9
6811 0 9
15117 0 9
5506 0 9
12453 0 9
3179 1 9
3305 1 9
3216 1 9
1638 0 9
1598 1 9
14105 1 9
14234 0 9
12070 1 9
6088 1 9
2707 1 9
8534 0 9
5112 1 9
4336 0 9
7354 0 9
14933 0 9
4005 1 9
14111 1 9
6068 1 9
9373 1 9
7953 1 9
9977 1 9
7618 0 9
14265 1 9
4062 1 9
5735 1 9
5254 0 9
4749 0 9
17072 1 9
10149 0 9
237 1 9
2358 0 9
1899 1 9
8919 0 9
7471 0 9
15233 0 9
9902 0 9
13116 1 9
12578 1 9
17223 1 9
13922 1 9
1793 0 9
16228 0 9
13169 0 9
12496 0 9
15806 0 9
512 0 9
15298 1 9
7244 0 9
6429 0 9
7498 0 9
7809 1 9
4815 0 9
6791 0 9
9916 0 9
8315 1 9
14179 1 9
7419 1 9
2662 0 9
14507 1 9
7510 1 9
10026 0 9
16873 1 9
7155 0 9
3689 0 9
4781 0 9
15216 0 9
11993 0 9
15682 0 9
6299 0 9
1332 0 9
1219 1 9
6975 0 9
16883 0 9
7272 1 9
10962 1 9
4099 0 9
13224 1 9
2393 0 9
17350 0 9
13059 0 9
5811 1 9
16537 0 9
1478 0 9
3178 0 9
10006 0 9
15408 1 9
6420 0 9
1756 0 9
914 1 9
17138 1 9
8481 1 9
3600 0 9
11949 1 9
10161 0 9
3840 0 9
10173 1 9
15628 1 9
7720 1 9
15246 0 9
8626 0 9
14039 0 9
3051 1 9
10295 0 9
6430 0 9
9390 0 9
9828 0 9
9246 1 9
4413 1 9
11195 0 9
11251 1 9
14285 1 9
17264 0 9
10408 0 9
11740 1 9
15704 1 9
13559 0 9
9814 0 9
9842 1 9
6271 1 9
2858 0 9
925 0 9
2746 1 9
1754 0 9
7619 1 9
16179 1 9
12020 0 9
344 0 9
2540 1 9
9062 0 9
15238 0 9
6742 1 9
4637 1 9
2745 1 9
8826 1 9
767 0 9
13441 1 9
4267 0 9
6991 0 9
3242 1 9
10607 1 9
8133 1 9
3586 0 9
7568 0 9
8855 0 9
2567 0 9
14003 0 9
3494 1 9
14093 1 9
11528 0 9
17432 1 9
5638 1 9
14698 0 9
12100 1 9
4521 0 9
12390 1 9
3488 0 9
16081 1 9
14600 0 9
2073 1 9
2831 0 9
1635 0 9
1451 1 9
4476 0 9
15190 1 9
8165 1 9
3562 1 9
3287 0 9
6963 0 9
2870 0 9
7606 1 9
9248 1 9
7639 0 9
12777 1 9
6907 0 9
13556 1 9
7787 1 9
11881 0 9
13581 1 9
12851 1 9
17426 0 9
5578 0 9
9012 1 9
1018 0 9
9167 0 9
9210 1 9
17391 1 9
15278 0 9
4909 1 9
13612 0 9
1521 1 9
8622 0 9
14647 1 9
9408 1 9
5345 0 9
2972 0 9
3194 0 9
11261 1 9
16675 0 9
12707 1 9
6263 0 9
10610 1 9
16933 1 9
9205 0 9
975 1 9
7280 0 9
2461 1 9
10683 1 9
8395 1 9
7253 1 9
10805 1 9
2641 1 9
7258 0 9
5572 0 9
10249 1 9
14095 1 9
3830 0 9
4425 1 9
11631 0 9
9972 0 9
4801 0 9
2406 0 9
6449 1 9
1362 0 9
9566 1 9
4847 1 9
4674 1 9
4377 1 9
3482 0 9
13574 0 9
4949 0 9
212 1 9
3392 1 9
8962 0 9
15049 1 9
8117 0 9
8584 0 9
14754 0 9
15261 1 9
11885 1 9
14351 1 9
6847 0 9
16353 1 9
15676 0 9
14192 0 9
466 0 9
10880 0 9
13050 0 9
9821 0 9
9269 0 9
15579 0 9
6134 0 9
12792 0 9
15299 1 9
14355 0 9
10919 0 9
1470 0 9
12298 1 9
4163 0 9
943 1 9
14621 0 9
7318 0 9
13933 0 9
9234 0 9
14868 1 9
6709 0 9
4202 1 9
4694 0 9
14004 1 9
7814 1 9
3932 1 9
15428 1 9
1376 0 9
5642 1 9
10495 1 9
15025 0 9
6318 1 9
2295 0 9
10396 1 9
5747 1 9
16910 0 9
17057 1 9
14299 0 9
2761 1 9
5199 1 9
15956 0 9
1689 1 9
1746 0 9
6209 0 9
4340 1 9
14070 1 9
16467 0 9
4283 1 9
205 0 9
14385 0 9
741 1 9
12504 1 9
3175 0 9
1429 1 9
11941 0 9
11611 1 9
4573 0 9
9903 1 9
6696 0 9
8946 0 9
2927 0 9
13752 1 9
7965 0 9
5158 1 9
16420 1 9
11421 1 9
16780 0 9
2140 1 9
13953 0 9
9157 0 9
14369 0 9
3654 0 9
3681 1 9
6161 0 9
13963 0 9
13355 0 9
12696 1 9
8790 1 9
15569 0 9
2338 1 9
7331 1 9
7632 0 9
8960 0 9
14005 1 9
16755 0 9
2124 0 9
14438 0 9
3872 1 9
4195 0 9
15112 1 9
3640 1 9
5593 0 9
13679 0 9
6663 1 9
9536 0 9
8510 0 9
2287 0 9
4757 0 9
4625 0 9
15198 1 9
16827 0 9
2134 1 9
16680 0 9
8235 1 9
13992 0 9
9277 0 9
9707 0 9
5457 1 9
12141 1 9
8407 0 9
5350 0 9
14630 0 9
3611 1 9
3972 0 9
16515 0 9
17536 0 9
511 0 9
5127 0 9
1107 1 9
14603 1 9
3659 1 9
3974 1 9
15991 0 9
11613 1 9
7249 1 9
10473 1 9
6024 1 9
9404 0 9
329 0 9
4366 1 9
6838 1 9
3403 0 9
12713 0 9
11418 1 9
11449 1 9
6024 0 9
16485 0 9
5228 1 9
15435 0 9
2043 0 9
9711 0 9
250 1 9
12556 1 9
14709 0 9
4326 0 9
12526 1 9
7731 1 9
3176 1 9
14539 1 9
6282 0 9
11764 0 9
898 0 9
8304 0 9
13890 1 9
10135 0 9
179 1 9
11685 0 9
9951 0 9
3771 0 9
13109 1 9
9710 1 9
8915 1 9
12582 0 9
812 1 9
12223 1 9
910 1 9
12222 1 9
10548 1 9
2955 1 9
10844 1 9
16029 0 9
11775 0 9
15821 0 9
86 0 9
2456 0 9
13764 1 9
5828 0 9
2523 0 9
17113 1 9
10685 1 9
1080 0 9
718 0 9
2881 0 9
5094 1 9
12681 0 9
6682 0 9
1024 0 9
14082 1 9
11053 1 9
12212 0 9
10711 0 9
10168 1 9
6176 1 9
729 1 9
6137 0 9
11937 1 9
6170 1 9
17485 1 9
9028 0 9
15994 0 9
14403 1 9
6757 1 9
9872 1 9
16079 1 9
16179 0 9
9172 0 9
6585 0 9
14436 0 9
6196 1 9
13270 0 9
12602 1 9
12970 1 9
1702 0 9
13429 1 9
7890 0 9
4165 0 9
4770 1 9
12409 0 9
14118 0 9
962 0 9
10977 0 9
504 1 9
1925 1 9
11768 0 9
13928 0 9
8453 0 9
7569 1 9
5587 1 9
10765 0 9
1677 1 9
9455 1 9
3492 0 9
3787 1 9
11960 1 9
8330 1 9
3864 0 9
2432 1 9
6485 0 9
16415 1 9
15843 1 9
4705 1 9
6600 1 9
15742 0 9
11001 1 9
9092 0 9
4584 0 9
12821 0 9
9757 1 9
7879 0 9
14122 0 9
13446 0 9
8541 1 9
618 0 9
4125 0 9
757 0 9
16021 1 9
11815 1 9
9936 1 9
9388 1 9
11452 0 9
12647 0 9
5723 0 9
9921 1 9
4090 0 9
6701 0 9
3342 1 9
7560 0 9
9714 1 9
10747 1 9
8583 0 9
6429 1 9
702 0 9
9352 1 9
2112 1 9
5062 0 9
6018 0 9
14716 0 9
338 1 9
16695 1 9
3267 1 9
599 0 9
517 1 9
6017 1 9
3411 1 9
6913 0 9
5386 0 9
8757 0 9
10637 0 9
646 1 9
14379 1 9
7029 0 9
3848 1 9
7419 0 9
9687 0 9
11725 1 9
3849 0 9
7085 1 9
12567 1 9
16340 1 9
12511 1 9
16325 1 9
8922 1 9
16043 0 9
6529 0 9
1467 1 9
8401 1 9
17449 1 9
63 1 9
246 0 9
3616 0 9
13375 1 9
1749 1 9
15479 1 9
5839 0 9
234 1 9
4175 1 9
4307 0 9
2373 0 9
11002 0 9
3146 0 9
3314 1 9
11665 1 9
10957 1 9
4429 1 9
17449 0 9
4777 1 9
9933 0 9
9577 1 9
16098 0 9
1426 0 9
8368 0 9
7598 0 9
8498 1 9
6171 1 9
2878 1 9
17144 1 9
13482 0 9
11816 1 9
11297 0 9
12755 1 9
9175 0 9
10328 0 9
15884 1 9
12442 1 9
7831 0 9
15668 0 9
1331 0 9
8797 0 9
17094 1 9
1051 1 9
11813 1 9
9662 0 9
17010 0 9
15830 0 9
7834 1 9
11473 0 9
5843 0 9
280 1 9
6645 1 9
3783 0 9
16878 0 9
2049 0 9
12835 1 9
11851 0 9
15405 1 9
17181 0 9
4742 0 9
5569 1 9
324 0 9
11015 1 9
578 1 9
3694 1 9
8294 1 9
15553 0 9
1556 0 9
11161 0 9
901 0 9
16250 0 9
15133 1 9
15890 0 9
14764 1 9
2417 1 9
10943 1 9
7850 0 9
11181 0 9
8653 0 9
9291 0 9
6840 0 9
1693 1 9
12017 1 9
4313 0 9
17448 1 9
7833 0 9
7622 0 9
2500 1 9
4650 0 9
2281 0 9
10330 1 9
11823 1 9
17321 1 9
5776 0 9
6181 1 9
16092 0 9
13180 0 9
1268 0 9
4965 1 9
10746 1 9
857 0 9
5118 1 9
8702 1 9
9941 1 9
8387 0 9
4462 1 9
790 1 9
12208 0 9
13907 1 9
4062 0 9
8754 0 9
1417 1 9
16963 0 9
1184 0 9
11174 1 9
2430 1 9
16309 0 9
8682 0 9
8262 1 9
1016 1 9
12850 0 9
7425 1 9
481 0 9
11660 1 9
804 1 9
14657 0 9
8769 0 9
8916 0 9
15454 0 9
2556 0 9
10776 1 9
4529 0 9
7793 1 9
2721 0 9
9107 1 9
6080 1 9
16774 1 9
174 1 9
11511 1 9
13688 0 9
3370 0 9
14912 1 9
13673 1 9
10044 0 9
9415 1 9
12405 0 9
9610 0 9
8061 0 9
10580 0 9
1759 1 9
16131 1 9
1515 1 9
3368 0 9
16077 1 9
17397 0 9
14235 1 9
10737 0 9
6867 1 9
14717 1 9
7771 0 9
12265 0 9
6558 1 9
364 0 9
13867 0 9
7011 0 9
891 0 9
12258 1 9
7126 1 9
1895 1 9
13293 1 9
10418 1 9
16321 0 9
11647 0 9
6293 1 9
11321 1 9
12679 1 9
10410 1 9
12130 0 9
17214 0 9
8129 0 9
9872 0 9
17298 0 9
26 1 9
3635 1 9
5769 0 9
12544 0 9
5218 0 9
1205 1 9
10337 1 9
10909 1 9
7908 1 9
3037 0 9
2166 1 9
12274 1 9
11608 0 9
12502 0 9
927 1 9
15549 1 9
7202 1 9
14712 0 9
8925 0 9
10560 0 9
10975 1 9
15546 1 9
9259 1 9
5448 1 9
2418 0 9
13718 0 9
7101 1 9
1908 0 9
17226 0 9
1945 0 9
2011 0 9
5792 0 9
6660 0 9
15097 1 9
727 0 9
5190 1 9
3272 0 9
11790 1 9
1530 1 9
9297 0 9
160 1 9
13802 1 9
8298 1 9
721 1 9
11091 0 9
8701 1 9
8309 1 9
5246 1 9
3551 0 9
9088 0 9
5379 1 9
16531 0 9
4899 1 9
3517 0 9
3536 0 9
5676 0 9
3550 0 9
467 0 9
3374 1 9
15887 0 9
5688 0 9
1413 0 9
5269 0 9
7674 0 9
14262 1 9
8130 0 9
5653 0 9
15958 1 9
15286 1 9
9633 1 9
16682 0 9
3330 1 9
13651 1 9
817 0 9
6140 1 9
12154 1 9
14729 0 9
7998 0 9
14087 0 9
3600 1 9
6244 1 9
15633 0 9
12031 0 9
16484 0 9
17106 1 9
6469 0 9
1498 0 9
3950 0 9
8220 0 9
7566 1 9
13269 0 9
9770 0 9
8867 1 9
5233 1 9
8641 0 9
2007 0 9
16202 1 9
2919 1 9
2380 0 9
4484 0 9
10784 1 9
9594 0 9
2346 0 9
9761 0 9
10170 1 9
17044 0 9
170 0 9
14237 0 9
1745 1 9
10857 0 9
9781 0 9
9751 1 9
13528 0 9
7666 0 9
7947 1 9
16991 1 9
12407 1 9
3225 0 9
5331 0 9
16036 0 9
3192 0 9
11754 1 9
103 1 9
8457 1 9
6754 1 9
16723 0 9
7075 1 9
7843 1 9
14261 0 9
6150 1 9
9912 1 9
15098 0 9
11583 1 9
16508 0 9
9267 1 9
5209 1 9
6598 1 9
5627 0 9
12187 1 9
5272 1 9
6918 1 9
14278 1 9
6762 1 9
13564 1 9
3316 1 9
426 1 9
9498 0 9
782 0 9
4697 0 9
17186 0 9
9774 0 9
1192 1 9
1017 0 9
9221 0 9
17107 1 9
12161 1 9
8498 0 9
14517 0 9
4990 0 9
5128 0 9
496 0 9
16437 1 9
3375 1 9
17345 1 9
6317 1 9
8536 0 9
14958 1 9
14334 1 9
6978 1 9
17324 0 9
17315 1 9
12954 1 9
4939 0 9
15592 1 9
6096 0 9
12411 1 9
2536 1 9
1003 1 9
17100 0 9
16896 0 9
9202 1 9
13809 0 9
3538 0 9
11406 1 9
9848 1 9
14734 0 9
5329 1 9
11502 0 9
341 1 9
403 1 9
14565 1 9
15276 1 9
14068 0 9
629 0 9
14916 1 9
7932 1 9
3067 1 9
13291 1 9
11467 1 9
6579 0 9
6331 0 9
5381 1 9
9738 0 9
8646 1 9
1299 0 9
12359 1 9
941 0 9
10795 0 9
4988 1 9
14527 0 9
13474 1 9
13633 0 9
11207 0 9
10147 0 9
12044 0 9
14155 1 9
1900 1 9
7766 0 9
13664 0 9
385 1 9
15476 0 9
13299 0 9
15160 0 9
6819 1 9
11264 1 9
11579 1 9
1723 0 9
15262 1 9
1159 1 9
3513 1 9
17002 0 9
9581 0 9
12801 0 9
4355 0 9
4869 1 9
14543 0 9
10325 0 9
4093 1 9
16129 1 9
10194 0 9
11493 0 9
7823 0 9
13533 0 9
8760 0 9
3021 1 9
9804 1 9
3269 0 9
11612 0 9
5250 1 9
7865 1 9
8351 0 9
6242 1 9
16756 1 9
3065 1 9
9901 0 9
3740 0 9
10788 1 9
13258 0 9
942 1 9
10961 0 9
16817 0 9
7255 0 9
16143 1 9
862 0 9
13364 1 9
4556 1 9
6671 0 9
825 0 9
4782 0 9
7344 1 9
4300 1 9
16115 0 9
7238 1 9
15720 1 9
6374 0 9
257 0 9
13462 1 9
929 1 9
16242 0 9
12965 1 9
13000 0 9
4831 0 9
9572 0 9
12963 0 9
17301 1 9
15701 1 9
9052 0 9
2068 0 9
3657 1 9
16303 1 9
12351 1 9
9875 1 9
12119 0 9
11968 0 9
1226 0 9
11177 1 9
11459 0 9
12287 0 9
6064 1 9
15640 1 9
4705 0 9
6604 0 9
7610 1 9
10036 1 9
6427 1 9
2843 1 9
10543 1 9
13539 1 9
13191 1 9
8156 0 9
167 1 9
2834 1 9
4853 1 9
14049 1 9
655 0 9
9306 1 9
13980 0 9
7236 1 9
11897 0 9
13542 0 9
4789 0 9
10078 1 9
10213 0 9
10967 1 9
10882 1 9
15108 0 9
17070 1 9
4415 0 9
5291 0 9
5074 0 9
4972 1 9
9715 1 9
3930 1 9
4675 0 9
16585 0 9
9484 0 9
14172 1 9
5663 0 9
3699 1 9
438 0 9
15868 1 9
4201 0 9
14742 1 9
17154 0 9
9373 0 9
7706 0 9
6442 0 9
13158 0 9
17303 0 9
10397 0 9
15307 0 9
8157 0 9
1419 0 9
2960 0 9
16407 1 9
15682 1 9
13106 1 9
5856 1 9
17079 0 9
8634 0 9
16799 0 9
17326 1 9
13207 1 9
8578 1 9
13940 1 9
8110 0 9
10868 0 9
4365 0 9
7488 0 9
142 0 9
9031 0 9
13732 1 9
11440 0 9
13647 0 9
2408 0 9
10197 0 9
7809 0 9
16862 0 9
3744 0 9
11598 0 9
12427 0 9
9444 1 9
12127 1 9
3193 0 9
14832 1 9
12622 0 9
5170 0 9
10953 1 9
7197 1 9
7067 1 9
1415 0 9
16256 1 9
483 1 9
2829 1 9
1482 1 9
3442 1 9
7042 0 9
595 1 9
2407 1 9
9456 1 9
12890 1 9
16888 0 9
12202 0 9
6657 0 9
7015 1 9
15287 1 9
260 1 9
16383 1 9
16319 1 9
8293 1 9
12194 0 9
16236 0 9
11839 0 9
2626 0 9
10996 0 9
1846 0 9
10090 1 9
7371 1 9
15456 1 9
13093 1 9
13427 0 9
14183 1 9
4834 1 9
8768 0 9
15590 1 9
12382 0 9
13972 0 9
8098 0 9
13415 1 9
10281 0 9
3356 0 9
16658 1 9
5297 0 9
4664 0 9
7088 1 9
8233 0 9
9285 0 9
10201 0 9
12288 0 9
16660 1 9
13020 0 9
6038 0 9
732 1 9
3852 0 9
3736 0 9
10133 0 9
12136 1 9
17255 1 9
13181 0 9
17031 0 9
12431 1 9
7120 0 9
5883 0 9
10113 1 9
9581 1 9
11762 0 9
12775 0 9
745 0 9
14875 0 9
10981 1 9
9998 1 9
11306 1 9
10501 0 9
15407 1 9
4334 0 9
3043 1 9
422 0 9
3813 1 9
12666 1 9
3113 0 9
10053 1 9
11853 1 9
11359 0 9
11209 1 9
9587 1 9
10699 0 9
14448 0 9
13913 1 9
15141 1 9
11395 0 9
868 0 9
6241 1 9
14778 1 9
10846 1 9
3306 0 9
6906 0 9
16344 1 9
5138 0 9
15524 0 9
1494 1 9
510 0 9
13213 1 9
7984 0 9
16941 1 9
15295 1 9
11229 1 9
11024 0 9
13040 1 9
654 0 9
5003 0 9
11742 0 9
1864 1 9
14738 1 9
15217 0 9
15106 0 9
6220 1 9
16181 1 9
7390 0 9
2563 0 9
12137 1 9
15607 0 9
11812 1 9
8926 1 9
2788 1 9
14709 1 9
14188 1 9
628 0 9
5813 1 9
15848 1 9
16682 1 9
6831 0 9
8322 1 9
3518 1 9
15366 1 9
10768 1 9
6880 0 9
8824 0 9
4419 1 9
11809 1 9
12627 0 9
14328 0 9
16714 0 9
5238 0 9
7376 1 9
4446 0 9
3190 1 9
16748 0 9
11282 1 9
9850 1 9
14079 0 9
10232 0 9
13094 0 9
3688 0 9
15658 1 9
6889 1 9
12150 0 9
2083 1 9
14204 1 9
9254 1 9
1755 0 9
6819 0 9
5906 0 9
1081 1 9
9833 1 9
9862 0 9
17111 0 9
9696 1 9
2342 0 9
16014 1 9
6492 1 9
12404 1 9
5457 0 9
15009 0 9
10647 0 9
1762 0 9
1805 0 9
12348 0 9
8791 0 9
14955 1 9
7169 1 9
17420 1 9
5104 0 9
15947 1 9
7761 1 9
5907 0 9
12176 1 9
15794 1 9
9955 1 9
4505 1 9
8784 1 9
15470 1 9
9469 1 9
10159 1 9
13938 0 9
9182 1 9
8162 0 9
720 0 9
11861 0 9
16226 0 9
11880 0 9
10111 1 9
3749 0 9
16865 1 9
13496 1 9
17170 1 9
4105 1 9
2516 0 9
17309 1 9
16838 1 9
9966 1 9
8466 0 9
7267 0 9
1987 0 9
15785 1 9
14538 1 9
2627 0 9
5140 0 9
9785 0 9
6879 1 9
5613 1 9
9857 1 9
16089 0 9
10003 1 9
1447 0 9
4038 0 9
6960 1 9
15079 0 9
10466 1 9
314 0 9
1814 0 9
6983 1 9
15534 0 9
14866 0 9
7926 1 9
10557 1 9
4822 1 9
7665 0 9
439 0 9
1400 1 9
8584 1 9
15092 0 9
1610 1 9
1672 1 9
8529 1 9
9547 1 9
5578 1 9
14943 0 9
2078 0 9
1079 0 9
7513 1 9
10556 1 9
2362 0 9
7114 0 9
2191 1 9
15031 0 9
9463 0 9
513 1 9
484 0 9
13551 0 9
4204 0 9
9644 0 9
14929 1 9
2643 1 9
1744 0 9
10934 0 9
285 0 9
12512 1 9
10706 1 9
16315 1 9
13159 0 9
8241 1 9
1738 1 9
1746 1 9
3936 0 9
12868 1 9
8171 1 9
12327 0 9
9729 1 9
8151 1 9
5917 1 9
16601 1 9
12466 0 9
12358 1 9
3407 1 9
11805 1 9
2427 1 9
6848 1 9
14223 0 9
14126 1 9
15432 1 9
15646 0 9
11092 0 9
17140 0 9
262 0 9
5442 1 9
2270 0 9
13449 1 9
7555 0 9
1047 1 9
2229 1 9
17052 1 9
428 0 9
15267 0 9
14609 1 9
5192 0 9
8726 1 9
10750 0 9
4595 1 9
13469 1 9
4967 1 9
17427 1 9
14487 0 9
6370 0 9
12981 1 9
17029 1 9
10674 0 9
8131 0 9
17141 1 9
5851 1 9
11850 1 9
12387 1 9
229 1 9
2993 0 9
15678 0 9
7789 0 9
10639 0 9
4767 1 9
2417 0 9
15603 0 9
6681 1 9
11747 1 9
5662 1 9
16445 1 9
9924 1 9
453 0 9
231 0 9
5679 0 9
10417 0 9
3271 1 9
3798 1 9
9003 0 9
14614 1 9
6674 1 9
12491 1 9
1084 1 9
16482 0 9
4067 1 9
14410 1 9
9069 0 9
5109 1 9
9103 1 9
16844 0 9
8310 0 9
8879 1 9
8461 1 9
3058 1 9
5596 1 9
4955 1 9
2670 0 9
10942 1 9
4917 0 9
11642 1 9
1932 0 9
12978 1 9
2522 1 9
8253 1 9
13112 0 9
8831 1 9
10184 0 9
14747 0 9
990 0 9
3023 0 9
6316 0 9
4548 1 9
2169 0 9
8278 0 9
5463 0 9
11019 1 9
12780 0 9
12062 0 9
16986 1 9
8513 1 9
15578 1 9
13510 0 9
11507 1 9
4547 0 9
6038 1 9
6547 0 9
12643 1 9
5193 0 9
1356 0 9
15898 1 9
9533 1 9
17545 0 9
16119 1 9
5371 0 9
10757 1 9
10619 0 9
10243 0 9
1060 1 9
6842 0 9
16893 0 9
10247 0 9
13414 1 9
15024 1 9
14785 1 9
15671 1 9
8303 1 9
647 1 9
14921 1 9
13366 1 9
15677 1 9
3352 1 9
10362 1 9
13639 0 9
1235 1 9
10938 1 9
17365 0 9
3045 0 9
1823 1 9
14793 1 9
5698 1 9
14863 1 9
1399 1 9
15349 1 9
3843 1 9
13039 0 9
586 0 9
14391 0 9
13887 1 9
14738 0 9
9660 1 9
8442 1 9
3323 1 9
8620 1 9
14221 0 9
5466 1 9
2086 0 9
10618 1 9
16922 1 9
16521 0 9
2376 0 9
1725 0 9
12731 1 9
15929 0 9
2885 1 9
9539 1 9
9659 1 9
8316 0 9
4291 0 9
7715 1 9
4498 1 9
7702 1 9
11256 1 9
14758 1 9
9308 0 9
9953 1 9
11937 0 9
15710 1 9
16725 0 9
16586 0 9
3732 0 9
9477 1 9
12542 0 9
14893 1 9
10213 1 9
15849 1 9
4883 1 9
17221 1 9
10311 1 9
16595 1 9
354 1 9
3752 1 9
14877 1 9
4000 1 9
16711 1 9
11868 1 9
8524 1 9
5952 1 9
11560 1 9
206 1 9
1990 1 9
9791 0 9
2853 0 9
15609 1 9
13712 1 9
2370 0 9
3942 0 9
12967 1 9
9213 0 9
5054 0 9
16121 0 9
634 0 9
9752 1 9
8739 1 9
1653 1 9
12400 1 9
1506 0 9
16198 1 9
13904 1 9
8255 1 9
15844 1 9
11411 1 9
9347 0 9
14702 1 9
1055 1 9
937 1 9
5487 0 9
15388 0 9
4371 0 9
8357 0 9
9980 1 9
14776 1 9
1486 1 9
9274 0 9
4473 1 9
12427 1 9
4725 1 9
3826 0 9
14007 1 9
14506 0 9
8353 0 9
12603 0 9
4207 0 9
5760 0 9
1674 0 9
12507 0 9
10287 1 9
3937 0 9
14843 0 9
4360 1 9
11544 0 9
4255 1 9
14185 0 9
335 0 9
9158 0 9
11738 1 9
5095 1 9
2325 1 9
14489 0 9
881 1 9
14114 1 9
10053 0 9
5345 1 9
3900 1 9
15232 1 9
15660 0 9
16102 0 9
16483 0 9
6105 0 9
6234 0 9
3645 0 9
3716 1 9
4975 0 9
5052 0 9
4482 0 9
11487 1 9
4271 1 9
11165 0 9
16545 0 9
6635 1 9
276 1 9
2724 0 9
2508 0 9
11326 1 9
815 0 9
17330 0 9
10171 1 9
15284 0 9
5754 0 9
5016 0 9
4838 1 9
10484 1 9
1497 0 9
16928 0 9
2793 0 9
2881 1 9
8509 0 9
1802 1 9
9645 0 9
11910 1 9
3519 0 9
19 1 9
16264 1 9
14324 0 9
149 1 9
2814 1 9
16648 1 9
3233 0 9
9841 1 9
12444 0 9
7935 1 9
6173 1 9
14920 0 9
6575 1 9
15740 0 9
15966 0 9
6713 0 9
9461 1 9
13632 0 9
4989 1 9
2926 1 9
15464 0 9
13984 1 9
13667 1 9
2400 0 9
7572 1 9
3602 0 9
12180 0 9
14880 1 9
6932 0 9
14589 1 9
7637 0 9
9536 1 9
10973 1 9
6090 0 9
3560 0 9
6189 1 9
16258 0 9
16285 0 9
6403 0 9
14533 1 9
12658 1 9
864 0 9
15865 1 9
15868 0 9
992 1 9
9472 1 9
16894 1 9
2896 0 9
5179 1 9
8453 1 9
10910 1 9
13139 1 9
4517 1 9
7783 0 9
5935 1 9
13086 0 9
430 1 9
12749 1 9
6532 1 9
10419 0 9
9178 1 9
7190 0 9
3477 0 9
1006 1 9
883 0 9
1385 0 9
4672 0 9
16593 0 9
319 0 9
16273 1 9
14585 1 9
5815 0 9
1140 0 9
5872 0 9
9230 1 9
9946 1 9
965 1 9
8007 1 9
4335 1 9
2370 1 9
2258 1 9
5795 1 9
9608 0 9
15841 0 9
14720 1 9
4506 0 9
17289 0 9
1497 1 9
5465 0 9
16728 0 9
14268 0 9
2254 0 9
10875 1 9
14519 0 9
14466 0 9
8838 0 9
15731 0 9
1249 0 9
16831 0 9
8709 0 9
14870 0 9
6352 0 9
9219 1 9
4372 0 9
12205 1 9
16619 0 9
7798 0 9
6410 0 9
1827 0 9
4010 1 9
13276 0 9
10371 1 9
16187 0 9
4139 0 9
11035 1 9
10224 1 9
2636 0 9
1405 0 9
516 0 9
17178 0 9
1615 1 9
5557 1 9
690 0 9
2019 1 9
8532 0 9
14370 0 9
9181 0 9
15930 0 9
12867 0 9
16322 1 9
5891 0 9
543 1 9
8408 1 9
9692 1 9
2103 1 9
15718 1 9
6817 0 9
207 1 9
12100 0 9
12715 0 9
10741 1 9
9767 1 9
8216 1 9
16221 1 9
2092 0 9
10143 1 9
16393 0 9
5079 1 9
17387 1 9
15736 1 9
11515 1 9
14835 1 9
3126 1 9
8565 1 9
7172 1 9
2262 1 9
14288 1 9
1663 0 9
4565 1 9
7191 1 9
4814 1 9
10690 1 9
6300 0 9
2003 0 9
12185 1 9
11129 1 9
4385 1 9
14257 1 9
3551 1 9
16173 1 9
16964 1 9
13661 0 9
3225 1 9
1985 0 9
10347 1 9
2710 0 9
1465 0 9
13322 1 9
9029 0 9
8581 0 9
11904 0 9
5275 0 9
6367 1 9
8202 0 9
15165 1 9
13308 1 9
12185 0 9
5617 0 9
3793 1 9
15148 0 9
14329 0 9
16352 1 9
2596 1 9
12381 1 9
4035 1 9
8441 1 9
4584 1 9
14710 0 9
2053 0 9
11538 1 9
12751 1 9
17205 0 9
456 1 9
14339 0 9
3226 1 9
15094 1 9
5650 0 9
10379 0 9
8864 1 9
13353 1 9
10167 0 9
2623 0 9
17492 1 9
14857 1 9
1912 0 9
2110 0 9
16917 0 9
464 0 9
509 1 9
16858 1 9
15333 0 9
2582 0 9
11889 1 9
13456 0 9
3 0 9
15731 1 9
14238 1 9
12982 0 9
16615 1 9
13489 0 9
872 0 9
7876 0 9
11078 1 9
1522 1 9
1486 0 9
12969 1 9
3079 1 9
13046 1 9
6252 1 9
8892 0 9
11237 0 9
15907 0 9
7129 0 9
5222 1 9
312 1 9
8935 0 9
8354 0 9
10469 1 9
9669 0 9
17002 1 9
11435 0 9
12136 0 9
6851 1 9
4426 1 9
9244 0 9
3848 0 9
12875 1 9
3598 1 9
3784 1 9
9780 1 9
39 1 9
3171 0 9
3368 1 9
14872 0 9
1784 0 9
1136 0 9
11466 0 9
15244 1 9
575 0 9
15831 1 9
151 0 9
4196 1 9
9686 1 9
846 0 9
7472 1 9
17447 1 9
16040 1 9
2217 0 9
14594 0 9
9647 1 9
4414 1 9
15489 0 9
11782 0 9
16126 1 9
2429 1 9
16817 1 9
17523 0 9
3175 1 9
8423 0 9
17402 1 9
8637 1 9
16586 1 9
3989 0 9
15582 0 9
5977 0 9
8502 0 9
5324 1 9
12975 0 9
17345 0 9
9601 0 9
12635 1 9
11838 0 9
3090 0 9
7726 1 9
15093 1 9
9497 0 9
6754 0 9
16056 1 9
5318 0 9
14081 0 9
844 1 9
5791 1 9
14336 1 9
12335 0 9
14521 0 9
1533 1 9
2862 0 9
4703 0 9
14478 1 9
12709 1 9
945 0 9
17227 1 9
6641 0 9
328 1 9
4970 0 9
14142 1 9
70 1 9
1782 0 9
7028 1 9
11521 0 9
1711 0 9
13864 1 9
11449 0 9
10489 1 9
14349 0 9
6142 1 9
7696 0 9
8039 1 9
10406 1 9
7383 0 9
8319 1 9
5564 0 9
1420 0 9
8843 1 9
7 1 9
7054 0 9
12451 1 9
2508 1 9
3500 1 9
11184 1 9
13338 0 9
2634 0 9
8132 0 9
1550 0 9
1501 1 9
11824 1 9
7558 1 9
4635 1 9
74 1 9
14196 0 9
4177 1 9
13536 1 9
10595 0 9
18 0 9
8029 0 9
14998 1 9
11110 0 9
8464 0 9
1336 0 9
3704 0 9
2096 0 9
8743 1 9
5168 1 9
5761 0 9
3502 1 9
1519 0 9
11612 1 9
15071 1 9
12671 0 9
6808 1 9
2605 1 9
8178 0 9
9835 1 9
8913 1 9
6018 1 9
11576 0 9
10087 1 9
4967 0 9
16123 0 9
13575 0 9
14551 1 9
16270 0 9
3492 1 9
3384 1 9
13781 0 9
5187 0 9
733 0 9
9811 1 9
4540 1 9
12019 0 9
15953 1 9
12840 0 9
3233 1 9
2547 0 9
11461 0 9
12959 0 9
14250 0 9
12486 0 9
2754 1 9
10189 0 9
7584 0 9
3022 1 9
561 0 9
10489 0 9
12218 0 9
1763 0 9
17005 1 9
16263 1 9
7612 0 9
5359 1 9
8791 1 9
2912 1 9
5624 0 9
9406 1 9
5220 0 9
7239 0 9
15820 0 9
447 1 9
14765 1 9
10320 0 9
4125 1 9
4504 1 9
2928 1 9
5186 0 9
1740 0 9
7899 1 9
8930 1 9
12278 1 9
3696 0 9
8328 0 9
14742 0 9
13855 1 9
1850 1 9
13591 1 9
5637 0 9
8763 1 9
16078 0 9
9703 0 9
12086 1 9
3409 0 9
6344 1 9
4107 0 9
7122 1 9
3431 1 9
13834 0 9
9897 0 9
4523 1 9
13273 0 9
14989 1 9
8155 0 9
5909 0 9
9143 0 9
6577 1 9
13217 1 9
15103 0 9
1879 0 9
6456 0 9
7264 0 9
17529 0 9
10037 0 9
581 1 9
4837 0 9
13793 1 9
10682 1 9
14576 0 9
15506 0 9
5848 0 9
3336 0 9
1016 0 9
10972 1 9
11979 0 9
