100000 0 5599
28407 0 0
97286 0 0
86447 1 0
3050 1 0
11131 1 0
44861 1 0
87290 0 0
41753 0 0
19908 1 0
78603 0 0
40673 1 0
35988 0 0
55951 0 0
21727 1 0
10137 1 0
89531 1 0
19745 0 0
63816 0 0
23480 0 0
87217 1 0
78247 1 0
91017 1 0
68581 1 0
20488 0 0
65598 1 0
5237 0 0
6384 1 0
53588 0 0
27390 0 0
64011 1 0
21822 1 0
3778 0 0
51052 0 0
88781 1 0
62616 1 0
42593 0 0
46332 1 0
28192 0 0
32924 0 0
42237 1 0
33357 0 0
88416 1 0
23814 0 0
97500 0 0
8777 0 0
34061 1 0
85537 1 0
63912 0 0
86140 0 0
68462 0 0
46192 0 0
51622 1 0
17739 0 0
90701 1 0
96159 1 0
54997 0 0
74482 1 0
49874 0 0
7131 1 0
20867 1 0
10381 1 0
17596 0 0
19842 1 0
44791 1 0
85355 0 0
62793 0 0
34140 1 0
92286 0 0
74993 1 0
95064 1 0
5958 0 0
25782 0 0
635 1 0
98158 1 0
73141 0 0
21448 1 0
32071 0 0
8918 1 0
28686 0 0
75649 1 0
85303 0 0
43922 1 0
31170 1 0
85981 0 0
68095 0 0
75301 0 0
75508 0 0
54526 1 0
40608 1 0
4915 0 0
37734 1 0
14394 0 0
49852 0 0
7845 1 0
43634 0 0
36927 0 0
57617 0 0
46777 1 0
20021 1 0
92197 1 0
88560 1 0
93427 1 0
65221 0 0
7663 1 0
28417 1 0
43077 1 0
44096 1 0
7418 1 0
73148 1 0
26560 1 0
56289 0 0
80293 0 0
76323 0 0
40127 1 0
66804 0 0
18166 0 0
67460 1 0
57329 0 0
27364 1 0
19964 0 0
5177 0 0
19478 1 0
91026 0 0
51314 0 0
27157 0 0
37540 0 0
71856 0 0
35160 0 0
37184 0 0
40154 1 0
53636 0 0
68648 0 0
1167 0 0
72019 1 0
89140 0 0
25811 1 0
87590 1 0
99462 0 0
57671 1 0
40754 0 0
22077 0 0
55851 1 0
73048 1 0
15404 1 0
37641 0 0
34089 0 0
98145 1 0
42505 1 0
24331 0 0
36980 0 0
97363 0 0
53294 1 0
19574 1 0
35943 1 0
28262 1 0
64621 1 0
19219 0 0
12017 1 0
76147 1 0
70290 0 0
47713 1 0
63441 0 0
64292 0 0
36369 0 0
73365 1 0
42431 0 0
43118 1 0
56434 1 0
11605 0 0
15454 0 0
73265 0 0
66610 1 0
26858 1 0
23352 1 0
93478 0 0
73349 0 0
51454 1 0
86886 0 0
44798 0 0
11637 1 0
81636 0 0
29219 1 0
13302 1 0
27465 0 0
61443 0 0
86959 1 0
64365 0 0
54460 1 0
49744 0 0
34744 0 0
67080 1 0
9706 0 0
26675 0 0
2230 1 0
2186 1 0
19422 0 0
98210 1 0
69198 1 0
240 0 0
11548 1 0
59105 0 0
21624 0 0
30993 1 0
18527 1 0
5616 1 0
82185 0 0
75111 0 0
97107 0 0
21315 0 0
747 1 0
14311 0 0
26957 1 0
51212 1 0
53006 0 0
5478 1 0
29141 1 0
99426 1 0
27358 1 0
23600 0 0
54612 0 0
21308 0 0
16170 1 0
35935 0 0
29656 0 0
24625 1 0
96223 1 0
60977 0 0
11755 1 0
32055 0 0
10032 0 0
46300 0 0
93799 0 0
1204 1 0
94000 0 0
14738 0 0
44966 0 0
21650 1 0
92019 0 0
86010 0 0
6262 1 0
15159 1 0
59269 0 0
39804 1 0
45253 0 0
18526 1 0
51034 0 0
72016 0 0
85439 0 0
95653 1 0
94927 1 0
22979 1 0
5128 1 0
91953 1 0
48273 1 0
51939 0 0
8453 1 0
43342 0 0
73179 1 0
49226 0 0
64475 1 0
19954 1 0
23703 1 0
88493 0 0
54445 0 0
51318 1 0
36414 1 0
45964 1 0
9732 1 0
52749 0 0
1309 0 0
60587 0 0
74643 1 0
55665 0 0
75582 1 0
81898 0 0
3108 0 0
49420 1 0
47966 0 0
40699 0 0
83975 0 0
24419 1 0
95643 0 0
33294 1 0
50919 1 0
87747 0 0
19949 1 0
65726 0 0
3212 1 0
71105 0 0
26310 1 0
71969 0 0
99915 0 0
10339 1 0
58073 1 0
91256 1 0
33503 1 0
73311 1 0
17299 0 0
85024 1 0
45993 1 0
33759 1 0
6816 1 0
57967 0 0
10950 0 0
84167 0 0
80074 1 0
32391 1 0
53857 0 0
12202 1 0
76451 1 0
83977 1 0
76626 0 0
98312 1 0
27244 1 0
42091 0 0
6649 1 0
8111 0 0
76064 1 0
98271 1 0
46128 1 0
19624 0 0
62441 0 0
82997 1 0
83343 1 0
26775 1 0
47062 0 0
51468 1 0
23051 0 0
73940 1 0
15755 1 0
51702 0 0
96306 1 0
53561 1 0
66799 1 0
70473 0 0
20265 1 0
49917 0 0
23704 1 0
90772 1 0
30741 0 0
57757 1 0
43863 1 0
84956 0 0
16909 1 0
4807 1 0
14747 1 0
90323 0 0
93738 0 0
15698 0 0
97081 1 0
71079 1 0
62623 1 0
37581 0 0
34285 0 0
63974 1 0
95763 0 0
39660 0 0
78224 1 0
80996 1 0
39980 0 0
10050 0 0
17436 0 0
79420 1 0
83732 0 0
11687 0 0
18443 1 0
35084 0 0
13332 1 0
94348 1 0
74037 0 0
81338 1 0
34538 1 0
70677 0 0
11105 0 0
44572 1 0
69706 0 0
71100 0 0
79483 0 0
82661 0 0
96272 1 0
64665 1 0
80751 0 0
66969 0 0
96163 0 0
88980 0 0
27781 0 0
59238 1 0
96073 1 0
57205 0 0
25706 0 0
93241 0 0
37259 1 0
26462 0 0
43532 0 0
27933 1 0
96903 1 0
81140 1 0
79025 0 0
89981 1 0
67610 1 0
3435 0 0
69571 0 0
82175 1 0
52161 0 0
19261 0 0
46307 1 0
13530 0 0
89246 0 0
56771 0 0
60819 1 0
28021 0 0
44104 0 0
42228 0 0
52250 0 0
84696 0 0
94674 0 0
10709 1 0
3924 1 0
12349 0 0
92804 0 0
82479 1 0
12965 1 0
95583 0 0
40562 0 0
55710 1 0
23495 1 0
69334 1 0
32213 1 0
83846 1 0
36525 1 0
4187 1 0
55753 0 0
2966 0 0
10444 0 0
22074 1 0
81716 1 0
97225 0 0
81621 1 0
1896 1 0
47022 1 0
79428 0 0
30780 1 0
66701 0 0
86871 1 0
40620 1 0
96252 1 0
67950 0 0
13870 0 0
85801 0 0
87254 0 0
80772 1 0
7730 0 0
27651 0 0
10228 0 0
79008 0 0
6167 1 0
89711 0 0
40780 1 0
16097 0 0
26644 1 0
90144 0 0
67385 1 0
98954 1 0
78628 1 0
4176 1 0
34260 1 0
521 1 0
61564 1 0
60058 1 0
5780 1 0
56615 0 0
62506 0 0
89838 1 0
66750 0 0
86820 0 0
94706 1 0
36160 0 0
78579 0 0
89442 1 0
399 0 0
66093 1 0
20887 0 0
64940 0 0
75942 0 0
35139 1 0
46855 1 0
31371 0 0
45471 0 0
28916 1 0
38137 1 0
11552 0 0
72374 0 0
17094 1 0
93953 0 0
41681 0 0
2996 1 0
60574 0 0
70868 0 0
70098 1 0
47319 1 0
43765 0 0
74952 1 0
53929 1 0
67993 0 0
723 1 0
21172 0 0
77132 0 0
52994 1 0
68142 0 0
20365 1 0
56634 0 0
90139 0 0
78868 1 0
65040 1 0
89299 0 0
54067 1 0
43052 1 0
36714 0 0
4424 1 0
91555 0 0
58450 0 0
27702 1 0
98743 0 0
39814 0 0
12528 1 0
26051 0 0
50185 0 0
52678 0 0
45474 1 0
61008 0 0
41921 0 0
88748 0 0
55646 0 0
13786 1 0
72606 1 0
21176 1 0
31124 1 0
56810 1 0
7876 1 0
26327 1 0
74682 0 0
41640 0 0
98949 1 0
51711 1 0
71415 0 0
46411 0 0
18932 1 0
95516 1 0
45800 0 0
11433 0 0
71935 1 0
84641 0 0
98806 1 0
18112 0 0
97650 0 0
60946 1 0
32775 0 0
13979 0 0
10841 1 0
86881 1 0
90961 0 0
98057 1 0
93717 0 0
13719 1 0
57049 1 0
19161 0 0
38718 0 0
48978 0 0
21746 1 0
88069 0 0
17203 0 0
33126 0 0
36354 1 0
31090 0 0
24327 1 0
84311 1 0
94345 0 0
66422 0 0
61394 0 0
26888 1 0
88230 0 0
77269 0 0
3128 1 0
26744 1 0
50148 0 0
92557 1 0
47845 0 0
9140 0 0
11657 0 0
86435 1 0
28970 1 0
45335 0 0
44289 0 0
89540 1 0
46935 0 0
45348 0 0
64641 1 0
28141 1 0
67787 1 0
14705 0 0
46112 1 0
7105 0 0
44957 1 0
98038 1 0
72100 0 0
5673 0 0
90306 0 0
8136 0 0
18119 0 0
89642 1 0
26550 0 0
50042 0 0
95465 0 0
6379 0 0
60553 1 0
37372 0 0
36930 1 0
98180 1 0
65987 0 0
39153 0 0
86368 0 0
78419 1 0
7930 1 0
4165 0 0
45555 0 0
3427 1 0
79081 1 0
97959 0 0
27455 0 0
34522 0 0
25342 0 0
85135 0 0
70114 1 0
43169 0 0
92794 0 0
95378 1 0
68825 0 0
83336 1 0
48349 1 0
21158 0 0
68418 1 0
29752 0 0
80244 0 0
25242 0 0
48855 1 0
5508 1 0
37707 0 0
55420 0 0
31664 1 0
13251 0 0
8888 1 0
56517 1 0
53827 0 0
92902 1 0
81308 0 0
44936 0 0
71275 1 0
31115 0 0
79794 1 0
26125 1 0
65807 1 0
69875 0 0
99395 1 0
16629 1 0
94273 0 0
63413 0 0
73771 0 0
22014 1 0
76245 0 0
94618 1 0
8613 1 0
92428 1 0
20772 0 0
43494 1 0
40356 0 0
44051 0 0
92147 1 0
30965 0 0
33925 1 0
59895 0 0
94343 1 0
85088 0 0
21750 1 0
54877 1 0
57482 1 0
43905 1 0
42590 1 0
51952 0 0
74698 0 0
15580 0 0
23614 1 0
45164 1 0
87895 1 0
11173 1 0
56144 1 0
73958 1 0
92234 0 0
87192 1 0
2617 1 0
68417 0 0
54098 1 0
19694 1 0
73742 0 0
66802 1 0
61658 1 0
1660 0 0
4804 1 0
96114 0 0
10434 1 0
32568 1 0
39026 0 0
19795 1 0
98059 0 0
36068 1 0
61502 0 0
54535 0 0
76662 0 0
35418 0 0
87804 1 0
77044 0 0
2149 0 0
79217 1 0
81252 1 0
86706 0 0
62527 1 0
15146 1 0
34251 0 0
99476 0 0
47436 0 0
84683 0 0
22295 0 0
67662 1 0
34320 0 0
5939 0 0
1210 1 0
74237 1 0
79909 1 0
24961 0 0
86934 0 0
79601 0 0
26060 1 0
2365 1 0
44740 0 0
6045 0 0
94082 1 0
11313 0 0
85736 0 0
55148 0 0
38983 1 0
47132 0 0
49926 1 0
35909 0 0
49991 1 0
35863 0 0
28467 0 0
78232 0 0
3384 1 0
55695 0 0
51929 0 0
21513 1 0
41417 1 0
66002 1 0
11903 1 0
88132 1 0
47014 0 0
29033 0 0
76732 1 0
40685 1 0
7273 0 0
66369 0 0
44633 0 0
50496 1 0
47066 0 0
4135 0 0
88170 0 0
12637 1 0
98436 1 0
63691 0 0
71544 0 0
65076 0 0
61842 0 0
44003 0 0
42749 1 0
71396 0 0
81438 1 0
85199 1 0
12199 0 0
83259 1 0
30913 0 0
81392 0 0
25788 0 0
29197 0 0
66088 0 0
77409 1 0
81641 1 0
71823 1 0
24306 0 0
49139 1 0
18177 0 0
99699 1 0
73515 0 0
19751 1 0
22100 0 0
94029 1 0
36753 1 0
3861 0 0
64159 1 0
23240 1 0
38340 1 0
51509 1 0
41995 1 0
7207 0 0
35514 1 0
29082 1 0
46353 0 0
35442 1 0
3902 1 0
4931 1 0
35805 1 0
33431 1 0
17189 1 0
63290 1 0
71296 0 0
38650 1 0
11021 0 0
68436 1 0
63272 1 0
83032 1 0
28582 1 0
53887 0 0
48267 0 0
40269 1 0
74050 0 0
79806 1 0
30130 1 0
8401 1 0
24487 0 0
4582 0 0
92978 0 0
80123 1 0
1751 0 0
3083 0 0
83500 0 0
1973 1 0
82528 1 0
69013 1 0
36222 1 0
92353 0 0
80572 0 0
47928 1 0
81273 0 0
7144 1 0
27556 0 0
71741 0 0
71120 1 0
12735 0 0
71976 1 0
26218 0 0
85416 0 0
4247 1 0
36170 1 0
98957 0 0
43086 0 0
42732 1 0
84917 1 0
32053 0 0
98004 0 0
23141 0 0
60728 0 0
41605 0 0
6725 0 0
8797 1 0
18482 0 0
79714 0 0
16423 0 0
51595 0 0
53360 1 0
88846 1 0
65176 1 0
79526 1 0
8037 1 0
78199 1 0
73632 1 0
41509 0 0
56656 1 0
73452 1 0
9759 0 0
14855 1 0
74517 1 0
96596 0 0
25859 1 0
55182 0 0
28830 0 0
44848 0 0
66820 0 0
43580 0 0
23990 1 0
73026 0 0
91216 0 0
15513 0 0
64307 1 0
13023 1 0
33298 0 0
51369 0 0
10386 1 0
4249 0 0
61556 0 0
66076 0 0
23839 1 0
7170 0 0
89532 0 0
5229 1 0
21819 0 0
25372 0 0
61100 1 0
75086 0 0
47941 0 0
10009 0 0
10497 0 0
26383 0 0
63600 1 0
34553 0 0
68933 0 0
39599 0 0
6523 0 0
18380 0 0
43474 0 0
56437 0 0
36159 0 0
19070 0 0
19291 0 0
47647 1 0
56243 0 0
1799 0 0
27479 0 0
10076 1 0
73718 0 0
78825 1 0
54384 0 0
73980 0 0
6357 0 0
67205 1 0
48225 1 0
35070 0 0
85985 0 0
58595 1 0
53611 0 0
16487 1 0
64915 1 0
28370 1 0
23680 1 0
25832 1 0
42587 0 0
1426 1 0
3927 0 0
20182 1 0
23570 0 0
13601 1 0
52933 0 0
41562 0 0
23027 0 0
37655 0 0
45558 1 0
41571 1 0
11789 0 0
34088 1 0
86641 0 0
24479 0 0
97640 1 0
2015 1 0
46427 1 0
85235 0 0
58339 1 0
74320 1 0
75745 0 0
51793 1 0
20946 0 0
64736 1 0
49070 1 0
25924 1 0
92542 1 0
18509 1 0
37554 1 0
87339 1 0
42898 1 0
77022 1 0
65281 0 0
3533 1 0
98814 0 0
27316 1 0
79143 0 0
21734 1 0
39524 1 0
79125 0 0
34081 1 0
66301 1 0
60163 0 0
42350 1 0
55508 1 0
74 1 0
28108 0 0
5750 0 0
89306 0 0
71851 1 0
77965 0 0
23799 1 0
50864 1 0
3399 0 0
93294 0 0
30924 0 0
48642 0 0
66959 0 0
40146 0 0
53375 1 0
76029 1 0
24824 0 0
70328 1 0
64481 1 0
97317 1 0
29647 1 0
43955 0 0
13926 1 0
63050 1 0
90731 1 0
71677 0 0
77167 0 0
28526 0 0
84487 0 0
80994 0 0
41857 1 0
10690 1 0
38762 1 0
98792 0 0
95281 0 0
67723 1 0
62859 0 0
92570 1 0
23705 0 0
84794 1 0
58726 1 0
4758 1 0
41457 0 0
6784 0 0
45976 0 0
83483 1 0
34969 0 0
49791 0 0
48860 1 0
3608 0 0
68843 0 0
75117 0 0
81941 0 0
95318 1 0
23479 0 0
70536 1 0
48793 0 0
2225 0 0
14200 1 0
62929 0 0
58811 0 0
76766 1 0
54946 1 0
65436 1 0
80094 0 0
63372 1 0
69026 1 0
16044 0 0
60559 1 0
52915 0 0
64673 0 0
6846 1 0
11158 0 0
17394 0 0
90940 1 0
76393 1 0
25434 1 0
42338 1 0
99987 0 0
39156 1 0
31877 0 0
73075 0 0
74060 1 0
18502 1 0
81344 0 0
87475 0 0
27144 0 0
36752 1 0
81192 1 0
58712 0 0
68689 0 0
54063 0 0
68559 0 0
30500 0 0
25183 0 0
48138 0 0
66776 1 0
56956 0 0
55605 0 0
43099 0 0
50622 1 0
43972 0 0
57501 1 0
44923 1 0
96682 1 0
61223 0 0
51763 1 0
970 0 0
31985 1 0
62965 0 0
87708 1 0
2218 1 0
7339 0 0
45393 0 0
41162 1 0
60102 0 0
56311 1 0
39137 1 0
50099 1 0
53159 0 0
97605 1 0
43124 1 0
24524 1 0
69481 0 0
98240 1 0
97151 1 0
76214 1 0
33644 0 0
50516 1 0
27354 0 0
88333 1 0
401 1 0
70422 0 0
79456 1 0
7552 0 0
29602 0 0
73916 1 0
27320 1 0
5836 1 0
61416 1 0
21153 0 0
47852 0 0
94588 1 0
19691 0 0
39311 1 0
15591 0 0
43707 1 0
29487 1 0
95728 0 0
42375 1 0
55526 1 0
51828 0 0
52525 1 0
86566 1 0
93943 0 0
28742 1 0
81386 0 0
54740 1 0
23466 1 0
72157 0 0
8181 0 0
8403 0 0
65928 0 0
83027 1 0
88112 0 0
3281 1 0
91391 1 0
366 1 0
47990 0 0
98905 0 0
12111 1 0
93018 0 0
88671 0 0
34702 0 0
34030 0 0
68678 0 0
55992 0 0
29299 0 0
75084 1 0
70495 1 0
87102 1 0
65038 1 0
64094 0 0
45248 1 0
53022 0 0
6213 0 0
58094 1 0
55143 1 0
71870 1 0
94633 0 0
86455 0 0
68522 0 0
77194 1 0
30354 0 0
71801 0 0
50123 1 0
98366 1 0
81766 0 0
4916 0 0
6313 1 0
41138 1 0
39778 0 0
44953 1 0
22121 1 0
68141 0 0
24737 0 0
86480 0 0
69048 0 0
19629 0 0
1010 1 0
51331 1 0
71383 1 0
5307 1 0
22715 1 0
38 0 0
48104 1 0
29780 1 0
19046 0 0
33041 0 0
35174 0 0
53792 1 0
924 0 0
33130 0 0
92972 0 0
92902 0 0
1713 1 0
48282 0 0
71642 1 0
43423 1 0
27121 0 0
66499 0 0
39726 0 0
69117 0 0
89103 0 0
1131 0 0
54410 0 0
55528 0 0
68085 1 0
13552 1 0
83597 1 0
69155 0 0
78663 0 0
15202 1 0
30979 1 0
52351 0 0
24580 0 0
30357 0 0
18110 1 0
99008 1 0
63558 1 0
71876 1 0
90450 0 0
98470 0 0
12756 1 0
89184 1 0
43017 1 0
10553 1 0
29842 0 0
88590 1 0
12335 0 0
75074 0 0
57741 0 0
24769 1 0
43485 0 0
3102 0 0
8576 0 0
62294 0 0
6904 0 0
67808 0 0
81865 1 0
82544 1 0
55491 0 0
26269 1 0
44089 1 0
8707 0 0
95790 1 0
18947 0 0
82658 1 0
70872 0 0
47949 1 0
24333 1 0
62701 1 0
34876 0 0
95836 1 0
7553 1 0
54680 1 0
42688 0 0
21549 1 0
62995 0 0
34992 1 0
57246 0 0
67400 1 0
40234 1 0
90114 0 0
70119 1 0
211 1 0
62272 1 0
20110 1 0
8974 0 0
52542 0 0
78637 0 0
85415 0 0
30177 1 0
54658 0 0
73119 1 0
77854 0 0
50962 1 0
76563 1 0
28313 1 0
22957 0 0
6705 1 0
38731 0 0
44066 1 0
42208 1 0
34485 1 0
80733 0 0
83344 0 0
87989 1 0
14280 0 0
6120 1 0
15046 1 0
546 1 0
82759 1 0
64914 1 0
56739 1 0
32307 1 0
73268 1 0
3591 1 0
31227 0 0
96886 0 0
59585 0 0
96311 0 0
70518 1 0
38966 1 0
20551 1 0
84961 1 0
82071 0 0
22235 1 0
88 1 0
93590 0 0
81253 1 0
55301 0 0
10498 0 0
36330 1 0
4568 1 0
75828 0 0
91437 0 0
41806 0 0
67640 1 0
23781 1 0
67262 0 0
58887 1 0
32728 0 0
11142 1 0
44477 1 0
8250 1 0
28173 1 0
78202 1 0
42610 0 0
51276 1 0
6803 0 0
17284 1 0
70341 1 0
77862 1 0
19164 1 0
16152 1 0
2611 1 0
97991 1 0
46592 0 0
60993 1 0
96536 0 0
86763 1 0
91774 1 0
89128 0 0
27024 1 0
97535 0 0
20722 1 0
53874 0 0
46832 1 0
84653 0 0
93014 0 0
3708 0 0
93081 1 0
40182 0 0
88095 1 0
29863 1 0
5813 0 0
81635 1 0
6661 1 0
86475 0 0
42897 1 0
75027 0 0
87691 1 0
44796 1 0
61144 0 0
73573 0 0
76357 1 0
22207 0 0
92977 0 0
81237 1 0
5343 1 0
91659 1 0
98861 0 0
57414 0 0
74699 0 0
77672 1 0
6061 1 0
18827 0 0
20841 1 0
24449 0 0
13060 0 0
62452 0 0
3664 1 0
70613 1 0
16160 0 0
63454 0 0
51190 0 0
17155 0 0
18906 0 0
37838 0 0
40711 0 0
23783 0 0
88198 1 0
79554 0 0
15203 0 0
71591 1 0
49463 0 0
1219 0 0
55375 1 0
18589 0 0
89645 0 0
46028 1 0
8206 0 0
72861 0 0
45986 1 0
91502 0 0
34220 0 0
39441 1 0
24258 1 0
67896 1 0
78294 0 0
37173 1 0
19188 1 0
83352 0 0
87655 1 0
26083 1 0
90222 0 0
2592 1 0
34726 0 0
74065 1 0
53646 0 0
15243 1 0
99310 0 0
82553 0 0
49629 1 0
2423 0 0
57763 1 0
86758 0 0
80347 0 0
930 0 0
95824 1 0
30386 1 0
13063 0 0
63476 0 0
12188 0 0
3202 0 0
38875 1 0
30355 1 0
59950 0 0
5686 1 0
90291 1 0
9673 1 0
30459 0 0
21881 1 0
8261 1 0
28144 0 0
56742 0 0
81910 0 0
46911 0 0
23021 0 0
63561 0 0
59631 1 0
44035 1 0
8093 0 0
49175 1 0
37500 0 0
16721 0 0
29939 1 0
9381 1 0
34768 0 0
21883 1 0
71138 1 0
20031 0 0
92773 1 0
40871 1 0
86385 0 0
93940 0 0
47238 1 0
92458 1 0
76448 0 0
74991 0 0
67180 1 0
96346 0 0
49560 0 0
87814 0 0
79969 0 0
60159 1 0
96299 0 0
96533 1 0
33033 1 0
81923 0 0
90989 0 0
21509 0 0
8491 0 0
48311 0 0
79860 1 0
26976 1 0
38482 1 0
76860 0 0
82750 0 0
25402 0 0
46525 0 0
26418 1 0
56670 0 0
83089 0 0
92227 0 0
58150 0 0
68186 1 0
33900 0 0
40901 0 0
82184 0 0
31160 1 0
73191 1 0
87043 1 0
94182 1 0
80125 0 0
24094 0 0
86556 1 0
43268 1 0
39785 1 0
74421 1 0
31166 1 0
5184 0 0
9802 0 0
95913 1 0
20202 0 0
49135 1 0
99006 0 0
46171 1 0
43311 0 0
94033 1 0
71443 0 0
67922 0 0
30488 0 0
63547 1 0
25728 1 0
91532 0 0
89821 1 0
57686 0 0
88233 1 0
93377 0 0
82917 0 0
58357 1 0
84274 0 0
9256 1 0
57524 1 0
9337 0 0
18896 1 0
4794 1 0
83020 1 0
50720 0 0
23171 0 0
64654 1 0
15028 1 0
82469 0 0
65774 0 0
12871 0 0
34562 1 0
59071 1 0
29627 0 0
72122 0 0
71882 1 0
76535 1 0
70250 0 0
35733 1 0
18330 1 0
3789 1 0
12337 0 0
55664 0 0
13489 0 0
14582 1 0
25703 1 0
46711 0 0
11101 1 0
79790 1 0
74211 0 0
37379 0 0
55898 1 0
82796 0 0
29270 0 0
78991 1 0
65418 0 0
7599 0 0
44918 0 0
26879 0 0
65655 0 0
80848 1 0
3049 0 0
13102 0 0
24035 1 0
66786 0 0
5684 0 0
80590 0 0
28357 1 0
48564 1 0
51977 0 0
78054 0 0
30572 0 0
8755 1 0
99904 0 0
99889 1 0
68168 1 0
77698 0 0
4521 1 0
51674 1 0
84783 1 0
65222 1 0
75172 1 0
65891 1 0
14396 0 0
22331 0 0
48068 1 0
27899 1 0
22591 1 0
29583 1 0
92668 0 0
48993 1 0
19870 1 0
30766 1 0
65264 1 0
1934 0 0
75980 1 0
28412 0 0
42181 0 0
70540 0 0
69399 1 0
27036 1 0
55368 0 0
65197 0 0
51656 1 0
56233 1 0
71956 0 0
36359 1 0
38190 1 0
46849 1 0
61153 1 0
66192 1 0
97739 0 0
25510 0 0
52799 1 0
31075 1 0
79129 1 0
24634 0 0
42006 1 0
21293 1 0
50872 1 0
31559 1 0
2870 0 0
53738 0 0
81977 0 0
99496 1 0
47221 0 0
72373 0 0
67456 0 0
17418 0 0
93347 0 0
62094 1 0
37925 1 0
25678 1 0
80641 1 0
61409 1 0
73686 1 0
89107 1 0
26787 0 0
75660 1 0
24809 1 0
25066 1 0
36978 1 0
19895 1 0
55679 1 0
41463 1 0
49945 0 0
61420 0 0
45264 0 0
92414 0 0
19383 1 0
68264 1 0
53351 0 0
88036 1 0
41076 0 0
53455 1 0
86453 1 0
99725 0 0
47508 0 0
254 1 0
88027 0 0
53236 0 0
93107 1 0
21026 1 0
18388 0 0
6910 0 0
6560 1 0
80645 1 0
72144 1 0
65631 0 0
28054 1 0
75110 0 0
2649 0 0
10539 0 0
77027 0 0
26155 1 0
97696 0 0
45311 0 0
70500 1 0
98816 0 0
27525 0 0
97631 0 0
79475 1 0
38176 0 0
29135 1 0
48907 1 0
12246 0 0
30441 0 0
77134 0 0
48979 1 0
66187 1 0
67435 0 0
21151 1 0
48266 1 0
72675 0 0
80433 1 0
21686 1 0
92127 0 0
24376 1 0
62688 1 0
89798 1 0
78507 0 0
79615 0 0
5477 1 0
38236 0 0
78252 0 0
32324 1 0
98324 1 0
45956 1 0
55681 1 0
49124 1 0
87694 0 0
46339 1 0
30618 1 0
65415 1 0
89372 0 0
27340 1 0
48226 0 0
56884 0 0
81915 0 0
51194 1 0
15394 0 0
45115 0 0
40736 0 0
16662 0 0
68447 0 0
82667 0 0
66098 1 0
21619 1 0
65520 1 0
95016 1 0
50549 1 0
2660 0 0
3563 1 0
27911 1 0
45486 1 0
10035 1 0
81645 1 0
79500 0 0
84927 0 0
715 0 0
33399 0 0
51511 0 0
10674 1 0
6697 1 0
91550 0 0
28479 0 0
65055 0 0
84527 0 0
37342 1 0
71972 0 0
73437 0 0
72347 1 0
81101 0 0
14094 1 0
93810 0 0
25410 1 0
349 1 0
11519 1 0
28701 1 0
4119 0 0
928 0 0
18897 1 0
6478 1 0
7298 1 0
52326 0 0
77406 0 0
16280 0 0
47338 1 0
53489 1 0
20582 0 0
92518 0 0
13440 1 0
10663 0 0
17837 1 0
23219 0 0
14177 1 0
75867 0 0
56304 1 0
62944 1 0
99471 1 0
35742 0 0
38567 1 0
95442 0 0
25870 1 0
15668 0 0
56305 1 0
80791 0 0
84355 0 0
85814 0 0
782 1 0
63906 0 0
7593 0 0
7292 1 0
60428 1 0
27882 0 0
76930 0 0
85185 0 0
41364 1 0
63792 0 0
85771 0 0
61954 0 0
32046 1 0
95316 0 0
28925 0 0
66016 0 0
15005 1 0
77018 0 0
31627 0 0
73614 1 0
23816 1 0
46382 0 0
80250 0 0
89890 0 0
89049 1 0
84158 0 0
89899 1 0
97778 1 0
77539 1 0
29214 1 0
23253 0 0
1721 0 0
72455 0 0
51012 0 0
82774 0 0
49840 0 0
20200 1 0
39297 1 0
85043 1 0
65795 1 0
43308 1 0
95671 1 0
29558 1 0
638 0 0
8019 1 0
60671 1 0
18274 0 0
95864 0 0
67098 1 0
20229 1 0
31507 0 0
60745 0 0
75019 1 0
18125 0 0
31784 1 0
97758 1 0
83864 1 0
1464 0 0
47353 0 0
2690 0 0
70978 1 0
5669 1 0
43573 0 0
50409 1 0
16698 0 0
53639 1 0
53053 0 0
47380 1 0
41780 1 0
71111 0 0
68372 1 0
47883 0 0
82009 1 0
45041 1 0
92028 1 0
37358 1 0
29861 1 0
83291 0 0
61520 0 0
42238 1 0
51137 0 0
11966 0 0
13507 0 0
29137 0 0
53112 0 0
55505 0 0
1677 1 0
64078 0 0
56454 1 0
52059 0 0
31979 1 0
70742 0 0
90720 1 0
15847 0 0
72820 0 0
75274 1 0
51786 0 0
44729 0 0
39285 0 0
28283 0 0
58454 0 0
56417 1 0
65135 1 0
90749 1 0
33285 0 0
74554 1 0
9355 0 0
27852 0 0
65543 0 0
49953 0 0
96919 1 0
8717 0 0
26230 0 0
31929 0 0
55887 1 0
68965 1 0
59097 0 0
98546 0 0
76148 1 0
33836 1 0
65732 0 0
98034 0 0
92178 1 0
31158 1 0
74781 0 0
27256 1 0
23726 1 0
3351 0 0
34579 1 0
1466 1 0
88915 0 0
81008 1 0
29911 0 0
94072 0 0
97456 1 0
67781 1 0
10440 1 0
51838 0 0
7514 1 0
13106 1 0
54199 1 0
73192 1 0
20210 1 0
13252 0 0
86239 1 0
80602 0 0
92867 1 0
97889 1 0
19890 1 0
18255 0 0
78038 0 0
69225 0 0
829 0 0
43931 0 0
89691 1 0
77617 1 0
26033 0 0
20336 1 0
67329 1 0
40660 0 0
23836 0 0
3209 0 0
36972 1 0
57665 0 0
1540 1 0
97067 0 0
89665 0 0
1915 1 0
4267 0 0
72098 0 0
50570 0 0
10307 0 0
770 0 0
23904 1 0
95834 0 0
41466 1 0
40144 1 0
77303 1 0
83695 0 0
98835 1 0
30109 0 0
71894 1 0
83235 1 0
37435 1 0
14988 0 0
80693 1 0
92747 0 0
73438 0 0
94777 1 0
35578 0 0
81400 0 0
94873 1 0
26128 0 0
31270 0 0
98708 0 0
12913 0 0
33518 0 0
45575 1 0
29904 1 0
11445 0 0
65652 1 0
8810 1 0
83691 1 0
76502 0 0
45081 1 0
12075 0 0
32800 1 0
64651 1 0
41161 1 0
79741 1 0
16389 0 0
60292 0 0
54425 1 0
78105 1 0
27117 0 0
15751 0 0
98770 1 0
88138 1 0
8270 0 0
40396 0 0
47907 0 0
13458 1 0
43633 0 0
99495 1 0
72922 1 0
62994 0 0
23305 1 0
49344 1 0
92565 1 0
86639 1 0
46302 1 0
67472 1 0
70880 0 0
23075 0 0
40552 0 0
11505 1 0
19792 0 0
99662 1 0
70285 0 0
31199 0 0
97274 0 0
7367 0 0
20965 0 0
2104 1 0
59896 0 0
86030 1 0
74358 1 0
24440 1 0
84518 0 0
96290 1 0
51061 1 0
58197 1 0
4134 1 0
22137 1 0
98422 0 0
32068 1 0
51186 1 0
78852 0 0
36735 1 0
81833 0 0
49290 1 0
21010 0 0
75502 0 0
86832 0 0
76759 0 0
33390 1 0
61528 1 0
73433 1 0
36345 0 0
14929 0 0
59902 0 0
86040 0 0
52575 1 0
38520 1 0
35946 0 0
97521 1 0
72325 0 0
32542 0 0
33320 1 0
21338 0 0
67636 0 0
72598 0 0
59487 1 0
47054 0 0
52087 1 0
70224 0 0
51385 1 0
96799 0 0
80897 1 0
36158 1 0
32895 1 0
96845 0 0
65353 1 0
10011 1 0
2864 0 0
42799 0 0
96078 0 0
27878 0 0
4484 1 0
73927 1 0
1040 1 0
75519 0 0
83253 1 0
70970 1 0
70926 0 0
69628 0 0
43453 0 0
78446 0 0
9512 1 0
60873 1 0
32658 1 0
50278 0 0
39244 1 0
69943 1 0
23439 0 0
39435 1 0
81075 1 0
90994 1 0
41625 1 0
84136 0 0
4930 1 0
37129 0 0
37458 0 0
79279 0 0
24086 0 0
104 1 0
4172 0 0
46101 0 0
31898 0 0
37002 1 0
70764 1 0
9343 0 0
5398 0 0
44362 1 0
40186 1 0
73115 1 0
50997 1 0
62507 0 0
50367 1 0
81580 1 0
14605 1 0
58478 0 0
43468 0 0
64398 0 0
41987 1 0
92932 1 0
90745 0 0
60382 0 0
75056 0 0
65442 1 0
19043 0 0
41374 0 0
99660 0 0
94553 1 0
75929 0 0
66080 1 0
61157 0 0
11636 1 0
71638 1 0
34730 1 0
26223 0 0
93992 1 0
59705 0 0
49078 0 0
51225 0 0
45527 1 0
76068 0 0
37064 0 0
98790 0 0
50782 1 0
8589 1 0
76044 0 0
91670 0 0
81346 0 0
81534 1 0
3041 0 0
69830 0 0
3141 0 0
25433 1 0
65756 0 0
22486 0 0
99231 0 0
83278 1 0
98834 0 0
2710 1 0
19157 1 0
54470 1 0
17046 1 0
77136 1 0
62767 1 0
8593 0 0
39309 1 0
41647 0 0
18963 0 0
12227 0 0
45123 1 0
51562 1 0
75515 0 0
57223 0 0
27599 0 0
35488 0 0
79928 1 0
50077 0 0
65453 0 0
97830 1 0
12576 1 0
25027 0 0
90472 0 0
63556 1 0
39542 1 0
33655 0 0
46012 0 0
11984 0 0
81072 0 0
98864 1 0
13663 0 0
42007 1 0
99980 0 0
53968 0 0
14460 0 0
50661 0 0
72587 0 0
8610 0 0
23585 1 0
81875 0 0
66333 0 0
12074 0 0
60855 1 0
31377 0 0
3278 1 0
91400 0 0
75092 0 0
27815 1 0
48455 1 0
29341 0 0
69542 1 0
87413 0 0
71121 1 0
4938 1 0
20387 0 0
83638 1 0
47756 0 0
84563 0 0
90331 0 0
47135 1 0
79841 0 0
82352 0 0
2170 1 0
59858 0 0
77621 0 0
85690 0 0
76865 0 0
46917 0 0
46803 1 0
30103 0 0
639 0 0
17289 1 0
26095 1 0
88920 0 0
5458 0 0
13902 0 0
25334 1 0
87187 0 0
55864 1 0
48660 0 0
84344 0 0
34471 0 0
49730 1 0
31925 0 0
56184 1 0
43805 0 0
30494 0 0
69594 0 0
75656 0 0
64384 1 0
11484 0 0
43138 0 0
81371 0 0
89038 0 0
6992 0 0
4169 1 0
726 0 0
72378 0 0
56175 1 0
22329 1 0
89784 0 0
66030 0 0
80351 0 0
72218 0 0
47971 0 0
32791 0 0
88100 1 0
62916 1 0
45527 0 0
50232 0 0
67500 0 0
85349 0 0
33183 1 0
42709 1 0
6190 0 0
98982 0 0
661 0 0
29030 0 0
6609 1 0
24937 0 0
65670 1 0
90480 0 0
391 1 0
86683 0 0
10845 1 0
94785 0 0
6879 0 0
14137 1 0
23643 1 0
30050 0 0
28728 0 0
90527 0 0
37876 1 0
35816 0 0
86207 0 0
44276 0 0
54094 0 0
31468 1 0
7579 1 0
45898 1 0
71641 0 0
23533 0 0
78259 1 0
78496 0 0
42782 0 0
90407 0 0
74190 1 0
98691 0 0
30763 0 0
80149 0 0
20905 1 0
11855 0 0
14877 0 0
97148 0 0
12072 0 0
93554 0 0
7945 0 0
84453 1 0
1248 1 0
61106 1 0
49177 1 0
62433 1 0
79559 0 0
70166 0 0
61809 1 0
70565 0 0
3609 1 0
53842 0 0
72873 0 0
85067 1 0
16447 0 0
58370 1 0
72427 0 0
71606 0 0
11662 0 0
97562 1 0
26108 1 0
69879 0 0
21216 1 0
24964 1 0
17960 0 0
3112 0 0
94064 1 0
14217 1 0
17108 0 0
40494 1 0
77431 0 0
46657 0 0
43477 1 0
8201 0 0
86830 0 0
51451 0 0
78752 0 0
92424 0 0
39497 0 0
4171 0 0
88016 0 0
21554 1 0
36477 0 0
88812 0 0
56914 0 0
63506 0 0
19510 0 0
80167 0 0
99585 1 0
37570 0 0
36506 0 0
41949 0 0
41323 1 0
90371 0 0
94734 0 0
19039 1 0
93875 0 0
13130 1 0
82394 0 0
24007 1 0
82764 1 0
81944 1 0
22808 0 0
87041 1 0
27731 1 0
304 0 0
91829 0 0
9620 1 0
60372 0 0
21977 1 0
2841 1 0
58605 0 0
67171 0 0
38669 1 0
51819 1 0
18301 1 0
31544 1 0
13897 1 0
37771 1 0
37457 0 0
21364 1 0
965 0 0
47537 0 0
36447 1 0
83281 1 0
60639 0 0
13483 0 0
2863 0 0
77278 1 0
86522 0 0
46357 1 0
10814 0 0
46791 1 0
39917 1 0
15683 1 0
21059 0 0
75387 1 0
56160 1 0
33559 0 0
14238 1 0
99070 0 0
16881 0 0
6226 0 0
46391 1 0
14087 1 0
96916 0 0
58407 0 0
15804 0 0
78692 0 0
55146 0 0
21214 0 0
50649 0 0
97662 1 0
12681 0 0
14566 0 0
51554 0 0
68638 1 0
66317 0 0
21955 1 0
67513 1 0
75539 0 0
33210 0 0
68616 1 0
21702 0 0
16288 0 0
36564 0 0
72272 0 0
1853 1 0
23655 1 0
76463 1 0
86592 0 0
15409 1 0
16501 0 0
81883 1 0
82583 0 0
49273 0 0
96539 1 0
41556 0 0
96430 0 0
24765 0 0
96618 1 0
49603 1 0
53299 1 0
87303 1 0
6084 1 0
82622 1 0
79208 0 0
36707 0 0
34212 1 0
15487 1 0
68455 1 0
56354 0 0
51011 0 0
19247 1 0
69175 1 0
53016 0 0
23879 0 0
40289 0 0
81708 0 0
61628 1 0
10040 0 0
3596 0 0
28337 1 0
33667 0 0
13517 1 0
1126 0 0
78377 0 0
85315 0 0
14793 0 0
15452 1 0
33953 0 0
53647 0 0
36435 0 0
1198 0 0
88615 1 0
21941 1 0
86541 0 0
44532 0 0
8858 1 0
62993 1 0
5401 1 0
11227 1 0
10905 1 0
48146 1 0
62200 1 0
24123 0 0
48988 0 0
55638 1 0
25395 0 0
15526 0 0
85745 1 0
50848 1 0
87007 1 0
82628 1 0
44921 1 0
62241 1 0
84328 1 0
88623 0 0
86042 1 0
2212 1 0
13607 1 0
87973 0 0
91739 0 0
86697 1 0
16408 1 0
30284 1 0
45565 1 0
52847 1 0
11527 0 0
54317 1 0
54490 1 0
13015 0 0
22099 0 0
99587 0 0
2694 1 0
72090 1 0
90787 1 0
54583 1 0
3002 1 0
58898 1 0
1275 0 0
16021 1 0
53592 1 0
33423 0 0
92640 0 0
65865 1 0
72191 1 0
66593 1 0
20349 1 0
91031 0 0
4064 0 0
30017 1 0
89879 1 0
49216 0 0
16229 1 0
68795 0 0
80204 0 0
14415 1 0
19518 0 0
42191 1 0
82616 1 0
98157 1 0
56631 1 0
63923 0 0
1181 1 0
53182 0 0
26772 1 0
53784 0 0
16672 0 0
64507 0 0
15181 1 0
38967 0 0
83718 0 0
82534 0 0
47449 0 0
32865 1 0
60176 0 0
25097 0 0
96765 1 0
32024 0 0
10392 1 0
46299 0 0
90003 0 0
83011 0 0
49785 0 0
97096 0 0
29033 1 0
43813 0 0
49598 1 0
10470 1 0
72441 1 0
33204 0 0
10100 1 0
31071 0 0
74655 1 0
32095 0 0
97322 0 0
92652 1 0
45457 1 0
39966 1 0
45140 0 0
86734 1 0
39061 1 0
98208 0 0
45149 0 0
33108 0 0
9950 0 0
30914 1 0
59374 1 0
59827 1 0
94737 1 0
67792 0 0
35576 0 0
96657 1 0
90888 1 0
39567 1 0
97457 1 0
41384 0 0
59463 1 0
94060 0 0
61193 0 0
16137 0 0
31121 0 0
20706 0 0
88454 1 0
81002 1 0
60893 0 0
39511 0 0
15967 0 0
31795 1 0
59448 0 0
91390 0 0
76461 0 0
16957 1 0
67788 1 0
37982 1 0
42290 1 0
27503 0 0
6331 0 0
22076 0 0
44293 0 0
97071 0 0
4601 0 0
40919 0 0
13345 1 0
60692 0 0
71570 0 0
53978 1 0
17384 1 0
93244 1 0
27733 1 0
77246 0 0
1452 0 0
80868 0 0
87512 1 0
92744 1 0
62781 0 0
33758 1 0
16168 0 0
86684 0 0
88293 1 0
85994 1 0
49243 0 0
76661 1 0
39118 0 0
92098 0 0
27277 0 0
25885 0 0
2779 0 0
6786 1 0
49375 0 0
86666 0 0
70027 1 0
12154 1 0
26838 1 0
84198 1 0
34764 1 0
85369 0 0
63288 0 0
74657 0 0
95986 1 0
68200 0 0
81163 1 0
23919 1 0
87850 1 0
40630 0 0
36384 1 0
44417 1 0
46508 0 0
55234 1 0
47285 1 0
78172 1 0
16919 1 0
6433 0 0
48057 1 0
9411 1 0
54066 1 0
28038 0 0
5148 0 0
42132 0 0
25215 1 0
28774 1 0
66817 1 0
6566 1 0
90113 1 0
42752 0 0
15261 1 0
64295 1 0
70362 0 0
34889 1 0
72257 1 0
66650 1 0
46281 0 0
646 1 0
11283 0 0
62714 0 0
41370 1 0
41340 1 0
57106 0 0
14725 1 0
40520 0 0
9092 0 0
4446 0 0
9603 1 0
77412 0 0
37162 1 0
53771 0 0
77746 0 0
61916 1 0
87626 1 0
80298 0 0
685 0 0
60311 0 0
6238 0 0
97139 1 0
18634 1 0
74494 1 0
43225 1 0
71447 1 0
66898 0 0
17533 1 0
96890 1 0
44505 1 0
1598 1 0
79274 0 0
39342 0 0
56601 1 0
49197 0 0
81022 1 0
44382 0 0
90714 1 0
38415 0 0
36347 1 0
80158 1 0
85747 1 0
61714 1 0
77015 0 0
78913 0 0
2397 1 0
9774 1 0
92003 0 0
12949 0 0
57518 1 0
33728 1 0
7451 0 0
77242 1 0
62804 0 0
37042 0 0
64630 0 0
18825 1 0
74642 1 0
60863 1 0
61327 1 0
58696 1 0
95356 1 0
6607 0 0
36840 1 0
44296 1 0
60741 0 0
69089 0 0
21675 1 0
55643 1 0
34508 1 0
21479 1 0
4920 1 0
54799 1 0
1116 1 0
68554 1 0
10441 1 0
56854 0 0
59239 1 0
85789 0 0
2226 0 0
81105 1 0
87222 1 0
1338 0 0
36076 0 0
58835 0 0
69589 0 0
12751 0 0
94567 0 0
45463 1 0
92826 1 0
10531 0 0
77751 0 0
63176 1 0
65043 0 0
58135 0 0
48079 0 0
504 1 0
11272 0 0
84739 1 0
13841 0 0
17327 0 0
582 1 0
74287 0 0
97479 1 0
89957 1 0
72883 0 0
75669 0 0
73339 1 0
33192 0 0
81958 0 0
90448 0 0
99027 1 0
47267 1 0
45599 1 0
4000 0 0
56459 1 0
59491 0 0
17520 1 0
85270 1 0
12472 0 0
52756 0 0
9485 0 0
58964 1 0
14958 1 0
55823 1 0
70259 0 0
68697 1 0
4997 1 0
78192 0 0
96993 0 0
2612 0 0
25708 1 0
34454 1 0
13193 0 0
82876 0 0
56415 0 0
26475 1 0
79035 1 0
79139 0 0
27454 0 0
16029 0 0
295 1 0
91878 0 0
63020 0 0
60567 0 0
3437 1 0
70382 1 0
98524 0 0
47927 1 0
48689 1 0
95474 1 0
42905 1 0
73374 1 0
52545 0 0
8742 0 0
64207 1 0
80557 1 0
2214 0 0
47325 1 0
52010 0 0
82830 1 0
74905 1 0
69808 0 0
80756 0 0
66104 1 0
34463 0 0
59499 1 0
80205 1 0
73334 1 0
9037 1 0
35599 1 0
58124 1 0
89178 1 0
85879 0 0
12995 1 0
28530 1 0
19426 1 0
11407 0 0
43035 1 0
43162 0 0
35381 0 0
88871 0 0
2635 1 0
60797 1 0
91116 0 0
72164 0 0
20436 1 0
96585 0 0
2325 1 0
23908 0 0
66714 0 0
68894 1 0
38400 1 0
36394 1 0
2243 0 0
15599 1 0
64972 1 0
46765 1 0
10080 0 0
2343 1 0
29498 1 0
17080 1 0
3919 1 0
68882 1 0
44709 1 0
32723 1 0
12223 0 0
28002 0 0
96174 0 0
31023 1 0
87707 0 0
83545 1 0
33748 1 0
4599 0 0
59057 0 0
35141 0 0
5016 0 0
21402 1 0
52384 1 0
55409 0 0
59251 0 0
9386 1 0
45216 0 0
72154 1 0
52289 0 0
17705 1 0
41724 0 0
56110 0 0
70936 1 0
33295 1 0
7799 1 0
97805 1 0
9694 0 0
87372 0 0
83375 0 0
86801 0 0
77790 1 0
70527 0 0
44686 0 0
42277 0 0
90130 1 0
5391 0 0
81504 1 0
39054 1 0
74602 1 0
9845 1 0
93003 0 0
93348 0 0
71603 1 0
46007 0 0
73394 1 0
47335 0 0
66345 0 0
77980 1 0
13371 0 0
72052 0 0
88628 0 0
13432 1 0
11219 1 0
81578 0 0
81493 0 0
48678 0 0
14423 0 0
2557 1 0
37955 1 0
60213 1 0
30958 0 0
22974 0 0
57234 0 0
26208 1 0
74342 0 0
23782 1 0
39162 1 0
25765 0 0
8222 1 0
86423 1 0
82056 1 0
74488 1 0
96021 1 0
72142 0 0
96385 1 0
34738 0 0
33875 0 0
30622 1 0
68851 0 0
9483 1 0
95906 0 0
16420 1 0
32186 0 0
28613 1 0
69261 0 0
53126 1 0
26792 1 0
81025 0 0
64039 1 0
77825 1 0
24692 1 0
67863 0 0
54903 0 0
74056 0 0
55962 0 0
21098 1 0
96066 0 0
34374 0 0
67133 1 0
38488 0 0
58518 1 0
8052 0 0
14718 1 0
85485 1 0
19984 1 0
78978 0 0
1051 1 0
52146 1 0
11268 1 0
1179 0 0
63477 0 0
15155 0 0
31782 0 0
99159 0 0
44489 0 0
73316 1 0
77498 1 0
4753 1 0
94791 0 0
71627 1 0
80375 0 0
16207 1 0
69392 0 0
97189 0 0
19070 1 0
76579 0 0
75464 1 0
17128 1 0
55767 1 0
80165 1 0
59124 1 0
94357 1 0
56180 1 0
55720 1 0
35574 1 0
36028 0 0
18185 0 0
72683 0 0
4148 0 0
8677 0 0
29845 1 0
92859 0 0
5116 1 0
23020 1 0
12290 1 0
65357 0 0
23661 1 0
26226 1 0
16623 1 0
3485 1 0
88051 0 0
23776 1 0
27619 1 0
30331 1 0
23863 1 0
5551 1 0
68030 0 0
64822 0 0
39206 0 0
6619 1 0
72250 1 0
48196 0 0
95879 1 0
4494 0 0
83696 0 0
15180 0 0
28311 0 0
52904 0 0
50332 0 0
513 0 0
86710 1 0
50967 1 0
36077 0 0
31840 0 0
25353 0 0
38200 0 0
29668 0 0
54621 1 0
4500 0 0
46969 1 0
44396 0 0
82149 0 0
42435 1 0
10714 1 0
43812 0 0
30961 1 0
97085 1 0
30922 1 0
58665 0 0
74587 0 0
54522 0 0
79283 1 0
26088 1 0
10056 0 0
36341 1 0
47234 0 0
37605 0 0
1018 0 0
23296 0 0
95475 0 0
6738 1 0
41198 0 0
57790 1 0
7505 0 0
51521 1 0
47251 0 0
45361 1 0
83878 1 0
39238 1 0
8382 1 0
4017 0 0
68779 0 0
3847 1 0
34967 1 0
74373 0 0
8226 1 0
21246 1 0
60097 0 0
92588 1 0
50505 0 0
98250 0 0
70191 1 0
46354 1 0
13599 1 0
28335 0 0
59465 1 0
91120 0 0
48748 1 0
7406 1 0
16720 0 0
24804 1 0
52547 0 0
92324 0 0
50750 0 0
11015 0 0
68922 0 0
95071 0 0
40730 0 0
53618 0 0
78617 1 0
41200 0 0
5762 0 0
18846 0 0
29169 0 0
26038 0 0
92529 1 0
73450 0 0
37921 0 0
40558 0 0
56124 0 0
61332 1 0
44959 0 0
10091 1 0
82951 0 0
76534 1 0
52966 1 0
44702 1 0
11359 0 0
49312 1 0
47453 0 0
25976 1 0
41541 1 0
25757 1 0
46180 0 0
13235 0 0
99818 1 0
24788 1 0
79614 0 0
37232 0 0
69201 0 0
19062 1 0
25826 0 0
91988 1 0
77395 0 0
12001 0 0
88431 0 0
46459 0 0
74679 1 0
96411 0 0
31506 0 0
81974 1 0
73402 0 0
9278 0 0
1520 0 0
26893 1 0
31484 0 0
19385 0 0
81279 0 0
26209 1 0
63775 0 0
56730 0 0
25253 0 0
77912 0 0
70067 1 0
50690 0 0
87284 0 0
65319 1 0
12895 0 0
42990 0 0
62900 0 0
52464 0 0
24659 0 0
74783 0 0
6333 0 0
11027 0 0
41002 1 0
66871 1 0
3877 1 0
82694 1 0
8221 1 0
74099 0 0
19270 1 0
48822 0 0
40290 0 0
41821 1 0
62207 1 0
26037 1 0
69401 1 0
37292 0 0
83148 0 0
5071 0 0
24409 0 0
33713 0 0
28033 0 0
70900 1 0
57925 0 0
41991 0 0
25103 1 0
6411 1 0
75408 0 0
79967 1 0
37230 0 0
97099 1 0
73803 1 0
86164 0 0
26321 1 0
58625 1 0
9511 0 0
31144 0 0
99848 1 0
91990 0 0
21423 0 0
85873 0 0
83887 0 0
74245 0 0
74896 0 0
76394 0 0
91585 0 0
60907 0 0
44568 0 0
76352 0 0
7919 1 0
76133 0 0
418 0 0
19421 0 0
49572 0 0
83574 1 0
61747 0 0
21812 1 0
86598 0 0
44253 0 0
11680 0 0
748 1 0
41565 1 0
53677 0 0
77037 0 0
94984 0 0
77948 0 0
73615 0 0
70876 1 0
81763 0 0
18622 1 0
26186 1 0
66924 1 0
15308 1 0
59464 1 0
97954 1 0
79223 1 0
59187 0 0
52901 1 0
4632 1 0
49132 0 0
75867 1 0
45995 0 0
56019 1 0
1185 0 0
91448 0 0
95490 0 0
96060 0 0
29401 0 0
80790 1 0
82797 0 0
92168 0 0
76047 1 0
5910 0 0
29176 1 0
16655 0 0
59366 0 0
39255 0 0
33012 0 0
64470 0 0
97063 1 0
86672 1 0
91263 0 0
69751 1 0
57572 1 0
76483 0 0
5084 1 0
4154 0 0
708 0 0
11264 0 0
58744 1 0
913 0 0
52521 1 0
76702 1 0
53076 0 0
6311 1 0
36012 0 0
52844 0 0
43654 1 0
74343 0 0
35925 1 0
13585 0 0
10878 0 0
9344 0 0
3367 1 0
64238 0 0
13155 1 0
69704 1 0
58797 1 0
54195 0 0
17447 0 0
92763 0 0
21347 1 0
29005 1 0
11900 1 0
71898 1 0
21692 1 0
38720 1 0
76794 0 0
27334 1 0
23564 0 0
1293 0 0
64061 0 0
71975 0 0
55624 0 0
44750 1 0
95212 1 0
63170 1 0
55381 1 0
96233 0 0
27353 0 0
17701 0 0
28399 1 0
26000 1 0
58295 0 0
57071 1 0
82674 1 0
63333 0 0
18369 0 0
91872 0 0
28450 1 0
3521 1 0
81060 0 0
84740 1 0
51149 0 0
87076 0 0
787 0 0
13373 1 0
41677 0 0
64505 0 0
63058 1 0
46502 0 0
49371 1 0
36846 0 0
28020 0 0
8223 0 0
9342 0 0
3558 0 0
89775 1 0
23335 1 0
21485 1 0
19677 1 0
66340 0 0
30638 0 0
72270 1 0
71379 0 0
61950 1 0
45818 0 0
45271 1 0
90342 0 0
17652 1 0
51003 1 0
33601 0 0
42743 1 0
86616 0 0
45154 1 0
17725 1 0
59962 0 0
5567 1 0
71152 0 0
52619 0 0
75610 0 0
99690 0 0
57324 0 0
54378 0 0
99444 0 0
41709 1 0
61289 1 0
75601 1 0
23387 1 0
33139 1 0
98088 0 0
8016 0 0
14630 1 0
8485 0 0
36429 0 0
42203 1 0
35518 0 0
80867 1 0
57377 0 0
23729 0 0
22589 1 0
49137 0 0
42715 1 0
967 1 0
58962 0 0
50494 0 0
20489 0 0
38765 0 0
66300 1 0
45702 1 0
61037 0 0
92520 0 0
43500 1 0
27058 1 0
71117 0 0
5277 1 0
2031 0 0
94858 0 0
26626 1 0
94500 0 0
99902 1 0
99716 1 0
44806 0 0
14397 1 0
25323 1 0
24139 0 0
45493 1 0
49413 1 0
84066 1 0
82390 1 0
746 1 0
93653 1 0
54777 0 0
58075 0 0
87921 0 0
57026 0 0
45269 0 0
72762 1 0
26058 0 0
68496 1 0
33867 1 0
69609 1 0
23805 1 0
4919 1 0
68506 0 0
50373 1 0
88818 0 0
15870 0 0
13620 0 0
97644 1 0
78751 0 0
29415 1 0
94115 0 0
3814 0 0
78248 1 0
13751 0 0
69466 1 0
38865 1 0
72203 1 0
92482 1 0
89361 0 0
2905 0 0
26946 1 0
83388 1 0
45011 1 0
45321 1 0
73140 0 0
33849 1 0
18039 1 0
46572 0 0
38559 0 0
5147 0 0
87155 1 0
21927 0 0
14410 1 0
27123 0 0
39370 1 0
18227 0 0
35657 1 0
64663 1 0
98773 0 0
39496 1 0
36065 0 0
44680 0 0
63337 1 0
81626 0 0
2964 0 0
6948 1 0
2213 0 0
56960 0 0
95777 1 0
22976 0 0
58736 1 0
18124 0 0
9024 1 0
53584 1 0
40003 0 0
62144 0 0
31613 0 0
48119 0 0
41371 0 0
26659 0 0
80345 0 0
28895 0 0
3342 1 0
68963 0 0
44120 0 0
56699 0 0
86523 0 0
10982 1 0
7788 1 0
4287 0 0
36287 1 0
37916 0 0
36503 1 0
5526 1 0
29175 0 0
59763 0 0
37428 0 0
67687 1 0
29701 1 0
38557 0 0
72712 0 0
46159 1 0
92296 1 0
19697 0 0
61767 1 0
40287 1 0
7424 1 0
77382 0 0
97517 0 0
49205 1 0
4406 1 0
79737 1 0
69273 0 0
15521 1 0
83272 0 0
30020 0 0
3286 0 0
34592 1 0
1129 1 0
86438 0 0
42113 1 0
59075 0 0
78598 1 0
99838 0 0
3072 0 0
59861 1 0
78811 0 0
17293 0 0
2567 0 0
2708 0 0
8165 0 0
86499 0 0
28545 0 0
99829 1 0
63956 1 0
39866 0 0
73546 1 0
79731 1 0
50154 0 0
68313 0 0
17266 1 0
69287 1 0
42131 1 0
49600 1 0
7407 0 0
47456 1 0
53208 0 0
78720 0 0
36165 0 0
26686 0 0
971 0 0
55593 0 0
89035 1 0
37898 0 0
91613 1 0
85119 0 0
64869 0 0
53736 0 0
82033 1 0
84819 0 0
87706 0 0
54605 0 0
13892 1 0
51207 0 0
28461 0 0
1274 0 0
46314 1 0
66386 0 0
65189 1 0
77306 0 0
85684 0 0
16696 0 0
41567 0 0
82720 0 0
65260 1 0
66277 1 0
59626 0 0
97896 1 0
25773 1 0
49303 0 0
43260 0 0
36615 1 0
36238 0 0
75459 1 0
3087 1 0
73196 1 0
4996 1 0
94790 1 0
50287 0 0
15395 0 0
7582 0 0
71675 0 0
88088 0 0
81983 0 0
84549 1 0
27764 0 0
31653 1 0
79246 0 0
43635 1 0
492 1 0
86591 1 0
58052 1 0
97007 0 0
53510 0 0
70478 1 0
58527 0 0
48870 0 0
72743 1 0
75826 1 0
9246 1 0
1423 0 0
67233 1 0
46817 0 0
47169 0 0
32612 1 0
70768 1 0
6608 1 0
80415 1 0
49616 1 0
88267 1 0
87143 1 0
82681 1 0
61353 0 0
78039 1 0
47996 0 0
50166 0 0
49849 1 0
14266 1 0
2282 1 0
83685 0 0
39879 0 0
99994 0 0
73808 1 0
42867 1 0
71405 1 0
78501 0 0
59107 1 0
77619 1 0
39523 1 0
36708 0 0
2052 1 0
66178 0 0
7757 1 0
18954 1 0
60337 0 0
3607 0 0
79696 0 0
22831 0 0
90537 0 0
53723 0 0
96571 0 0
25692 1 0
9639 0 0
26288 0 0
13466 0 0
12721 0 0
75182 0 0
33809 0 0
55165 0 0
53 1 0
93745 0 0
99257 1 0
19458 0 0
63849 1 0
83381 0 0
96383 1 0
44240 0 0
28576 1 0
56570 0 0
1098 1 0
99399 0 0
84221 1 0
24058 0 0
57963 0 0
88798 1 0
824 1 0
29565 1 0
62463 1 0
89433 0 0
31700 1 0
33506 0 0
30370 0 0
35611 0 0
87874 1 0
46733 0 0
34221 0 0
67749 0 0
64855 1 0
65536 0 0
26919 0 0
77787 0 0
7571 0 0
4337 1 0
79876 0 0
1595 0 0
71765 0 0
80650 0 0
81873 1 0
43432 0 0
2317 1 0
77523 1 0
26388 1 0
14973 1 0
78843 1 0
98149 0 0
57393 1 0
31600 1 0
19065 0 0
50693 1 0
49789 1 0
82444 1 0
9340 1 0
79832 1 0
41488 1 0
61829 0 0
72674 0 0
37647 0 0
83669 1 0
48374 0 0
10443 0 0
78423 0 0
43748 0 0
20059 0 0
55639 1 0
5 1 0
93334 0 0
56207 0 0
62324 0 0
12304 1 0
75738 1 0
52789 1 0
88428 1 0
14943 0 0
76457 1 0
52891 0 0
99014 1 0
83208 0 0
97449 1 0
46483 0 0
63738 0 0
52518 0 0
93584 0 0
48327 0 0
64847 1 0
99320 0 0
64759 1 0
32997 1 0
29028 1 0
77529 1 0
83670 0 0
26694 0 0
65415 0 0
11549 0 0
45332 1 0
9434 1 0
4732 0 0
86936 1 0
85255 0 0
25720 1 0
62824 1 0
8326 0 0
25219 0 0
27231 1 0
126 0 0
35636 0 0
84066 0 0
21324 1 0
79975 1 0
18805 0 0
62002 0 0
66321 0 0
11033 0 0
53837 0 0
74855 1 0
69847 1 0
97008 1 0
27901 0 0
21388 1 0
9103 0 0
81540 1 0
39281 1 0
55448 1 0
63839 0 0
46478 0 0
10720 1 0
45647 1 0
37984 1 0
77706 1 0
61698 0 0
28145 0 0
73413 0 0
44642 1 0
52842 1 0
4655 0 0
64907 1 0
91814 1 0
11099 0 0
32424 0 0
43924 0 0
40799 1 0
15778 1 0
91754 1 0
40603 1 0
18842 1 0
56738 1 0
5761 0 0
16624 1 0
71269 1 0
23965 1 0
74468 0 0
69607 1 0
71104 0 0
95686 0 0
6571 0 0
38607 1 0
28817 0 0
75164 0 0
499 0 0
77311 0 0
13698 0 0
97755 0 0
6114 1 0
38630 0 0
14367 1 0
13222 0 0
28334 0 0
70110 1 0
20090 1 0
8969 0 0
62699 1 0
13268 0 0
78511 1 0
68623 0 0
22896 0 0
7011 0 0
26154 1 0
29384 1 0
14401 0 0
41060 1 0
5041 0 0
75652 0 0
64471 0 0
9420 0 0
56569 0 0
57806 0 0
51201 0 0
32023 1 0
60650 0 0
43438 0 0
45678 1 0
18311 0 0
36124 0 0
44237 1 0
66419 1 0
65060 0 0
56424 1 0
27793 0 0
46980 1 0
21931 1 0
58768 1 0
98310 0 0
17517 0 0
39294 1 0
91683 1 0
9076 0 0
31993 1 0
57020 0 0
30719 1 0
84537 1 0
14148 1 0
9860 0 0
60963 1 0
63834 0 0
88809 1 0
8100 0 0
57657 0 0
57547 1 0
6519 1 0
13276 0 0
22773 0 0
95014 0 0
4307 1 0
90372 0 0
57053 1 0
22986 0 0
43690 1 0
26364 1 0
2530 0 0
48848 1 0
47909 1 0
80283 1 0
12676 0 0
11962 0 0
47240 0 0
89809 1 0
90479 0 0
75833 1 0
44587 1 0
79908 1 0
63066 0 0
7751 1 0
17560 0 0
97868 0 0
53445 0 0
14302 1 0
50381 0 0
50196 0 0
74370 1 0
40036 1 0
72969 0 0
25681 0 0
40797 1 0
48532 0 0
13424 0 0
8825 0 0
44954 0 0
48060 0 0
44122 0 0
83713 0 0
12847 0 0
47427 1 0
66246 1 0
11994 1 0
28831 1 0
42482 1 0
35653 0 0
56655 1 0
96011 1 0
70778 0 0
71875 1 0
22676 0 0
3768 0 0
88370 1 0
9937 0 0
68733 1 0
18154 0 0
35591 1 0
26387 1 0
17366 1 0
12541 1 0
67454 1 0
55511 0 0
98536 0 0
89277 0 0
33448 0 0
61244 1 0
38711 0 0
29038 0 0
26705 0 0
33560 0 0
17867 1 0
76178 1 0
3513 1 0
32861 1 0
55584 1 0
16596 0 0
40449 0 0
5615 1 0
4186 1 0
67655 0 0
87317 1 0
6776 1 0
9029 1 0
87741 0 0
7162 1 0
1536 0 0
4691 0 0
15463 1 0
49450 1 0
38970 1 0
37375 0 0
67228 1 0
95250 0 0
22433 0 0
32454 0 0
6863 0 0
68490 1 0
86816 1 0
80653 1 0
38982 1 0
92209 0 0
72726 1 0
73387 1 0
67718 0 0
67379 1 0
46133 0 0
88855 0 0
99694 0 0
60526 0 0
30629 1 0
33956 1 0
31919 1 0
45083 1 0
43763 0 0
46637 0 0
982 0 0
47079 0 0
94164 1 0
50598 1 0
43309 1 0
29993 1 0
61594 1 0
6069 0 0
72021 0 0
35253 1 0
21803 0 0
86153 0 0
51760 0 0
39949 0 0
73094 1 0
2301 1 0
30615 0 0
69885 0 0
95944 1 0
27299 0 0
51067 1 0
95456 1 0
29789 0 0
63888 0 0
14777 1 0
43316 1 0
41766 0 0
12747 0 0
64740 0 0
218 1 0
26466 0 0
7404 0 0
41085 1 0
57773 1 0
62576 1 0
69124 0 0
42804 1 0
8982 1 0
66120 0 0
36079 1 0
54008 1 0
94434 1 0
29763 0 0
58400 1 0
60099 1 0
80349 1 0
3606 0 0
34047 0 0
60488 1 0
13472 0 0
17477 0 0
50364 0 0
41044 0 0
82137 0 0
30954 0 0
41006 1 0
20788 1 0
26622 0 0
4896 1 0
46046 1 0
66994 0 0
54455 1 0
91307 0 0
21316 1 0
11666 1 0
80800 1 0
77898 1 0
33157 1 0
1869 0 0
7767 0 0
33120 0 0
58018 1 0
87803 1 0
1946 0 0
24496 1 0
92184 1 0
12713 1 0
92066 1 0
39672 1 0
85611 0 0
85241 0 0
32354 1 0
71860 0 0
43507 0 0
36706 1 0
11050 0 0
60739 0 0
11412 1 0
35170 1 0
38086 1 0
79815 0 0
5339 0 0
74713 1 0
67125 0 0
70169 1 0
67354 1 0
58403 0 0
75218 0 0
87153 0 0
95658 1 0
97496 1 0
14208 1 0
68205 1 0
58192 0 0
27709 1 0
89358 1 0
21173 0 0
86048 1 0
48599 1 0
88715 1 0
37983 1 0
67300 1 0
21069 0 0
91856 1 0
96876 0 0
44927 1 0
47116 1 0
73613 1 0
20698 1 0
94319 1 0
8786 1 0
50188 1 0
99157 1 0
94293 0 0
79345 0 0
65270 1 0
87470 1 0
93525 0 0
11594 1 0
12118 1 0
84461 1 0
87063 0 0
629 1 0
44046 1 0
33318 1 0
79669 0 0
43682 1 0
65490 1 0
43529 1 0
87058 0 0
77421 1 0
41915 0 0
16065 0 0
33398 0 0
49594 1 0
30860 0 0
54286 1 0
99 1 0
70678 0 0
46775 0 0
79257 0 0
50300 1 0
45646 1 0
69164 0 0
67905 1 0
29139 0 0
81463 0 0
28908 0 0
14161 0 0
67409 1 0
56765 0 0
13610 0 0
56801 0 0
60182 0 0
66659 0 0
73087 0 0
37441 0 0
39865 1 0
33730 1 0
86995 1 0
56728 1 0
48702 0 0
62941 0 0
595 0 0
59004 1 0
4656 1 0
76679 0 0
21476 0 0
62678 1 0
76251 0 0
84687 1 0
60619 1 0
97625 0 0
90095 1 0
96128 1 0
33410 0 0
51487 0 0
19278 0 0
77115 0 0
69596 1 0
49149 0 0
35110 1 0
91644 0 0
5879 0 0
88143 1 0
61049 0 0
59033 0 0
9824 0 0
48318 1 0
78482 1 0
9498 0 0
56751 1 0
12816 0 0
20880 0 0
86410 0 0
50104 1 0
28825 1 0
57055 1 0
48437 1 0
62403 1 0
42230 0 0
8040 0 0
41009 0 0
90807 1 0
93001 0 0
20662 1 0
17260 1 0
98783 1 0
17794 1 0
23307 0 0
17810 0 0
97511 0 0
10178 1 0
78312 0 0
78553 0 0
75795 0 0
96261 0 0
24503 0 0
12948 0 0
89683 1 0
39415 0 0
5802 0 0
6970 0 0
21906 1 0
99392 0 0
49716 1 0
30736 1 0
29356 1 0
34082 0 0
40767 1 0
72123 0 0
98707 0 0
8797 0 0
79161 0 0
10152 0 0
97876 0 0
42851 1 0
64469 1 0
92802 1 0
49265 1 0
15869 0 0
96336 1 0
37329 1 0
22203 1 0
5005 0 0
17988 0 0
83791 0 0
41632 1 0
70652 0 0
66441 0 0
46869 0 0
94757 0 0
6778 0 0
28839 1 0
68133 1 0
80936 1 0
65519 0 0
99653 0 0
35374 0 0
432 1 0
700 1 0
41330 0 0
61965 0 0
6222 1 0
6854 1 0
84353 1 0
17779 0 0
21577 0 0
66370 1 0
11094 1 0
11943 0 0
98152 1 0
37658 1 0
12073 0 0
24919 0 0
89533 0 0
91622 0 0
14335 0 0
57403 0 0
68562 1 0
76114 0 0
1021 1 0
69238 1 0
17305 0 0
79502 0 0
18715 0 0
50596 0 0
66872 1 0
24332 0 0
93137 0 0
24191 1 0
94587 1 0
90272 0 0
16340 0 0
55103 1 0
1689 1 0
22905 1 0
77722 0 0
48133 0 0
39451 0 0
80934 0 0
1360 1 0
61123 1 0
63778 1 0
95523 0 0
51126 0 0
52837 0 0
79482 0 0
98606 0 0
68344 0 0
59095 1 0
79272 1 0
105 1 0
49305 0 0
18032 1 0
45761 1 0
71182 0 0
15266 1 0
39612 0 0
13565 1 0
27748 1 0
52355 0 0
88537 1 0
46212 1 0
58263 1 0
30830 0 0
79779 0 0
90150 0 0
55756 1 0
93061 0 0
11976 1 0
28406 0 0
68665 0 0
29855 1 0
27314 1 0
59209 1 0
22723 1 0
26874 1 0
49671 0 0
31969 1 0
78373 1 0
55468 0 0
70088 0 0
56708 1 0
59906 0 0
21271 1 0
90699 0 0
11056 0 0
89068 0 0
67018 0 0
15341 0 0
36644 1 0
64296 1 0
95914 1 0
71947 1 0
1307 1 0
78624 1 0
1904 0 0
53652 1 0
22192 1 0
37974 0 0
39576 0 0
5228 1 0
98515 1 0
93477 0 0
86226 1 0
26216 1 0
14726 1 0
99746 1 0
2945 1 0
21482 0 0
94057 1 0
61665 1 0
96857 0 0
16610 1 0
72615 1 0
49643 0 0
59977 0 0
18423 0 0
95153 1 0
24398 0 0
5923 0 0
50254 1 0
47269 0 0
63119 0 0
93365 0 0
81728 1 0
29123 1 0
63560 0 0
93058 1 0
87522 0 0
59044 0 0
34713 0 0
12077 1 0
25973 0 0
42061 1 0
26611 0 0
16052 1 0
93603 0 0
83725 0 0
91741 0 0
38143 1 0
38737 0 0
84132 1 0
79105 1 0
84624 0 0
80133 1 0
89221 1 0
23578 1 0
93788 0 0
86182 0 0
33823 1 0
30705 0 0
74750 1 0
54382 1 0
41225 0 0
11727 1 0
55828 1 0
17291 0 0
30483 0 0
69002 1 0
91336 0 0
8764 1 0
7626 1 0
62790 1 0
73426 0 0
23245 1 0
4573 1 0
99573 1 0
27375 1 0
63962 1 0
9964 1 0
87066 1 0
76850 1 0
42185 1 0
92723 0 0
83671 0 0
99241 1 0
70189 0 0
57261 0 0
5006 0 0
54978 1 0
70058 0 0
52321 0 0
2734 1 0
6024 1 0
20133 1 0
28935 0 0
18614 0 0
16480 1 0
52905 1 0
85635 0 0
60359 0 0
12819 0 0
28276 0 0
81487 1 0
26692 0 0
87252 1 0
83456 0 0
79163 1 0
30294 0 0
1726 0 0
19051 1 0
27804 1 0
41657 0 0
48914 1 0
18738 0 0
32896 1 0
58931 0 0
62404 1 0
79584 0 0
80577 0 0
3706 1 0
49259 1 0
10819 0 0
32043 0 0
59391 1 0
67641 0 0
15595 0 0
73946 1 0
92359 0 0
27117 1 0
11071 1 0
19705 1 0
91986 1 0
2865 1 0
13682 1 0
4320 0 0
75598 0 0
98462 1 0
47344 1 0
29606 1 0
64007 0 0
74014 0 0
18939 0 0
40490 1 0
64916 0 0
70511 0 0
90058 0 0
66855 1 0
42616 0 0
45578 0 0
83823 1 0
83288 1 0
42679 1 0
11161 1 0
49480 1 0
74939 1 0
53940 0 0
53810 1 0
45649 1 0
50859 1 0
98591 1 0
76043 0 0
69721 1 0
52243 0 0
10463 1 0
26715 1 0
62661 0 0
47818 1 0
12840 0 0
63590 0 0
82349 0 0
73197 1 0
96769 0 0
81472 0 0
64792 0 0
5659 0 0
29119 1 0
62202 1 0
53732 1 0
85519 1 0
81285 0 0
44947 1 0
18275 1 0
91684 1 0
26866 0 0
74997 0 0
99628 1 0
86692 1 0
42534 1 0
54889 1 0
67114 0 0
38833 0 0
74600 1 0
13210 0 0
30148 1 0
10297 1 0
55764 1 0
55217 0 0
56772 0 0
32566 0 0
94141 1 0
57579 1 0
61668 0 0
49758 1 0
19953 0 0
63791 1 0
63342 1 0
61077 1 0
49562 1 0
60583 1 0
57952 1 0
38384 0 0
62061 0 0
4820 0 0
20857 0 0
58390 0 0
17927 1 0
68743 0 0
93860 0 0
86257 1 0
27591 0 0
27672 1 0
29019 0 0
56597 1 0
14409 1 0
84001 1 0
15587 1 0
28760 1 0
68010 0 0
65604 1 0
714 0 0
53931 1 0
25851 1 0
5297 0 0
45416 1 0
89504 0 0
84900 1 0
67195 0 0
25763 1 0
24762 1 0
42189 1 0
26244 1 0
45805 0 0
65607 0 0
28718 0 0
30021 0 0
18839 0 0
43287 0 0
34478 1 0
21540 0 0
18580 1 0
1987 0 0
68791 0 0
94696 1 0
55275 1 0
16754 1 0
73379 0 0
45427 1 0
41760 0 0
81557 1 0
70374 0 0
86491 0 0
19972 1 0
80271 1 0
91782 0 0
74193 0 0
8891 0 0
17713 0 0
27245 0 0
47833 0 0
7564 0 0
84674 1 0
97423 0 0
13230 0 0
92806 0 0
65411 0 0
44426 0 0
71478 1 0
92752 0 0
62731 1 0
44143 1 0
83205 1 0
85521 0 0
84574 1 0
22464 0 0
7670 0 0
77281 0 0
89846 1 0
20881 0 0
60645 0 0
51257 0 0
66980 0 0
76013 0 0
56969 0 0
99626 1 0
22693 1 0
96806 1 0
2723 1 0
39701 0 0
65373 1 0
80463 1 0
18639 1 0
46786 0 0
95389 1 0
1401 1 0
3864 0 0
40769 1 0
45848 0 0
26567 0 0
80486 1 0
68925 1 0
44754 1 0
37971 1 0
40486 0 0
66408 1 0
29153 1 0
59694 0 0
74949 0 0
54897 0 0
59329 0 0
17963 0 0
73128 0 0
94195 1 0
11606 1 0
20611 0 0
39925 0 0
67056 1 0
23713 0 0
53364 1 0
77982 1 0
32824 1 0
90136 1 0
28056 0 0
19726 0 0
79156 0 0
46516 1 0
6378 0 0
34208 0 0
98833 0 0
40307 0 0
33975 0 0
25985 0 0
54588 0 0
35896 1 0
27361 0 0
19918 1 0
5017 0 0
7089 0 0
28168 0 0
8544 0 0
68001 1 0
84157 1 0
21188 0 0
28487 1 0
28608 0 0
57086 0 0
35066 0 0
68589 0 0
45119 1 0
26483 1 0
10782 0 0
60717 0 0
30674 0 0
62034 1 0
93604 0 0
27027 0 0
70682 0 0
28483 1 0
62512 1 0
11444 0 0
42548 1 0
88125 1 0
59959 1 0
93049 0 0
37325 0 0
32541 0 0
68764 1 0
40605 0 0
93292 0 0
45298 0 0
73358 1 0
37843 0 0
1133 1 0
59017 1 0
98785 0 0
26956 0 0
60155 1 0
6833 0 0
54786 1 0
51561 1 0
58759 0 0
6610 0 0
70136 0 0
53166 0 0
37806 1 0
33934 0 0
75225 1 0
1723 1 0
51615 1 0
49337 1 0
71574 0 0
23616 0 0
1831 1 0
70453 1 0
87629 0 0
59241 0 0
18553 0 0
2467 1 0
42485 0 0
97673 0 0
16858 0 0
33104 1 0
15576 1 0
63464 0 0
22362 0 0
51734 1 0
98808 0 0
26918 0 0
23364 1 0
75239 1 0
23160 0 0
86568 1 0
14316 0 0
37562 1 0
94527 1 0
69812 1 0
54884 0 0
62942 0 0
83354 1 0
31032 1 0
10186 0 0
3766 0 0
67522 0 0
44464 1 0
87019 1 0
19710 1 0
23475 0 0
83155 0 0
14373 1 0
93203 0 0
23593 0 0
25876 1 0
69820 0 0
31935 0 0
14426 1 0
1743 1 0
1791 0 0
86607 1 0
91109 0 0
88483 1 0
48486 1 0
28514 0 0
55452 1 0
66639 1 0
71986 0 0
34042 0 0
68045 0 0
4738 0 0
45581 1 0
56879 0 0
48238 0 0
93468 1 0
79203 0 0
99075 0 0
49230 1 0
106 1 0
17939 0 0
26425 0 0
27193 0 0
56858 1 0
24884 0 0
86229 1 0
12880 1 0
89707 1 0
15126 0 0
22914 0 0
13020 0 0
29992 1 0
54077 0 0
32463 1 0
27988 1 0
36550 1 0
10007 1 0
85726 0 0
30556 0 0
45778 1 0
19211 1 0
34564 1 0
15801 1 0
82934 0 0
23628 0 0
81807 1 0
73392 1 0
55870 1 0
52812 1 0
26515 0 0
55356 0 0
25216 1 0
48392 1 0
44903 1 0
72635 0 0
31355 1 0
47995 0 0
91548 1 0
61753 0 0
52483 1 0
13817 0 0
34837 1 0
69066 1 0
16361 1 0
67433 0 0
43183 1 0
73060 1 0
48124 1 0
84542 1 0
40078 1 0
62230 1 0
49597 0 0
90782 0 0
1793 0 0
25375 1 0
35807 1 0
89267 1 0
26749 1 0
17052 1 0
13484 0 0
37333 0 0
53557 0 0
72342 0 0
83067 1 0
36474 0 0
33977 0 0
34246 1 0
78819 1 0
12378 0 0
30602 0 0
36953 1 0
93644 0 0
65950 1 0
92893 0 0
66057 1 0
4238 0 0
85696 0 0
2894 0 0
92856 1 0
7559 0 0
20743 0 0
58013 1 0
38872 0 0
3868 0 0
35869 0 0
2277 1 0
10591 0 0
17400 0 0
10191 1 0
12590 1 0
13553 1 0
89947 1 0
7024 1 0
83641 0 0
25085 1 0
81522 0 0
38002 1 0
23775 1 0
87180 1 0
5895 1 0
60449 0 0
42361 0 0
84677 0 0
46107 1 0
46010 1 0
63363 0 0
54185 1 0
37268 0 0
82641 0 0
85612 0 0
45065 1 0
24832 0 0
39845 1 0
92683 1 0
30257 0 0
20963 0 0
62147 1 0
64298 0 0
72170 0 0
19597 1 0
90075 0 0
57304 1 0
76843 1 0
86982 1 0
4761 0 0
26040 0 0
21592 1 0
24957 0 0
5152 1 0
52287 1 0
87771 0 0
48651 1 0
36428 0 0
34067 0 0
87213 0 0
53251 1 0
81014 1 0
79808 1 0
16328 0 0
19285 0 0
42786 1 0
98178 0 0
51642 0 0
68323 1 0
88360 0 0
83531 1 0
2095 0 0
84704 1 0
80269 0 0
78033 1 0
63094 1 0
69497 1 0
69629 0 0
20726 0 0
34854 1 0
42290 0 0
44212 1 0
96083 0 0
26952 1 0
11028 0 0
64489 0 0
93858 0 0
11779 1 0
88414 0 0
53357 0 0
49529 0 0
91487 1 0
36198 1 0
83341 1 0
67048 0 0
19128 1 0
27750 1 0
45303 1 0
16434 0 0
82337 1 0
51130 0 0
8139 1 0
75645 0 0
43410 1 0
33377 1 0
36698 1 0
29196 1 0
15037 0 0
7250 0 0
61662 0 0
63312 0 0
39243 0 0
43330 0 0
52307 1 0
76510 1 0
20616 1 0
33446 0 0
3773 0 0
15809 1 0
37285 0 0
56717 0 0
97011 0 0
94045 1 0
88325 0 0
70845 1 0
97623 1 0
78303 1 0
91619 1 0
68909 0 0
46124 1 0
58643 1 0
6475 0 0
96900 0 0
95182 1 0
80862 0 0
67091 1 0
42241 0 0
80436 0 0
42179 1 0
8983 1 0
27647 1 0
49327 0 0
25610 0 0
96939 1 0
17502 1 0
10791 1 0
11529 1 0
52887 0 0
37446 0 0
6438 0 0
40626 1 0
80466 1 0
62247 1 0
98277 1 0
20327 0 0
97769 1 0
28739 0 0
60597 0 0
3334 0 0
6577 0 0
45727 0 0
53371 1 0
9323 0 0
48222 0 0
12932 0 0
281 0 0
37827 0 0
29591 0 0
63389 0 0
82545 1 0
46230 1 0
86916 0 0
62074 0 0
14837 1 0
79560 0 0
42702 1 0
29387 1 0
9116 0 0
59981 1 0
956 1 0
48901 1 0
83146 1 0
94815 0 0
60998 1 0
3185 0 0
26854 0 0
4674 1 0
84497 1 0
93341 0 0
82409 0 0
5292 0 0
5945 0 0
19632 0 0
95038 1 0
54942 1 0
11534 1 0
69110 1 0
74321 1 0
4787 1 0
60746 0 0
37098 1 0
18294 1 0
61883 0 0
1996 0 0
2960 1 0
71859 0 0
58206 0 0
45992 1 0
55393 1 0
35608 0 0
75116 0 0
29399 1 0
47138 0 0
37577 0 0
91779 1 0
90225 1 0
46534 1 0
80219 1 0
99613 0 0
68565 0 0
10045 0 0
3997 1 0
45351 1 0
36407 1 0
50318 1 0
70413 1 0
39049 1 0
22179 1 0
59602 0 0
78925 1 0
50651 1 0
5061 1 0
96743 0 0
66645 1 0
7037 1 0
88197 1 0
52530 0 0
49819 1 0
61825 1 0
91389 0 0
51148 0 0
94815 1 0
70325 0 0
27639 0 0
22778 0 0
78355 1 0
32676 1 0
34328 0 0
41244 1 0
32421 1 0
75174 0 0
44129 1 0
8422 0 0
66316 0 0
67108 0 0
53175 1 0
75080 0 0
28162 0 0
89719 1 0
48566 0 0
91939 1 0
55555 1 0
43258 0 0
67390 1 0
48370 0 0
25521 0 0
97203 0 0
34867 0 0
92228 0 0
29335 0 0
47744 0 0
78808 1 0
31255 1 0
29998 1 0
94982 0 0
90229 0 0
79516 1 0
77558 1 0
20302 0 0
29646 0 0
84034 0 0
1208 0 0
82552 0 0
48190 0 0
5874 0 0
34898 0 0
24534 0 0
10836 0 0
18144 0 0
11473 0 0
22704 1 0
27394 0 0
91444 1 0
91183 1 0
87528 0 0
79897 1 0
82738 0 0
75265 0 0
77551 1 0
93938 1 0
81642 0 0
2155 0 0
17110 1 0
79215 0 0
4343 1 0
78310 0 0
97173 0 0
212 1 0
83935 0 0
84338 0 0
35101 0 0
67680 1 0
31972 0 0
32810 0 0
57378 0 0
17213 1 0
53182 1 0
49016 1 0
10775 1 0
20666 0 0
70041 0 0
41567 1 0
14021 1 0
56275 1 0
26062 0 0
75988 1 0
27974 1 0
51605 0 0
51455 1 0
50708 0 0
57682 0 0
64426 1 0
96086 1 0
72803 1 0
35519 1 0
25136 1 0
21424 1 0
91621 0 0
13099 0 0
61079 0 0
49260 1 0
80460 0 0
42188 0 0
42605 0 0
24509 0 0
36343 0 0
17786 0 0
23506 1 0
86465 1 0
75657 0 0
19677 0 0
82570 0 0
1321 0 0
69643 0 0
18884 1 0
21779 0 0
58418 1 0
62611 1 0
33852 0 0
76231 1 0
64978 1 0
39793 1 0
30506 0 0
88294 0 0
99761 0 0
94657 0 0
13627 0 0
85795 0 0
89672 1 0
6338 0 0
44151 0 0
3514 1 0
86573 1 0
94269 0 0
71826 0 0
93110 1 0
65276 1 0
15179 0 0
5609 1 0
81040 1 0
90433 1 0
22008 1 0
53209 1 0
10033 0 0
75241 0 0
8438 0 0
54507 1 0
30142 1 0
68717 1 0
84971 1 0
24734 1 0
63764 0 0
92714 1 0
90016 1 0
49313 1 0
35487 0 0
66822 0 0
66324 1 0
55627 1 0
76881 1 0
81965 0 0
48427 1 0
25674 0 0
49126 0 0
59872 0 0
61150 0 0
78379 1 0
76769 0 0
68244 0 0
63777 1 0
52431 1 0
97861 1 0
82688 1 0
65794 1 0
36662 1 0
81102 0 0
3555 1 0
66211 1 0
97276 1 0
69637 1 0
15295 1 0
99015 1 0
78830 0 0
96584 0 0
69491 1 0
69532 1 0
18816 0 0
60663 0 0
28824 0 0
58240 0 0
10781 0 0
24413 0 0
13801 0 0
70892 0 0
10899 1 0
14075 1 0
79348 1 0
5852 1 0
13320 1 0
35611 1 0
33621 1 0
4985 1 0
17036 0 0
90883 0 0
99423 0 0
53548 1 0
73973 0 0
27377 0 0
69416 0 0
57105 0 0
86156 1 0
33895 1 0
49503 1 0
67980 0 0
54415 0 0
94566 0 0
35534 1 0
87797 1 0
31993 0 0
94476 0 0
47169 1 0
56040 0 0
66956 1 0
23596 1 0
59713 1 0
2806 1 0
63002 0 0
85070 0 0
49642 0 0
59184 1 0
40116 0 0
79167 0 0
21202 0 0
82008 1 0
56261 0 0
21471 1 0
79207 1 0
25846 1 0
33048 0 0
81553 0 0
74605 0 0
2075 1 0
61680 0 0
31191 0 0
63852 0 0
99344 0 0
85048 1 0
10163 0 0
80612 1 0
93980 1 0
69606 0 0
85177 0 0
55045 0 0
77112 1 0
22303 0 0
13212 1 0
76874 1 0
23017 0 0
86557 0 0
81141 1 0
32241 1 0
71364 1 0
61395 0 0
51050 1 0
53927 0 0
6651 1 0
21237 0 0
27644 0 0
3311 1 0
47151 0 0
76989 0 0
5232 0 0
4133 1 0
83591 1 0
12850 1 0
39671 0 0
23925 0 0
61702 1 0
73107 1 0
71764 0 0
87928 1 0
42101 1 0
45499 1 0
50063 1 0
52943 1 0
69753 1 0
32757 0 0
88806 0 0
53238 0 0
18143 0 0
56941 1 0
43769 0 0
68834 1 0
80746 0 0
32920 1 0
27474 0 0
60178 1 0
80494 0 0
17231 1 0
68495 1 0
49823 1 0
38021 1 0
4341 1 0
31828 0 0
11353 0 0
36000 0 0
90866 0 0
7601 1 0
88456 0 0
27473 0 0
14406 0 0
66067 1 0
89923 1 0
72370 1 0
59899 1 0
60628 0 0
23299 1 0
72974 0 0
43371 0 0
83488 0 0
4473 1 0
76589 1 0
76119 1 0
57366 0 0
17939 1 0
51666 0 0
20156 1 0
72706 0 0
13205 0 0
96067 0 0
40271 0 0
34275 0 0
16386 1 0
9858 1 0
20667 0 0
94865 0 0
60776 0 0
23921 0 0
89133 0 0
72695 0 0
71465 1 0
22713 0 0
28804 1 0
