2000 2000 666
668 1333
669 1332
670 1331
671 1330
672 1329
673 1328
674 1327
675 1326
676 1325
677 1324
678 1323
679 1322
680 1321
681 1320
682 1319
683 1318
684 1317
685 1316
686 1315
687 1314
688 1313
689 1312
690 1311
691 1310
692 1309
693 1308
694 1307
695 1306
696 1305
697 1304
698 1303
699 1302
700 1301
701 1300
702 1299
703 1298
704 1297
705 1296
706 1295
707 1294
708 1293
709 1292
710 1291
711 1290
712 1289
713 1288
714 1287
715 1286
716 1285
717 1284
718 1283
719 1282
720 1281
721 1280
722 1279
723 1278
724 1277
725 1276
726 1275
727 1274
728 1273
729 1272
730 1271
731 1270
732 1269
733 1268
734 1267
735 1266
736 1265
737 1264
738 1263
739 1262
740 1261
741 1260
742 1259
743 1258
744 1257
745 1256
746 1255
747 1254
748 1253
749 1252
750 1251
751 1250
752 1249
753 1248
754 1247
755 1246
756 1245
757 1244
758 1243
759 1242
760 1241
761 1240
762 1239
763 1238
764 1237
765 1236
766 1235
767 1234
768 1233
769 1232
770 1231
771 1230
772 1229
773 1228
774 1227
775 1226
776 1225
777 1224
778 1223
779 1222
780 1221
781 1220
782 1219
783 1218
784 1217
785 1216
786 1215
787 1214
788 1213
789 1212
790 1211
791 1210
792 1209
793 1208
794 1207
795 1206
796 1205
797 1204
798 1203
799 1202
800 1201
801 1200
802 1199
803 1198
804 1197
805 1196
806 1195
807 1194
808 1193
809 1192
810 1191
811 1190
812 1189
813 1188
814 1187
815 1186
816 1185
817 1184
818 1183
819 1182
820 1181
821 1180
822 1179
823 1178
824 1177
825 1176
826 1175
827 1174
828 1173
829 1172
830 1171
831 1170
832 1169
833 1168
834 1167
835 1166
836 1165
837 1164
838 1163
839 1162
840 1161
841 1160
842 1159
843 1158
844 1157
845 1156
846 1155
847 1154
848 1153
849 1152
850 1151
851 1150
852 1149
853 1148
854 1147
855 1146
856 1145
857 1144
858 1143
859 1142
860 1141
861 1140
862 1139
863 1138
864 1137
865 1136
866 1135
867 1134
868 1133
869 1132
870 1131
871 1130
872 1129
873 1128
874 1127
875 1126
876 1125
877 1124
878 1123
879 1122
880 1121
881 1120
882 1119
883 1118
884 1117
885 1116
886 1115
887 1114
888 1113
889 1112
890 1111
891 1110
892 1109
893 1108
894 1107
895 1106
896 1105
897 1104
898 1103
899 1102
900 1101
901 1100
902 1099
903 1098
904 1097
905 1096
906 1095
907 1094
908 1093
909 1092
910 1091
911 1090
912 1089
913 1088
914 1087
915 1086
916 1085
917 1084
918 1083
919 1082
920 1081
921 1080
922 1079
923 1078
924 1077
925 1076
926 1075
927 1074
928 1073
929 1072
930 1071
931 1070
932 1069
933 1068
934 1067
935 1066
936 1065
937 1064
938 1063
939 1062
940 1061
941 1060
942 1059
943 1058
944 1057
945 1056
946 1055
947 1054
948 1053
949 1052
950 1051
951 1050
952 1049
953 1048
954 1047
955 1046
956 1045
957 1044
958 1043
959 1042
960 1041
961 1040
962 1039
963 1038
964 1037
965 1036
966 1035
967 1034
968 1033
969 1032
970 1031
971 1030
972 1029
973 1028
974 1027
975 1026
976 1025
977 1024
978 1023
979 1022
980 1021
981 1020
982 1019
983 1018
984 1017
985 1016
986 1015
987 1014
988 1013
989 1012
990 1011
991 1010
992 1009
993 1008
994 1007
995 1006
996 1005
997 1004
998 1003
999 1002
1000 1001
1001 1000
1002 999
1003 998
1004 997
1005 996
1006 995
1007 994
1008 993
1009 992
1010 991
1011 990
1012 989
1013 988
1014 987
1015 986
1016 985
1017 984
1018 983
1019 982
1020 981
1021 980
1022 979
1023 978
1024 977
1025 976
1026 975
1027 974
1028 973
1029 972
1030 971
1031 970
1032 969
1033 968
1034 967
1035 966
1036 965
1037 964
1038 963
1039 962
1040 961
1041 960
1042 959
1043 958
1044 957
1045 956
1046 955
1047 954
1048 953
1049 952
1050 951
1051 950
1052 949
1053 948
1054 947
1055 946
1056 945
1057 944
1058 943
1059 942
1060 941
1061 940
1062 939
1063 938
1064 937
1065 936
1066 935
1067 934
1068 933
1069 932
1070 931
1071 930
1072 929
1073 928
1074 927
1075 926
1076 925
1077 924
1078 923
1079 922
1080 921
1081 920
1082 919
1083 918
1084 917
1085 916
1086 915
1087 914
1088 913
1089 912
1090 911
1091 910
1092 909
1093 908
1094 907
1095 906
1096 905
1097 904
1098 903
1099 902
1100 901
1101 900
1102 899
1103 898
1104 897
1105 896
1106 895
1107 894
1108 893
1109 892
1110 891
1111 890
1112 889
1113 888
1114 887
1115 886
1116 885
1117 884
1118 883
1119 882
1120 881
1121 880
1122 879
1123 878
1124 877
1125 876
1126 875
1127 874
1128 873
1129 872
1130 871
1131 870
1132 869
1133 868
1134 867
1135 866
1136 865
1137 864
1138 863
1139 862
1140 861
1141 860
1142 859
1143 858
1144 857
1145 856
1146 855
1147 854
1148 853
1149 852
1150 851
1151 850
1152 849
1153 848
1154 847
1155 846
1156 845
1157 844
1158 843
1159 842
1160 841
1161 840
1162 839
1163 838
1164 837
1165 836
1166 835
1167 834
1168 833
1169 832
1170 831
1171 830
1172 829
1173 828
1174 827
1175 826
1176 825
1177 824
1178 823
1179 822
1180 821
1181 820
1182 819
1183 818
1184 817
1185 816
1186 815
1187 814
1188 813
1189 812
1190 811
1191 810
1192 809
1193 808
1194 807
1195 806
1196 805
1197 804
1198 803
1199 802
1200 801
1201 800
1202 799
1203 798
1204 797
1205 796
1206 795
1207 794
1208 793
1209 792
1210 791
1211 790
1212 789
1213 788
1214 787
1215 786
1216 785
1217 784
1218 783
1219 782
1220 781
1221 780
1222 779
1223 778
1224 777
1225 776
1226 775
1227 774
1228 773
1229 772
1230 771
1231 770
1232 769
1233 768
1234 767
1235 766
1236 765
1237 764
1238 763
1239 762
1240 761
1241 760
1242 759
1243 758
1244 757
1245 756
1246 755
1247 754
1248 753
1249 752
1250 751
1251 750
1252 749
1253 748
1254 747
1255 746
1256 745
1257 744
1258 743
1259 742
1260 741
1261 740
1262 739
1263 738
1264 737
1265 736
1266 735
1267 734
1268 733
1269 732
1270 731
1271 730
1272 729
1273 728
1274 727
1275 726
1276 725
1277 724
1278 723
1279 722
1280 721
1281 720
1282 719
1283 718
1284 717
1285 716
1286 715
1287 714
1288 713
1289 712
1290 711
1291 710
1292 709
1293 708
1294 707
1295 706
1296 705
1297 704
1298 703
1299 702
1300 701
1301 700
1302 699
1303 698
1304 697
1305 696
1306 695
1307 694
1308 693
1309 692
1310 691
1311 690
1312 689
1313 688
1314 687
1315 686
1316 685
1317 684
1318 683
1319 682
1320 681
1321 680
1322 679
1323 678
1324 677
1325 676
1326 675
1327 674
1328 673
1329 672
1330 671
1331 670
1332 669
1333 668
