1001 204 2666
401 69
401 74
401 79
401 84
401 89
401 94
401 99
401 104
401 109
401 114
401 119
401 124
401 129
401 134
402 73
402 78
402 83
402 88
402 93
402 98
402 103
402 108
402 113
402 118
402 123
402 128
402 133
403 72
403 77
403 82
403 87
403 92
403 97
403 102
403 107
403 112
403 117
403 122
403 127
403 132
404 71
404 76
404 81
404 86
404 91
404 96
404 101
404 106
404 111
404 116
404 121
404 126
404 131
405 70
405 75
405 80
405 85
405 90
405 95
405 100
405 105
405 110
405 115
405 120
405 125
405 130
405 135
406 69
406 74
406 79
406 84
406 89
406 94
406 99
406 104
406 109
406 114
406 119
406 124
406 129
406 134
407 73
407 78
407 83
407 88
407 93
407 98
407 103
407 108
407 113
407 118
407 123
407 128
407 133
408 72
408 77
408 82
408 87
408 92
408 97
408 102
408 107
408 112
408 117
408 122
408 127
408 132
409 71
409 76
409 81
409 86
409 91
409 96
409 101
409 106
409 111
409 116
409 121
409 126
409 131
410 70
410 75
410 80
410 85
410 90
410 95
410 100
410 105
410 110
410 115
410 120
410 125
410 130
410 135
411 69
411 74
411 79
411 84
411 89
411 94
411 99
411 104
411 109
411 114
411 119
411 124
411 129
411 134
412 73
412 78
412 83
412 88
412 93
412 98
412 103
412 108
412 113
412 118
412 123
412 128
412 133
413 72
413 77
413 82
413 87
413 92
413 97
413 102
413 107
413 112
413 117
413 122
413 127
413 132
414 71
414 76
414 81
414 86
414 91
414 96
414 101
414 106
414 111
414 116
414 121
414 126
414 131
415 70
415 75
415 80
415 85
415 90
415 95
415 100
415 105
415 110
415 115
415 120
415 125
415 130
415 135
416 69
416 74
416 79
416 84
416 89
416 94
416 99
416 104
416 109
416 114
416 119
416 124
416 129
416 134
417 73
417 78
417 83
417 88
417 93
417 98
417 103
417 108
417 113
417 118
417 123
417 128
417 133
418 72
418 77
418 82
418 87
418 92
418 97
418 102
418 107
418 112
418 117
418 122
418 127
418 132
419 71
419 76
419 81
419 86
419 91
419 96
419 101
419 106
419 111
419 116
419 121
419 126
419 131
420 70
420 75
420 80
420 85
420 90
420 95
420 100
420 105
420 110
420 115
420 120
420 125
420 130
420 135
421 69
421 74
421 79
421 84
421 89
421 94
421 99
421 104
421 109
421 114
421 119
421 124
421 129
421 134
422 73
422 78
422 83
422 88
422 93
422 98
422 103
422 108
422 113
422 118
422 123
422 128
422 133
423 72
423 77
423 82
423 87
423 92
423 97
423 102
423 107
423 112
423 117
423 122
423 127
423 132
424 71
424 76
424 81
424 86
424 91
424 96
424 101
424 106
424 111
424 116
424 121
424 126
424 131
425 70
425 75
425 80
425 85
425 90
425 95
425 100
425 105
425 110
425 115
425 120
425 125
425 130
425 135
426 69
426 74
426 79
426 84
426 89
426 94
426 99
426 104
426 109
426 114
426 119
426 124
426 129
426 134
427 73
427 78
427 83
427 88
427 93
427 98
427 103
427 108
427 113
427 118
427 123
427 128
427 133
428 72
428 77
428 82
428 87
428 92
428 97
428 102
428 107
428 112
428 117
428 122
428 127
428 132
429 71
429 76
429 81
429 86
429 91
429 96
429 101
429 106
429 111
429 116
429 121
429 126
429 131
430 70
430 75
430 80
430 85
430 90
430 95
430 100
430 105
430 110
430 115
430 120
430 125
430 130
430 135
431 69
431 74
431 79
431 84
431 89
431 94
431 99
431 104
431 109
431 114
431 119
431 124
431 129
431 134
432 73
432 78
432 83
432 88
432 93
432 98
432 103
432 108
432 113
432 118
432 123
432 128
432 133
433 72
433 77
433 82
433 87
433 92
433 97
433 102
433 107
433 112
433 117
433 122
433 127
433 132
434 71
434 76
434 81
434 86
434 91
434 96
434 101
434 106
434 111
434 116
434 121
434 126
434 131
435 70
435 75
435 80
435 85
435 90
435 95
435 100
435 105
435 110
435 115
435 120
435 125
435 130
435 135
436 69
436 74
436 79
436 84
436 89
436 94
436 99
436 104
436 109
436 114
436 119
436 124
436 129
436 134
437 73
437 78
437 83
437 88
437 93
437 98
437 103
437 108
437 113
437 118
437 123
437 128
437 133
438 72
438 77
438 82
438 87
438 92
438 97
438 102
438 107
438 112
438 117
438 122
438 127
438 132
439 71
439 76
439 81
439 86
439 91
439 96
439 101
439 106
439 111
439 116
439 121
439 126
439 131
440 70
440 75
440 80
440 85
440 90
440 95
440 100
440 105
440 110
440 115
440 120
440 125
440 130
440 135
441 69
441 74
441 79
441 84
441 89
441 94
441 99
441 104
441 109
441 114
441 119
441 124
441 129
441 134
442 73
442 78
442 83
442 88
442 93
442 98
442 103
442 108
442 113
442 118
442 123
442 128
442 133
443 72
443 77
443 82
443 87
443 92
443 97
443 102
443 107
443 112
443 117
443 122
443 127
443 132
444 71
444 76
444 81
444 86
444 91
444 96
444 101
444 106
444 111
444 116
444 121
444 126
444 131
445 70
445 75
445 80
445 85
445 90
445 95
445 100
445 105
445 110
445 115
445 120
445 125
445 130
445 135
446 69
446 74
446 79
446 84
446 89
446 94
446 99
446 104
446 109
446 114
446 119
446 124
446 129
446 134
447 73
447 78
447 83
447 88
447 93
447 98
447 103
447 108
447 113
447 118
447 123
447 128
447 133
448 72
448 77
448 82
448 87
448 92
448 97
448 102
448 107
448 112
448 117
448 122
448 127
448 132
449 71
449 76
449 81
449 86
449 91
449 96
449 101
449 106
449 111
449 116
449 121
449 126
449 131
450 70
450 75
450 80
450 85
450 90
450 95
450 100
450 105
450 110
450 115
450 120
450 125
450 130
450 135
451 69
451 74
451 79
451 84
451 89
451 94
451 99
451 104
451 109
451 114
451 119
451 124
451 129
451 134
452 73
452 78
452 83
452 88
452 93
452 98
452 103
452 108
452 113
452 118
452 123
452 128
452 133
453 72
453 77
453 82
453 87
453 92
453 97
453 102
453 107
453 112
453 117
453 122
453 127
453 132
454 71
454 76
454 81
454 86
454 91
454 96
454 101
454 106
454 111
454 116
454 121
454 126
454 131
455 70
455 75
455 80
455 85
455 90
455 95
455 100
455 105
455 110
455 115
455 120
455 125
455 130
455 135
456 69
456 74
456 79
456 84
456 89
456 94
456 99
456 104
456 109
456 114
456 119
456 124
456 129
456 134
457 73
457 78
457 83
457 88
457 93
457 98
457 103
457 108
457 113
457 118
457 123
457 128
457 133
458 72
458 77
458 82
458 87
458 92
458 97
458 102
458 107
458 112
458 117
458 122
458 127
458 132
459 71
459 76
459 81
459 86
459 91
459 96
459 101
459 106
459 111
459 116
459 121
459 126
459 131
460 70
460 75
460 80
460 85
460 90
460 95
460 100
460 105
460 110
460 115
460 120
460 125
460 130
460 135
461 69
461 74
461 79
461 84
461 89
461 94
461 99
461 104
461 109
461 114
461 119
461 124
461 129
461 134
462 73
462 78
462 83
462 88
462 93
462 98
462 103
462 108
462 113
462 118
462 123
462 128
462 133
463 72
463 77
463 82
463 87
463 92
463 97
463 102
463 107
463 112
463 117
463 122
463 127
463 132
464 71
464 76
464 81
464 86
464 91
464 96
464 101
464 106
464 111
464 116
464 121
464 126
464 131
465 70
465 75
465 80
465 85
465 90
465 95
465 100
465 105
465 110
465 115
465 120
465 125
465 130
465 135
466 69
466 74
466 79
466 84
466 89
466 94
466 99
466 104
466 109
466 114
466 119
466 124
466 129
466 134
467 73
467 78
467 83
467 88
467 93
467 98
467 103
467 108
467 113
467 118
467 123
467 128
467 133
468 72
468 77
468 82
468 87
468 92
468 97
468 102
468 107
468 112
468 117
468 122
468 127
468 132
469 71
469 76
469 81
469 86
469 91
469 96
469 101
469 106
469 111
469 116
469 121
469 126
469 131
470 70
470 75
470 80
470 85
470 90
470 95
470 100
470 105
470 110
470 115
470 120
470 125
470 130
470 135
471 69
471 74
471 79
471 84
471 89
471 94
471 99
471 104
471 109
471 114
471 119
471 124
471 129
471 134
472 73
472 78
472 83
472 88
472 93
472 98
472 103
472 108
472 113
472 118
472 123
472 128
472 133
473 72
473 77
473 82
473 87
473 92
473 97
473 102
473 107
473 112
473 117
473 122
473 127
473 132
474 71
474 76
474 81
474 86
474 91
474 96
474 101
474 106
474 111
474 116
474 121
474 126
474 131
475 70
475 75
475 80
475 85
475 90
475 95
475 100
475 105
475 110
475 115
475 120
475 125
475 130
475 135
476 69
476 74
476 79
476 84
476 89
476 94
476 99
476 104
476 109
476 114
476 119
476 124
476 129
476 134
477 73
477 78
477 83
477 88
477 93
477 98
477 103
477 108
477 113
477 118
477 123
477 128
477 133
478 72
478 77
478 82
478 87
478 92
478 97
478 102
478 107
478 112
478 117
478 122
478 127
478 132
479 71
479 76
479 81
479 86
479 91
479 96
479 101
479 106
479 111
479 116
479 121
479 126
479 131
480 70
480 75
480 80
480 85
480 90
480 95
480 100
480 105
480 110
480 115
480 120
480 125
480 130
480 135
481 69
481 74
481 79
481 84
481 89
481 94
481 99
481 104
481 109
481 114
481 119
481 124
481 129
481 134
482 73
482 78
482 83
482 88
482 93
482 98
482 103
482 108
482 113
482 118
482 123
482 128
482 133
483 72
483 77
483 82
483 87
483 92
483 97
483 102
483 107
483 112
483 117
483 122
483 127
483 132
484 71
484 76
484 81
484 86
484 91
484 96
484 101
484 106
484 111
484 116
484 121
484 126
484 131
485 70
485 75
485 80
485 85
485 90
485 95
485 100
485 105
485 110
485 115
485 120
485 125
485 130
485 135
486 69
486 74
486 79
486 84
486 89
486 94
486 99
486 104
486 109
486 114
486 119
486 124
486 129
486 134
487 73
487 78
487 83
487 88
487 93
487 98
487 103
487 108
487 113
487 118
487 123
487 128
487 133
488 72
488 77
488 82
488 87
488 92
488 97
488 102
488 107
488 112
488 117
488 122
488 127
488 132
489 71
489 76
489 81
489 86
489 91
489 96
489 101
489 106
489 111
489 116
489 121
489 126
489 131
490 70
490 75
490 80
490 85
490 90
490 95
490 100
490 105
490 110
490 115
490 120
490 125
490 130
490 135
491 69
491 74
491 79
491 84
491 89
491 94
491 99
491 104
491 109
491 114
491 119
491 124
491 129
491 134
492 73
492 78
492 83
492 88
492 93
492 98
492 103
492 108
492 113
492 118
492 123
492 128
492 133
493 72
493 77
493 82
493 87
493 92
493 97
493 102
493 107
493 112
493 117
493 122
493 127
493 132
494 71
494 76
494 81
494 86
494 91
494 96
494 101
494 106
494 111
494 116
494 121
494 126
494 131
495 70
495 75
495 80
495 85
495 90
495 95
495 100
495 105
495 110
495 115
495 120
495 125
495 130
495 135
496 69
496 74
496 79
496 84
496 89
496 94
496 99
496 104
496 109
496 114
496 119
496 124
496 129
496 134
497 73
497 78
497 83
497 88
497 93
497 98
497 103
497 108
497 113
497 118
497 123
497 128
497 133
498 72
498 77
498 82
498 87
498 92
498 97
498 102
498 107
498 112
498 117
498 122
498 127
498 132
499 71
499 76
499 81
499 86
499 91
499 96
499 101
499 106
499 111
499 116
499 121
499 126
499 131
500 70
500 75
500 80
500 85
500 90
500 95
500 100
500 105
500 110
500 115
500 120
500 125
500 130
500 135
501 69
501 74
501 79
501 84
501 89
501 94
501 99
501 104
501 109
501 114
501 119
501 124
501 129
501 134
502 73
502 78
502 83
502 88
502 93
502 98
502 103
502 108
502 113
502 118
502 123
502 128
502 133
503 72
503 77
503 82
503 87
503 92
503 97
503 102
503 107
503 112
503 117
503 122
503 127
503 132
504 71
504 76
504 81
504 86
504 91
504 96
504 101
504 106
504 111
504 116
504 121
504 126
504 131
505 70
505 75
505 80
505 85
505 90
505 95
505 100
505 105
505 110
505 115
505 120
505 125
505 130
505 135
506 69
506 74
506 79
506 84
506 89
506 94
506 99
506 104
506 109
506 114
506 119
506 124
506 129
506 134
507 73
507 78
507 83
507 88
507 93
507 98
507 103
507 108
507 113
507 118
507 123
507 128
507 133
508 72
508 77
508 82
508 87
508 92
508 97
508 102
508 107
508 112
508 117
508 122
508 127
508 132
509 71
509 76
509 81
509 86
509 91
509 96
509 101
509 106
509 111
509 116
509 121
509 126
509 131
510 70
510 75
510 80
510 85
510 90
510 95
510 100
510 105
510 110
510 115
510 120
510 125
510 130
510 135
511 69
511 74
511 79
511 84
511 89
511 94
511 99
511 104
511 109
511 114
511 119
511 124
511 129
511 134
512 73
512 78
512 83
512 88
512 93
512 98
512 103
512 108
512 113
512 118
512 123
512 128
512 133
513 72
513 77
513 82
513 87
513 92
513 97
513 102
513 107
513 112
513 117
513 122
513 127
513 132
514 71
514 76
514 81
514 86
514 91
514 96
514 101
514 106
514 111
514 116
514 121
514 126
514 131
515 70
515 75
515 80
515 85
515 90
515 95
515 100
515 105
515 110
515 115
515 120
515 125
515 130
515 135
516 69
516 74
516 79
516 84
516 89
516 94
516 99
516 104
516 109
516 114
516 119
516 124
516 129
516 134
517 73
517 78
517 83
517 88
517 93
517 98
517 103
517 108
517 113
517 118
517 123
517 128
517 133
518 72
518 77
518 82
518 87
518 92
518 97
518 102
518 107
518 112
518 117
518 122
518 127
518 132
519 71
519 76
519 81
519 86
519 91
519 96
519 101
519 106
519 111
519 116
519 121
519 126
519 131
520 70
520 75
520 80
520 85
520 90
520 95
520 100
520 105
520 110
520 115
520 120
520 125
520 130
520 135
521 69
521 74
521 79
521 84
521 89
521 94
521 99
521 104
521 109
521 114
521 119
521 124
521 129
521 134
522 73
522 78
522 83
522 88
522 93
522 98
522 103
522 108
522 113
522 118
522 123
522 128
522 133
523 72
523 77
523 82
523 87
523 92
523 97
523 102
523 107
523 112
523 117
523 122
523 127
523 132
524 71
524 76
524 81
524 86
524 91
524 96
524 101
524 106
524 111
524 116
524 121
524 126
524 131
525 70
525 75
525 80
525 85
525 90
525 95
525 100
525 105
525 110
525 115
525 120
525 125
525 130
525 135
526 69
526 74
526 79
526 84
526 89
526 94
526 99
526 104
526 109
526 114
526 119
526 124
526 129
526 134
527 73
527 78
527 83
527 88
527 93
527 98
527 103
527 108
527 113
527 118
527 123
527 128
527 133
528 72
528 77
528 82
528 87
528 92
528 97
528 102
528 107
528 112
528 117
528 122
528 127
528 132
529 71
529 76
529 81
529 86
529 91
529 96
529 101
529 106
529 111
529 116
529 121
529 126
529 131
530 70
530 75
530 80
530 85
530 90
530 95
530 100
530 105
530 110
530 115
530 120
530 125
530 130
530 135
531 69
531 74
531 79
531 84
531 89
531 94
531 99
531 104
531 109
531 114
531 119
531 124
531 129
531 134
532 73
532 78
532 83
532 88
532 93
532 98
532 103
532 108
532 113
532 118
532 123
532 128
532 133
533 72
533 77
533 82
533 87
533 92
533 97
533 102
533 107
533 112
533 117
533 122
533 127
533 132
534 71
534 76
534 81
534 86
534 91
534 96
534 101
534 106
534 111
534 116
534 121
534 126
534 131
535 70
535 75
535 80
535 85
535 90
535 95
535 100
535 105
535 110
535 115
535 120
535 125
535 130
535 135
536 69
536 74
536 79
536 84
536 89
536 94
536 99
536 104
536 109
536 114
536 119
536 124
536 129
536 134
537 73
537 78
537 83
537 88
537 93
537 98
537 103
537 108
537 113
537 118
537 123
537 128
537 133
538 72
538 77
538 82
538 87
538 92
538 97
538 102
538 107
538 112
538 117
538 122
538 127
538 132
539 71
539 76
539 81
539 86
539 91
539 96
539 101
539 106
539 111
539 116
539 121
539 126
539 131
540 70
540 75
540 80
540 85
540 90
540 95
540 100
540 105
540 110
540 115
540 120
540 125
540 130
540 135
541 69
541 74
541 79
541 84
541 89
541 94
541 99
541 104
541 109
541 114
541 119
541 124
541 129
541 134
542 73
542 78
542 83
542 88
542 93
542 98
542 103
542 108
542 113
542 118
542 123
542 128
542 133
543 72
543 77
543 82
543 87
543 92
543 97
543 102
543 107
543 112
543 117
543 122
543 127
543 132
544 71
544 76
544 81
544 86
544 91
544 96
544 101
544 106
544 111
544 116
544 121
544 126
544 131
545 70
545 75
545 80
545 85
545 90
545 95
545 100
545 105
545 110
545 115
545 120
545 125
545 130
545 135
546 69
546 74
546 79
546 84
546 89
546 94
546 99
546 104
546 109
546 114
546 119
546 124
546 129
546 134
547 73
547 78
547 83
547 88
547 93
547 98
547 103
547 108
547 113
547 118
547 123
547 128
547 133
548 72
548 77
548 82
548 87
548 92
548 97
548 102
548 107
548 112
548 117
548 122
548 127
548 132
549 71
549 76
549 81
549 86
549 91
549 96
549 101
549 106
549 111
549 116
549 121
549 126
549 131
550 70
550 75
550 80
550 85
550 90
550 95
550 100
550 105
550 110
550 115
550 120
550 125
550 130
550 135
551 69
551 74
551 79
551 84
551 89
551 94
551 99
551 104
551 109
551 114
551 119
551 124
551 129
551 134
552 73
552 78
552 83
552 88
552 93
552 98
552 103
552 108
552 113
552 118
552 123
552 128
552 133
553 72
553 77
553 82
553 87
553 92
553 97
553 102
553 107
553 112
553 117
553 122
553 127
553 132
554 71
554 76
554 81
554 86
554 91
554 96
554 101
554 106
554 111
554 116
554 121
554 126
554 131
555 70
555 75
555 80
555 85
555 90
555 95
555 100
555 105
555 110
555 115
555 120
555 125
555 130
555 135
556 69
556 74
556 79
556 84
556 89
556 94
556 99
556 104
556 109
556 114
556 119
556 124
556 129
556 134
557 73
557 78
557 83
557 88
557 93
557 98
557 103
557 108
557 113
557 118
557 123
557 128
557 133
558 72
558 77
558 82
558 87
558 92
558 97
558 102
558 107
558 112
558 117
558 122
558 127
558 132
559 71
559 76
559 81
559 86
559 91
559 96
559 101
559 106
559 111
559 116
559 121
559 126
559 131
560 70
560 75
560 80
560 85
560 90
560 95
560 100
560 105
560 110
560 115
560 120
560 125
560 130
560 135
561 69
561 74
561 79
561 84
561 89
561 94
561 99
561 104
561 109
561 114
561 119
561 124
561 129
561 134
562 73
562 78
562 83
562 88
562 93
562 98
562 103
562 108
562 113
562 118
562 123
562 128
562 133
563 72
563 77
563 82
563 87
563 92
563 97
563 102
563 107
563 112
563 117
563 122
563 127
563 132
564 71
564 76
564 81
564 86
564 91
564 96
564 101
564 106
564 111
564 116
564 121
564 126
564 131
565 70
565 75
565 80
565 85
565 90
565 95
565 100
565 105
565 110
565 115
565 120
565 125
565 130
565 135
566 69
566 74
566 79
566 84
566 89
566 94
566 99
566 104
566 109
566 114
566 119
566 124
566 129
566 134
567 73
567 78
567 83
567 88
567 93
567 98
567 103
567 108
567 113
567 118
567 123
567 128
567 133
568 72
568 77
568 82
568 87
568 92
568 97
568 102
568 107
568 112
568 117
568 122
568 127
568 132
569 71
569 76
569 81
569 86
569 91
569 96
569 101
569 106
569 111
569 116
569 121
569 126
569 131
570 70
570 75
570 80
570 85
570 90
570 95
570 100
570 105
570 110
570 115
570 120
570 125
570 130
570 135
571 69
571 74
571 79
571 84
571 89
571 94
571 99
571 104
571 109
571 114
571 119
571 124
571 129
571 134
572 73
572 78
572 83
572 88
572 93
572 98
572 103
572 108
572 113
572 118
572 123
572 128
572 133
573 72
573 77
573 82
573 87
573 92
573 97
573 102
573 107
573 112
573 117
573 122
573 127
573 132
574 71
574 76
574 81
574 86
574 91
574 96
574 101
574 106
574 111
574 116
574 121
574 126
574 131
575 70
575 75
575 80
575 85
575 90
575 95
575 100
575 105
575 110
575 115
575 120
575 125
575 130
575 135
576 69
576 74
576 79
576 84
576 89
576 94
576 99
576 104
576 109
576 114
576 119
576 124
576 129
576 134
577 73
577 78
577 83
577 88
577 93
577 98
577 103
577 108
577 113
577 118
577 123
577 128
577 133
578 72
578 77
578 82
578 87
578 92
578 97
578 102
578 107
578 112
578 117
578 122
578 127
578 132
579 71
579 76
579 81
579 86
579 91
579 96
579 101
579 106
579 111
579 116
579 121
579 126
579 131
580 70
580 75
580 80
580 85
580 90
580 95
580 100
580 105
580 110
580 115
580 120
580 125
580 130
580 135
581 69
581 74
581 79
581 84
581 89
581 94
581 99
581 104
581 109
581 114
581 119
581 124
581 129
581 134
582 73
582 78
582 83
582 88
582 93
582 98
582 103
582 108
582 113
582 118
582 123
582 128
582 133
583 72
583 77
583 82
583 87
583 92
583 97
583 102
583 107
583 112
583 117
583 122
583 127
583 132
584 71
584 76
584 81
584 86
584 91
584 96
584 101
584 106
584 111
584 116
584 121
584 126
584 131
585 70
585 75
585 80
585 85
585 90
585 95
585 100
585 105
585 110
585 115
585 120
585 125
585 130
585 135
586 69
586 74
586 79
586 84
586 89
586 94
586 99
586 104
586 109
586 114
586 119
586 124
586 129
586 134
587 73
587 78
587 83
587 88
587 93
587 98
587 103
587 108
587 113
587 118
587 123
587 128
587 133
588 72
588 77
588 82
588 87
588 92
588 97
588 102
588 107
588 112
588 117
588 122
588 127
588 132
589 71
589 76
589 81
589 86
589 91
589 96
589 101
589 106
589 111
589 116
589 121
589 126
589 131
590 70
590 75
590 80
590 85
590 90
590 95
590 100
590 105
590 110
590 115
590 120
590 125
590 130
590 135
591 69
591 74
591 79
591 84
591 89
591 94
591 99
591 104
591 109
591 114
591 119
591 124
591 129
591 134
592 73
592 78
592 83
592 88
592 93
592 98
592 103
592 108
592 113
592 118
592 123
592 128
592 133
593 72
593 77
593 82
593 87
593 92
593 97
593 102
593 107
593 112
593 117
593 122
593 127
593 132
594 71
594 76
594 81
594 86
594 91
594 96
594 101
594 106
594 111
594 116
594 121
594 126
594 131
595 70
595 75
595 80
595 85
595 90
595 95
595 100
595 105
595 110
595 115
595 120
595 125
595 130
595 135
596 69
596 74
596 79
596 84
596 89
596 94
596 99
596 104
596 109
596 114
596 119
596 124
596 129
596 134
597 73
597 78
597 83
597 88
597 93
597 98
597 103
597 108
597 113
597 118
597 123
597 128
597 133
598 72
598 77
598 82
598 87
598 92
598 97
598 102
598 107
598 112
598 117
598 122
598 127
598 132
599 71
599 76
599 81
599 86
599 91
599 96
599 101
599 106
599 111
599 116
599 121
599 126
599 131

