2000 2000 1995
801 1199
801 1200
801 1201
801 1202
801 1203
802 1198
802 1199
802 1200
802 1201
802 1202
803 1197
803 1198
803 1199
803 1200
803 1201
804 1196
804 1197
804 1198
804 1199
804 1200
805 1195
805 1196
805 1197
805 1198
805 1199
806 1194
806 1195
806 1196
806 1197
806 1198
807 1193
807 1194
807 1195
807 1196
807 1197
808 1192
808 1193
808 1194
808 1195
808 1196
809 1191
809 1192
809 1193
809 1194
809 1195
810 1190
810 1191
810 1192
810 1193
810 1194
811 1189
811 1190
811 1191
811 1192
811 1193
812 1188
812 1189
812 1190
812 1191
812 1192
813 1187
813 1188
813 1189
813 1190
813 1191
814 1186
814 1187
814 1188
814 1189
814 1190
815 1185
815 1186
815 1187
815 1188
815 1189
816 1184
816 1185
816 1186
816 1187
816 1188
817 1183
817 1184
817 1185
817 1186
817 1187
818 1182
818 1183
818 1184
818 1185
818 1186
819 1181
819 1182
819 1183
819 1184
819 1185
820 1180
820 1181
820 1182
820 1183
820 1184
821 1179
821 1180
821 1181
821 1182
821 1183
822 1178
822 1179
822 1180
822 1181
822 1182
823 1177
823 1178
823 1179
823 1180
823 1181
824 1176
824 1177
824 1178
824 1179
824 1180
825 1175
825 1176
825 1177
825 1178
825 1179
826 1174
826 1175
826 1176
826 1177
826 1178
827 1173
827 1174
827 1175
827 1176
827 1177
828 1172
828 1173
828 1174
828 1175
828 1176
829 1171
829 1172
829 1173
829 1174
829 1175
830 1170
830 1171
830 1172
830 1173
830 1174
831 1169
831 1170
831 1171
831 1172
831 1173
832 1168
832 1169
832 1170
832 1171
832 1172
833 1167
833 1168
833 1169
833 1170
833 1171
834 1166
834 1167
834 1168
834 1169
834 1170
835 1165
835 1166
835 1167
835 1168
835 1169
836 1164
836 1165
836 1166
836 1167
836 1168
837 1163
837 1164
837 1165
837 1166
837 1167
838 1162
838 1163
838 1164
838 1165
838 1166
839 1161
839 1162
839 1163
839 1164
839 1165
840 1160
840 1161
840 1162
840 1163
840 1164
841 1159
841 1160
841 1161
841 1162
841 1163
842 1158
842 1159
842 1160
842 1161
842 1162
843 1157
843 1158
843 1159
843 1160
843 1161
844 1156
844 1157
844 1158
844 1159
844 1160
845 1155
845 1156
845 1157
845 1158
845 1159
846 1154
846 1155
846 1156
846 1157
846 1158
847 1153
847 1154
847 1155
847 1156
847 1157
848 1152
848 1153
848 1154
848 1155
848 1156
849 1151
849 1152
849 1153
849 1154
849 1155
850 1150
850 1151
850 1152
850 1153
850 1154
851 1149
851 1150
851 1151
851 1152
851 1153
852 1148
852 1149
852 1150
852 1151
852 1152
853 1147
853 1148
853 1149
853 1150
853 1151
854 1146
854 1147
854 1148
854 1149
854 1150
855 1145
855 1146
855 1147
855 1148
855 1149
856 1144
856 1145
856 1146
856 1147
856 1148
857 1143
857 1144
857 1145
857 1146
857 1147
858 1142
858 1143
858 1144
858 1145
858 1146
859 1141
859 1142
859 1143
859 1144
859 1145
860 1140
860 1141
860 1142
860 1143
860 1144
861 1139
861 1140
861 1141
861 1142
861 1143
862 1138
862 1139
862 1140
862 1141
862 1142
863 1137
863 1138
863 1139
863 1140
863 1141
864 1136
864 1137
864 1138
864 1139
864 1140
865 1135
865 1136
865 1137
865 1138
865 1139
866 1134
866 1135
866 1136
866 1137
866 1138
867 1133
867 1134
867 1135
867 1136
867 1137
868 1132
868 1133
868 1134
868 1135
868 1136
869 1131
869 1132
869 1133
869 1134
869 1135
870 1130
870 1131
870 1132
870 1133
870 1134
871 1129
871 1130
871 1131
871 1132
871 1133
872 1128
872 1129
872 1130
872 1131
872 1132
873 1127
873 1128
873 1129
873 1130
873 1131
874 1126
874 1127
874 1128
874 1129
874 1130
875 1125
875 1126
875 1127
875 1128
875 1129
876 1124
876 1125
876 1126
876 1127
876 1128
877 1123
877 1124
877 1125
877 1126
877 1127
878 1122
878 1123
878 1124
878 1125
878 1126
879 1121
879 1122
879 1123
879 1124
879 1125
880 1120
880 1121
880 1122
880 1123
880 1124
881 1119
881 1120
881 1121
881 1122
881 1123
882 1118
882 1119
882 1120
882 1121
882 1122
883 1117
883 1118
883 1119
883 1120
883 1121
884 1116
884 1117
884 1118
884 1119
884 1120
885 1115
885 1116
885 1117
885 1118
885 1119
886 1114
886 1115
886 1116
886 1117
886 1118
887 1113
887 1114
887 1115
887 1116
887 1117
888 1112
888 1113
888 1114
888 1115
888 1116
889 1111
889 1112
889 1113
889 1114
889 1115
890 1110
890 1111
890 1112
890 1113
890 1114
891 1109
891 1110
891 1111
891 1112
891 1113
892 1108
892 1109
892 1110
892 1111
892 1112
893 1107
893 1108
893 1109
893 1110
893 1111
894 1106
894 1107
894 1108
894 1109
894 1110
895 1105
895 1106
895 1107
895 1108
895 1109
896 1104
896 1105
896 1106
896 1107
896 1108
897 1103
897 1104
897 1105
897 1106
897 1107
898 1102
898 1103
898 1104
898 1105
898 1106
899 1101
899 1102
899 1103
899 1104
899 1105
900 1100
900 1101
900 1102
900 1103
900 1104
901 1099
901 1100
901 1101
901 1102
901 1103
902 1098
902 1099
902 1100
902 1101
902 1102
903 1097
903 1098
903 1099
903 1100
903 1101
904 1096
904 1097
904 1098
904 1099
904 1100
905 1095
905 1096
905 1097
905 1098
905 1099
906 1094
906 1095
906 1096
906 1097
906 1098
907 1093
907 1094
907 1095
907 1096
907 1097
908 1092
908 1093
908 1094
908 1095
908 1096
909 1091
909 1092
909 1093
909 1094
909 1095
910 1090
910 1091
910 1092
910 1093
910 1094
911 1089
911 1090
911 1091
911 1092
911 1093
912 1088
912 1089
912 1090
912 1091
912 1092
913 1087
913 1088
913 1089
913 1090
913 1091
914 1086
914 1087
914 1088
914 1089
914 1090
915 1085
915 1086
915 1087
915 1088
915 1089
916 1084
916 1085
916 1086
916 1087
916 1088
917 1083
917 1084
917 1085
917 1086
917 1087
918 1082
918 1083
918 1084
918 1085
918 1086
919 1081
919 1082
919 1083
919 1084
919 1085
920 1080
920 1081
920 1082
920 1083
920 1084
921 1079
921 1080
921 1081
921 1082
921 1083
922 1078
922 1079
922 1080
922 1081
922 1082
923 1077
923 1078
923 1079
923 1080
923 1081
924 1076
924 1077
924 1078
924 1079
924 1080
925 1075
925 1076
925 1077
925 1078
925 1079
926 1074
926 1075
926 1076
926 1077
926 1078
927 1073
927 1074
927 1075
927 1076
927 1077
928 1072
928 1073
928 1074
928 1075
928 1076
929 1071
929 1072
929 1073
929 1074
929 1075
930 1070
930 1071
930 1072
930 1073
930 1074
931 1069
931 1070
931 1071
931 1072
931 1073
932 1068
932 1069
932 1070
932 1071
932 1072
933 1067
933 1068
933 1069
933 1070
933 1071
934 1066
934 1067
934 1068
934 1069
934 1070
935 1065
935 1066
935 1067
935 1068
935 1069
936 1064
936 1065
936 1066
936 1067
936 1068
937 1063
937 1064
937 1065
937 1066
937 1067
938 1062
938 1063
938 1064
938 1065
938 1066
939 1061
939 1062
939 1063
939 1064
939 1065
940 1060
940 1061
940 1062
940 1063
940 1064
941 1059
941 1060
941 1061
941 1062
941 1063
942 1058
942 1059
942 1060
942 1061
942 1062
943 1057
943 1058
943 1059
943 1060
943 1061
944 1056
944 1057
944 1058
944 1059
944 1060
945 1055
945 1056
945 1057
945 1058
945 1059
946 1054
946 1055
946 1056
946 1057
946 1058
947 1053
947 1054
947 1055
947 1056
947 1057
948 1052
948 1053
948 1054
948 1055
948 1056
949 1051
949 1052
949 1053
949 1054
949 1055
950 1050
950 1051
950 1052
950 1053
950 1054
951 1049
951 1050
951 1051
951 1052
951 1053
952 1048
952 1049
952 1050
952 1051
952 1052
953 1047
953 1048
953 1049
953 1050
953 1051
954 1046
954 1047
954 1048
954 1049
954 1050
955 1045
955 1046
955 1047
955 1048
955 1049
956 1044
956 1045
956 1046
956 1047
956 1048
957 1043
957 1044
957 1045
957 1046
957 1047
958 1042
958 1043
958 1044
958 1045
958 1046
959 1041
959 1042
959 1043
959 1044
959 1045
960 1040
960 1041
960 1042
960 1043
960 1044
961 1039
961 1040
961 1041
961 1042
961 1043
962 1038
962 1039
962 1040
962 1041
962 1042
963 1037
963 1038
963 1039
963 1040
963 1041
964 1036
964 1037
964 1038
964 1039
964 1040
965 1035
965 1036
965 1037
965 1038
965 1039
966 1034
966 1035
966 1036
966 1037
966 1038
967 1033
967 1034
967 1035
967 1036
967 1037
968 1032
968 1033
968 1034
968 1035
968 1036
969 1031
969 1032
969 1033
969 1034
969 1035
970 1030
970 1031
970 1032
970 1033
970 1034
971 1029
971 1030
971 1031
971 1032
971 1033
972 1028
972 1029
972 1030
972 1031
972 1032
973 1027
973 1028
973 1029
973 1030
973 1031
974 1026
974 1027
974 1028
974 1029
974 1030
975 1025
975 1026
975 1027
975 1028
975 1029
976 1024
976 1025
976 1026
976 1027
976 1028
977 1023
977 1024
977 1025
977 1026
977 1027
978 1022
978 1023
978 1024
978 1025
978 1026
979 1021
979 1022
979 1023
979 1024
979 1025
980 1020
980 1021
980 1022
980 1023
980 1024
981 1019
981 1020
981 1021
981 1022
981 1023
982 1018
982 1019
982 1020
982 1021
982 1022
983 1017
983 1018
983 1019
983 1020
983 1021
984 1016
984 1017
984 1018
984 1019
984 1020
985 1015
985 1016
985 1017
985 1018
985 1019
986 1014
986 1015
986 1016
986 1017
986 1018
987 1013
987 1014
987 1015
987 1016
987 1017
988 1012
988 1013
988 1014
988 1015
988 1016
989 1011
989 1012
989 1013
989 1014
989 1015
990 1010
990 1011
990 1012
990 1013
990 1014
991 1009
991 1010
991 1011
991 1012
991 1013
992 1008
992 1009
992 1010
992 1011
992 1012
993 1007
993 1008
993 1009
993 1010
993 1011
994 1006
994 1007
994 1008
994 1009
994 1010
995 1005
995 1006
995 1007
995 1008
995 1009
996 1004
996 1005
996 1006
996 1007
996 1008
997 1003
997 1004
997 1005
997 1006
997 1007
998 1002
998 1003
998 1004
998 1005
998 1006
999 1001
999 1002
999 1003
999 1004
999 1005
1000 1000
1000 1001
1000 1002
1000 1003
1000 1004
1001 999
1001 1000
1001 1001
1001 1002
1001 1003
1002 998
1002 999
1002 1000
1002 1001
1002 1002
1003 997
1003 998
1003 999
1003 1000
1003 1001
1004 996
1004 997
1004 998
1004 999
1004 1000
1005 995
1005 996
1005 997
1005 998
1005 999
1006 994
1006 995
1006 996
1006 997
1006 998
1007 993
1007 994
1007 995
1007 996
1007 997
1008 992
1008 993
1008 994
1008 995
1008 996
1009 991
1009 992
1009 993
1009 994
1009 995
1010 990
1010 991
1010 992
1010 993
1010 994
1011 989
1011 990
1011 991
1011 992
1011 993
1012 988
1012 989
1012 990
1012 991
1012 992
1013 987
1013 988
1013 989
1013 990
1013 991
1014 986
1014 987
1014 988
1014 989
1014 990
1015 985
1015 986
1015 987
1015 988
1015 989
1016 984
1016 985
1016 986
1016 987
1016 988
1017 983
1017 984
1017 985
1017 986
1017 987
1018 982
1018 983
1018 984
1018 985
1018 986
1019 981
1019 982
1019 983
1019 984
1019 985
1020 980
1020 981
1020 982
1020 983
1020 984
1021 979
1021 980
1021 981
1021 982
1021 983
1022 978
1022 979
1022 980
1022 981
1022 982
1023 977
1023 978
1023 979
1023 980
1023 981
1024 976
1024 977
1024 978
1024 979
1024 980
1025 975
1025 976
1025 977
1025 978
1025 979
1026 974
1026 975
1026 976
1026 977
1026 978
1027 973
1027 974
1027 975
1027 976
1027 977
1028 972
1028 973
1028 974
1028 975
1028 976
1029 971
1029 972
1029 973
1029 974
1029 975
1030 970
1030 971
1030 972
1030 973
1030 974
1031 969
1031 970
1031 971
1031 972
1031 973
1032 968
1032 969
1032 970
1032 971
1032 972
1033 967
1033 968
1033 969
1033 970
1033 971
1034 966
1034 967
1034 968
1034 969
1034 970
1035 965
1035 966
1035 967
1035 968
1035 969
1036 964
1036 965
1036 966
1036 967
1036 968
1037 963
1037 964
1037 965
1037 966
1037 967
1038 962
1038 963
1038 964
1038 965
1038 966
1039 961
1039 962
1039 963
1039 964
1039 965
1040 960
1040 961
1040 962
1040 963
1040 964
1041 959
1041 960
1041 961
1041 962
1041 963
1042 958
1042 959
1042 960
1042 961
1042 962
1043 957
1043 958
1043 959
1043 960
1043 961
1044 956
1044 957
1044 958
1044 959
1044 960
1045 955
1045 956
1045 957
1045 958
1045 959
1046 954
1046 955
1046 956
1046 957
1046 958
1047 953
1047 954
1047 955
1047 956
1047 957
1048 952
1048 953
1048 954
1048 955
1048 956
1049 951
1049 952
1049 953
1049 954
1049 955
1050 950
1050 951
1050 952
1050 953
1050 954
1051 949
1051 950
1051 951
1051 952
1051 953
1052 948
1052 949
1052 950
1052 951
1052 952
1053 947
1053 948
1053 949
1053 950
1053 951
1054 946
1054 947
1054 948
1054 949
1054 950
1055 945
1055 946
1055 947
1055 948
1055 949
1056 944
1056 945
1056 946
1056 947
1056 948
1057 943
1057 944
1057 945
1057 946
1057 947
1058 942
1058 943
1058 944
1058 945
1058 946
1059 941
1059 942
1059 943
1059 944
1059 945
1060 940
1060 941
1060 942
1060 943
1060 944
1061 939
1061 940
1061 941
1061 942
1061 943
1062 938
1062 939
1062 940
1062 941
1062 942
1063 937
1063 938
1063 939
1063 940
1063 941
1064 936
1064 937
1064 938
1064 939
1064 940
1065 935
1065 936
1065 937
1065 938
1065 939
1066 934
1066 935
1066 936
1066 937
1066 938
1067 933
1067 934
1067 935
1067 936
1067 937
1068 932
1068 933
1068 934
1068 935
1068 936
1069 931
1069 932
1069 933
1069 934
1069 935
1070 930
1070 931
1070 932
1070 933
1070 934
1071 929
1071 930
1071 931
1071 932
1071 933
1072 928
1072 929
1072 930
1072 931
1072 932
1073 927
1073 928
1073 929
1073 930
1073 931
1074 926
1074 927
1074 928
1074 929
1074 930
1075 925
1075 926
1075 927
1075 928
1075 929
1076 924
1076 925
1076 926
1076 927
1076 928
1077 923
1077 924
1077 925
1077 926
1077 927
1078 922
1078 923
1078 924
1078 925
1078 926
1079 921
1079 922
1079 923
1079 924
1079 925
1080 920
1080 921
1080 922
1080 923
1080 924
1081 919
1081 920
1081 921
1081 922
1081 923
1082 918
1082 919
1082 920
1082 921
1082 922
1083 917
1083 918
1083 919
1083 920
1083 921
1084 916
1084 917
1084 918
1084 919
1084 920
1085 915
1085 916
1085 917
1085 918
1085 919
1086 914
1086 915
1086 916
1086 917
1086 918
1087 913
1087 914
1087 915
1087 916
1087 917
1088 912
1088 913
1088 914
1088 915
1088 916
1089 911
1089 912
1089 913
1089 914
1089 915
1090 910
1090 911
1090 912
1090 913
1090 914
1091 909
1091 910
1091 911
1091 912
1091 913
1092 908
1092 909
1092 910
1092 911
1092 912
1093 907
1093 908
1093 909
1093 910
1093 911
1094 906
1094 907
1094 908
1094 909
1094 910
1095 905
1095 906
1095 907
1095 908
1095 909
1096 904
1096 905
1096 906
1096 907
1096 908
1097 903
1097 904
1097 905
1097 906
1097 907
1098 902
1098 903
1098 904
1098 905
1098 906
1099 901
1099 902
1099 903
1099 904
1099 905
1100 900
1100 901
1100 902
1100 903
1100 904
1101 899
1101 900
1101 901
1101 902
1101 903
1102 898
1102 899
1102 900
1102 901
1102 902
1103 897
1103 898
1103 899
1103 900
1103 901
1104 896
1104 897
1104 898
1104 899
1104 900
1105 895
1105 896
1105 897
1105 898
1105 899
1106 894
1106 895
1106 896
1106 897
1106 898
1107 893
1107 894
1107 895
1107 896
1107 897
1108 892
1108 893
1108 894
1108 895
1108 896
1109 891
1109 892
1109 893
1109 894
1109 895
1110 890
1110 891
1110 892
1110 893
1110 894
1111 889
1111 890
1111 891
1111 892
1111 893
1112 888
1112 889
1112 890
1112 891
1112 892
1113 887
1113 888
1113 889
1113 890
1113 891
1114 886
1114 887
1114 888
1114 889
1114 890
1115 885
1115 886
1115 887
1115 888
1115 889
1116 884
1116 885
1116 886
1116 887
1116 888
1117 883
1117 884
1117 885
1117 886
1117 887
1118 882
1118 883
1118 884
1118 885
1118 886
1119 881
1119 882
1119 883
1119 884
1119 885
1120 880
1120 881
1120 882
1120 883
1120 884
1121 879
1121 880
1121 881
1121 882
1121 883
1122 878
1122 879
1122 880
1122 881
1122 882
1123 877
1123 878
1123 879
1123 880
1123 881
1124 876
1124 877
1124 878
1124 879
1124 880
1125 875
1125 876
1125 877
1125 878
1125 879
1126 874
1126 875
1126 876
1126 877
1126 878
1127 873
1127 874
1127 875
1127 876
1127 877
1128 872
1128 873
1128 874
1128 875
1128 876
1129 871
1129 872
1129 873
1129 874
1129 875
1130 870
1130 871
1130 872
1130 873
1130 874
1131 869
1131 870
1131 871
1131 872
1131 873
1132 868
1132 869
1132 870
1132 871
1132 872
1133 867
1133 868
1133 869
1133 870
1133 871
1134 866
1134 867
1134 868
1134 869
1134 870
1135 865
1135 866
1135 867
1135 868
1135 869
1136 864
1136 865
1136 866
1136 867
1136 868
1137 863
1137 864
1137 865
1137 866
1137 867
1138 862
1138 863
1138 864
1138 865
1138 866
1139 861
1139 862
1139 863
1139 864
1139 865
1140 860
1140 861
1140 862
1140 863
1140 864
1141 859
1141 860
1141 861
1141 862
1141 863
1142 858
1142 859
1142 860
1142 861
1142 862
1143 857
1143 858
1143 859
1143 860
1143 861
1144 856
1144 857
1144 858
1144 859
1144 860
1145 855
1145 856
1145 857
1145 858
1145 859
1146 854
1146 855
1146 856
1146 857
1146 858
1147 853
1147 854
1147 855
1147 856
1147 857
1148 852
1148 853
1148 854
1148 855
1148 856
1149 851
1149 852
1149 853
1149 854
1149 855
1150 850
1150 851
1150 852
1150 853
1150 854
1151 849
1151 850
1151 851
1151 852
1151 853
1152 848
1152 849
1152 850
1152 851
1152 852
1153 847
1153 848
1153 849
1153 850
1153 851
1154 846
1154 847
1154 848
1154 849
1154 850
1155 845
1155 846
1155 847
1155 848
1155 849
1156 844
1156 845
1156 846
1156 847
1156 848
1157 843
1157 844
1157 845
1157 846
1157 847
1158 842
1158 843
1158 844
1158 845
1158 846
1159 841
1159 842
1159 843
1159 844
1159 845
1160 840
1160 841
1160 842
1160 843
1160 844
1161 839
1161 840
1161 841
1161 842
1161 843
1162 838
1162 839
1162 840
1162 841
1162 842
1163 837
1163 838
1163 839
1163 840
1163 841
1164 836
1164 837
1164 838
1164 839
1164 840
1165 835
1165 836
1165 837
1165 838
1165 839
1166 834
1166 835
1166 836
1166 837
1166 838
1167 833
1167 834
1167 835
1167 836
1167 837
1168 832
1168 833
1168 834
1168 835
1168 836
1169 831
1169 832
1169 833
1169 834
1169 835
1170 830
1170 831
1170 832
1170 833
1170 834
1171 829
1171 830
1171 831
1171 832
1171 833
1172 828
1172 829
1172 830
1172 831
1172 832
1173 827
1173 828
1173 829
1173 830
1173 831
1174 826
1174 827
1174 828
1174 829
1174 830
1175 825
1175 826
1175 827
1175 828
1175 829
1176 824
1176 825
1176 826
1176 827
1176 828
1177 823
1177 824
1177 825
1177 826
1177 827
1178 822
1178 823
1178 824
1178 825
1178 826
1179 821
1179 822
1179 823
1179 824
1179 825
1180 820
1180 821
1180 822
1180 823
1180 824
1181 819
1181 820
1181 821
1181 822
1181 823
1182 818
1182 819
1182 820
1182 821
1182 822
1183 817
1183 818
1183 819
1183 820
1183 821
1184 816
1184 817
1184 818
1184 819
1184 820
1185 815
1185 816
1185 817
1185 818
1185 819
1186 814
1186 815
1186 816
1186 817
1186 818
1187 813
1187 814
1187 815
1187 816
1187 817
1188 812
1188 813
1188 814
1188 815
1188 816
1189 811
1189 812
1189 813
1189 814
1189 815
1190 810
1190 811
1190 812
1190 813
1190 814
1191 809
1191 810
1191 811
1191 812
1191 813
1192 808
1192 809
1192 810
1192 811
1192 812
1193 807
1193 808
1193 809
1193 810
1193 811
1194 806
1194 807
1194 808
1194 809
1194 810
1195 805
1195 806
1195 807
1195 808
1195 809
1196 804
1196 805
1196 806
1196 807
1196 808
1197 803
1197 804
1197 805
1197 806
1197 807
1198 802
1198 803
1198 804
1198 805
1198 806
1199 801
1199 802
1199 803
1199 804
1199 805

