2000 2000 3998
1 1
1 1999
2 2
2 1998
3 3
3 1997
4 4
4 1996
5 5
5 1995
6 6
6 1994
7 7
7 1993
8 8
8 1992
9 9
9 1991
10 10
10 1990
11 11
11 1989
12 12
12 1988
13 13
13 1987
14 14
14 1986
15 15
15 1985
16 16
16 1984
17 17
17 1983
18 18
18 1982
19 19
19 1981
20 20
20 1980
21 21
21 1979
22 22
22 1978
23 23
23 1977
24 24
24 1976
25 25
25 1975
26 26
26 1974
27 27
27 1973
28 28
28 1972
29 29
29 1971
30 30
30 1970
31 31
31 1969
32 32
32 1968
33 33
33 1967
34 34
34 1966
35 35
35 1965
36 36
36 1964
37 37
37 1963
38 38
38 1962
39 39
39 1961
40 40
40 1960
41 41
41 1959
42 42
42 1958
43 43
43 1957
44 44
44 1956
45 45
45 1955
46 46
46 1954
47 47
47 1953
48 48
48 1952
49 49
49 1951
50 50
50 1950
51 51
51 1949
52 52
52 1948
53 53
53 1947
54 54
54 1946
55 55
55 1945
56 56
56 1944
57 57
57 1943
58 58
58 1942
59 59
59 1941
60 60
60 1940
61 61
61 1939
62 62
62 1938
63 63
63 1937
64 64
64 1936
65 65
65 1935
66 66
66 1934
67 67
67 1933
68 68
68 1932
69 69
69 1931
70 70
70 1930
71 71
71 1929
72 72
72 1928
73 73
73 1927
74 74
74 1926
75 75
75 1925
76 76
76 1924
77 77
77 1923
78 78
78 1922
79 79
79 1921
80 80
80 1920
81 81
81 1919
82 82
82 1918
83 83
83 1917
84 84
84 1916
85 85
85 1915
86 86
86 1914
87 87
87 1913
88 88
88 1912
89 89
89 1911
90 90
90 1910
91 91
91 1909
92 92
92 1908
93 93
93 1907
94 94
94 1906
95 95
95 1905
96 96
96 1904
97 97
97 1903
98 98
98 1902
99 99
99 1901
100 100
100 1900
101 101
101 1899
102 102
102 1898
103 103
103 1897
104 104
104 1896
105 105
105 1895
106 106
106 1894
107 107
107 1893
108 108
108 1892
109 109
109 1891
110 110
110 1890
111 111
111 1889
112 112
112 1888
113 113
113 1887
114 114
114 1886
115 115
115 1885
116 116
116 1884
117 117
117 1883
118 118
118 1882
119 119
119 1881
120 120
120 1880
121 121
121 1879
122 122
122 1878
123 123
123 1877
124 124
124 1876
125 125
125 1875
126 126
126 1874
127 127
127 1873
128 128
128 1872
129 129
129 1871
130 130
130 1870
131 131
131 1869
132 132
132 1868
133 133
133 1867
134 134
134 1866
135 135
135 1865
136 136
136 1864
137 137
137 1863
138 138
138 1862
139 139
139 1861
140 140
140 1860
141 141
141 1859
142 142
142 1858
143 143
143 1857
144 144
144 1856
145 145
145 1855
146 146
146 1854
147 147
147 1853
148 148
148 1852
149 149
149 1851
150 150
150 1850
151 151
151 1849
152 152
152 1848
153 153
153 1847
154 154
154 1846
155 155
155 1845
156 156
156 1844
157 157
157 1843
158 158
158 1842
159 159
159 1841
160 160
160 1840
161 161
161 1839
162 162
162 1838
163 163
163 1837
164 164
164 1836
165 165
165 1835
166 166
166 1834
167 167
167 1833
168 168
168 1832
169 169
169 1831
170 170
170 1830
171 171
171 1829
172 172
172 1828
173 173
173 1827
174 174
174 1826
175 175
175 1825
176 176
176 1824
177 177
177 1823
178 178
178 1822
179 179
179 1821
180 180
180 1820
181 181
181 1819
182 182
182 1818
183 183
183 1817
184 184
184 1816
185 185
185 1815
186 186
186 1814
187 187
187 1813
188 188
188 1812
189 189
189 1811
190 190
190 1810
191 191
191 1809
192 192
192 1808
193 193
193 1807
194 194
194 1806
195 195
195 1805
196 196
196 1804
197 197
197 1803
198 198
198 1802
199 199
199 1801
200 200
200 1800
201 201
201 1799
202 202
202 1798
203 203
203 1797
204 204
204 1796
205 205
205 1795
206 206
206 1794
207 207
207 1793
208 208
208 1792
209 209
209 1791
210 210
210 1790
211 211
211 1789
212 212
212 1788
213 213
213 1787
214 214
214 1786
215 215
215 1785
216 216
216 1784
217 217
217 1783
218 218
218 1782
219 219
219 1781
220 220
220 1780
221 221
221 1779
222 222
222 1778
223 223
223 1777
224 224
224 1776
225 225
225 1775
226 226
226 1774
227 227
227 1773
228 228
228 1772
229 229
229 1771
230 230
230 1770
231 231
231 1769
232 232
232 1768
233 233
233 1767
234 234
234 1766
235 235
235 1765
236 236
236 1764
237 237
237 1763
238 238
238 1762
239 239
239 1761
240 240
240 1760
241 241
241 1759
242 242
242 1758
243 243
243 1757
244 244
244 1756
245 245
245 1755
246 246
246 1754
247 247
247 1753
248 248
248 1752
249 249
249 1751
250 250
250 1750
251 251
251 1749
252 252
252 1748
253 253
253 1747
254 254
254 1746
255 255
255 1745
256 256
256 1744
257 257
257 1743
258 258
258 1742
259 259
259 1741
260 260
260 1740
261 261
261 1739
262 262
262 1738
263 263
263 1737
264 264
264 1736
265 265
265 1735
266 266
266 1734
267 267
267 1733
268 268
268 1732
269 269
269 1731
270 270
270 1730
271 271
271 1729
272 272
272 1728
273 273
273 1727
274 274
274 1726
275 275
275 1725
276 276
276 1724
277 277
277 1723
278 278
278 1722
279 279
279 1721
280 280
280 1720
281 281
281 1719
282 282
282 1718
283 283
283 1717
284 284
284 1716
285 285
285 1715
286 286
286 1714
287 287
287 1713
288 288
288 1712
289 289
289 1711
290 290
290 1710
291 291
291 1709
292 292
292 1708
293 293
293 1707
294 294
294 1706
295 295
295 1705
296 296
296 1704
297 297
297 1703
298 298
298 1702
299 299
299 1701
300 300
300 1700
301 301
301 1699
302 302
302 1698
303 303
303 1697
304 304
304 1696
305 305
305 1695
306 306
306 1694
307 307
307 1693
308 308
308 1692
309 309
309 1691
310 310
310 1690
311 311
311 1689
312 312
312 1688
313 313
313 1687
314 314
314 1686
315 315
315 1685
316 316
316 1684
317 317
317 1683
318 318
318 1682
319 319
319 1681
320 320
320 1680
321 321
321 1679
322 322
322 1678
323 323
323 1677
324 324
324 1676
325 325
325 1675
326 326
326 1674
327 327
327 1673
328 328
328 1672
329 329
329 1671
330 330
330 1670
331 331
331 1669
332 332
332 1668
333 333
333 1667
334 334
334 1666
335 335
335 1665
336 336
336 1664
337 337
337 1663
338 338
338 1662
339 339
339 1661
340 340
340 1660
341 341
341 1659
342 342
342 1658
343 343
343 1657
344 344
344 1656
345 345
345 1655
346 346
346 1654
347 347
347 1653
348 348
348 1652
349 349
349 1651
350 350
350 1650
351 351
351 1649
352 352
352 1648
353 353
353 1647
354 354
354 1646
355 355
355 1645
356 356
356 1644
357 357
357 1643
358 358
358 1642
359 359
359 1641
360 360
360 1640
361 361
361 1639
362 362
362 1638
363 363
363 1637
364 364
364 1636
365 365
365 1635
366 366
366 1634
367 367
367 1633
368 368
368 1632
369 369
369 1631
370 370
370 1630
371 371
371 1629
372 372
372 1628
373 373
373 1627
374 374
374 1626
375 375
375 1625
376 376
376 1624
377 377
377 1623
378 378
378 1622
379 379
379 1621
380 380
380 1620
381 381
381 1619
382 382
382 1618
383 383
383 1617
384 384
384 1616
385 385
385 1615
386 386
386 1614
387 387
387 1613
388 388
388 1612
389 389
389 1611
390 390
390 1610
391 391
391 1609
392 392
392 1608
393 393
393 1607
394 394
394 1606
395 395
395 1605
396 396
396 1604
397 397
397 1603
398 398
398 1602
399 399
399 1601
400 400
400 1600
401 401
401 1599
402 402
402 1598
403 403
403 1597
404 404
404 1596
405 405
405 1595
406 406
406 1594
407 407
407 1593
408 408
408 1592
409 409
409 1591
410 410
410 1590
411 411
411 1589
412 412
412 1588
413 413
413 1587
414 414
414 1586
415 415
415 1585
416 416
416 1584
417 417
417 1583
418 418
418 1582
419 419
419 1581
420 420
420 1580
421 421
421 1579
422 422
422 1578
423 423
423 1577
424 424
424 1576
425 425
425 1575
426 426
426 1574
427 427
427 1573
428 428
428 1572
429 429
429 1571
430 430
430 1570
431 431
431 1569
432 432
432 1568
433 433
433 1567
434 434
434 1566
435 435
435 1565
436 436
436 1564
437 437
437 1563
438 438
438 1562
439 439
439 1561
440 440
440 1560
441 441
441 1559
442 442
442 1558
443 443
443 1557
444 444
444 1556
445 445
445 1555
446 446
446 1554
447 447
447 1553
448 448
448 1552
449 449
449 1551
450 450
450 1550
451 451
451 1549
452 452
452 1548
453 453
453 1547
454 454
454 1546
455 455
455 1545
456 456
456 1544
457 457
457 1543
458 458
458 1542
459 459
459 1541
460 460
460 1540
461 461
461 1539
462 462
462 1538
463 463
463 1537
464 464
464 1536
465 465
465 1535
466 466
466 1534
467 467
467 1533
468 468
468 1532
469 469
469 1531
470 470
470 1530
471 471
471 1529
472 472
472 1528
473 473
473 1527
474 474
474 1526
475 475
475 1525
476 476
476 1524
477 477
477 1523
478 478
478 1522
479 479
479 1521
480 480
480 1520
481 481
481 1519
482 482
482 1518
483 483
483 1517
484 484
484 1516
485 485
485 1515
486 486
486 1514
487 487
487 1513
488 488
488 1512
489 489
489 1511
490 490
490 1510
491 491
491 1509
492 492
492 1508
493 493
493 1507
494 494
494 1506
495 495
495 1505
496 496
496 1504
497 497
497 1503
498 498
498 1502
499 499
499 1501
500 500
500 1500
501 501
501 1499
502 502
502 1498
503 503
503 1497
504 504
504 1496
505 505
505 1495
506 506
506 1494
507 507
507 1493
508 508
508 1492
509 509
509 1491
510 510
510 1490
511 511
511 1489
512 512
512 1488
513 513
513 1487
514 514
514 1486
515 515
515 1485
516 516
516 1484
517 517
517 1483
518 518
518 1482
519 519
519 1481
520 520
520 1480
521 521
521 1479
522 522
522 1478
523 523
523 1477
524 524
524 1476
525 525
525 1475
526 526
526 1474
527 527
527 1473
528 528
528 1472
529 529
529 1471
530 530
530 1470
531 531
531 1469
532 532
532 1468
533 533
533 1467
534 534
534 1466
535 535
535 1465
536 536
536 1464
537 537
537 1463
538 538
538 1462
539 539
539 1461
540 540
540 1460
541 541
541 1459
542 542
542 1458
543 543
543 1457
544 544
544 1456
545 545
545 1455
546 546
546 1454
547 547
547 1453
548 548
548 1452
549 549
549 1451
550 550
550 1450
551 551
551 1449
552 552
552 1448
553 553
553 1447
554 554
554 1446
555 555
555 1445
556 556
556 1444
557 557
557 1443
558 558
558 1442
559 559
559 1441
560 560
560 1440
561 561
561 1439
562 562
562 1438
563 563
563 1437
564 564
564 1436
565 565
565 1435
566 566
566 1434
567 567
567 1433
568 568
568 1432
569 569
569 1431
570 570
570 1430
571 571
571 1429
572 572
572 1428
573 573
573 1427
574 574
574 1426
575 575
575 1425
576 576
576 1424
577 577
577 1423
578 578
578 1422
579 579
579 1421
580 580
580 1420
581 581
581 1419
582 582
582 1418
583 583
583 1417
584 584
584 1416
585 585
585 1415
586 586
586 1414
587 587
587 1413
588 588
588 1412
589 589
589 1411
590 590
590 1410
591 591
591 1409
592 592
592 1408
593 593
593 1407
594 594
594 1406
595 595
595 1405
596 596
596 1404
597 597
597 1403
598 598
598 1402
599 599
599 1401
600 600
600 1400
601 601
601 1399
602 602
602 1398
603 603
603 1397
604 604
604 1396
605 605
605 1395
606 606
606 1394
607 607
607 1393
608 608
608 1392
609 609
609 1391
610 610
610 1390
611 611
611 1389
612 612
612 1388
613 613
613 1387
614 614
614 1386
615 615
615 1385
616 616
616 1384
617 617
617 1383
618 618
618 1382
619 619
619 1381
620 620
620 1380
621 621
621 1379
622 622
622 1378
623 623
623 1377
624 624
624 1376
625 625
625 1375
626 626
626 1374
627 627
627 1373
628 628
628 1372
629 629
629 1371
630 630
630 1370
631 631
631 1369
632 632
632 1368
633 633
633 1367
634 634
634 1366
635 635
635 1365
636 636
636 1364
637 637
637 1363
638 638
638 1362
639 639
639 1361
640 640
640 1360
641 641
641 1359
642 642
642 1358
643 643
643 1357
644 644
644 1356
645 645
645 1355
646 646
646 1354
647 647
647 1353
648 648
648 1352
649 649
649 1351
650 650
650 1350
651 651
651 1349
652 652
652 1348
653 653
653 1347
654 654
654 1346
655 655
655 1345
656 656
656 1344
657 657
657 1343
658 658
658 1342
659 659
659 1341
660 660
660 1340
661 661
661 1339
662 662
662 1338
663 663
663 1337
664 664
664 1336
665 665
665 1335
666 666
666 1334
667 667
667 1333
668 668
668 1332
669 669
669 1331
670 670
670 1330
671 671
671 1329
672 672
672 1328
673 673
673 1327
674 674
674 1326
675 675
675 1325
676 676
676 1324
677 677
677 1323
678 678
678 1322
679 679
679 1321
680 680
680 1320
681 681
681 1319
682 682
682 1318
683 683
683 1317
684 684
684 1316
685 685
685 1315
686 686
686 1314
687 687
687 1313
688 688
688 1312
689 689
689 1311
690 690
690 1310
691 691
691 1309
692 692
692 1308
693 693
693 1307
694 694
694 1306
695 695
695 1305
696 696
696 1304
697 697
697 1303
698 698
698 1302
699 699
699 1301
700 700
700 1300
701 701
701 1299
702 702
702 1298
703 703
703 1297
704 704
704 1296
705 705
705 1295
706 706
706 1294
707 707
707 1293
708 708
708 1292
709 709
709 1291
710 710
710 1290
711 711
711 1289
712 712
712 1288
713 713
713 1287
714 714
714 1286
715 715
715 1285
716 716
716 1284
717 717
717 1283
718 718
718 1282
719 719
719 1281
720 720
720 1280
721 721
721 1279
722 722
722 1278
723 723
723 1277
724 724
724 1276
725 725
725 1275
726 726
726 1274
727 727
727 1273
728 728
728 1272
729 729
729 1271
730 730
730 1270
731 731
731 1269
732 732
732 1268
733 733
733 1267
734 734
734 1266
735 735
735 1265
736 736
736 1264
737 737
737 1263
738 738
738 1262
739 739
739 1261
740 740
740 1260
741 741
741 1259
742 742
742 1258
743 743
743 1257
744 744
744 1256
745 745
745 1255
746 746
746 1254
747 747
747 1253
748 748
748 1252
749 749
749 1251
750 750
750 1250
751 751
751 1249
752 752
752 1248
753 753
753 1247
754 754
754 1246
755 755
755 1245
756 756
756 1244
757 757
757 1243
758 758
758 1242
759 759
759 1241
760 760
760 1240
761 761
761 1239
762 762
762 1238
763 763
763 1237
764 764
764 1236
765 765
765 1235
766 766
766 1234
767 767
767 1233
768 768
768 1232
769 769
769 1231
770 770
770 1230
771 771
771 1229
772 772
772 1228
773 773
773 1227
774 774
774 1226
775 775
775 1225
776 776
776 1224
777 777
777 1223
778 778
778 1222
779 779
779 1221
780 780
780 1220
781 781
781 1219
782 782
782 1218
783 783
783 1217
784 784
784 1216
785 785
785 1215
786 786
786 1214
787 787
787 1213
788 788
788 1212
789 789
789 1211
790 790
790 1210
791 791
791 1209
792 792
792 1208
793 793
793 1207
794 794
794 1206
795 795
795 1205
796 796
796 1204
797 797
797 1203
798 798
798 1202
799 799
799 1201
800 800
800 1200
801 801
801 1199
802 802
802 1198
803 803
803 1197
804 804
804 1196
805 805
805 1195
806 806
806 1194
807 807
807 1193
808 808
808 1192
809 809
809 1191
810 810
810 1190
811 811
811 1189
812 812
812 1188
813 813
813 1187
814 814
814 1186
815 815
815 1185
816 816
816 1184
817 817
817 1183
818 818
818 1182
819 819
819 1181
820 820
820 1180
821 821
821 1179
822 822
822 1178
823 823
823 1177
824 824
824 1176
825 825
825 1175
826 826
826 1174
827 827
827 1173
828 828
828 1172
829 829
829 1171
830 830
830 1170
831 831
831 1169
832 832
832 1168
833 833
833 1167
834 834
834 1166
835 835
835 1165
836 836
836 1164
837 837
837 1163
838 838
838 1162
839 839
839 1161
840 840
840 1160
841 841
841 1159
842 842
842 1158
843 843
843 1157
844 844
844 1156
845 845
845 1155
846 846
846 1154
847 847
847 1153
848 848
848 1152
849 849
849 1151
850 850
850 1150
851 851
851 1149
852 852
852 1148
853 853
853 1147
854 854
854 1146
855 855
855 1145
856 856
856 1144
857 857
857 1143
858 858
858 1142
859 859
859 1141
860 860
860 1140
861 861
861 1139
862 862
862 1138
863 863
863 1137
864 864
864 1136
865 865
865 1135
866 866
866 1134
867 867
867 1133
868 868
868 1132
869 869
869 1131
870 870
870 1130
871 871
871 1129
872 872
872 1128
873 873
873 1127
874 874
874 1126
875 875
875 1125
876 876
876 1124
877 877
877 1123
878 878
878 1122
879 879
879 1121
880 880
880 1120
881 881
881 1119
882 882
882 1118
883 883
883 1117
884 884
884 1116
885 885
885 1115
886 886
886 1114
887 887
887 1113
888 888
888 1112
889 889
889 1111
890 890
890 1110
891 891
891 1109
892 892
892 1108
893 893
893 1107
894 894
894 1106
895 895
895 1105
896 896
896 1104
897 897
897 1103
898 898
898 1102
899 899
899 1101
900 900
900 1100
901 901
901 1099
902 902
902 1098
903 903
903 1097
904 904
904 1096
905 905
905 1095
906 906
906 1094
907 907
907 1093
908 908
908 1092
909 909
909 1091
910 910
910 1090
911 911
911 1089
912 912
912 1088
913 913
913 1087
914 914
914 1086
915 915
915 1085
916 916
916 1084
917 917
917 1083
918 918
918 1082
919 919
919 1081
920 920
920 1080
921 921
921 1079
922 922
922 1078
923 923
923 1077
924 924
924 1076
925 925
925 1075
926 926
926 1074
927 927
927 1073
928 928
928 1072
929 929
929 1071
930 930
930 1070
931 931
931 1069
932 932
932 1068
933 933
933 1067
934 934
934 1066
935 935
935 1065
936 936
936 1064
937 937
937 1063
938 938
938 1062
939 939
939 1061
940 940
940 1060
941 941
941 1059
942 942
942 1058
943 943
943 1057
944 944
944 1056
945 945
945 1055
946 946
946 1054
947 947
947 1053
948 948
948 1052
949 949
949 1051
950 950
950 1050
951 951
951 1049
952 952
952 1048
953 953
953 1047
954 954
954 1046
955 955
955 1045
956 956
956 1044
957 957
957 1043
958 958
958 1042
959 959
959 1041
960 960
960 1040
961 961
961 1039
962 962
962 1038
963 963
963 1037
964 964
964 1036
965 965
965 1035
966 966
966 1034
967 967
967 1033
968 968
968 1032
969 969
969 1031
970 970
970 1030
971 971
971 1029
972 972
972 1028
973 973
973 1027
974 974
974 1026
975 975
975 1025
976 976
976 1024
977 977
977 1023
978 978
978 1022
979 979
979 1021
980 980
980 1020
981 981
981 1019
982 982
982 1018
983 983
983 1017
984 984
984 1016
985 985
985 1015
986 986
986 1014
987 987
987 1013
988 988
988 1012
989 989
989 1011
990 990
990 1010
991 991
991 1009
992 992
992 1008
993 993
993 1007
994 994
994 1006
995 995
995 1005
996 996
996 1004
997 997
997 1003
998 998
998 1002
999 999
999 1001
1000 1000
1001 999
1001 1001
1002 998
1002 1002
1003 997
1003 1003
1004 996
1004 1004
1005 995
1005 1005
1006 994
1006 1006
1007 993
1007 1007
1008 992
1008 1008
1009 991
1009 1009
1010 990
1010 1010
1011 989
1011 1011
1012 988
1012 1012
1013 987
1013 1013
1014 986
1014 1014
1015 985
1015 1015
1016 984
1016 1016
1017 983
1017 1017
1018 982
1018 1018
1019 981
1019 1019
1020 980
1020 1020
1021 979
1021 1021
1022 978
1022 1022
1023 977
1023 1023
1024 976
1024 1024
1025 975
1025 1025
1026 974
1026 1026
1027 973
1027 1027
1028 972
1028 1028
1029 971
1029 1029
1030 970
1030 1030
1031 969
1031 1031
1032 968
1032 1032
1033 967
1033 1033
1034 966
1034 1034
1035 965
1035 1035
1036 964
1036 1036
1037 963
1037 1037
1038 962
1038 1038
1039 961
1039 1039
1040 960
1040 1040
1041 959
1041 1041
1042 958
1042 1042
1043 957
1043 1043
1044 956
1044 1044
1045 955
1045 1045
1046 954
1046 1046
1047 953
1047 1047
1048 952
1048 1048
1049 951
1049 1049
1050 950
1050 1050
1051 949
1051 1051
1052 948
1052 1052
1053 947
1053 1053
1054 946
1054 1054
1055 945
1055 1055
1056 944
1056 1056
1057 943
1057 1057
1058 942
1058 1058
1059 941
1059 1059
1060 940
1060 1060
1061 939
1061 1061
1062 938
1062 1062
1063 937
1063 1063
1064 936
1064 1064
1065 935
1065 1065
1066 934
1066 1066
1067 933
1067 1067
1068 932
1068 1068
1069 931
1069 1069
1070 930
1070 1070
1071 929
1071 1071
1072 928
1072 1072
1073 927
1073 1073
1074 926
1074 1074
1075 925
1075 1075
1076 924
1076 1076
1077 923
1077 1077
1078 922
1078 1078
1079 921
1079 1079
1080 920
1080 1080
1081 919
1081 1081
1082 918
1082 1082
1083 917
1083 1083
1084 916
1084 1084
1085 915
1085 1085
1086 914
1086 1086
1087 913
1087 1087
1088 912
1088 1088
1089 911
1089 1089
1090 910
1090 1090
1091 909
1091 1091
1092 908
1092 1092
1093 907
1093 1093
1094 906
1094 1094
1095 905
1095 1095
1096 904
1096 1096
1097 903
1097 1097
1098 902
1098 1098
1099 901
1099 1099
1100 900
1100 1100
1101 899
1101 1101
1102 898
1102 1102
1103 897
1103 1103
1104 896
1104 1104
1105 895
1105 1105
1106 894
1106 1106
1107 893
1107 1107
1108 892
1108 1108
1109 891
1109 1109
1110 890
1110 1110
1111 889
1111 1111
1112 888
1112 1112
1113 887
1113 1113
1114 886
1114 1114
1115 885
1115 1115
1116 884
1116 1116
1117 883
1117 1117
1118 882
1118 1118
1119 881
1119 1119
1120 880
1120 1120
1121 879
1121 1121
1122 878
1122 1122
1123 877
1123 1123
1124 876
1124 1124
1125 875
1125 1125
1126 874
1126 1126
1127 873
1127 1127
1128 872
1128 1128
1129 871
1129 1129
1130 870
1130 1130
1131 869
1131 1131
1132 868
1132 1132
1133 867
1133 1133
1134 866
1134 1134
1135 865
1135 1135
1136 864
1136 1136
1137 863
1137 1137
1138 862
1138 1138
1139 861
1139 1139
1140 860
1140 1140
1141 859
1141 1141
1142 858
1142 1142
1143 857
1143 1143
1144 856
1144 1144
1145 855
1145 1145
1146 854
1146 1146
1147 853
1147 1147
1148 852
1148 1148
1149 851
1149 1149
1150 850
1150 1150
1151 849
1151 1151
1152 848
1152 1152
1153 847
1153 1153
1154 846
1154 1154
1155 845
1155 1155
1156 844
1156 1156
1157 843
1157 1157
1158 842
1158 1158
1159 841
1159 1159
1160 840
1160 1160
1161 839
1161 1161
1162 838
1162 1162
1163 837
1163 1163
1164 836
1164 1164
1165 835
1165 1165
1166 834
1166 1166
1167 833
1167 1167
1168 832
1168 1168
1169 831
1169 1169
1170 830
1170 1170
1171 829
1171 1171
1172 828
1172 1172
1173 827
1173 1173
1174 826
1174 1174
1175 825
1175 1175
1176 824
1176 1176
1177 823
1177 1177
1178 822
1178 1178
1179 821
1179 1179
1180 820
1180 1180
1181 819
1181 1181
1182 818
1182 1182
1183 817
1183 1183
1184 816
1184 1184
1185 815
1185 1185
1186 814
1186 1186
1187 813
1187 1187
1188 812
1188 1188
1189 811
1189 1189
1190 810
1190 1190
1191 809
1191 1191
1192 808
1192 1192
1193 807
1193 1193
1194 806
1194 1194
1195 805
1195 1195
1196 804
1196 1196
1197 803
1197 1197
1198 802
1198 1198
1199 801
1199 1199
1200 800
1200 1200
1201 799
1201 1201
1202 798
1202 1202
1203 797
1203 1203
1204 796
1204 1204
1205 795
1205 1205
1206 794
1206 1206
1207 793
1207 1207
1208 792
1208 1208
1209 791
1209 1209
1210 790
1210 1210
1211 789
1211 1211
1212 788
1212 1212
1213 787
1213 1213
1214 786
1214 1214
1215 785
1215 1215
1216 784
1216 1216
1217 783
1217 1217
1218 782
1218 1218
1219 781
1219 1219
1220 780
1220 1220
1221 779
1221 1221
1222 778
1222 1222
1223 777
1223 1223
1224 776
1224 1224
1225 775
1225 1225
1226 774
1226 1226
1227 773
1227 1227
1228 772
1228 1228
1229 771
1229 1229
1230 770
1230 1230
1231 769
1231 1231
1232 768
1232 1232
1233 767
1233 1233
1234 766
1234 1234
1235 765
1235 1235
1236 764
1236 1236
1237 763
1237 1237
1238 762
1238 1238
1239 761
1239 1239
1240 760
1240 1240
1241 759
1241 1241
1242 758
1242 1242
1243 757
1243 1243
1244 756
1244 1244
1245 755
1245 1245
1246 754
1246 1246
1247 753
1247 1247
1248 752
1248 1248
1249 751
1249 1249
1250 750
1250 1250
1251 749
1251 1251
1252 748
1252 1252
1253 747
1253 1253
1254 746
1254 1254
1255 745
1255 1255
1256 744
1256 1256
1257 743
1257 1257
1258 742
1258 1258
1259 741
1259 1259
1260 740
1260 1260
1261 739
1261 1261
1262 738
1262 1262
1263 737
1263 1263
1264 736
1264 1264
1265 735
1265 1265
1266 734
1266 1266
1267 733
1267 1267
1268 732
1268 1268
1269 731
1269 1269
1270 730
1270 1270
1271 729
1271 1271
1272 728
1272 1272
1273 727
1273 1273
1274 726
1274 1274
1275 725
1275 1275
1276 724
1276 1276
1277 723
1277 1277
1278 722
1278 1278
1279 721
1279 1279
1280 720
1280 1280
1281 719
1281 1281
1282 718
1282 1282
1283 717
1283 1283
1284 716
1284 1284
1285 715
1285 1285
1286 714
1286 1286
1287 713
1287 1287
1288 712
1288 1288
1289 711
1289 1289
1290 710
1290 1290
1291 709
1291 1291
1292 708
1292 1292
1293 707
1293 1293
1294 706
1294 1294
1295 705
1295 1295
1296 704
1296 1296
1297 703
1297 1297
1298 702
1298 1298
1299 701
1299 1299
1300 700
1300 1300
1301 699
1301 1301
1302 698
1302 1302
1303 697
1303 1303
1304 696
1304 1304
1305 695
1305 1305
1306 694
1306 1306
1307 693
1307 1307
1308 692
1308 1308
1309 691
1309 1309
1310 690
1310 1310
1311 689
1311 1311
1312 688
1312 1312
1313 687
1313 1313
1314 686
1314 1314
1315 685
1315 1315
1316 684
1316 1316
1317 683
1317 1317
1318 682
1318 1318
1319 681
1319 1319
1320 680
1320 1320
1321 679
1321 1321
1322 678
1322 1322
1323 677
1323 1323
1324 676
1324 1324
1325 675
1325 1325
1326 674
1326 1326
1327 673
1327 1327
1328 672
1328 1328
1329 671
1329 1329
1330 670
1330 1330
1331 669
1331 1331
1332 668
1332 1332
1333 667
1333 1333
1334 666
1334 1334
1335 665
1335 1335
1336 664
1336 1336
1337 663
1337 1337
1338 662
1338 1338
1339 661
1339 1339
1340 660
1340 1340
1341 659
1341 1341
1342 658
1342 1342
1343 657
1343 1343
1344 656
1344 1344
1345 655
1345 1345
1346 654
1346 1346
1347 653
1347 1347
1348 652
1348 1348
1349 651
1349 1349
1350 650
1350 1350
1351 649
1351 1351
1352 648
1352 1352
1353 647
1353 1353
1354 646
1354 1354
1355 645
1355 1355
1356 644
1356 1356
1357 643
1357 1357
1358 642
1358 1358
1359 641
1359 1359
1360 640
1360 1360
1361 639
1361 1361
1362 638
1362 1362
1363 637
1363 1363
1364 636
1364 1364
1365 635
1365 1365
1366 634
1366 1366
1367 633
1367 1367
1368 632
1368 1368
1369 631
1369 1369
1370 630
1370 1370
1371 629
1371 1371
1372 628
1372 1372
1373 627
1373 1373
1374 626
1374 1374
1375 625
1375 1375
1376 624
1376 1376
1377 623
1377 1377
1378 622
1378 1378
1379 621
1379 1379
1380 620
1380 1380
1381 619
1381 1381
1382 618
1382 1382
1383 617
1383 1383
1384 616
1384 1384
1385 615
1385 1385
1386 614
1386 1386
1387 613
1387 1387
1388 612
1388 1388
1389 611
1389 1389
1390 610
1390 1390
1391 609
1391 1391
1392 608
1392 1392
1393 607
1393 1393
1394 606
1394 1394
1395 605
1395 1395
1396 604
1396 1396
1397 603
1397 1397
1398 602
1398 1398
1399 601
1399 1399
1400 600
1400 1400
1401 599
1401 1401
1402 598
1402 1402
1403 597
1403 1403
1404 596
1404 1404
1405 595
1405 1405
1406 594
1406 1406
1407 593
1407 1407
1408 592
1408 1408
1409 591
1409 1409
1410 590
1410 1410
1411 589
1411 1411
1412 588
1412 1412
1413 587
1413 1413
1414 586
1414 1414
1415 585
1415 1415
1416 584
1416 1416
1417 583
1417 1417
1418 582
1418 1418
1419 581
1419 1419
1420 580
1420 1420
1421 579
1421 1421
1422 578
1422 1422
1423 577
1423 1423
1424 576
1424 1424
1425 575
1425 1425
1426 574
1426 1426
1427 573
1427 1427
1428 572
1428 1428
1429 571
1429 1429
1430 570
1430 1430
1431 569
1431 1431
1432 568
1432 1432
1433 567
1433 1433
1434 566
1434 1434
1435 565
1435 1435
1436 564
1436 1436
1437 563
1437 1437
1438 562
1438 1438
1439 561
1439 1439
1440 560
1440 1440
1441 559
1441 1441
1442 558
1442 1442
1443 557
1443 1443
1444 556
1444 1444
1445 555
1445 1445
1446 554
1446 1446
1447 553
1447 1447
1448 552
1448 1448
1449 551
1449 1449
1450 550
1450 1450
1451 549
1451 1451
1452 548
1452 1452
1453 547
1453 1453
1454 546
1454 1454
1455 545
1455 1455
1456 544
1456 1456
1457 543
1457 1457
1458 542
1458 1458
1459 541
1459 1459
1460 540
1460 1460
1461 539
1461 1461
1462 538
1462 1462
1463 537
1463 1463
1464 536
1464 1464
1465 535
1465 1465
1466 534
1466 1466
1467 533
1467 1467
1468 532
1468 1468
1469 531
1469 1469
1470 530
1470 1470
1471 529
1471 1471
1472 528
1472 1472
1473 527
1473 1473
1474 526
1474 1474
1475 525
1475 1475
1476 524
1476 1476
1477 523
1477 1477
1478 522
1478 1478
1479 521
1479 1479
1480 520
1480 1480
1481 519
1481 1481
1482 518
1482 1482
1483 517
1483 1483
1484 516
1484 1484
1485 515
1485 1485
1486 514
1486 1486
1487 513
1487 1487
1488 512
1488 1488
1489 511
1489 1489
1490 510
1490 1490
1491 509
1491 1491
1492 508
1492 1492
1493 507
1493 1493
1494 506
1494 1494
1495 505
1495 1495
1496 504
1496 1496
1497 503
1497 1497
1498 502
1498 1498
1499 501
1499 1499
1500 500
1500 1500
1501 499
1501 1501
1502 498
1502 1502
1503 497
1503 1503
1504 496
1504 1504
1505 495
1505 1505
1506 494
1506 1506
1507 493
1507 1507
1508 492
1508 1508
1509 491
1509 1509
1510 490
1510 1510
1511 489
1511 1511
1512 488
1512 1512
1513 487
1513 1513
1514 486
1514 1514
1515 485
1515 1515
1516 484
1516 1516
1517 483
1517 1517
1518 482
1518 1518
1519 481
1519 1519
1520 480
1520 1520
1521 479
1521 1521
1522 478
1522 1522
1523 477
1523 1523
1524 476
1524 1524
1525 475
1525 1525
1526 474
1526 1526
1527 473
1527 1527
1528 472
1528 1528
1529 471
1529 1529
1530 470
1530 1530
1531 469
1531 1531
1532 468
1532 1532
1533 467
1533 1533
1534 466
1534 1534
1535 465
1535 1535
1536 464
1536 1536
1537 463
1537 1537
1538 462
1538 1538
1539 461
1539 1539
1540 460
1540 1540
1541 459
1541 1541
1542 458
1542 1542
1543 457
1543 1543
1544 456
1544 1544
1545 455
1545 1545
1546 454
1546 1546
1547 453
1547 1547
1548 452
1548 1548
1549 451
1549 1549
1550 450
1550 1550
1551 449
1551 1551
1552 448
1552 1552
1553 447
1553 1553
1554 446
1554 1554
1555 445
1555 1555
1556 444
1556 1556
1557 443
1557 1557
1558 442
1558 1558
1559 441
1559 1559
1560 440
1560 1560
1561 439
1561 1561
1562 438
1562 1562
1563 437
1563 1563
1564 436
1564 1564
1565 435
1565 1565
1566 434
1566 1566
1567 433
1567 1567
1568 432
1568 1568
1569 431
1569 1569
1570 430
1570 1570
1571 429
1571 1571
1572 428
1572 1572
1573 427
1573 1573
1574 426
1574 1574
1575 425
1575 1575
1576 424
1576 1576
1577 423
1577 1577
1578 422
1578 1578
1579 421
1579 1579
1580 420
1580 1580
1581 419
1581 1581
1582 418
1582 1582
1583 417
1583 1583
1584 416
1584 1584
1585 415
1585 1585
1586 414
1586 1586
1587 413
1587 1587
1588 412
1588 1588
1589 411
1589 1589
1590 410
1590 1590
1591 409
1591 1591
1592 408
1592 1592
1593 407
1593 1593
1594 406
1594 1594
1595 405
1595 1595
1596 404
1596 1596
1597 403
1597 1597
1598 402
1598 1598
1599 401
1599 1599
1600 400
1600 1600
1601 399
1601 1601
1602 398
1602 1602
1603 397
1603 1603
1604 396
1604 1604
1605 395
1605 1605
1606 394
1606 1606
1607 393
1607 1607
1608 392
1608 1608
1609 391
1609 1609
1610 390
1610 1610
1611 389
1611 1611
1612 388
1612 1612
1613 387
1613 1613
1614 386
1614 1614
1615 385
1615 1615
1616 384
1616 1616
1617 383
1617 1617
1618 382
1618 1618
1619 381
1619 1619
1620 380
1620 1620
1621 379
1621 1621
1622 378
1622 1622
1623 377
1623 1623
1624 376
1624 1624
1625 375
1625 1625
1626 374
1626 1626
1627 373
1627 1627
1628 372
1628 1628
1629 371
1629 1629
1630 370
1630 1630
1631 369
1631 1631
1632 368
1632 1632
1633 367
1633 1633
1634 366
1634 1634
1635 365
1635 1635
1636 364
1636 1636
1637 363
1637 1637
1638 362
1638 1638
1639 361
1639 1639
1640 360
1640 1640
1641 359
1641 1641
1642 358
1642 1642
1643 357
1643 1643
1644 356
1644 1644
1645 355
1645 1645
1646 354
1646 1646
1647 353
1647 1647
1648 352
1648 1648
1649 351
1649 1649
1650 350
1650 1650
1651 349
1651 1651
1652 348
1652 1652
1653 347
1653 1653
1654 346
1654 1654
1655 345
1655 1655
1656 344
1656 1656
1657 343
1657 1657
1658 342
1658 1658
1659 341
1659 1659
1660 340
1660 1660
1661 339
1661 1661
1662 338
1662 1662
1663 337
1663 1663
1664 336
1664 1664
1665 335
1665 1665
1666 334
1666 1666
1667 333
1667 1667
1668 332
1668 1668
1669 331
1669 1669
1670 330
1670 1670
1671 329
1671 1671
1672 328
1672 1672
1673 327
1673 1673
1674 326
1674 1674
1675 325
1675 1675
1676 324
1676 1676
1677 323
1677 1677
1678 322
1678 1678
1679 321
1679 1679
1680 320
1680 1680
1681 319
1681 1681
1682 318
1682 1682
1683 317
1683 1683
1684 316
1684 1684
1685 315
1685 1685
1686 314
1686 1686
1687 313
1687 1687
1688 312
1688 1688
1689 311
1689 1689
1690 310
1690 1690
1691 309
1691 1691
1692 308
1692 1692
1693 307
1693 1693
1694 306
1694 1694
1695 305
1695 1695
1696 304
1696 1696
1697 303
1697 1697
1698 302
1698 1698
1699 301
1699 1699
1700 300
1700 1700
1701 299
1701 1701
1702 298
1702 1702
1703 297
1703 1703
1704 296
1704 1704
1705 295
1705 1705
1706 294
1706 1706
1707 293
1707 1707
1708 292
1708 1708
1709 291
1709 1709
1710 290
1710 1710
1711 289
1711 1711
1712 288
1712 1712
1713 287
1713 1713
1714 286
1714 1714
1715 285
1715 1715
1716 284
1716 1716
1717 283
1717 1717
1718 282
1718 1718
1719 281
1719 1719
1720 280
1720 1720
1721 279
1721 1721
1722 278
1722 1722
1723 277
1723 1723
1724 276
1724 1724
1725 275
1725 1725
1726 274
1726 1726
1727 273
1727 1727
1728 272
1728 1728
1729 271
1729 1729
1730 270
1730 1730
1731 269
1731 1731
1732 268
1732 1732
1733 267
1733 1733
1734 266
1734 1734
1735 265
1735 1735
1736 264
1736 1736
1737 263
1737 1737
1738 262
1738 1738
1739 261
1739 1739
1740 260
1740 1740
1741 259
1741 1741
1742 258
1742 1742
1743 257
1743 1743
1744 256
1744 1744
1745 255
1745 1745
1746 254
1746 1746
1747 253
1747 1747
1748 252
1748 1748
1749 251
1749 1749
1750 250
1750 1750
1751 249
1751 1751
1752 248
1752 1752
1753 247
1753 1753
1754 246
1754 1754
1755 245
1755 1755
1756 244
1756 1756
1757 243
1757 1757
1758 242
1758 1758
1759 241
1759 1759
1760 240
1760 1760
1761 239
1761 1761
1762 238
1762 1762
1763 237
1763 1763
1764 236
1764 1764
1765 235
1765 1765
1766 234
1766 1766
1767 233
1767 1767
1768 232
1768 1768
1769 231
1769 1769
1770 230
1770 1770
1771 229
1771 1771
1772 228
1772 1772
1773 227
1773 1773
1774 226
1774 1774
1775 225
1775 1775
1776 224
1776 1776
1777 223
1777 1777
1778 222
1778 1778
1779 221
1779 1779
1780 220
1780 1780
1781 219
1781 1781
1782 218
1782 1782
1783 217
1783 1783
1784 216
1784 1784
1785 215
1785 1785
1786 214
1786 1786
1787 213
1787 1787
1788 212
1788 1788
1789 211
1789 1789
1790 210
1790 1790
1791 209
1791 1791
1792 208
1792 1792
1793 207
1793 1793
1794 206
1794 1794
1795 205
1795 1795
1796 204
1796 1796
1797 203
1797 1797
1798 202
1798 1798
1799 201
1799 1799
1800 200
1800 1800
1801 199
1801 1801
1802 198
1802 1802
1803 197
1803 1803
1804 196
1804 1804
1805 195
1805 1805
1806 194
1806 1806
1807 193
1807 1807
1808 192
1808 1808
1809 191
1809 1809
1810 190
1810 1810
1811 189
1811 1811
1812 188
1812 1812
1813 187
1813 1813
1814 186
1814 1814
1815 185
1815 1815
1816 184
1816 1816
1817 183
1817 1817
1818 182
1818 1818
1819 181
1819 1819
1820 180
1820 1820
1821 179
1821 1821
1822 178
1822 1822
1823 177
1823 1823
1824 176
1824 1824
1825 175
1825 1825
1826 174
1826 1826
1827 173
1827 1827
1828 172
1828 1828
1829 171
1829 1829
1830 170
1830 1830
1831 169
1831 1831
1832 168
1832 1832
1833 167
1833 1833
1834 166
1834 1834
1835 165
1835 1835
1836 164
1836 1836
1837 163
1837 1837
1838 162
1838 1838
1839 161
1839 1839
1840 160
1840 1840
1841 159
1841 1841
1842 158
1842 1842
1843 157
1843 1843
1844 156
1844 1844
1845 155
1845 1845
1846 154
1846 1846
1847 153
1847 1847
1848 152
1848 1848
1849 151
1849 1849
1850 150
1850 1850
1851 149
1851 1851
1852 148
1852 1852
1853 147
1853 1853
1854 146
1854 1854
1855 145
1855 1855
1856 144
1856 1856
1857 143
1857 1857
1858 142
1858 1858
1859 141
1859 1859
1860 140
1860 1860
1861 139
1861 1861
1862 138
1862 1862
1863 137
1863 1863
1864 136
1864 1864
1865 135
1865 1865
1866 134
1866 1866
1867 133
1867 1867
1868 132
1868 1868
1869 131
1869 1869
1870 130
1870 1870
1871 129
1871 1871
1872 128
1872 1872
1873 127
1873 1873
1874 126
1874 1874
1875 125
1875 1875
1876 124
1876 1876
1877 123
1877 1877
1878 122
1878 1878
1879 121
1879 1879
1880 120
1880 1880
1881 119
1881 1881
1882 118
1882 1882
1883 117
1883 1883
1884 116
1884 1884
1885 115
1885 1885
1886 114
1886 1886
1887 113
1887 1887
1888 112
1888 1888
1889 111
1889 1889
1890 110
1890 1890
1891 109
1891 1891
1892 108
1892 1892
1893 107
1893 1893
1894 106
1894 1894
1895 105
1895 1895
1896 104
1896 1896
1897 103
1897 1897
1898 102
1898 1898
1899 101
1899 1899
1900 100
1900 1900
1901 99
1901 1901
1902 98
1902 1902
1903 97
1903 1903
1904 96
1904 1904
1905 95
1905 1905
1906 94
1906 1906
1907 93
1907 1907
1908 92
1908 1908
1909 91
1909 1909
1910 90
1910 1910
1911 89
1911 1911
1912 88
1912 1912
1913 87
1913 1913
1914 86
1914 1914
1915 85
1915 1915
1916 84
1916 1916
1917 83
1917 1917
1918 82
1918 1918
1919 81
1919 1919
1920 80
1920 1920
1921 79
1921 1921
1922 78
1922 1922
1923 77
1923 1923
1924 76
1924 1924
1925 75
1925 1925
1926 74
1926 1926
1927 73
1927 1927
1928 72
1928 1928
1929 71
1929 1929
1930 70
1930 1930
1931 69
1931 1931
1932 68
1932 1932
1933 67
1933 1933
1934 66
1934 1934
1935 65
1935 1935
1936 64
1936 1936
1937 63
1937 1937
1938 62
1938 1938
1939 61
1939 1939
1940 60
1940 1940
1941 59
1941 1941
1942 58
1942 1942
1943 57
1943 1943
1944 56
1944 1944
1945 55
1945 1945
1946 54
1946 1946
1947 53
1947 1947
1948 52
1948 1948
1949 51
1949 1949
1950 50
1950 1950
1951 49
1951 1951
1952 48
1952 1952
1953 47
1953 1953
1954 46
1954 1954
1955 45
1955 1955
1956 44
1956 1956
1957 43
1957 1957
1958 42
1958 1958
1959 41
1959 1959
1960 40
1960 1960
1961 39
1961 1961
1962 38
1962 1962
1963 37
1963 1963
1964 36
1964 1964
1965 35
1965 1965
1966 34
1966 1966
1967 33
1967 1967
1968 32
1968 1968
1969 31
1969 1969
1970 30
1970 1970
1971 29
1971 1971
1972 28
1972 1972
1973 27
1973 1973
1974 26
1974 1974
1975 25
1975 1975
1976 24
1976 1976
1977 23
1977 1977
1978 22
1978 1978
1979 21
1979 1979
1980 20
1980 1980
1981 19
1981 1981
1982 18
1982 1982
1983 17
1983 1983
1984 16
1984 1984
1985 15
1985 1985
1986 14
1986 1986
1987 13
1987 1987
1988 12
1988 1988
1989 11
1989 1989
1990 10
1990 1990
1991 9
1991 1991
1992 8
1992 1992
1993 7
1993 1993
1994 6
1994 1994
1995 5
1995 1995
1996 4
1996 1996
1997 3
1997 1997
1998 2
1998 1998
1999 1
1999 1999
2000 2000

