93 77 33 93 13 51 38 55 63 49 31 80 2 26 57 45 6 36 42 71 35 56 93 92 84 35 58 60 84 50 72 34 67 39 53 56 46 6 22 94 92 15 88 12 53 23 23 57 82 14 4 92 12 1 48 19 4 82 86 10 97 61 9 74 16 37 51 3 35 59 27 6 25 76 83 37 56 55 89 62 49 16 78 13 40 14 96 60 56 57 22 69 75 52
17 62 86 87 57 49 92 18 71 95 92 27 90 35 24 20 39 53
45 28 51 94 91 21 32 42 90 59 97 96 17 23 70 95 10 80 10 86 63 32 38 66 39 93 92 24 3 59 68 3 58 77 63 59 90 35 46 50 36 91 92 6 50 55
157 26 94 15 45 62 95 12 57 73 97 89 52 77 51 57 28 49 94 42 43 57 1 52 43 85 41 63 50 21 62 3 31 73 61 36 36 73 8 60 63 81 43 33 80 61 67 92 68 61 49 89 36 82 54 6 26 5 32 66 9 10 81 39 44 55 73 33 31 52 14 59 77 92 77 79 7 59 26 66 42 61 1 52 39 40 58 100 42 20 67 56 6 45 91 39 52 78 63 4 100 17 55 26 95 37 70 6 8 73 8 95 57 3 100 69 75 9 6 17 86 47 89 32 90 39 40 46 34 54 97 86 85 98 13 21 64 34 55 32 79 19 51 35 7 26 31 96 63 83 33 84 9 49 10 68 94 22
178 60 81 96 1 68 7 77 70 88 5 62 57 81 43 89 70 4 20 98 74 3 54 44 59 75 53 9 77 95 93 95 62 70 43 54 13 23 69 68 50 80 21 1 69 96 36 92 53 79 54 43 29 1 22 15 56 92 18 69 81 91 6 54 77 8 77 6 33 62 2 34 9 25 17 6 86 37 80 29 92 41 48 100 75 13 72 10 71 46 69 20 7 93 89 82 28 7 74 21 89 75 32 53 47 3 23 15 3 93 28 53 88 39 62 72 34 82 61 33 80 68 41 97 10 68 91 5 53 35 49 78 14 61 83 86 28 13 2 72 84 14 31 85 9 97 84 5 22 16 47 99 97 27 97 19 62 93 97 51 44 84 69 97 24 68 11 96 48 74 16 33 39 89 62 95 33 43 20
96 16 94 10 69 66 100 28 33 100 32 39 37 95 87 44 29 21 50 97 4 1 42 53 39 48 23 46 92 23 44 32 36 65 50 11 55 95 10 69 47 55 65 94 89 88 93 99 89 100 36 53 19 27 10 95 38 10 42 75 62 94 65 76 87 55 82 79 13 99 92 70 6 89 75 13 57 1 79 46 89 25 45 81 97 37 14 21 18 67 45 30 95 69 16 51 6
159 50 39 14 13 26 37 19 58 54 65 76 96 5 86 16 95 86 43 34 98 82 98 67 38 89 89 82 86 81 59 56 68 52 63 9 68 8 30 37 3 63 89 68 79 13 18 67 52 78 50 100 80 29 43 87 37 81 90 8 57 89 18 37 17 27 65 97 28 22 91 24 75 84 18 28 82 61 77 73 43 14 99 74 48 75 23 59 41 58 80 55 6 86 68 19 100 79 57 83 18 8 65 52 21 44 44 19 19 50 49 21 3 53 4 77 30 100 95 5 56 18 47 39 73 40 4 99 87 97 52 77 34 70 86 13 26 43 53 7 68 25 93 60 48 73 94 50 71 97 97 69 19 88 31 10 47 97 74 92
178 69 97 17 15 52 34 59 52 21 71 67 19 52 83 23 85 3 92 73 98 10 99 37 62 57 79 95 60 6 64 17 85 75 19 45 40 27 8 32 56 27 91 98 75 98 64 37 2 82 9 79 71 11 98 65 77 30 76 46 17 40 36 30 50 10 90 26 19 36 80 22 5 71 56 97 4 3 1 60 79 91 47 55 36 41 16 72 29 37 52 22 35 47 61 32 4 18 40 46 67 48 66 98 22 82 25 91 37 57 16 84 7 88 17 38 60 32 20 43 32 16 25 7 51 57 27 35 70 89 46 69 93 7 97 12 50 93 86 94 29 17 54 24 46 51 4 58 31 51 89 83 35 71 80 68 2 88 42 15 38 37 29 40 72 68 87 15 51 46 94 82 17 96 83 21 80 69 25
138 58 73 37 76 10 95 2 42 25 95 100 62 92 98 65 47 81 3 68 60 53 97 70 86 44 36 4 29 65 20 59 81 99 4 98 100 20 71 82 57 27 71 6 63 95 49 68 30 6 74 92 16 56 16 99 79 43 44 6 5 100 7 99 69 83 70 63 17 89 26 78 70 20 100 58 79 37 87 46 41 21 15 74 17 38 79 25 39 11 65 83 83 58 9 84 70 14 26 55 52 56 57 29 50 26 52 40 92 3 38 88 30 21 98 78 58 19 89 33 77 59 24 5 80 24 37 60 39 47 42 38 98 23 56 58 70 16 29
157 22 54 1 10 31 43 51 19 53 60 1 26 2 90 22 91 20 67 10 13 42 66 60 88 60 73 32 30 57 28 15 66 36 19 96 21 60 65 59 61 7 43 13 4 77 39 24 5 29 73 94 76 65 60 68 100 6 79 78 83 66 84 31 11 7 80 53 83 63 44 88 55 4 30 27 91 76 54 49 67 20 8 52 6 12 94 36 57 64 25 37 44 80 26 51 90 8 33 75 37 94 19 95 26 29 38 59 5 90 79 23 17 9 93 96 70 87 36 7 38 78 63 36 19 65 69 67 31 99 4 35 97 68 71 1 74 21 47 23 53 50 35 71 82 26 51 59 33 33 55 52 33 30 44 59 40 11
97 5 94 96 72 22 31 70 24 62 76 80 50 38 47 41 8 33 33 52 8 6 74 3 54 7 44 32 82 49 76 10 90 10 53 30 75 99 6 68 29 67 65 54 26 51 24 56 46 37 1 81 95 34 25 73 15 81 3 86 56 14 37 18 9 23 60 77 66 67 24 13 1 11 31 51 34 57 68 95 46 91 67 8 37 41 42 75 41 17 36 53 4 37 1 24 60 72
80 13 51 11 91 33 45 80 50 94 61 70 45 36 91 89 26 12 82 88 54 25 38 14 12 20 12 82 22 49 10 32 54 34 91 3 93 77 68 9 99 10 69 9 55 88 44 19 21 62 41 82 17 71 66 26 61 26 61 95 85 88 85 95 25 83 3 45 58 90 18 41 52 75 54 29 100 1 79 46 99
141 97 62 54 16 83 12 77 60 34 43 93 93 100 98 84 51 5 20 76 83 15 71 19 1 69 71 41 33 48 60 7 76 17 81 64 78 84 57 6 13 7 41 11 50 66 100 83 15 81 35 4 27 27 100 97 86 95 92 23 65 97 83 40 68 29 94 40 48 97 15 62 23 48 71 43 42 50 66 38 74 30 8 70 97 97 38 22 98 7 34 13 50 34 58 27 32 31 9 53 81 18 100 52 37 82 63 67 34 10 75 65 76 18 42 25 55 37 29 72 51 81 77 3 72 96 14 13 76 2 21 37 56 82 22 51 42 37 90 3 58 98
155 62 61 49 24 61 29 17 80 78 40 19 79 78 2 71 60 85 4 67 97 65 50 56 2 48 28 33 100 22 71 21 93 72 67 67 29 30 18 98 18 17 56 61 10 32 34 3 6 87 18 14 36 66 39 70 55 61 83 50 17 85 42 98 90 94 12 23 72 89 43 97 1 88 95 46 37 8 66 51 77 72 24 84 78 46 25 22 34 51 95 61 5 50 6 88 97 86 39 11 15 7 15 44 65 31 41 77 94 33 66 68 13 9 58 52 23 30 47 19 34 69 79 30 70 50 33 32 84 4 60 34 96 55 75 26 70 87 18 73 36 51 27 61 56 14 83 45 15 20 55 88 46 61 12 29
121 65 75 56 3 21 17 11 10 40 94 64 27 86 75 63 44 38 99 13 33 76 3 35 53 70 98 28 20 97 70 97 23 44 80 91 52 56 57 31 29 42 41 23 93 4 28 46 93 56 26 25 17 19 84 13 15 69 14 67 16 26 52 93 45 27 78 79 19 29 66 84 19 15 74 36 46 74 45 12 89 40 44 21 94 37 23 25 46 73 16 41 84 91 68 16 71 69 68 35 28 63 3 68 70 83 51 88 19 7 61 58 19 87 96 4 66 39 50 94 64 34
66 59 85 9 16 91 86 73 55 72 24 63 95 15 90 53 50 89 9 85 63 63 94 83 8 87 13 38 61 86 73 2 60 84 55 100 27 29 94 86 27 91 95 27 87 16 92 8 92 65 79 23 74 100 7 57 63 56 62 39 69 58 52 79 50 63 84
162 77 4 37 38 27 61 45 33 72 93 59 74 45 27 9 100 10 45 1 72 49 1 47 56 37 61 50 18 87 10 56 57 92 33 77 2 3 78 47 48 92 82 77 56 92 59 74 92 57 41 18 91 27 33 61 90 99 61 95 13 43 31 36 67 98 12 18 20 15 22 64 59 90 35 100 14 25 68 13 43 41 1 69 68 81 68 14 21 41 73 68 67 70 6 8 61 82 22 49 5 89 57 47 76 31 45 82 61 54 70 75 1 5 40 19 46 94 25 3 27 63 80 98 84 28 68 44 22 69 57 24 88 55 43 15 6 55 59 41 89 55 9 47 5 6 50 59 50 60 88 19 79 87 33 13 94 95 81 96 96 89 8
134 48 30 45 53 39 61 46 73 92 7 2 32 9 96 76 60 98 60 85 72 77 98 95 22 53 44 79 73 28 86 26 19 46 20 24 80 94 18 41 5 25 28 29 21 39 37 94 82 24 33 16 68 56 45 94 88 41 91 90 73 20 94 88 40 16 22 76 13 28 41 73 61 98 98 13 39 22 96 38 58 47 57 33 76 71 97 86 70 45 87 81 38 87 75 27 37 5 56 93 32 7 94 40 25 2 17 67 35 32 42 93 41 52 52 65 66 38 97 91 68 56 56 31 34 27 22 92 24 12 18 81 57 80 45
107 63 42 92 48 23 15 65 58 59 17 42 68 76 85 56 40 50 78 75 92 91 23 44 12 93 3 92 18 4 21 5 13 80 64 29 85 74 40 16 96 19 12 22 44 89 42 24 55 17 21 41 15 89 92 86 8 63 37 13 86 85 50 17 4 10 15 52 10 7 19 40 8 92 71 81 24 32 67 45 7 3 11 74 89 72 58 87 25 8 2 13 47 92 48 12 60 40 21 14 45 10 56 82 7 56 32 61
43 68 45 48 8 71 84 11 87 81 3 29 71 10 99 23 72 56 83 3 51 84 89 71 1 17 27 56 17 25 11 87 44 68 12 35 96 71 13 32 53 38 85 91
43 83 42 100 27 84 30 45 45 85 54 7 33 12 11 40 40 99 80 87 2 71 70 19 41 47 10 30 7 82 26 80 28 57 4 84 41 40 11 99 91 36 50 47
200 45 91 2 94 30 18 23 74 68 34 67 11 48 90 20 44 37 9 20 76 92 91 35 61 23 56 55 99 66 13 91 66 11 59 69 11 95 62 75 57 14 10 27 82 35 44 59 80 54 29 72 46 99 71 17 76 68 80 72 78 47 48 68 64 35 70 78 34 43 82 28 61 54 46 76 4 94 59 13 28 25 44 36 43 87 55 90 9 73 63 90 90 71 51 80 71 77 95 44 56 45 17 93 83 34 5 69 78 99 59 37 100 67 10 80 78 16 67 98 38 19 11 48 55 78 2 81 35 41 74 74 79 47 32 87 92 10 5 65 5 97 29 79 42 52 96 3 48 62 53 20 45 7 2 25 36 34 69 42 32 39 88 16 92 85 64 35 91 96 46 72 10 77 58 14 56 93 63 15 71 17 46 33 42 57 21 100 4 44 92 75 66 77 78 66 42 92 28 23 72
157 37 55 90 12 60 96 63 69 41 15 36 31 96 89 49 97 6 97 64 12 3 49 3 77 54 45 17 9 77 60 75 65 28 76 24 27 20 71 3 58 16 42 16 81 95 92 2 80 34 34 22 10 70 28 68 85 41 24 76 47 82 8 52 72 12 97 38 69 41 32 24 88 9 50 49 13 82 80 68 29 18 6 85 64 90 3 90 60 23 97 6 70 90 100 32 23 96 98 1 76 5 2 52 42 83 90 37 10 28 85 84 83 44 100 50 81 35 23 29 20 1 32 58 26 21 49 47 94 72 66 92 31 36 13 98 9 89 52 97 78 79 17 62 8 24 79 14 11 28 77 97 20 1 93 45 5 95
90 36 30 39 15 97 75 87 72 8 80 92 70 44 13 87 79 61 34 20 84 38 92 51 58 88 72 2 76 17 9 95 42 57 6 1 17 85 54 42 60 12 72 63 95 38 7 89 100 100 44 35 32 85 96 39 6 36 8 2 22 53 34 15 22 47 24 72 77 83 25 97 78 51 66 27 94 12 71 100 91 45 46 76 53 49 14 1 92 90 29
175 48 72 19 19 10 15 3 3 83 14 73 98 89 58 12 43 68 4 77 11 33 37 47 90 47 75 13 5 79 24 12 2 7 14 81 26 44 56 86 80 85 18 14 41 35 75 64 12 12 70 73 54 29 9 100 22 70 68 16 11 31 79 27 13 27 94 55 90 46 24 72 22 15 68 82 41 14 98 100 20 90 62 79 46 53 82 94 17 17 97 62 20 63 5 65 62 45 73 78 70 21 28 100 22 69 17 24 24 88 54 32 94 9 52 23 12 70 51 60 97 9 13 41 79 70 22 60 68 57 64 77 54 11 63 16 6 85 26 7 71 81 89 66 35 69 47 53 42 45 52 43 25 31 2 68 54 64 55 4 3 68 93 40 68 35 66 60 11 50 7 23 1 38 17 37
21 91 53 5 6 40 35 20 39 42 9 76 9 41 85 66 48 81 28 51 99 75
135 31 87 36 7 48 3 21 49 74 17 23 14 74 50 31 74 92 34 22 10 69 17 6 79 87 97 64 75 79 59 50 15 22 54 75 33 40 1 33 92 62 11 56 97 8 41 88 16 60 86 15 95 6 52 9 99 31 85 35 26 92 32 82 17 89 41 61 39 65 17 55 97 72 31 37 27 52 92 37 54 72 77 89 58 97 71 50 6 64 97 78 87 65 9 82 48 81 36 74 33 10 56 46 90 20 49 35 21 60 52 57 21 53 41 1 73 27 39 69 92 79 22 53 85 81 36 38 67 35 82 3 10 46 32 43
34 27 33 75 77 9 32 97 1 9 52 13 86 34 21 89 24 54 76 67 34 44 77 74 73 8 42 52 15 80 76 50 72 71 36
154 23 19 19 81 87 60 88 72 42 13 6 69 5 18 1 62 65 59 18 91 79 18 64 31 24 9 5 52 65 85 22 9 93 10 32 54 99 30 62 87 46 20 98 51 35 33 19 91 89 83 44 51 12 73 43 47 49 92 31 85 47 99 72 51 34 22 31 51 15 89 62 78 28 87 66 57 54 5 2 91 8 6 62 95 29 73 98 2 77 41 46 66 65 18 87 90 81 19 16 37 61 24 49 53 71 79 27 95 74 80 91 30 51 92 58 27 3 100 62 77 38 78 21 49 23 25 23 72 34 52 22 99 52 5 41 77 10 4 68 74 17 32 9 17 8 40 21 15 22 77 40 83 99 97
14 86 49 62 16 55 99 3 5 29 96 72 66 32 30
40 97 69 73 76 76 39 98 14 28 17 79 30 47 85 40 29 78 2 73 97 25 6 32 54 59 87 43 47 95 59 10 66 32 44 43 2 21 16 44 29
88 85 16 65 62 19 44 8 80 45 95 18 15 8 100 90 62 69 71 89 12 44 88 28 69 41 33 33 11 34 36 10 13 30 39 47 92 96 32 8 43 1 2 44 82 79 11 66 26 53 67 17 96 5 52 26 96 8 91 90 42 26 72 24 29 72 8 3 32 52 49 8 97 39 7 80 46 73 39 29 90 94 55 68 56 38 19 21 60
116 78 64 33 77 98 97 44 39 71 11 90 15 93 68 69 22 16 97 27 41 65 48 94 82 61 92 51 46 72 9 6 34 6 81 17 53 11 42 37 19 57 67 73 59 98 60 97 99 36 69 79 38 93 35 6 33 3 65 90 11 10 70 36 54 88 14 88 44 9 64 79 80 49 32 32 89 95 57 3 13 1 65 42 2 27 44 50 96 64 47 70 26 12 77 92 34 30 4 27 66 9 83 28 5 87 55 3 37 65 63 14 66 68 74 76 1
86 48 62 43 91 59 55 90 18 37 17 14 55 49 23 81 90 52 53 13 68 64 42 36 46 4 68 9 29 84 47 31 26 95 73 26 59 18 22 70 31 37 60 80 37 52 37 85 97 81 86 5 66 55 97 100 79 19 40 28 87 5 76 34 27 30 5 20 70 68 20 67 85 34 97 89 14 77 55 12 56 91 10 68 82 29 53
43 76 26 64 40 48 73 58 48 61 52 50 91 53 28 69 90 85 55 75 23 26 100 84 39 78 20 61 85 70 81 14 36 20 66 44 78 89 15 86 37 6 62 18
127 32 82 26 22 25 54 27 31 93 35 26 89 47 68 32 45 63 76 51 18 27 55 88 73 41 60 62 74 59 63 55 25 18 55 44 3 43 49 39 17 96 15 36 80 58 66 72 92 86 42 52 50 87 81 72 19 76 84 44 40 69 96 39 82 73 40 43 28 98 88 88 52 91 24 75 43 53 8 95 8 81 70 79 41 67 79 64 27 8 27 10 26 46 67 57 75 19 3 42 97 32 23 71 47 55 34 55 69 24 86 71 50 5 63 98 95 51 34 2 64 66 48 62 47 95 21 35
179 18 83 77 78 23 35 21 55 65 63 2 24 38 84 17 56 33 9 95 20 14 28 56 3 19 20 45 42 50 54 40 50 89 31 35 71 52 22 32 26 18 55 6 46 18 11 52 67 17 99 4 21 96 4 78 45 81 35 64 76 51 23 77 70 48 49 30 41 64 31 13 12 1 22 67 77 27 67 19 7 81 18 98 45 97 28 43 17 12 2 75 80 73 15 65 43 71 11 81 14 27 66 46 70 78 10 72 39 70 95 89 44 40 1 11 57 22 47 46 80 59 34 80 72 81 68 92 6 36 33 35 18 1 79 26 7 52 72 14 8 20 49 88 40 19 98 48 54 65 65 34 8 91 25 27 30 28 11 68 17 39 97 92 60 51 90 33 1 9 67 88 30 34 86 96 33 8 15 13
101 88 57 88 65 84 86 83 35 100 13 51 10 68 92 78 97 94 54 75 26 15 83 45 51 57 98 91 15 24 75 65 79 41 98 31 66 45 37 92 67 4 70 37 54 80 4 15 22 13 53 15 59 6 23 67 7 78 60 46 82 64 95 100 46 8 4 70 94 55 6 79 47 88 20 65 68 66 68 6 34 35 5 47 33 1 46 30 55 27 46 98 53 81 50 69 2 32 97 9 95 50
128 34 56 85 95 31 26 48 93 70 31 18 70 38 91 14 58 30 96 66 13 99 92 75 73 46 33 77 85 20 50 48 85 15 76 1 10 27 75 45 39 62 26 13 28 26 49 98 38 27 41 47 43 98 8 63 63 34 97 11 60 77 87 60 30 73 40 27 9 87 90 95 56 50 48 4 39 78 38 68 11 5 20 18 64 17 49 91 18 42 30 77 88 41 73 57 1 38 26 90 9 53 14 54 68 27 90 8 41 19 99 1 6 80 92 93 41 72 72 66 38 51 41 16 18 39 73 53 63
173 94 87 66 36 32 60 56 69 6 44 78 54 24 7 38 85 14 60 69 35 74 67 27 82 80 72 32 67 55 85 16 4 8 84 8 55 85 40 35 31 32 75 11 32 23 57 87 12 1 34 14 37 69 8 91 49 37 10 29 70 19 43 36 6 31 36 67 11 2 83 5 17 19 28 1 80 97 19 62 85 67 20 22 76 28 42 18 17 29 21 58 35 56 11 60 47 67 43 65 57 50 53 32 15 72 27 69 31 40 95 87 61 52 80 4 47 80 93 81 8 93 3 82 30 76 73 47 96 82 2 66 34 39 85 2 82 50 84 72 65 58 54 80 46 54 12 37 44 73 94 70 95 58 19 69 35 91 90 14 14 21 9 38 100 22 35 4 4 1 79 40 42 14
37 96 15 93 96 98 29 76 30 30 98 30 85 97 55 75 54 5 2 38 49 66 39 80 11 88 40 1 41 11 15 91 26 28 4 76 81 13
125 42 20 99 91 81 49 20 41 36 95 56 22 94 16 38 16 43 85 10 76 92 40 65 52 30 32 84 86 21 35 36 29 61 88 44 21 37 85 63 23 7 25 71 85 73 43 52 87 81 94 18 64 75 24 91 86 40 50 28 76 51 20 74 40 38 91 25 42 73 3 100 21 87 86 48 34 45 24 16 72 50 2 88 9 100 77 49 69 27 49 38 89 8 23 28 70 81 70 10 87 63 12 94 26 78 43 70 34 99 19 97 68 78 20 15 41 15 69 55 41 49 46 5 98 14
180 15 66 84 99 42 14 4 23 29 73 76 21 87 100 6 7 29 14 35 60 59 64 73 61 81 6 4 22 84 7 46 92 80 60 8 7 54 55 50 14 49 78 72 26 65 47 81 36 98 37 73 23 66 35 98 71 21 7 49 92 24 73 75 59 81 24 53 99 34 43 98 1 49 66 65 89 21 43 23 71 29 56 55 19 69 77 62 91 9 53 2 10 78 80 80 100 48 49 78 33 2 67 16 79 35 50 33 7 75 71 100 62 76 21 2 44 39 94 63 10 36 78 78 36 80 95 92 74 69 34 22 50 12 6 78 91 56 16 45 81 81 22 13 97 68 72 22 23 31 81 2 73 95 45 11 10 63 5 14 55 86 48 56 26 37 21 36 98 60 36 5 74 95 44 98 93 5 93 66 85
141 65 61 20 64 87 60 41 35 33 28 95 38 38 96 33 14 23 17 11 20 50 89 81 60 95 63 86 66 91 46 47 24 34 71 56 59 50 86 15 38 49 78 81 42 88 6 17 69 81 26 51 82 34 62 45 95 1 57 37 63 88 42 54 59 98 24 3 16 83 9 98 45 81 50 53 74 39 27 9 53 56 20 24 87 76 78 80 1 17 44 21 18 78 49 31 82 93 19 27 82 47 50 89 99 52 81 91 42 18 77 42 99 79 72 70 58 14 15 76 87 43 95 59 79 66 99 59 79 5 31 83 9 26 65 8 8 56 2 94 21 95
143 72 87 26 22 3 16 64 39 83 81 77 29 48 39 68 86 72 66 39 56 44 57 75 70 15 9 21 54 40 24 65 41 80 55 55 22 10 52 70 16 83 96 86 37 33 85 26 34 17 90 72 51 1 61 87 56 84 2 92 38 43 89 91 13 91 47 16 74 71 49 67 26 33 91 59 89 55 28 51 67 98 6 68 81 38 22 86 53 49 65 28 23 11 99 48 51 2 22 59 45 47 28 85 19 18 39 3 44 78 24 60 71 65 43 18 64 47 53 92 75 97 93 32 77 75 90 71 13 31 30 72 38 26 18 50 15 78 20 37 95 89 55 73
45 54 97 13 59 40 66 55 38 84 36 14 29 31 1 9 1 44 41 64 52 15 67 51 37 83 22 44 52 24 61 17 6 97 16 46 59 25 35 81 74 60 87 22 48 34
83 11 43 42 31 59 17 22 81 30 23 16 3 23 72 7 80 25 30 88 25 43 67 74 3 43 15 42 27 91 63 22 57 62 45 60 8 87 66 60 33 73 67 29 100 6 44 36 38 56 34 1 94 6 81 53 28 64 19 1 77 87 8 22 8 6 39 45 71 19 74 87 41 31 35 66 33 5 92 6 16 54 5 86
175 35 52 5 54 83 41 75 78 73 84 20 80 26 39 61 9 92 28 64 11 68 40 21 94 79 92 56 1 10 21 83 94 12 75 98 94 45 35 80 79 75 67 80 43 43 20 61 14 40 76 5 61 14 49 16 17 42 92 40 92 8 26 24 88 79 14 91 52 62 54 67 6 67 35 24 94 40 56 32 87 37 80 91 19 72 46 69 33 58 43 86 77 35 95 64 73 90 74 98 7 54 49 70 55 82 40 55 40 49 57 13 88 47 63 33 48 41 77 27 94 70 74 54 57 2 77 43 61 70 98 86 88 39 59 45 3 77 11 37 22 42 97 97 28 83 20 61 52 11 26 55 16 48 30 60 98 55 39 24 51 21 52 8 46 50 16 56 11 64 22 98 22 73 89 30
55 37 24 59 19 14 40 93 66 79 14 79 36 11 38 69 35 75 41 6 91 41 83 70 10 60 80 82 59 92 27 99 52 17 65 4 40 99 79 79 37 57 35 34 14 51 82 23 42 56 32 13 56 48 80 50
25 44 25 83 90 83 5 56 17 49 31 69 48 73 91 44 13 50 11 9 59 44 92 3 5 5
149 29 72 14 43 68 89 67 78 31 13 8 5 26 57 82 9 64 25 100 97 86 33 98 23 11 48 69 77 33 32 12 52 16 99 60 20 42 43 71 35 97 94 41 98 52 65 92 7 45 12 97 58 27 56 59 79 38 71 3 71 37 93 22 8 82 98 83 52 23 49 2 77 76 41 94 89 36 66 37 53 65 64 15 33 69 17 41 79 94 82 28 26 78 85 49 71 93 2 20 41 32 12 66 23 83 49 63 76 60 39 2 73 72 72 6 80 64 16 20 21 37 80 44 92 77 36 77 70 66 49 45 5 16 10 40 58 92 99 80 93 52 79 23 14 12 72 38 76 42
94 37 38 61 93 76 81 33 94 81 41 60 21 99 99 8 40 15 91 42 13 51 56 80 100 50 29 50 55 77 67 28 77 20 18 71 76 32 27 79 97 43 51 21 47 57 44 3 74 66 96 27 67 49 56 92 82 74 21 34 69 93 85 51 60 26 26 87 28 50 35 88 40 99 1 55 36 41 100 8 88 30 38 38 63 99 49 99 14 14 35 58 100 90 13
191 17 84 30 47 20 76 99 74 39 20 29 65 33 28 66 48 4 66 18 89 5 10 82 77 18 29 59 37 66 70 52 23 60 73 10 92 99 27 98 81 13 97 4 36 7 88 78 19 30 29 30 41 36 36 91 2 7 92 16 84 9 35 74 81 48 15 83 82 7 85 24 62 73 21 11 7 86 64 89 61 39 75 79 65 78 36 75 57 77 15 26 39 42 45 55 27 76 37 40 57 62 54 32 58 97 67 47 36 10 21 58 10 68 15 1 30 54 29 95 99 95 8 74 52 56 26 27 5 95 56 43 27 52 69 85 44 94 84 76 11 23 94 61 61 43 41 58 8 73 21 86 43 27 35 6 81 86 74 32 35 67 80 59 83 10 12 63 31 46 89 92 60 23 25 33 53 34 17 83 92 80 71 76 19 54 17 16 35 36 29 16
82 13 63 27 67 51 79 25 56 11 64 92 60 37 48 38 5 52 80 48 10 45 64 22 81 60 28 31 93 23 2 89 7 78 25 13 62 17 79 84 40 79 93 42 22 80 100 57 14 84 45 56 70 20 57 54 84 43 87 64 41 7 50 41 80 85 8 8 24 32 20 4 73 91 42 88 82 59 53 27 68 55 99
116 34 40 78 27 26 91 98 68 21 73 100 57 55 59 42 39 67 25 34 2 18 30 25 26 14 63 19 48 55 7 1 10 53 74 9 91 41 62 58 8 86 15 44 93 26 52 86 68 35 18 44 70 32 82 70 46 61 26 93 67 24 79 27 54 54 7 11 10 28 88 4 5 75 9 15 1 7 16 32 100 71 90 37 44 80 70 61 57 25 56 88 85 56 50 40 6 1 93 78 21 57 60 79 25 73 7 83 11 81 46 79 22 90 58 55 79
26 9 83 54 43 34 52 74 72 98 72 40 79 14 96 89 10 25 78 39 54 50 75 19 83 27 17
29 77 51 23 97 67 33 32 41 7 35 76 72 22 57 3 86 97 75 36 97 13 67 4 48 96 10 49 57 78
139 82 64 94 11 24 43 61 86 84 81 60 91 26 85 97 43 30 86 75 55 76 5 40 90 75 85 94 53 88 54 94 35 52 54 8 65 82 97 5 2 19 35 64 21 98 91 30 15 59 37 81 58 61 28 82 85 69 97 68 85 13 43 7 19 13 51 7 12 57 83 31 17 50 7 92 72 27 98 95 21 94 5 35 78 10 75 6 6 27 1 69 61 69 81 98 31 33 52 71 38 83 22 87 62 9 15 41 42 14 9 57 82 37 77 85 91 28 12 24 87 34 16 91 70 60 74 95 61 62 8 3 45 81 72 40 59 42 45 80
79 45 33 81 30 51 69 45 46 36 34 43 70 24 88 98 40 54 42 82 37 49 49 74 15 11 20 88 34 44 12 58 76 6 95 42 55 36 58 15 80 46 72 39 75 66 49 98 86 21 59 32 86 33 90 22 59 5 76 4 81 44 6 74 36 43 63 35 24 61 13 41 22 2 60 87 38 8 9 79
176 81 35 61 98 55 93 85 78 10 9 14 50 22 79 50 35 33 98 47 81 62 93 10 51 97 39 84 2 65 7 27 7 58 75 68 36 12 91 35 98 61 74 76 100 47 45 27 27 60 4 73 72 91 23 39 20 31 76 22 8 24 19 37 81 96 34 90 2 29 73 13 82 50 49 43 20 59 77 79 7 84 55 44 74 41 67 1 81 62 8 25 56 76 19 35 35 18 42 36 70 1 94 17 19 69 4 82 7 41 13 4 91 29 32 40 16 55 61 72 55 72 100 98 16 26 71 82 29 15 11 12 64 20 8 42 7 79 30 75 72 44 42 5 12 69 86 40 51 23 85 26 8 78 6 90 78 55 50 95 41 11 88 74 15 22 66 63 73 25 83 24 45 4 77 29 79
200 62 70 53 47 67 2 90 61 4 26 4 1 56 86 60 41 69 80 72 43 85 57 5 97 78 65 98 74 7 89 87 41 30 84 7 5 25 77 36 81 56 91 95 36 85 45 44 82 3 97 78 80 21 44 74 70 87 19 80 35 98 20 71 72 24 25 32 100 3 18 13 48 83 9 95 83 44 53 56 69 40 99 67 80 18 62 12 46 5 100 84 65 38 62 80 95 15 28 8 87 87 35 58 52 94 69 28 57 37 55 74 18 59 67 27 57 10 80 52 15 81 27 12 1 53 46 48 42 67 55 45 20 42 81 92 4 78 91 66 49 53 31 81 56 95 42 15 10 66 81 37 39 74 77 29 21 57 75 55 58 60 93 14 21 62 100 69 75 23 24 18 80 97 45 95 44 65 56 97 41 40 83 73 93 80 5 60 100 32 49 17 4 9 89 76 22 15 62 1 4
199 19 64 1 43 31 97 13 5 20 96 37 13 62 92 91 45 36 51 52 36 10 74 37 67 77 70 23 24 59 14 82 91 91 78 31 71 49 42 58 84 39 92 87 79 94 12 47 29 90 72 32 65 66 14 66 11 32 15 14 31 52 61 74 98 39 61 32 59 65 11 83 89 59 11 79 46 68 13 95 33 55 75 94 77 66 24 98 25 65 33 100 35 71 30 16 5 82 30 41 70 8 46 11 40 17 63 17 55 58 61 55 73 36 10 48 54 38 90 45 47 50 48 34 52 66 21 29 62 66 16 71 14 100 48 46 38 9 25 88 19 84 69 11 7 3 32 92 33 91 100 41 87 37 23 24 14 30 71 80 79 41 67 82 97 75 17 87 55 20 62 30 8 72 81 100 46 88 71 41 6 37 70 34 13 29 43 13 15 68 73 51 64 99 4 47 70 30 94 6
192 76 28 22 66 89 66 38 74 35 83 74 39 26 11 91 73 99 81 69 17 70 32 21 71 51 94 38 39 88 98 100 2 96 62 49 42 95 22 90 6 24 68 99 82 4 80 34 6 16 72 28 63 100 54 76 78 100 4 3 93 30 37 84 42 8 40 80 83 15 93 45 54 37 46 50 90 100 41 92 33 21 2 26 88 4 44 46 69 16 52 67 77 80 92 69 72 52 19 96 24 60 13 38 99 9 77 68 8 92 78 26 95 3 34 55 2 6 86 63 72 21 45 82 27 17 27 78 31 96 45 74 29 11 96 92 99 54 78 11 39 88 61 17 99 30 72 6 38 75 52 45 63 2 68 81 76 68 43 49 54 23 81 75 61 71 95 1 20 38 78 83 36 82 87 2 75 65 19 36 29 22 70 65 93 55 8 9 9 23 70 82 89
155 99 10 97 19 43 96 4 19 6 7 48 37 87 51 39 91 25 60 70 73 27 25 22 28 30 83 68 95 92 21 86 84 48 52 59 85 82 12 2 1 52 48 34 14 100 60 55 88 44 11 14 19 94 71 36 86 41 8 64 81 76 43 90 26 41 66 54 44 39 28 54 90 96 86 87 99 10 7 80 88 86 47 18 6 66 74 53 59 45 33 44 68 25 74 32 92 62 81 23 48 43 15 28 37 7 96 90 1 22 1 59 20 98 95 26 28 81 59 61 47 83 16 73 55 54 31 46 91 54 45 35 65 17 55 26 66 46 40 93 93 37 56 44 31 77 73 81 79 87 44 55 16 62 78 43
40 5 27 100 59 43 18 64 21 8 42 32 56 64 34 86 48 23 60 87 61 94 92 12 83 50 52 54 12 17 46 99 75 75 20 10 54 16 3 56 57
47 74 74 28 31 95 1 16 5 96 100 6 24 56 34 56 84 79 74 63 72 97 77 23 43 58 34 83 33 19 7 23 33 11 18 34 98 77 34 15 36 6 53 84 26 26 38 84
8 48 66 86 53 99 41 33 59
39 65 73 6 100 53 44 66 95 34 20 65 67 96 4 16 23 97 92 42 89 29 35 40 31 6 9 98 67 94 72 37 25 4 56 87 76 92 91 85
86 98 11 14 23 1 5 57 55 2 25 77 92 50 90 69 67 97 68 78 56 8 71 98 17 30 99 83 18 82 83 68 29 62 25 30 88 17 47 52 21 77 46 30 41 73 94 41 4 78 54 4 31 65 68 70 3 76 63 74 62 47 41 76 51 85 94 86 45 34 53 28 66 35 3 74 62 86 75 63 51 97 39 5 16 23 7
192 27 55 72 12 40 80 45 55 71 53 75 88 24 21 67 39 93 85 9 35 11 30 38 25 34 53 47 27 82 21 22 24 33 40 49 75 34 71 27 98 93 16 84 65 25 1 80 50 84 31 9 77 50 93 84 78 14 36 48 17 7 97 29 99 73 97 59 80 87 57 38 3 47 21 69 18 41 30 36 91 97 86 96 70 16 30 18 67 74 65 92 9 99 62 50 37 84 81 15 41 90 20 40 90 28 42 44 73 73 65 70 95 42 17 9 59 12 11 3 13 22 83 78 45 68 64 43 83 71 26 39 48 43 33 19 84 89 98 83 78 87 32 8 77 47 78 76 89 19 78 46 41 35 43 35 27 20 48 65 15 3 87 82 2 74 76 44 75 67 66 7 26 4 86 41 53 38 75 9 49 46 5 75 26 77 69 74 37 70 91 47 2
153 20 58 36 81 28 16 7 6 55 56 61 47 31 28 89 18 93 43 11 55 59 43 60 44 35 33 56 6 71 42 98 100 12 65 49 61 50 96 38 24 50 26 34 73 39 40 47 36 89 39 78 33 88 52 61 41 17 66 60 52 74 21 86 69 50 40 5 94 74 18 5 71 31 75 29 7 1 53 3 6 82 63 82 79 54 26 20 32 90 89 84 96 24 12 18 92 68 86 62 76 48 82 8 44 47 17 52 83 40 99 44 26 87 18 57 65 77 58 90 92 60 44 64 98 52 1 12 11 25 85 16 97 39 50 4 20 82 3 92 15 87 49 23 75 97 91 93 86 26 44 42 93 79
57 4 41 80 19 60 68 51 55 68 37 12 48 17 20 99 37 71 4 25 38 27 78 92 71 77 21 99 6 29 93 2 17 12 85 3 60 72 50 9 81 82 25 34 18 63 39 27 67 76 72 38 65 16 86 2 97 76
173 61 11 71 90 33 81 100 16 73 15 49 77 13 98 75 10 82 54 53 81 6 90 34 53 44 98 81 90 77 8 28 25 52 1 63 85 8 25 27 70 23 9 4 65 82 19 11 13 86 44 7 96 43 50 70 86 5 89 22 37 25 27 29 44 36 49 90 8 56 42 5 4 12 77 94 79 23 22 74 97 42 17 46 27 89 62 19 98 10 36 37 17 10 75 89 85 36 64 55 69 39 75 3 79 89 51 91 24 61 4 34 20 3 95 27 51 72 70 70 53 80 3 34 22 57 9 77 15 18 87 94 47 40 40 70 79 96 95 71 36 66 99 61 63 70 14 15 92 71 32 23 43 30 96 5 71 73 73 67 21 66 21 59 31 64 71 44 71 100 29 21 71 6
18 28 15 74 12 88 4 44 63 83 78 40 35 27 60 32 39 66 84
83 55 3 13 59 42 7 4 40 45 6 60 15 69 26 71 55 42 27 14 63 85 35 90 30 70 85 27 13 26 49 34 5 37 26 75 61 71 78 41 75 13 28 20 29 93 82 10 99 15 47 96 77 36 34 34 94 74 23 55 35 59 7 62 50 46 47 96 59 81 93 45 53 56 80 89 40 7 57 93 37 7 84 25
78 87 44 28 33 100 3 72 66 46 99 76 83 99 4 52 8 88 98 46 59 54 80 53 15 16 38 62 19 71 37 98 32 50 83 42 15 88 100 68 94 49 32 68 85 52 98 46 11 12 20 60 84 76 64 80 78 77 67 41 69 68 62 50 75 35 62 68 61 62 62 5 90 41 63 10 10 26 51
64 10 78 34 32 94 33 23 27 15 1 82 28 79 3 37 36 60 54 2 71 15 45 43 25 1 46 63 30 73 84 81 24 56 22 47 81 62 54 71 76 37 18 75 100 96 17 59 49 53 6 6 93 25 5 61 70 1 41 83 11 49 89 8 24
8 65 2 87 60 30 36 99 67
99 34 18 67 71 93 50 39 37 16 17 74 69 86 78 27 94 88 22 75 16 77 17 60 73 33 8 97 18 92 98 69 69 56 96 71 70 75 15 56 83 79 85 84 25 32 18 67 94 97 76 44 6 96 52 77 16 2 49 87 77 23 57 74 53 74 86 7 13 32 61 22 92 68 37 12 4 77 93 88 90 97 13 54 27 28 74 1 98 11 2 21 8 49 57 97 14 77 78 76
151 34 20 93 9 62 35 81 45 81 91 11 70 15 34 53 42 35 80 65 32 15 1 76 78 2 84 33 61 84 54 66 100 51 34 25 99 12 90 87 65 71 9 19 31 72 86 12 16 48 63 96 93 1 12 57 92 62 91 51 58 76 89 75 61 1 100 84 55 97 56 57 45 26 41 29 24 63 36 5 84 15 65 45 18 83 5 94 70 76 91 52 73 83 3 72 42 8 2 57 11 97 66 16 44 47 50 6 42 87 29 79 24 83 63 51 89 12 74 34 26 98 28 66 87 80 60 24 84 27 16 84 53 67 86 14 98 67 58 24 67 4 28 18 35 94 84 82 58 65 19 67
196 91 34 91 77 8 18 90 73 5 88 77 46 71 88 8 64 93 59 54 92 1 40 52 13 80 72 12 94 38 39 99 8 44 84 15 79 17 56 66 81 18 47 97 44 11 41 78 77 75 89 80 61 66 12 76 20 79 78 44 80 86 11 34 87 93 56 11 59 91 92 59 38 46 9 73 32 79 19 29 55 6 59 53 86 39 71 22 65 99 96 46 84 65 25 56 65 55 50 91 20 15 69 15 9 97 77 7 18 42 77 86 97 25 39 49 69 81 22 54 77 22 100 64 20 25 51 23 75 17 68 79 45 97 40 4 1 67 51 47 85 91 16 65 81 57 94 11 4 38 95 18 19 92 69 8 8 90 41 48 35 93 76 57 24 57 35 34 73 37 40 58 93 43 34 42 34 48 87 60 97 47 59 2 32 26 17 16 91 17 100 36 12 12 60 68 53
140 35 11 71 73 80 25 15 92 1 73 12 51 47 87 69 20 99 76 91 15 92 25 62 25 82 45 67 42 86 74 50 39 24 75 34 74 67 17 3 34 96 33 43 59 63 66 48 54 14 86 53 31 59 56 22 61 5 93 39 68 91 59 60 53 75 51 89 69 28 72 89 26 9 82 28 27 29 28 30 84 97 37 78 82 1 14 5 62 86 97 20 86 71 46 87 95 91 72 14 73 18 52 41 31 31 4 89 56 38 95 12 51 61 61 25 93 86 59 9 35 65 70 31 31 54 78 83 13 22 99 82 3 59 39 6 33 98 78 18 9
87 80 14 58 93 42 55 52 6 92 61 90 3 50 62 88 54 52 5 52 4 99 11 48 53 79 95 24 61 61 11 68 79 80 12 89 47 16 46 15 30 88 38 50 40 62 64 38 3 80 29 98 77 46 57 85 85 49 4 25 96 11 50 47 53 6 76 95 37 34 87 47 12 9 34 28 62 88 97 57 1 34 63 2 22 11 74 65
115 41 68 11 71 21 55 91 88 78 79 77 12 54 89 6 48 39 95 87 22 55 71 29 26 92 79 55 65 61 15 32 72 59 47 99 58 58 8 87 98 12 24 61 69 2 5 81 66 80 92 94 74 79 6 34 19 38 90 2 82 94 100 17 7 88 28 75 24 48 26 12 59 23 55 18 93 10 75 67 81 95 9 87 56 28 83 11 32 87 16 30 53 13 72 100 87 99 25 12 85 55 28 19 89 6 50 72 1 57 11 30 60 43 3 93
75 86 29 22 28 33 41 72 79 51 89 11 39 51 71 95 74 94 89 36 16 50 44 40 10 7 39 63 75 77 32 1 54 66 3 95 5 33 21 78 48 70 13 33 34 71 26 72 83 15 43 51 48 38 16 45 72 44 18 34 92 35 71 55 41 9 12 49 9 35 28 39 63 1 1 74
28 88 47 98 26 32 35 21 61 91 21 62 78 97 58 47 19 13 70 29 35 10 54 36 98 40 67 92 53
117 79 53 41 2 95 88 100 9 18 43 59 17 95 4 76 39 57 36 28 83 80 28 99 23 75 47 81 61 86 89 32 89 92 84 30 8 32 8 38 3 20 62 14 1 22 21 97 57 23 45 99 14 57 15 65 87 66 31 97 11 84 80 94 13 31 46 94 33 100 81 51 44 32 39 78 32 32 64 55 63 90 40 60 8 98 67 56 70 93 63 36 17 4 28 44 96 70 38 22 91 53 42 45 90 63 10 61 74 31 96 48 11 4 69 8 66 12
168 43 5 76 85 69 19 40 55 30 91 24 26 8 64 60 27 12 16 73 22 50 41 24 51 5 36 48 94 100 75 7 44 38 3 3 89 35 69 66 2 46 8 79 35 93 59 95 1 43 50 6 95 89 8 32 88 20 78 79 6 75 78 26 97 66 61 53 29 77 81 35 10 10 62 53 59 28 100 38 78 14 46 53 70 54 34 23 50 3 4 77 82 44 12 22 60 33 31 47 3 46 6 1 33 18 58 54 68 39 93 27 32 34 34 47 19 14 79 2 34 52 18 38 70 78 19 59 48 59 91 38 85 81 18 97 68 92 20 26 74 53 54 12 76 81 86 96 60 73 100 77 65 79 37 47 12 25 29 92 25 3 98 28 53 43 97 77 85
117 43 39 76 10 77 63 13 47 15 7 42 52 86 7 83 64 24 40 65 26 63 58 89 62 44 13 90 30 2 70 63 62 99 59 95 93 28 25 22 87 87 49 45 1 70 89 12 3 84 8 71 6 98 67 77 42 10 63 49 86 72 62 43 48 64 72 51 93 49 68 62 13 33 23 97 9 37 11 47 23 44 44 86 50 93 35 2 50 12 5 3 14 6 43 67 12 41 13 67 27 98 54 53 34 59 76 24 29 45 76 28 91 51 70 94 57 43
27 1 18 3 4 19 57 33 77 4 63 27 1 32 95 30 71 97 96 39 42 98 61 32 23 75 5 51
86 83 20 56 58 88 25 34 89 16 32 93 80 71 69 25 84 92 32 25 23 94 82 4 48 99 50 88 7 76 3 13 81 56 53 31 96 53 14 27 67 26 23 91 49 28 86 71 74 46 30 25 1 60 44 61 45 58 43 72 81 29 42 92 43 27 39 95 2 46 83 43 5 5 62 37 55 81 29 93 29 49 25 80 93 87 96
139 86 70 32 34 64 48 25 83 6 92 83 10 54 49 53 27 41 93 12 34 1 5 74 45 27 5 10 5 78 31 47 88 53 95 97 51 16 55 78 11 89 25 64 9 82 92 84 12 91 75 21 55 4 86 75 78 86 14 66 92 51 58 95 14 57 18 50 36 86 95 1 69 71 81 41 52 7 86 79 57 2 29 44 36 16 13 79 13 26 6 43 47 27 20 84 60 38 20 70 91 35 53 50 20 38 47 15 29 88 14 14 40 38 21 42 89 49 73 75 88 1 45 31 38 23 50 19 24 83 23 63 14 49 21 22 52 40 17 67
44 74 6 2 19 62 5 49 92 58 97 25 53 13 8 48 66 61 100 47 54 16 75 41 42 75 100 48 55 79 58 7 76 37 44 95 25 45 43 7 6 66 56 54 22
154 98 41 25 90 26 56 50 42 56 50 25 29 4 82 28 51 64 58 26 23 90 80 51 88 26 43 64 22 42 65 41 84 44 4 87 56 3 29 31 17 46 13 80 18 84 64 77 32 52 61 50 85 92 8 80 97 25 54 84 68 60 97 98 77 9 87 76 39 27 51 93 48 13 4 45 4 33 30 65 59 81 44 63 77 72 13 87 9 2 40 16 33 93 95 93 32 90 91 62 48 97 87 34 83 47 5 3 98 3 41 45 47 38 84 4 33 53 38 35 70 86 13 9 55 49 73 42 94 31 39 59 52 55 86 99 11 12 36 81 40 84 39 27 36 46 8 35 28 89 3 95 90 47 50
179 45 41 45 76 13 72 97 5 69 76 15 70 96 26 41 21 51 15 41 70 81 3 85 20 2 91 83 4 93 53 39 99 88 96 79 83 83 1 40 57 22 6 41 56 72 8 48 15 3 63 21 67 29 57 33 75 61 31 27 13 53 61 48 95 72 8 94 61 12 6 43 59 35 90 19 98 54 2 37 12 58 12 33 32 97 53 45 11 98 15 16 1 79 38 69 62 64 40 94 16 83 56 35 21 25 20 55 96 6 10 48 90 33 57 58 34 11 55 19 5 81 62 65 98 12 47 64 91 77 56 15 6 70 25 54 81 46 100 87 40 21 8 26 35 80 85 41 46 51 97 49 19 6 68 36 93 84 53 79 30 13 7 99 52 99 26 34 20 14 51 26 74 67 67 6 26 8 28 8
139 98 96 80 37 57 40 69 95 15 61 71 89 2 3 72 81 80 64 53 51 94 97 95 51 92 32 28 73 96 66 37 19 68 100 81 89 90 43 4 28 7 31 38 42 92 92 80 98 90 19 4 69 76 1 4 60 71 48 92 30 21 50 50 32 99 68 13 50 75 70 62 45 40 81 84 67 35 20 8 14 42 74 15 78 25 68 48 54 54 5 95 17 88 33 82 40 37 50 59 92 61 7 99 5 62 13 1 21 73 22 14 17 81 79 92 75 52 52 10 86 82 58 43 82 9 56 36 12 23 25 24 81 24 26 50 61 58 36 75
125 38 53 64 15 45 11 17 59 76 96 74 46 38 54 34 11 60 38 78 56 11 100 27 39 66 49 6 49 80 50 33 55 44 33 15 15 8 86 58 75 28 65 61 61 46 13 34 58 17 45 16 6 98 74 87 40 93 96 28 31 85 80 36 55 89 58 44 2 62 53 19 49 100 71 52 41 99 49 53 71 65 60 46 13 35 65 69 25 34 30 70 17 23 1 5 12 78 71 55 25 67 37 36 6 45 66 29 95 38 97 29 16 40 32 91 42 9 91 5 16 100 14 65 33 51
160 95 37 58 80 41 13 50 75 87 32 12 20 46 52 64 90 86 50 43 16 70 89 17 29 34 52 93 75 19 26 58 34 79 16 9 58 92 28 82 21 53 62 15 91 66 95 83 39 56 96 20 87 3 38 44 46 61 35 58 1 41 64 72 74 34 27 60 22 41 13 15 13 88 33 38 43 52 29 20 98 57 21 74 74 11 67 12 37 32 79 86 1 38 19 66 36 14 67 25 66 32 83 46 6 99 55 77 58 31 99 19 14 79 22 5 58 81 89 65 9 82 79 82 86 21 70 3 81 42 48 90 72 31 62 80 63 55 27 76 2 56 99 20 62 17 13 27 83 46 69 57 30 53 47 50 57 30 79 67 32
137 81 20 26 14 64 62 27 63 86 75 98 82 54 27 89 88 71 58 45 32 40 94 24 82 21 12 78 93 35 56 87 62 51 3 53 17 38 76 92 47 88 31 65 29 35 14 19 9 64 63 36 55 88 7 9 13 67 88 3 99 79 37 49 28 71 54 99 55 62 11 1 35 44 85 50 86 90 14 74 3 24 99 63 74 90 23 57 33 32 45 92 58 20 52 18 63 6 2 11 18 24 29 36 99 82 13 83 34 88 52 54 32 79 100 8 89 93 85 75 31 5 58 50 99 89 96 6 34 92 39 58 88 34 29 20 85 13
16 29 9 4 43 60 39 75 67 4 25 27 14 54 78 11 30
0
