17053 434887
22508 3703308
90752 2743062
39552 2016633
64236 392420
58214 1938009
77267 1029568
27723 2576251
69125 250571
13295 2517063
16107 1925770
6027 219865
91968 1519198
81092 303635
79653 871540
99986 731491
57375 1546986
94644 257349
63582 1487080
54147 719900
3058 50317
50600 957287
99047 1295731
59192 2501203
38432 1500538
9483 2118127
99727 2429574
17817 1605811
67218 787058
20168 1200199
18889 234695
24861 778530
54771 4264391
48812 231147
40480 893292
12378 394993
46904 2250368
46507 744995
28090 185609
56877 763370
40417 1715012
19119 1771746
80806 703221
1927 23026
49255 4608575
41765 1899697
77868 827086
85027 333467
90882 2187991
46128 761403
34240 119032
45458 311775
38268 1021115
18873 188281
42709 1692422
21261 157394
86682 1233092
38970 559164
79472 1960805
30777 910842
29536 1451523
66688 296714
38077 76180
50051 53410
69142 520427
48589 1911494
7762 1978840
32982 864705
21833 2217937
58703 191837
94757 1369390
33515 46988
90083 893559
67479 1077006
9597 1184107
34448 1105178
68128 1308438
90034 1601821
80213 2345310
2483 1019013
20768 175021
32647 1242221
80593 2025384
61572 520883
6497 1258858
93194 2707786
21346 1458186
39546 787973
17407 1448436
12867 948911
13598 1680809
44799 407812
40843 40843
12234 2253311
61731 830717
49486 2579458
42472 4976907
96750 243295
22202 698489
30157 65810
37186 1724824
73030 190331
90922 2235948
19824 1047305
99724 607298
17949 1043829
51531 860613
41693 55668
84474 151785
57096 720212
61664 477994
16612 362209
87322 347054
15990 1147203
29177 163063
59014 830090
47666 2857975
62460 1090689
44937 1641021
8020 608785
82265 100318
98557 910431
54131 594571
46970 276776
74751 606065
88588 2538759
11074 252840
13384 258281
12243 1994217
16108 40229
66502 523294
30612 1602992
55599 963159
3444 1586199
17998 1365985
35871 115273
91799 1901898
98207 311534
4076 1980039
23011 579396
96627 323008
63468 1419604
15952 132453
5281 2075600
89692 342181
93787 96808
2482 1190611
78080 961051
50514 50514
24430 53587
52514 2182622
74334 1398964
21434 1348357
37507 647246
42074 66505
47282 961030
53140 2489005
77969 558577
87043 1778111
40094 363377
65646 311232
59122 116523
69498 2404858
81371 574330
11821 318646
42420 2249005
70896 837506
40442 929630
43257 1114490
6648 651958
62763 360196
30949 112966
1453 1147412
66988 1395618
63545 845690
64283 102386
9764 1793003
20135 2080475
70800 412477
18399 169556
44396 1125150
86413 592161
85701 561001
66230 4235232
39089 114311
51910 1522604
9435 113444
71357 324420
19869 2662738
96294 253257
92341 918156
45209 868174
29347 1820763
59858 499472
56048 2234988
67718 333054
55276 739822
47047 968206
9182 1649740
42674 288129
72002 1124401
73615 151735
46405 1248025
41651 779706
33837 40187
55198 1451729
36340 2680082
35618 250841
79434 3249957
60401 914989
97341 1410192
53659 53659
67378 102585
54569 60327
13301 1315207
27921 699882
69396 345090
80588 2546735
36726 1412938
52485 438862
7564 282384
30039 1481012
31642 991907
85054 2176194
49858 1329893
14400 1108702
85354 1239016
87529 1048329
3804 950936
98255 389625
98245 690421
24954 566760
67129 585796
72436 1081106
64102 2132773
86590 203958
33956 618965
12719 135129
77414 469567
26089 2317371
10 1238080
7235 762875
2091 5886184
32925 230658
23285 1320372
12840 622592
60766 1431350
18569 104639
83513 747197
64659 2938159
40340 2818916
1558 4468806
98362 1431915
1558 1378590
32975 49134
45767 1576834
29715 1765591
59160 199402
5113 1196153
92158 4506798
52523 154169
16229 456675
16482 212035
95395 536644
16908 676352
90821 946912
83 951592
6892 654318
35498 633004
83586 1435898
10824 1879646
74180 615615
6894 274615
69636 1931071
28216 1980092
71724 4768054
81265 389478
30025 478620
30509 1099717
9034 1477515
38735 3154819
88392 190329
505 819851
25538 557754
90753 1329304
39555 2161041
58083 234736
31129 1553841
44964 1893097
83356 1197617
13882 852828
73850 1974481
6701 750151
50549 1533460
47891 7082752
32020 1033780
99744 641726
94270 1154701
35241 1063287
16260 228284
40181 534487
26179 788382
42411 54317
75828 695586
22846 311282
63862 1384131
86740 450222
99825 1441445
99019 123505
4351 5286894
79811 79811
70458 145742
88298 1883580
45543 2450104
65463 128446
49274 2191745
16985 336651
58526 1406697
25536 107870
32592 4738003
7596 544522
13110 57667
69544 1341543
10351 932257
30862 80735
10738 914018
82933 2748584
71888 1267008
26138 127170
48056 293400
84122 1904991
25684 2690594
16714 1752633
22491 1188719
75345 2832276
99574 2698136
55796 957527
24964 777006
89220 186195
80972 186883
46732 2370528
91893 374207
95254 97252
16988 382547
11869 609386
64494 393200
85277 1143672
85378 223261
89314 1501886
81377 2416374
83445 375826
68134 146444
45558 752064
60820 900201
21297 1681073
52574 782026
55245 995816
50334 3005067
78044 1089606
33589 63219
70358 372305
93850 286858
15053 667229
22005 979918
73311 179446
28581 28581
39066 189573
26479 962335
12373 493532
75721 322015
63589 1141664
8304 350437
20313 936457
56566 1553822
33619 122401
23433 1003761
49686 200844
38019 2017817
44267 548799
10032 2002355
15205 188254
67466 495835
38624 161146
3923 711804
23787 1168180
18229 11840806
77478 393969
78669 445659
54525 1023161
13528 1218787
46455 808546
72379 1343278
15649 829622
26262 47033
97671 1870148
14683 914508
34744 310880
82697 396327
65483 454340
93619 420189
75090 438166
55108 1525862
35217 1410022
96684 817581
831 1332895
85957 587418
72483 466320
88460 1347052
39155 634953
85368 991583
71304 831738
63540 346736
66708 514478
23718 2861030
62200 1934888
84337 84337
22435 378094
95283 584541
90451 271955
14904 373263
95820 254159
9098 811243
38739 2483592
36552 621401
33700 4471280
37574 701418
70566 1558596
53353 298772
59025 141581
18152 310797
10618 432849
4089 1547864
41813 239182
20533 142467
17330 516981
45535 624592
81006 145875
13127 1041800
15245 626226
11827 101263
97142 1451585
93535 2516153
2742 952001
56221 851620
16555 131787
1481 173097
16489 53091
78266 1660070
56266 219896
31225 957114
88888 1722686
42114 613850
83869 1539676
13099 2356002
34956 122012
95734 5186851
75168 189562
64231 1560838
80494 461683
83871 545254
15399 91639
84324 500369
5748 123350
32260 1002886
36151 406517
23960 2154295
71307 223307
36019 116126
63658 242624
48408 1156523
9899 419494
92849 178974
74418 252390
46661 147182
22627 1095777
73795 1021492
44392 1427143
69980 1602537
77533 1383503
29577 1236483
17132 524599
4651 2177218
84131 956637
57219 1036199
8566 3774363
81096 478774
25852 1209065
63536 320329
68123 826418
42619 63405
93330 1183169
36057 86393
52531 489439
65626 928296
59148 2551749
54799 4372209
99802 2053871
34597 156978
72973 929217
20268 717191
520 2316683
84362 715932
27106 2328007
26167 1482993
55681 4894291
42233 502029
90816 1079395
76636 639097
64992 504711
3643 112068
182 5144584
68504 671260
28932 380223
29611 478428
38895 457795
66589 136648
32833 284289
98459 3030277
64111 619490
28681 284507
13932 590364
32759 216186
85402 560858
62344 1217556
61094 2119344
80599 544183
92244 435370
5672 3046515
38456 913290
52397 351484
59433 318877
18533 1366092
27860 447674
93882 3040959
29206 1239393
85175 616465
88312 1356802
36020 769357
17128 1694654
72571 777357
51132 1008268
27917 1137096
40387 1346295
22829 608945
26337 331101
79074 2406030
53359 740116
71976 1688677
2589 572520
5185 1328840
69389 305521
14485 1509803
3149 260236
17946 52189
13794 891098
15387 414862
84605 102895
92010 759370
28338 876620
78823 425544
89892 922689
5382 5382
47026 1875433
75197 194205
57945 433374
7990 339201
69523 901896
68778 1933068
38969 133237
73631 577709
60843 999939
45822 2066495
98281 109111
15833 1341449
46226 111057
11475 872177
93562 1080066
37051 304931
91714 277078
3277 979885
76718 272325
11083 1513896
9936 729269
82894 431230
91196 1455825
29471 326072
20446 710720
99993 322385
59536 1232737
31410 3031016
45128 2099062
47755 678181
92673 119671
97868 455937
67008 100159
38338 179756
33922 99018
3088 163779
89727 870779
79442 244076
51798 1347402
14114 2245951
14583 274627
55849 1686938
43494 649281
23651 518187
36292 79130
97 1086765
51246 64988
50996 1500424
28010 39285
94310 899807
51667 473964
95794 742367
83894 1795237
48561 295503
7322 61206
38168 702547
14702 783428
34077 284513
84494 392679
35143 1433813
3071 1333926
75495 2451475
27708 1828553
17537 331794
82624 2150076
49896 3355858
68743 1799890
210 106861
62645 100172
52836 1123535
73557 1257817
89640 1195878
58872 314614
10916 22330
76895 2147187
87369 359145
5877 1711357
74215 170533
15769 502578
6829 246026
98557 2519798
60460 356044
95580 1361899
69412 1445619
8881 1619508
44674 7479315
10348 653642
37724 2038729
19742 1727987
44642 1485983
48117 479421
37657 234563
56649 76932
12396 74247
42078 359191
99539 124997
30256 450624
88272 1968936
91709 1380974
99178 940932
60016 287624
64759 559023
47632 322571
91654 118967
14729 2504983
59498 1225793
55008 564591
6112 194476
47366 297239
9468 440479
29106 761185
23057 278003
99920 1422973
67055 311515
36933 219246
38486 896434
32128 2036160
54006 467590
42578 1445985
27758 1698007
49863 76209
39476 1741463
28588 2287714
67475 1675596
32520 1500085
67791 2426599
99252 1520685
4366 1381234
72621 977047
85168 503290
90736 1410724
5785 130622
43288 910824
73404 612913
14344 16727
72003 1855150
73742 345910
18533 708329
53513 362589
23431 1864440
46065 236165
60638 130472
83272 180874
74964 990455
73285 165553
56452 735261
48226 1647769
21846 434059
12686 3208739
45200 764546
33983 544692
53161 712566
56978 500293
6722 1530618
56759 125044
22119 2520112
76925 1349217
98038 184194
47448 2542719
20683 2114793
35673 1536025
3192 1310875
64021 217040
50535 2995167
73966 79732
59492 72469
95819 168154
91753 2726941
24159 242980
39587 217274
97981 2130475
40624 125058
81124 2283954
65415 1497894
42810 1541532
44828 379562
14620 140960
24985 2914510
39446 1509270
11108 1727577
39733 178612
4423 1313861
25061 1624744
82141 300804
23682 2064825
83906 1604705
53763 1068256
40711 56774
33176 1443533
62151 105190
59659 415033
57378 2389073
79755 1065509
10897 2205229
20675 1122868
55858 2299738
65416 527600
27520 608236
87127 208253
81150 479263
39728 80261
97862 232605
21508 103923
31308 219393
9392 2219651
64184 711350
40107 119545
47256 467358
33171 1992057
23482 415049
60858 2037507
8779 243168
268 816604
56457 1118465
62745 210775
62554 426074
77209 364610
38624 305346
49667 2418722
37024 1505348
5426 2263003
68896 1119397
32561 1004813
33593 1014388
65891 259946
71569 156113
35859 5778156
39855 103378
67994 690644
2369 2923391
46994 1649256
36577 2168128
54733 730306
72427 796970
9294 668024
31734 420017
73395 146387
29283 844363
62240 1319086
84793 653005
29174 43846
4814 200104
28207 2111650
4025 3859440
78222 1814082
25567 422460
2352 32580
46473 3584501
17495 257934
91583 104060
26206 158050
25144 1108669
5350 68549
84665 486989
11693 4403011
94229 1656759
24476 625479
78696 274784
1551 56860
25935 201581
92377 4628643
25259 455989
44228 461135
20132 1134177
90355 3364423
17486 554661
62478 230040
45160 2143353
6223 1090188
59238 436105
75381 693563
8397 4157481
50633 1148633
91773 3473507
88158 2252229
28249 184471
65398 553179
36469 1327202
72857 698776
68793 175258
46829 389667
97549 314679
8414 582379
10106 1374000
9895 1568533
57715 141087
73861 1061938
29583 389692
67225 636690
17617 2093961
25668 703295
16193 855962
96431 231188
4219 1804344
82072 1351856
80157 1261086
86403 86403
88074 430616
30264 144111
52599 82167
27412 1585362
97696 993428
9889 5275630
40798 970096
66875 617123
44451 494460
86932 518796
58104 3476088
85730 708287
33267 321040
75175 1350896
98889 3123711
58201 1264799
52151 548354
13471 678917
41622 601572
49484 324066
17936 1867187
84531 686154
73377 902446
14270 498682
7256 301713
29467 380305
86907 343889
57178 235537
969 1951403
63359 986055
53969 76936
71988 1213180
65888 211032
31984 714401
47489 57354
71792 2270199
39700 933044
41614 595146
13440 130617
20484 630829
88329 1006791
27643 291720
35209 2695230
34737 456963
90375 321223
45117 301606
18087 2400416
13271 205326
82705 675557
39278 1204869
26600 1649062
92296 2097400
59101 785117
55427 2128551
57770 706255
64118 1745917
75201 2048091
54271 1453060
30786 1300696
37610 2905364
91247 982197
11974 354208
37072 1717497
68474 921261
51782 60348
64992 613808
63259 249628
63866 222122
7275 385632
15306 974596
26617 1474461
91440 290637
79885 1474759
18008 1723894
4791 3458977
11863 1760215
22486 417454
61799 589663
36880 1392105
19531 1966970
10921 787010
90288 642821
93609 1055931
3461 528690
86200 159750
9568 192052
97846 733208
64872 220440
43415 2101181
43543 4684392
31181 53448
10899 727364
35756 757038
78770 748231
2822 712665
35047 151660
21533 938739
9165 553607
64419 929453
76919 1464677
62682 969138
25802 3110567
60838 285872
90593 636730
93365 2275189
8431 159038
51720 330831
34143 741583
4693 4816584
74459 83349
52894 2736585
16368 271189
86760 155200
35484 1360662
57742 99759
44685 1385570
43358 51732
38135 2426486
78577 2204406
37717 183812
22012 1168690
82232 543227
56738 710621
87074 632594
85576 565181
61597 4701070
89278 1018120
94577 568064
60703 6867361
55644 3150778
18693 1387184
19999 166179
13291 1717264
64657 518258
2696 1025423
24904 410693
81839 675740
71564 500986
91020 581334
97667 812328
96919 477779
33238 179633
23519 1242720
58575 1664794
99933 1990953
97497 120493
52401 101534
89186 743608
808 470637
45467 975664
7719 3251439
64885 3379409
55374 1656688
36137 51745
16603 61548
70815 1106380
46380 1280410
688 709398
67290 98867
71200 983340
85896 320640
67554 262372
7715 3010537
34118 1660809
70276 762653
68626 230857
98774 719702
77482 1255013
88567 639907
71331 898931
16381 3389916
34695 2326957
74077 715313
76473 561171
25155 2897616
82823 213187
75385 3274736
48087 71250
8030 237418
12366 129094
37155 481861
52420 219901
35398 2479179
77258 223385
52258 2919295
40165 3709923
84265 807090
39660 3514307
29934 5357642
4868 187600
63171 66717
60923 2845745
34985 986367
77897 868879
70056 792130
81492 3330834
51198 394987
46632 1067069
22903 495050
32293 272134
47492 123312
19616 1253674
94557 917525
16641 29343
8503 1576777
67779 75864
34618 3608602
44980 567698
18539 318280
68721 1080845
22528 1526033
48304 1678133
72325 1464739
59316 4492705
7874 1412281
46257 1934689
64740 155559
58890 680064
11062 2519176
60261 612492
54278 1006074
73495 311325
3605 1124355
27729 875546
15310 436416
30229 135784
65168 157473
150 435353
93732 666401
26387 1251573
77974 520615
80642 296460
88160 956937
39761 634777
31873 2471769
70312 4984338
23490 3312100
26708 87170
48420 606822
22567 106350
89756 328492
8812 1825280
4784 372300
39889 192507
60208 610277
92143 415467
68751 130133
26768 1309553
8494 3007385
51541 1143489
96681 1523248
23601 1194250
83891 100980
13689 509417
92741 716853
42509 526985
89543 763489
43332 2747204
8382 202303
63221 840385
6601 4111455
7153 16235
45692 1376764
54882 129803
19050 449157
45855 988611
74559 5268014
32867 37054
959 513194
68762 631109
75076 1610533
44184 98271
5374 4206052
55134 200199
72555 2559546
5323 801506
79161 247087
54417 2834622
22593 316936
98811 1173494
51497 723593
59211 217802
99604 2569704
34318 507015
8546 1062192
86881 2925147
98048 854590
91362 325199
73791 1078891
49410 2772767
19814 2820319
22836 764568
55256 464376
1333 2721374
48563 3282661
63826 560927
79308 3237246
27642 978931
95877 2173023
44462 138927
16681 1497520
84249 692980
4764 544586
36716 1720231
95130 333477
33170 880269
93392 186750
3075 209597
38868 108003
6775 646037
85858 189593
40248 218234
43416 280642
39836 4050519
87270 974237
16338 722528
65913 720799
45349 371875
82901 2887280
7826 225896
43169 2338995
23369 60917
69008 224256
66767 252367
1010 693687
68358 2231016
42810 431414
64141 130837
16629 204291
54991 507269
43662 1574727
53865 2018446
9355 609143
11703 1771600
2806 2259751
21444 311038
48881 889222
53 289919
85257 3469897
24392 976244
86466 137310
10314 1942047
41780 1726767
1955 132938
33887 994711
37461 336515
3302 159105
4038 2261276
29670 208293
36833 684194
45674 110945
95452 711068
64188 3246050
68448 707776
84387 148895
34116 3215264
30928 347764
71567 390538
59786 140314
82975 3136417
84474 4749267
72435 1339720
14680 299405
8592 1377284
43747 989425
63545 2076207
23741 218378
56710 180252
13790 1555394
5441 45389
4079 1515126
22434 368155
87704 876548
23619 89714
82032 1413155
31363 1732533
93293 3975214
39463 2514879
52163 1604243
23645 286873
12707 2248641
9141 850261
97390 528870
78042 194035
99644 1656627
69079 1398512
27348 1428564
57701 165333
85973 810925
83827 1950470
45289 1597775
27591 2279074
34835 1882425
50240 1079282
44706 1448777
30760 813836
44774 291790
77473 1125599
40387 2512383
51177 1791484
93804 209363
34018 569414
24772 101902
57896 791833
39822 1421488
69454 1658650
18140 1051629
63045 3583578
7890 1125580
41968 560489
22110 2502181
71654 327552
8588 592687
42742 61893
92048 2428795
36647 151925
94450 3377027
65595 6349781
10389 813457
10660 581736
19964 1565016
1181 732598
43783 159348
64256 336826
7900 280585
38594 277372
52477 263785
42629 1706765
42355 351286
34066 536574
15467 85630
93297 1583263
49585 711072
31157 400099
58314 1953550
70911 4112088
16792 2059692
92085 240719
39078 794765
69477 254990
49457 511147
87666 133102
1443 1282449
17493 304609
64294 3565696
99885 897588
55578 257955
47174 211217
42622 70957
62812 68559
84981 774730
10338 2776055
28461 739783
53722 3417660
85453 929729
14511 3536664
13874 409006
66262 2123614
38279 1226238
23307 114553
3006 1660457
33989 42877
50499 2234155
90648 276973
54452 54452
185 376423
79584 183406
62567 1002670
72305 559349
43050 4122709
84885 2550623
70197 950446
86126 110449
81410 163881
25543 1082764
17571 852952
46653 841275
16682 318705
30570 1152561
55998 913519
76139 234339
28739 1106854
58390 654818
69704 800614
78354 990545
30408 396805
28826 3754838
59207 1932692
89920 352988
83140 284231
38363 553281
31148 2640720
41338 391850
73658 1744560
29183 163110
46134 894867
22380 7926859
16896 74853
38828 1623057
42539 1019960
63277 1627961
94088 3791962
96213 1143392
2882 373097
62864 544176
32415 1435812
62672 915089
61110 4646915
65546 3000869
94266 223159
91100 1467075
2758 975087
51150 3002992
62395 721653
13007 369237
20290 929169
83220 506118
18272 880666
44595 1345278
49100 1632134
23665 1623306
84171 272034
48012 219077
49183 1250300
9438 1154345
14053 1490305
18656 3287413
34012 333250
29027 688948
844 1821750
19851 327988
3914 183426
97689 2269527
52015 614468
64240 2396693
30287 4077598
71354 505422
83333 1199805
6529 2068143
61228 1389333
53213 1110753
46729 112082
39207 3070143
26910 1014052
60976 2915814
3084 1129337
86866 529313
9114 2113735
49124 697784
40692 299165
71372 785566
93665 2713189
10769 874341
63313 1835680
24572 849344
49556 686313
8067 730959
27718 1210275
31065 136656
44168 1146007
53444 1688610
23042 864171
46292 208910
71403 2071558
39257 138221
23249 560352
35520 68768
99162 485144
63315 74182
90321 999752
87726 665899
78462 1114755
90076 1081993
98072 839870
23653 43849
9519 238718
87415 3568812
39795 2025487
14396 1150563
74737 1878579
19895 1481112
98295 959604
59122 208342
51518 1725595
98168 229478
24506 3300950
76986 505966
22608 719820
2791 935889
73107 519381
27948 790782
14301 609076
66861 117610
98833 406470
55312 966808
3177 3767150
98552 514844
18496 244203
53130 973685
2021 613319
94184 2221697
75425 2584646
36826 1799378
30696 1344635
74958 1720919
84803 1664145
58154 534378
76967 1569985
45000 1147686
14619 973866
57068 262015
72660 471541
62612 2986032
92711 255495
50691 114303
96059 144057
25732 1430101
70377 211849
49847 2092417
12303 218431
84107 795047
7872 586370
66277 1817314
25238 370208
32218 993649
69493 898996
17205 5083147
1498 874592
63070 3698010
95883 808055
4893 443658
39668 80334
50409 408995
82162 117367
36298 1618788
91892 563932
82716 1683353
57931 2354295
25979 3388701
61039 618697
12452 107649
