1
10 10 3
10 10 3
100
2732 2542 5
5468 5619 17
12483 12033 57
7408 7330 74
720 796 79
9252 9168 5
12383 12244 80
10571 10334 81
1906 2045 9
1705 1778 74
4896 5048 12
655 589 33
12067 11637 19
4496 4725 72
12790 12372 21
12918 12529 41
4798 4963 60
13233 12796 29
12706 12596 80
10343 10098 42
3952 4088 42
13012 12813 26
4341 4513 34
8652 8545 53
3417 3690 71
11133 10949 15
2469 2282 18
7734 7673 16
909 919 57
8874 8775 83
5549 5700 9
8507 8424 76
4536 4786 4
2664 2485 74
9182 9064 23
12742 12327 3
1880 2018 79
1413 1258 58
9555 9460 27
11203 10956 68
6765 6637 56
12526 12375 53
6112 6003 35
6792 7023 64
2120 2268 75
9185 9096 28
11749 11638 3
5127 4977 10
11682 11389 75
1987 1788 58
2292 2483 70
177 249 32
7012 7220 84
1495 1586 82
2684 2878 46
12207 12002 6
9732 9651 39
5759 5881 24
1600 1500 49
10737 10560 80
6658 6824 34
7302 7425 71
12359 11885 60
7405 7482 21
7993 8027 47
3096 3215 61
9456 9356 83
955 859 55
5556 5732 2
2360 2174 33
11297 11132 53
327 416 74
6827 6734 27
1816 1653 45
9438 9324 41
9118 9034 4
11043 10849 60
3390 3283 19
3205 3429 1
12138 11982 56
7878 7932 9
11439 11216 38
2554 2735 78
5800 5662 51
3640 3830 1
12954 12761 35
4335 4194 69
7079 7257 7
13060 12625 31
322 294 79
5485 5291 22
6638 6503 32
785 696 43
3237 3478 7
7622 7601 17
1161 1271 55
10136 9989 43
9822 9747 33
10494 10345 82
5051 4906 64
2386 2576 6
1298 1387 29
11961 11595 12
12173 11737 22
8479 8518 54
1686 1561 21
11026 10810 46
3703 3531 22
3792 3933 45
11719 11558 3
6528 6429 20
7195 7126 84
5073 5235 76
5375 5219 83
8703 8623 45
13096 12706 15
4777 4579 56
4195 4368 20
10646 10384 19
10352 10141 4
140 136 38
4585 4433 37
1034 1110 20
2231 2057 60
523 457 81
3562 3820 34
1217 1090 18
6537 6708 59
5645 5555 19
546 622 68
5080 4953 3
5590 5442 42
2088 1911 6
2895 2758 70
4626 4834 12
3953 3791 30
3196 3363 44
11641 11376 61
1104 990 47
6399 6508 77
3002 2842 36
7591 7659 77
7020 6903 76
11380 11126 72
2053 1845 27
8541 8533 3
5657 5832 12
2849 3006 57
11513 11230 36
7820 7880 73
8284 8205 74
10233 10056 17
10897 10661 37
8125 8166 31
3579 3484 66
5996 6066 80
4116 4276 12
6475 6334 50
9353 9173 52
9785 9652 79
4143 4019 43
8922 8777 72
6294 6204 1
1464 1381 21
12814 12689 27
10185 9991 76
10800 10518 60
12693 12255 72
3316 3176 46
2911 3070 25
4897 4729 44
6110 6210 38
10906 10681 45
10317 10133 3
11859 11529 58
9610 9549 73
10015 9871 56
4452 4322 47
4027 3903 27
11663 11475 10
6226 6149 56
3186 3016 59
7536 7497 63
6419 6530 3
9625 9485 2
6015 5852 80
7858 7812 53
9959 9771 54
103 113 47
9057 8964 66
8303 8370 81
3819 3723 55
8068 7997 67
6178 6275 4
9111 8944 72
4047 4205 46
11952 11806 82
5374 5575 39
989 1028 27
5247 5421 65
100
1556 1325 1
2442 2476 16
1780 1813 3
2644 2721 13
234 190 14
3499 3249 3
2430 2230 13
1138 1119 1
864 864 17
2268 2082 20
666 564 22
1821 1598 22
1425 1219 4
536 554 18
3100 2853 9
1896 1929 9
2140 2193 9
1397 1206 9
2389 2442 10
91 87 7
843 747 17
2672 2460 9
1987 2047 12
937 946 20
584 610 19
2789 2866 10
601 510 21
308 334 11
2388 2195 11
3149 3265 23
1451 1476 11
193 155 14
526 442 16
897 788 16
866 870 1
3338 3065 19
1207 1205 11
3024 3122 20
3074 3172 21
1670 1720 2
373 307 5
2272 2331 12
372 397 21
2505 2310 3
56 63 22
1537 1318 12
3203 2945 23
1902 1676 6
1284 1114 2
2476 2514 17
2772 2540 13
3356 3488 22
3612 3355 5
979 988 11
1359 1354 21
69 71 1
2888 2646 6
1505 1278 9
2614 2677 21
1469 1258 15
1016 886 17
2815 2583 21
3148 2887 3
3560 3290 20
73 61 11
148 107 2
1711 1745 12
173 184 14
2533 2337 3
2861 2626 2
1264 1104 17
1862 1905 20
1077 946 23
2489 2544 6
1939 1977 10
2829 2924 2
718 724 18
200 215 13
1252 1247 18
748 754 12
1354 1168 14
1117 983 9
1654 1445 18
2064 2124 17
962 845 6
1877 1643 7
3387 3117 17
3294 3431 21
3101 3200 4
2169 2215 10
1384 1375 7
2508 2576 4
393 417 2
721 633 3
1815 1844 12
1371 1188 1
3382 3520 10
1603 1399 15
2247 2294 19
2805 2883 1
431 451 12
3305 3440 1
753 657 8
1394 1397 1
2345 2170 7
2032 1833 7
708 613 19
1424 1433 7
2562 2353 5
1565 1348 2
1319 1134 7
3081 2824 22
2940 2697 13
1998 1789 19
3397 3544 3
158 120 2
2316 2148 22
271 290 11
3191 3327 20
129 98 17
2129 1937 17
1844 1614 8
2642 2431 1
3245 3371 17
2217 2021 19
2766 2826 7
1409 1415 3
666 669 19
2626 2426 10
3260 2997 21
2845 2952 8
407 343 7
2204 2253 17
2483 2288 22
818 819 3
1124 1110 12
3125 2878 5
2065 1884 16
2897 2662 2
1773 1795 23
1078 1078 11
471 384 6
2497 2551 3
2972 3060 7
484 499 19
1532 1559 8
2854 2618 16
135 151 22
2936 3032 13
2888 2986 15
610 630 9
1950 1729 23
1698 1482 14
881 899 4
2725 2505 17
1727 1515 8
1310 1303 3
2598 2395 18
3477 3228 17
938 818 14
1166 1165 14
1574 1599 17
1957 2002 9
454 371 13
299 247 23
1764 1552 9
1656 1697 10
806 797 21
3285 3010 2
487 404 7
2170 1971 13
2013 2073 8
1283 1279 8
2357 2403 13
228 249 10
2704 2762 20
3594 3323 14
1501 1538 21
1213 1056 22
2739 2810 15
2566 2621 18
351 297 22
2090 1903 3
2327 2374 12
1035 1039 8
1152 1004 9
2016 1797 1
3429 3175 18
3030 2776 13
1009 1012 5
2822 2916 8
2284 2345 6
3658 3402 18
2117 2167 19
2984 2744 15
545 464 4
32 27 12
805 699 19
1906 1935 3
1621 1656 20
100
6877 6904 81
10284 10066 73
3866 3894 78
9619 9352 37
11949 12108 58
4233 4214 75
9905 10014 96
13213 13477 62
11249 10981 28
11394 11585 2
8340 8469 38
7348 7319 68
5209 5317 33
9387 9074 12
720 865 61
12314 12493 3
5996 6036 11
7623 7559 94
8741 8770 44
4264 4305 89
9011 9013 58
6627 6676 34
10890 10607 56
2784 2622 87
790 655 69
567 686 21
11898 11685 95
1125 1241 53
8158 7982 8
7821 7714 73
9808 9519 57
12373 12582 14
2585 2422 69
2588 2784 59
6106 6081 44
12049 11857 60
1469 1391 19
1188 1139 88
5515 5547 36
8962 8748 39
2191 2109 8
9284 9022 23
1946 2042 68
437 573 48
13470 13311 65
14729 14653 81
5346 5448 51
3988 4022 59
15226 15051 18
11623 11358 14
13546 13345 2
11219 11379 58
1718 1636 91
13754 13949 36
9687 9795 78
573 501 63
11604 11761 67
3200 3290 32
13648 13458 32
4628 4668 67
2365 2559 17
1719 1886 42
4382 4410 33
10008 10116 10
14403 14627 4
3087 3002 79
6785 6765 71
7779 7814 65
9477 9234 38
5885 5931 97
3845 3851 57
12237 12417 8
11026 11213 47
8375 8259 19
14353 14301 80
9882 9667 31
7870 7974 34
7142 7113 87
12701 13001 84
5650 5704 60
12434 12698 12
11659 11420 1
15588 15394 52
2758 2934 49
13221 13038 46
11575 11303 43
8148 8276 31
8315 8171 12
4344 4367 32
4738 4797 22
2389 2272 60
10715 10889 54
13854 13716 96
4754 4805 45
11382 11554 64
3112 3175 71
12784 13087 19
15454 15243 72
12067 12233 26
14345 14581 76
2289 2441 90
5345 5332 88
13246 13522 6
5082 5143 62
8819 8621 76
10517 10212 72
9149 8921 75
5650 5734 11
8214 8375 16
9502 9552 5
7147 7091 31
6408 6334 47
6626 6609 51
8267 8095 45
2082 2012 88
216 225 2
4033 4112 76
2063 2225 54
4493 4487 32
6336 6361 90
12905 12739 48
1435 1547 20
8060 7931 82
10901 11100 85
3710 3698 78
5950 5907 47
3650 3719 65
5012 5055 97
14123 14427 50
1815 1760 34
1542 1625 18
10547 10755 79
956 883 67
12993 13305 73
7438 7433 60
2897 2773 9
5784 5783 35
6532 6558 51
10979 10643 7
420 371 7
14188 14059 96
343 325 62
991 1081 39
12164 12012 46
13638 13846 35
5436 5433 6
1587 1713 6
828 1002 50
5534 5621 83
13510 13724 85
3524 3450 91
6061 6146 7
10009 9772 10
292 391 35
7575 7641 58
12516 12795 4
11402 11133 35
2882 3018 24
12786 12610 78
9975 9748 12
9403 9486 86
4617 4653 75
9211 9243 90
10387 10511 91
14894 14796 62
6469 6431 9
1190 1294 8
8615 8445 93
1369 1411 56
13325 13180 47
10113 9849 7
12408 12244 96
12157 12377 32
8055 8194 72
10178 10311 69
7256 7277 53
6222 6189 30
167 160 67
8837 8831 7
13945 14233 94
3430 3503 71
2830 2713 20
5091 5192 36
15122 14958 80
2455 2604 3
154 145 34
10718 10409 62
13114 12892 58
4931 4983 70
8519 8602 47
12604 12392 70
1340 1276 29
13932 13819 38
3222 3118 27
3323 3184 12
11152 10840 80
14481 14480 47
8573 8627 10
7004 6949 82
11824 11967 79
100
10983 11026 37
783 831 25
5550 6039 93
5046 5021 78
9640 9675 31
8674 8551 91
10978 11459 23
7112 7028 88
2906 3120 86
4098 4220 21
9332 9742 36
474 502 7
6263 6161 78
2399 2450 30
6883 6816 11
10330 10434 72
10158 10737 12
9683 10262 18
11086 11570 27
12415 12476 49
1896 2098 68
2652 2942 40
8443 8357 73
13088 13163 67
9016 9421 37
1109 1200 66
3199 3404 11
1642 1674 5
9190 9659 76
7434 7872 80
8023 8502 50
8918 9267 83
5360 5282 7
12885 12858 58
11714 12197 47
7735 8234 11
11041 11101 20
8165 8642 31
278 251 43
12925 12947 10
6734 6666 10
7080 7534 26
2902 2927 61
5830 6248 56
2648 2693 86
3432 3487 32
4751 5051 15
10550 10560 7
323 289 13
1621 1613 44
12162 12583 38
7899 8366 55
10672 10720 43
2184 2236 16
10006 10076 25
7897 7796 47
5320 5265 41
3618 3908 9
5920 6406 21
5006 5400 83
9873 10388 32
2014 2256 43
11275 11378 28
3335 3614 34
1255 1316 22
10718 11169 21
10830 11302 55
1903 1915 34
5422 5304 4
12046 12137 69
3698 3708 17
3261 3460 12
5280 5688 72
3919 4236 47
7616 8079 72
1615 1752 78
9397 9790 14
976 1015 77
4839 5208 41
4172 4311 32
4221 4547 83
134 126 27
6441 6391 89
10880 11346 12
5097 5481 15
4343 4673 22
8220 8686 22
8777 8738 49
1748 1903 57
3716 4044 38
3772 4124 19
6813 6758 1
719 733 6
2288 2537 22
706 700 14
6374 6937 15
9512 10011 32
11311 11766 88
7123 7616 19
6539 7091 46
6299 6842 87
13264 13411 78
431 444 32
2475 2461 5
1994 1972 1
10127 10654 93
4043 4372 24
6754 7241 71
12273 12289 72
1327 1367 73
2476 2705 63
11083 11182 10
7288 7199 42
11887 11967 53
669 685 46
5628 6125 5
3349 3344 90
2731 2799 9
12469 12536 26
10449 10533 24
11458 11561 54
7756 7636 84
9103 9163 71
9820 9856 79
4383 4476 70
787 777 17
549 546 15
7183 7642 13
6030 5941 90
5960 6471 19
6810 7338 25
443 430 21
10182 10234 16
9391 9516 81
7525 7432 77
3571 3585 47
657 608 78
1463 1493 35
8961 8974 89
8286 8130 44
254 248 12
9946 10010 54
4717 4797 83
9590 10135 35
3136 3147 24
12343 12752 55
9720 10293 14
2533 2817 14
4472 4822 21
1450 1547 88
4801 4844 17
12700 12707 84
3849 3907 75
3149 3371 30
9218 9337 48
9550 9603 36
2252 2307 21
1761 1774 50
4401 4750 5
4053 4118 77
799 852 4
11761 11833 18
5148 5116 46
10585 11054 86
3025 3260 27
6965 7412 32
3534 3861 49
2130 2140 50
10333 10845 49
5794 5731 87
8360 8845 35
8107 7973 88
8474 8891 15
8676 9099 88
4666 4939 52
9440 9903 14
11433 11911 33
11935 12395 83
5854 6320 3
2193 2492 83
10860 10889 81
5607 5540 92
4466 4576 23
3416 3729 36
6674 6584 91
11575 11625 18
949 993 73
10091 10147 11
11186 11286 27
11541 12071 43
325 336 29
5357 5799 20
1200 1237 74
180 158 67
3087 3081 4
12018 12425 15
11717 11744 40
3015 3033 19
6119 6610 68
7657 8194 19
100
11067 10985 74
5859 5852 18
186 145 62
8900 8796 50
3900 4029 66
3574 3687 57
3909 3893 9
3858 3853 60
4410 4454 27
4631 4858 72
1507 1542 27
4753 4762 29
5262 5233 46
10607 10756 21
4269 4436 9
2695 2701 56
10151 10242 4
7424 7616 52
1639 1623 55
2980 3075 24
5935 5873 7
5095 5073 6
2855 2839 63
3197 3163 31
9059 8976 62
8822 9147 61
5362 5537 3
11282 11186 76
359 369 76
647 575 54
4216 4412 55
9682 9887 65
8040 7866 74
11387 11514 13
5498 5667 58
3518 3533 40
7634 7929 57
5329 5269 14
8415 8368 64
7689 7530 24
6286 6474 16
6641 6794 29
6068 6041 6
3984 3961 19
6826 6748 16
9978 9880 66
7587 7412 19
12173 12043 49
10273 10179 14
6488 6681 67
3242 3215 21
11872 11966 56
11044 11187 52
5065 5053 11
2048 2044 50
10206 10346 24
1825 1836 56
10273 10454 32
5448 5350 35
10050 9959 32
10852 10805 63
10598 10519 44
3434 3412 4
1324 1336 41
6534 6702 5
7156 7043 37
6209 6388 23
4212 4208 28
6509 6455 33
11266 11386 13
2005 2049 73
11816 11695 46
5608 5506 54
3697 3665 55
10470 10357 72
9786 9967 35
9503 9733 41
6103 6323 54
134 148 52
5221 5417 9
1246 1246 26
8180 8077 6
4385 4555 22
7079 7238 13
7510 7369 17
11373 11304 42
3165 3278 74
715 699 15
12013 11888 65
4871 5100 15
4140 4089 58
10755 10888 27
11607 11688 75
4800 5058 63
8159 8495 70
2405 2434 73
6892 6990 30
1506 1459 37
1364 1318 31
6764 6916 54
677 645 5
8620 8600 61
6350 6273 65
2726 2798 58
5753 5667 8
6662 6611 52
5325 5521 37
3016 2954 48
10686 10620 33
8753 8674 37
3732 3848 68
7447 7288 41
1799 1782 39
1205 1226 9
5718 5642 48
9814 9740 74
1908 1874 44
1036 983 56
6415 6334 16
8995 9285 64
4071 4196 70
9627 9527 52
4992 5227 43
3266 3358 18
880 870 74
5855 6091 27
10215 10105 56
10419 10602 69
6794 6716 36
638 639 50
7493 7747 31
5164 5384 70
7042 7164 61
1140 1078 26
11682 11587 74
1153 1194 62
1027 1014 44
9414 9644 22
4088 4235 8
330 261 39
498 497 39
6164 6119 31
8136 8021 41
2174 2176 53
11174 11332 28
10128 10218 14
3090 3026 24
9303 9549 30
7841 8133 16
2465 2456 73
482 430 73
7317 7156 47
9238 9181 69
5001 4982 36
1641 1687 48
2188 2245 70
3443 3540 66
4330 4349 48
10935 11033 68
8483 8808 49
7032 6926 72
9065 9329 5
11339 11446 13
5638 5834 64
9918 10040 36
4465 4542 21
5797 5980 54
2559 2544 39
10543 10711 44
9456 9399 76
7842 7687 71
11082 11232 10
7267 7440 73
1165 1128 7
1654 1650 3
11734 11818 39
8009 8281 63
6002 5968 26
1430 1415 20
911 841 20
8473 8435 26
2287 2258 39
7775 8051 59
2896 2994 69
816 770 58
5816 5746 2
9175 9420 27
5943 6202 37
8660 8984 72
4632 4679 56
11469 11395 38
2567 2611 64
8321 8671 54
10649 10822 1
4461 4644 14
3411 3385 53
9226 9461 8
10038 10143 41
8242 8179 22
4876 4855 26
100
4243 4316 5
4193 4375 10
1981 2025 46
4434 4496 39
6001 6381 8
1145 1105 15
5629 5998 16
232 223 23
6410 6576 38
2276 2338 9
611 575 2
1623 1610 11
1074 1055 37
87 84 42
151 162 27
5052 5109 1
6255 6450 8
2013 2117 46
2360 2462 10
3845 3982 10
882 809 42
3693 3798 40
3816 3948 43
3847 3917 45
3043 3136 28
2439 2471 45
355 374 9
330 342 1
2502 2561 28
6880 7052 7
6236 6636 23
2878 2971 43
2326 2423 30
5504 5844 28
5398 5492 3
6487 6960 1
4341 4540 15
1692 1657 17
1503 1494 14
6953 7099 14
3553 3658 23
6448 6936 43
5238 5603 13
3658 3737 27
2217 2310 28
6836 7023 15
5013 5389 44
6073 6449 24
593 575 33
2000 2077 9
3857 4021 5
1424 1415 37
6001 6168 23
4206 4274 24
771 700 16
2678 2751 18
5945 6320 41
5719 6100 17
6350 6806 30
4120 4195 39
5011 5082 6
5179 5257 2
1741 1766 12
3290 3394 20
2193 2293 17
3025 3129 46
6673 6852 12
3997 4172 13
2632 2680 28
3900 4081 6
5309 5370 11
3577 3664 44
179 175 1
2960 3070 6
4919 5261 38
1458 1465 15
1729 1718 16
5355 5683 18
866 818 6
968 940 17
6253 6682 1
1882 1905 16
5939 6105 25
811 761 34
4538 4767 11
6614 6794 12
3956 4143 10
1536 1539 45
5621 5686 44
1909 1990 14
2134 2213 22
4841 5142 43
6154 6560 35
5158 5228 8
5716 5840 13
2665 2809 14
2929 3019 44
704 663 34
4616 4865 36
93 104 45
5676 6029 15
3173 3239 45
988 940 43
5832 6193 29
2246 2343 12
2506 2651 23
922 878 13
1814 1812 23
1311 1310 24
527 497 24
3160 3268 35
6279 6733 3
5383 5475 31
273 288 13
2099 2216 42
2330 2356 9
4413 4608 29
4131 4320 37
5128 5179 32
162 156 18
291 299 24
736 674 42
4488 4573 18
5244 5331 28
6026 6201 2
2602 2737 5
4789 4898 15
4534 4636 18
3267 3374 33
3088 3180 12
1157 1129 44
1245 1209 31
3504 3587 39
2927 3007 10
6783 6981 10
4743 4839 34
3717 3825 28
1445 1430 39
2747 2883 24
380 386 31
3932 4012 40
5759 6123 1
4321 4410 35
5167 5563 40
3366 3488 45
4016 4104 38
5278 5608 2
2444 2563 34
1785 1804 5
5772 5936 28
2767 2817 32
6729 6946 26
3239 3319 26
1795 1853 5
457 440 19
4726 5019 16
1676 1719 10
5523 5584 44
542 517 21
2545 2617 10
5426 5748 20
3876 4044 6
1036 1031 24
1330 1318 41
4636 4741 19
1645 1656 45
3446 3565 38
4668 4947 5
4052 4212 13
4848 4981 26
5672 5780 25
3607 3696 18
1257 1229 43
5871 6045 44
4504 4707 45
3724 3811 1
4650 4909 13
451 449 33
6299 6476 6
6443 6610 2
1836 1848 2
587 535 1
2148 2251 2
1770 1768 12
5587 5923 24
6234 6396 39
1856 1919 13
2634 2767 1
4598 4695 13
6576 6732 46
1575 1573 24
2551 2700 20
3390 3494 31
2052 2160 21
4963 5058 38
5083 5457 19
6121 6296 26
243 232 10
4296 4469 45
2803 2891 15
100
4293 4295 37
1286 1301 6
1062 1132 71
8389 8339 78
9568 9410 11
1853 1913 22
3079 3109 2
75 79 3
10036 9973 18
3503 3600 16
7699 7709 8
11725 11679 13
4648 4577 81
7776 7824 56
4408 4411 77
732 793 22
5613 5579 24
102 126 29
1857 1955 2
2709 2774 4
6884 6948 79
2365 2535 35
1486 1486 79
6654 6692 21
5912 5841 12
5232 5260 68
11139 11036 65
2641 2703 16
9585 9483 36
5079 5077 64
6876 6899 28
12069 11973 66
11864 11827 1
8905 8900 52
5000 4957 58
10656 10585 12
11503 11465 75
11537 11442 45
6097 6131 51
3053 3105 50
1243 1237 20
12201 12117 52
7982 8009 67
5902 5878 72
895 928 13
5822 5787 71
4754 4668 39
9224 9229 80
3200 3316 27
614 610 71
6946 6940 8
8520 8405 27
1610 1567 26
11856 11750 32
10342 10246 32
3128 3164 20
6294 6300 43
2896 2960 4
1148 1280 39
1931 2088 28
7149 7214 30
2873 2949 64
6555 6568 55
12329 12303 53
1754 1795 67
2470 2564 13
1067 1099 46
7846 7890 70
9788 9575 81
4141 4204 3
8788 8766 65
12501 12595 13
841 932 52
11707 11633 64
7040 7109 30
6264 6176 13
10867 10824 73
4803 4762 18
11379 11342 4
844 896 32
7183 7293 4
2138 2138 63
8749 8681 1
8583 8450 15
4882 4869 73
5054 5063 14
10091 9895 6
10362 10206 30
6402 6372 66
11318 11296 19
6192 6176 19
8094 8147 35
9919 9927 82
5758 5709 82
2591 2677 51
11899 11780 72
1490 1595 62
685 815 75
9319 9212 20
9488 9365 55
7152 7181 51
1294 1418 68
10413 10324 14
7443 7528 48
5928 5951 1
2252 2412 78
4494 4548 51
944 984 13
6542 6534 56
11070 11050 73
7972 8073 60
6706 6716 37
5435 5429 29
2054 2184 29
10037 9875 30
4580 4598 8
10709 10599 79
3897 3897 48
2824 2936 6
3539 3505 73
1123 1147 20
673 721 18
422 400 18
12756 12784 47
5519 5488 63
3654 3635 47
10703 10671 10
203 274 63
2401 2385 54
4368 4413 24
3919 3994 8
8295 8372 72
8406 8505 49
326 453 58
8745 8624 71
3389 3483 66
2011 1976 20
9970 9755 61
1883 1826 42
10285 10090 71
2583 2590 65
4212 4240 30
1567 1647 14
7617 7685 13
5349 5327 53
6979 6968 6
5358 5350 45
4135 4175 49
3133 3200 10
6116 6012 33
3734 3762 81
8160 8168 57
6208 6074 17
7620 7634 15
12462 12488 58
8898 8808 49
4714 4710 28
10557 10531 66
10956 10888 38
329 344 14
3776 3732 30
7530 7553 23
7448 7502 52
6790 6819 54
470 623 50
9434 9411 46
8594 8631 56
4021 4040 45
3918 3923 70
3429 3546 2
7276 7418 37
4094 4142 64
6604 6622 14
10253 10160 73
9022 9005 23
11684 11595 53
11258 11194 65
7039 7051 45
3366 3349 82
9222 9128 66
7325 7379 69
5969 5935 7
2748 2855 76
1740 1683 43
2995 3033 21
4633 4654 16
1907 1903 11
7523 7609 20
5538 5523 26
10537 10434 79
291 289 72
10805 10801 33
9753 9712 76
2219 2254 36
11341 11259 81
5177 5212 45
9320 9276 13
9062 8954 42
6385 6405 45
12618 12688 29
100
3572 3520 9
6368 6695 22
1706 1591 64
4414 4686 30
1100 1086 65
6274 6609 7
8264 8719 8
5958 6037 53
6855 7001 18
3977 3953 56
3530 3784 4
2844 3037 58
9816 10022 49
3144 3057 55
1163 1058 5
5368 5437 61
2032 1951 62
4668 4721 2
6055 6365 55
1892 1980 9
9116 9539 39
8256 8465 48
9213 9373 32
4659 4706 7
1398 1410 27
9100 9275 42
8735 8894 65
729 632 49
9524 9678 16
7374 7667 19
4711 4975 39
1451 1520 23
1636 1743 36
7786 8209 32
6578 6838 11
3726 3677 24
4158 4174 32
1073 942 55
2453 2389 12
6799 7048 38
3367 3313 13
5267 5531 56
705 727 9
2390 2480 26
6129 6441 16
1150 1001 20
6635 6786 48
5898 6201 46
3264 3184 43
8044 8518 29
8996 9161 63
6126 6187 64
8401 8631 59
4883 4929 51
232 196 64
8984 9448 55
679 667 22
4078 4052 39
2880 2739 49
5155 5357 54
2518 2630 45
4583 4850 59
4241 4465 55
7726 7870 47
3674 3949 64
3925 4151 19
8160 8331 54
7216 7339 62
2317 2418 47
2637 2834 6
6768 6951 60
6936 7152 41
3856 3820 56
7872 8331 9
2542 2680 2
5669 5776 18
2609 2771 19
4021 4204 20
1332 1329 32
8856 9001 1
346 325 41
7373 7517 1
3662 3622 36
7616 8029 13
5752 6062 31
2194 2116 4
2679 2865 10
2997 2938 40
8652 9093 39
4591 4645 25
901 820 26
3509 3753 1
61 95 20
318 365 41
3038 3269 9
9605 9819 17
583 606 16
6220 6281 45
6376 6504 6
5426 5734 18
4491 4572 51
8414 8874 60
7011 7202 10
9452 9601 31
5217 5311 64
7240 7368 2
3710 3973 3
6520 6636 9
7321 7471 39
503 574 38
1294 1218 62
5689 5956 5
8185 8634 42
3836 4051 37
4109 4304 40
4762 4808 31
841 855 37
2321 2239 24
4326 4595 37
577 528 20
7853 8272 31
1813 1916 13
793 731 21
8020 8200 16
6497 6813 54
514 462 56
5510 5830 22
5005 5242 23
6240 6557 15
7257 7468 30
7164 7391 59
7872 7998 42
6194 6496 14
9561 9728 9
1550 1644 44
8501 8703 7
375 453 15
7416 7559 5
8198 8700 3
2769 2611 59
1420 1314 31
178 226 13
1899 1783 65
5356 5642 29
83 45 11
2223 2138 4
3335 3229 22
5615 5934 25
916 956 20
7409 7720 4
8843 9281 26
1759 1868 50
4928 5142 39
4836 5054 39
7031 7179 62
1229 1206 42
3461 3749 61
4383 4427 63
4905 4954 2
3159 3406 45
7970 8104 13
8545 8733 6
6298 6385 34
5453 5543 35
5802 5872 39
7580 7963 61
3293 3568 52
743 740 1
7529 7697 49
6361 6445 28
152 187 18
7039 7252 11
2914 2809 9
8729 9165 11
2005 2080 36
5085 5138 5
4227 4262 12
3537 3472 55
8794 8959 14
2212 2265 1
7589 7753 2
2378 2316 27
9370 9533 48
8424 8662 7
8523 8956 36
6722 6944 42
2603 2493 51
5614 5706 50
9683 9872 25
6442 6595 25
7951 8450 29
2128 2058 48
3016 3217 61
7715 8120 18
7914 8039 18
2175 2225 56
7336 7567 28
5065 5084 49
7452 7797 19
1570 1437 55
100
691 671 15
4395 4538 23
3624 3807 70
3506 3175 13
7947 7544 3
11852 11527 85
4692 4449 65
13200 12809 87
6996 6564 12
1342 1143 82
5332 4947 39
8815 8756 50
5445 5109 49
965 851 55
6594 6197 44
11396 11484 66
11610 11787 50
1726 1406 80
10038 9586 84
12208 12432 35
1092 939 28
11944 12105 2
2863 2554 66
5615 5673 76
12383 12614 50
10930 10624 61
385 410 7
7239 7260 69
9209 8880 82
1595 1645 41
4329 4036 72
8144 8085 30
4112 3830 40
2296 2429 68
4998 5167 36
12034 11662 67
2683 2350 21
5381 5463 50
7917 7464 76
2090 2291 45
6490 6597 72
459 467 21
6328 6416 61
9224 9108 43
9987 10090 49
6174 6224 87
12686 12289 75
3283 2905 83
2351 2043 49
9328 9242 11
10227 10273 65
2050 1740 85
1479 1481 73
6379 6052 47
12210 11809 44
3469 3123 74
341 321 7
9318 8947 25
5238 5356 14
7817 7781 44
5761 5828 59
4021 3686 84
9415 9362 42
8929 8862 18
112 80 24
8132 7699 14
9055 8954 29
8015 7976 30
10752 10377 83
10381 10425 50
8323 7909 74
6065 5688 73
11343 11022 12
10182 9740 70
5917 6023 65
2240 1916 6
4884 4574 53
7693 7627 48
8750 8494 23
12770 12974 49
3415 3584 53
4858 5077 69
12130 12289 82
12472 12664 19
2156 1836 32
12439 12029 83
12669 12827 56
11874 12058 82
595 547 36
5576 5315 61
2563 2289 28
9856 9418 74
11196 10868 64
8683 8367 2
6657 6706 46
9674 9677 45
1807 1533 31
1191 1240 55
8345 7982 4
4567 4744 66
3083 3259 85
7910 7831 10
9833 9852 66
8934 8611 17
1761 1834 76
11071 11141 26
11499 11614 37
5740 5444 60
10802 10485 21
8684 8601 60
4050 4277 82
12460 12120 7
6824 6812 13
6437 6086 15
301 270 75
3266 3444 11
13366 13020 12
11622 11326 8
12813 12417 57
5192 4821 78
3049 2722 84
1896 2027 65
1481 1234 41
1076 1108 85
6246 5883 81
7384 7369 44
3604 3302 42
4141 4370 30
3831 4060 45
6897 6540 50
2752 2863 46
7558 7107 30
863 866 81
10498 10494 21
7744 7289 68
2845 3024 45
3692 3357 16
2364 2498 24
8410 8334 6
11281 10950 22
11673 11839 3
4558 4256 50
4327 4486 58
2422 2081 5
111 108 41
3655 3899 13
12870 13109 41
9477 9045 40
7077 6660 16
12082 11697 11
11531 11229 61
1931 2145 17
9881 9931 16
7249 6842 66
11216 11350 63
8063 7670 21
8325 8282 73
10997 11023 33
6887 6854 10
6730 6772 24
8489 8150 70
10049 10103 1
9306 9213 25
411 407 50
10366 9954 64
604 578 76
13009 12583 75
5183 5291 8
3205 3392 44
2507 2212 24
4408 4101 17
8543 8430 46
10550 10134 77
10679 10698 81
13033 13315 77
4684 4855 23
6764 6378 79
10842 10847 39
5895 5539 41
278 282 74
3832 3499 49
11043 10705 28
798 702 75
7579 7514 68
9452 9412 18
7090 7049 62
8673 8330 55
10880 10946 7
2478 2629 44
9025 8685 12
9579 9508 33
5129 5240 30
2622 2744 53
13329 12957 36
5009 4659 35
9687 9230 79
7012 6576 6
7436 7021 70
8838 8573 9
1303 1330 36
100
9159 9503 58
6256 6464 53
6263 6363 20
8670 8731 40
349 357 11
5728 5759 69
9740 9872 28
1772 1935 9
6573 6965 9
939 1011 51
7382 7752 27
10423 10902 23
175 203 6
11334 11815 53
1514 1624 48
6495 6800 48
7885 7885 73
11324 11544 53
6842 7204 52
3602 3718 38
8271 8276 25
11648 11769 77
9131 9200 30
2729 2765 46
3227 3266 72
2516 2556 21
2244 2242 20
11157 11683 25
5928 5960 44
3337 3420 47
2048 2038 34
1930 1931 41
9924 10323 16
11145 11368 72
11420 11600 25
4364 4409 26
1357 1466 53
1744 1851 57
2128 2117 29
4899 4968 72
7628 7618 37
1956 2079 63
10129 10204 48
5056 5106 64
3937 3920 61
3190 3181 73
8771 8856 25
8144 8413 59
10496 11020 32
10078 10489 3
1232 1319 61
9293 9649 47
7771 8080 59
5243 5290 59
6130 6187 44
996 1039 35
6402 6459 38
3313 3272 35
6673 6780 49
8546 8596 11
5449 5585 24
9548 9899 48
7683 7666 12
2449 2511 36
4983 5110 40
394 413 32
9897 9985 48
753 796 20
7967 8240 11
5843 6018 74
7322 7665 13
8516 8552 10
7124 7209 5
1239 1299 30
2370 2391 44
9704 10070 64
2126 2264 47
5392 5439 44
485 504 67
10189 10646 50
5131 5261 68
1589 1687 12
10350 10463 33
6381 6631 54
8763 9152 32
10257 10342 48
5676 5868 60
9192 9277 8
2971 2964 24
571 631 75
8889 9279 30
6801 6862 32
2027 2143 20
1093 1138 57
5247 5364 29
10520 10668 69
3881 4008 74
8433 8724 39
9024 9077 63
1320 1349 9
9657 9777 14
9439 9588 62
300 327 44
10667 10822 27
4590 4810 55
11849 11958 74
3356 3490 5
8210 8200 55
7228 7309 46
297 331 77
2353 2476 52
1557 1562 13
4633 4662 36
8573 8914 66
7915 8208 64
3483 3631 10
81 101 34
5546 5685 47
9880 10256 21
3611 3558 16
10612 10724 8
4142 4138 74
6723 7077 38
10641 11156 20
10376 10798 58
1122 1180 41
6108 6285 67
6215 6263 25
2551 2619 63
3414 3566 21
8684 9020 47
649 683 59
7459 7836 25
3789 3770 69
3701 3799 33
7061 7422 63
7113 7161 50
4282 4437 19
1675 1631 22
9406 9788 36
5813 5819 6
6537 6876 21
6909 6923 22
3040 3056 46
1781 1779 47
9006 9382 21
143 186 68
9963 10058 32
6008 6051 33
2238 2338 23
9820 10184 42
2860 2878 41
4348 4546 33
10903 11369 76
897 956 47
7639 7960 10
3506 3466 62
9575 9740 48
9313 9402 33
4440 4516 30
4843 4976 14
4492 4541 7
2195 2165 7
11523 12007 77
8878 8930 28
7346 7388 34
11966 12082 55
6558 6642 42
10853 11018 63
11599 12018 3
2908 2945 76
5901 6078 1
625 685 25
5372 5499 57
4461 4656 51
4748 4786 34
2617 2645 15
6996 7003 23
786 840 59
6884 7281 11
4750 4916 51
7579 7902 25
8283 8578 64
7268 7588 67
8432 8461 62
7531 7529 68
10979 11193 63
1495 1533 65
4226 4356 66
10557 11084 27
2690 2769 37
10064 10460 51
4085 4189 77
10720 11176 6
4259 4285 44
11010 11523 44
6451 6515 2
5575 5596 77
8088 8088 75
11063 11616 14
100
1295 1288 7
802 813 9
266 286 2
539 533 8
84 88 6
233 242 8
1062 1074 9
145 153 6
71 73 5
858 860 3
587 575 1
1353 1371 8
433 420 5
375 353 4
927 970 7
163 160 3
1041 1071 8
846 850 6
362 344 1
703 706 7
510 535 6
339 355 6
386 365 3
1005 1015 3
915 916 6
1087 1117 7
1186 1197 9
745 766 3
1429 1447 1
808 841 3
1243 1253 4
976 982 3
1126 1134 3
689 690 4
286 272 3
288 306 7
355 368 2
1092 1105 3
754 759 5
1104 1110 2
21 18 4
414 393 5
991 1020 4
418 431 9
976 1012 9
359 338 5
548 541 4
137 124 1
86 88 5
788 819 4
179 171 2
1021 1029 1
430 451 6
959 958 5
1195 1205 3
108 112 9
833 837 3
1250 1264 2
941 941 9
820 826 6
604 592 7
686 683 8
574 583 7
552 563 7
1188 1200 8
531 546 1
1019 1026 4
1316 1311 4
242 255 3
1212 1231 7
705 701 6
614 601 2
53 61 7
326 341 7
857 900 6
521 509 7
1158 1181 4
1129 1153 3
150 147 1
185 177 1
668 662 7
593 597 6
1004 1026 3
61 57 5
474 492 9
398 410 3
1227 1245 7
1237 1242 7
345 327 4
829 865 3
1218 1224 6
1168 1175 1
104 101 1
991 1001 6
1263 1266 6
568 565 2
950 992 9
1084 1098 5
1270 1289 9
216 222 1
1152 1160 9
673 677 4
449 474 9
200 192 4
661 662 5
1246 1250 4
725 738 3
1330 1349 2
1118 1123 6
483 507 4
260 275 8
271 292 1
27 29 2
127 137 2
738 752 3
1384 1409 6
820 855 4
491 516 2
449 438 2
1119 1147 3
876 917 8
761 785 6
564 558 6
403 381 5
909 955 8
1325 1317 1
1303 1319 4
1024 1050 9
274 261 7
381 392 9
439 428 3
1279 1274 4
146 138 3
127 122 8
1200 1212 1
345 363 3
43 40 4
1371 1389 7
223 213 8
521 543 2
500 490 3
1397 1422 4
33 42 3
1051 1081 4
718 724 6
94 98 4
211 215 9
1043 1048 7
743 743 6
390 402 4
9 3 1
1159 1169 1
320 296 7
1292 1307 7
1143 1167 5
580 572 2
24 33 4
1433 1457 2
245 236 6
970 976 5
230 224 2
1410 1431 3
472 463 3
160 161 4
898 897 8
307 322 7
891 931 4
1424 1445 3
615 617 7
336 315 8
645 647 9
298 277 2
1073 1082 3
1303 1296 4
491 482 9
630 618 4
1166 1183 1
1318 1337 7
878 873 6
779 794 8
188 192 1
1107 1138 8
778 805 7
618 607 1
1066 1100 7
173 162 1
798 828 1
69 70 3
258 244 3
423 402 2
730 726 9
13 20 6
842 882 5
654 640 8
120 125 3
762 770 4
1196 1211 3
463 452 4
183 182 8
621 628 2
100
343 322 1
682 658 2
202 211 2
19 22 3
688 662 1
637 577 1
873 797 4
444 403 3
489 439 2
566 512 3
463 421 1
19 28 2
360 355 5
673 650 4
585 565 5
734 665 2
262 269 2
772 700 6
699 636 2
411 400 5
756 738 1
909 830 2
548 494 6
369 342 6
224 237 1
504 454 5
197 205 1
54 54 2
342 339 4
459 419 2
797 778 3
735 717 1
871 858 1
290 289 4
46 48 6
110 107 5
234 248 4
178 157 3
411 372 2
809 734 1
927 841 3
558 501 3
178 186 4
253 261 2
320 316 1
832 817 4
309 296 6
760 685 4
842 830 4
277 281 2
709 685 3
319 304 3
396 362 4
386 354 5
498 480 3
34 43 5
818 742 3
54 62 4
451 413 3
877 801 2
960 948 2
477 428 2
821 807 4
882 869 4
15 20 3
118 128 5
476 459 2
470 452 1
484 431 1
675 611 5
330 313 3
347 344 1
488 471 5
860 785 5
421 384 1
381 375 5
13 13 2
651 629 1
272 258 5
417 378 1
42 53 4
555 538 1
536 518 1
90 101 6
105 118 6
31 36 2
900 888 3
222 235 5
649 624 6
132 123 2
955 941 1
428 414 6
594 542 4
849 773 5
95 92 2
934 925 6
530 515 6
788 715 6
802 729 6
565 547 4
371 363 3
210 220 2
239 218 6
155 164 3
619 562 1
857 841 5
73 84 3
715 694 2
448 431 1
811 799 4
208 187 6
781 761 3
553 535 6
892 881 4
904 821 6
441 426 3
330 327 3
509 491 4
193 202 6
59 59 1
748 677 6
718 654 3
949 860 1
398 389 4
519 469 6
708 646 3
517 502 4
67 68 3
612 556 2
302 301 4
913 903 6
606 551 4
355 330 4
692 630 5
751 733 2
404 368 2
316 314 6
663 642 4
137 144 5
619 597 6
681 615 1
125 132 1
390 381 3
25 29 3
646 583 2
832 753 5
375 344 1
87 86 6
149 157 5
536 482 6
866 851 4
699 675 4
773 755 6
889 809 4
435 396 5
186 162 2
632 570 4
721 700 3
465 446 6
727 660 3
9 10 4
917 834 2
337 316 1
949 935 5
259 245 5
270 277 2
249 233 5
125 118 3
288 275 6
138 126 1
919 910 2
163 147 3
168 150 1
244 257 3
115 112 1
570 552 1
803 787 2
574 518 2
661 598 6
834 760 1
791 769 3
62 73 4
295 283 1
586 533 6
169 178 5
153 138 5
598 578 6
469 423 1
744 724 3
695 632 1
225 201 6
633 612 5
942 856 6
730 710 3
9 5 2
72 72 2
193 171 3
435 417 1
293 281 1
606 584 3
100
1405 1436 57
7645 7912 25
5954 5806 58
862 786 8
10202 10186 33
12095 12539 79
7215 7401 18
11391 11781 19
5741 5735 66
12260 12056 29
685 653 45
11882 11734 35
3972 3930 27
10247 10669 12
1284 1255 36
1100 1113 67
7834 7720 45
10740 10752 33
132 173 56
6334 6448 12
1803 1798 63
2992 3086 19
1563 1648 75
2586 2728 23
2369 2483 55
1221 1222 13
10198 10574 18
4924 4964 44
8693 9006 9
9414 9328 12
948 906 20
3190 3242 63
355 346 60
8606 8453 49
5491 5366 44
3120 3104 1
10591 10954 21
5217 5309 56
7858 8136 78
8823 8682 81
6362 6501 13
9544 9824 46
1290 1327 13
9892 10216 81
3657 3661 22
8658 8966 54
9443 9667 17
3333 3365 36
9343 9263 71
10063 10063 43
6073 6201 39
10159 10493 26
4344 4306 37
10674 10632 41
3348 3303 74
7388 7581 76
7499 7319 17
9904 9896 49
10010 10276 28
5817 5856 30
5162 5044 33
12398 12810 63
6453 6558 25
1606 1610 77
9799 9791 61
6686 6601 49
2811 2730 60
4506 4457 70
3609 3557 3
7674 7525 77
10213 10234 4
5487 5543 38
10819 10796 8
171 205 62
6271 6180 75
6193 6286 23
6897 7004 80
8018 7963 79
7551 7785 64
11873 12303 67
8313 8271 30
12018 11873 63
9704 10035 17
3950 3922 82
10101 10421 16
2965 2865 49
8326 8624 37
7287 7049 13
4246 4314 52
10045 10371 10
1972 2087 33
10725 11126 63
8504 8836 81
11464 11406 71
773 754 17
10957 10924 55
4738 4787 75
9555 9470 39
1935 1948 36
1872 2004 77
2907 3019 64
10861 11223 35
5951 6042 60
8193 8481 19
6295 6366 40
517 507 64
5047 5124 50
6402 6322 58
3537 3567 13
10504 10897 77
12212 12609 35
8112 8378 58
10312 10704 8
2713 2863 61
4021 3982 25
4081 4156 7
4795 4843 26
11553 11967 74
4761 4679 38
9328 9566 4
1662 1799 43
4636 4559 28
5048 4913 13
3432 3326 9
9124 9426 33
11077 10997 22
7980 8231 40
5342 5454 40
7370 7111 12
3558 3504 56
3674 3721 68
2212 2346 59
8216 8169 74
6887 6764 63
6960 6772 3
4128 4042 22
11640 11517 49
2365 2349 8
7464 7221 30
522 541 9
6525 6472 37
3813 3802 19
7183 6992 13
2621 2550 80
8252 8194 4
8985 8823 58
8855 9161 77
10400 10391 53
11728 12132 60
10562 10532 63
9608 9943 29
1203 1177 31
2203 2225 36
7106 7291 39
1179 1125 17
5587 5591 12
3768 3732 34
2050 2099 40
11187 11592 56
4448 4446 65
2393 2382 10
6637 6722 58
6674 6788 2
5325 5209 71
3489 3480 38
3114 3028 29
5763 5624 73
11310 11201 82
12128 11994 39
11731 11602 30
2049 2189 31
888 899 60
8430 8337 23
6112 5999 67
9677 9605 60
9240 9527 45
3725 3759 9
1145 1083 69
5611 5448 20
4248 4177 49
429 471 64
7154 6922 63
713 716 68
11060 11422 75
4972 4857 70
7744 7595 7
9142 9009 61
4038 4062 30
9192 9093 5
1383 1401 36
7848 7795 7
291 337 61
11318 11688 41
7026 7201 58
3020 2955 13
4520 4557 24
2495 2660 56
3881 3839 16
2282 2327 17
8977 9317 53
100
6314 6106 27
4588 4588 47
6930 6880 12
3598 3703 40
4664 4474 1
2084 1980 41
7681 7781 42
1833 1916 9
3976 3727 12
2326 2425 42
4147 4157 18
4655 4653 18
4926 4724 33
2423 2259 40
6896 6756 1
2005 2027 6
3934 4007 27
4390 4136 50
7149 7114 11
6433 6302 5
7573 7536 16
3839 3580 42
4373 4427 50
3480 3207 32
6750 6638 19
302 288 17
4821 4615 7
5688 5612 3
2133 2176 9
5631 5588 32
1745 1635 18
3015 2740 47
164 174 41
826 785 23
1441 1390 46
6391 6198 36
1576 1505 34
537 538 40
4122 3884 26
444 412 47
4732 4701 21
556 567 2
1695 1759 42
465 458 14
3306 3446 37
7481 7526 45
3712 3454 43
1694 1599 9
4774 4726 11
6064 5988 8
6645 6474 10
5074 5020 42
7531 7456 18
1571 1639 6
4487 4224 32
7003 6962 30
5120 5044 2
5039 4857 49
3679 3755 26
39 88 4
5430 5194 36
7196 7239 8
3054 3210 31
90 86 21
1049 1050 46
1246 1284 35
2986 3148 40
6448 6272 2
364 381 27
4061 3832 34
5908 5696 21
3224 3351 6
1950 1995 34
2797 2558 45
1925 1823 50
1419 1505 40
7242 7173 50
2257 2125 35
2142 2050 13
1141 1185 45
5628 5399 29
6817 6722 33
7278 7191 9
5777 5736 6
900 872 30
1796 1694 17
2666 2826 4
4061 4121 50
6046 5972 25
4655 4462 34
3121 3246 9
5279 5039 34
989 997 37
178 203 3
2621 2788 4
848 812 35
4792 4599 45
169 186 31
6618 6421 34
7736 7856 27
2399 2528 27
3938 3677 43
1494 1411 5
2555 2642 18
5356 5235 33
7825 7965 30
3612 3319 52
4261 4277 42
1517 1579 28
2886 3054 50
1185 1133 23
4460 4472 18
5883 5860 50
762 739 22
4885 4810 10
7482 7370 48
5490 5261 11
263 313 30
7001 6933 6
2115 2153 46
5856 5603 20
7390 7406 20
4843 4774 19
5455 5343 43
5530 5294 2
2688 2460 48
579 553 34
3752 3858 27
6191 6102 43
2871 2600 18
222 242 21
6273 6150 18
5675 5427 4
739 718 51
612 600 1
2735 2947 16
1338 1376 30
3475 3595 14
25 52 12
2607 2704 9
6641 6495 14
6562 6420 27
6743 6606 46
6989 6893 43
4580 4349 5
6313 6201 10
3106 2803 20
7899 8064 24
2611 2755 1
4250 4000 42
7622 7538 1
6473 6315 6
5765 5681 19
4551 4306 25
98 117 4
7386 7259 31
1980 1868 17
405 388 1
6504 6303 3
6881 6820 24
1793 1879 46
7180 7191 13
5340 5086 6
6700 6555 18
6070 5886 50
5770 5536 37
7105 7055 26
5068 4887 7
5189 4960 36
6868 6746 8
2545 2356 40
1043 1030 12
1114 1070 20
3225 2928 49
5955 5753 6
952 937 41
681 661 40
5974 5916 28
7576 7671 37
7313 7340 50
2698 2870 6
1311 1255 47
6377 6265 21
2222 2299 44
7491 7569 2
7097 7075 47
5555 5483 46
3404 3538 42
3356 3031 44
2479 2593 18
4971 4916 36
3384 3099 10
6212 6015 52
6831 6693 31
1638 1566 30
3867 3947 40
2321 2163 8
6428 6245 3
5269 5159 50
3197 3311 28
100
1115 1023 8
3222 2997 7
6075 6000 44
7178 7106 36
11677 11277 24
10388 9928 63
3674 3451 41
3000 2903 63
1061 974 25
7356 7284 56
3376 3260 20
11569 11330 60
4288 4183 54
2084 1876 68
665 757 57
2606 2614 71
9908 9741 18
8248 8183 11
4570 4545 48
10924 10752 27
9552 9240 51
9775 9466 36
4937 4861 36
9983 9652 32
3496 3420 31
3145 2920 14
1146 1165 34
690 780 11
3840 3635 69
5829 5803 51
6341 6225 50
8186 8113 77
10269 10002 16
2238 2120 11
9651 9494 18
5694 5686 71
9121 9006 47
10438 10213 21
11680 11435 17
4684 4428 65
7582 7572 60
964 974 25
3515 3491 4
4536 4277 50
8759 8426 31
3424 3288 11
6234 6091 41
535 634 19
11576 11163 69
10878 10512 1
4313 4239 6
839 882 49
2819 2775 71
1968 1970 67
11031 10877 39
6335 6100 12
489 527 74
5439 5409 64
9848 9684 64
11335 11113 27
2411 2468 78
1791 1641 28
1625 1484 31
10997 10602 36
9358 9259 14
5492 5481 2
6584 6463 50
8917 8630 74
10822 10640 48
11853 11561 10
1063 1045 29
2103 2174 66
3399 3185 42
11118 10943 9
8974 8723 26
10368 10094 35
302 302 51
3183 3035 9
150 131 8
5913 5878 23
1283 1247 1
490 486 33
8164 7859 9
6470 6344 20
7986 7732 77
6450 6197 33
5260 5022 63
11910 11661 25
4857 4705 29
9185 9067 2
373 381 47
1600 1623 71
9194 8900 74
1219 1210 31
1258 1286 55
7885 7861 73
130 149 50
262 233 36
10867 10500 3
1873 1713 35
4151 4068 70
2593 2472 6
6108 5876 61
73 104 17
10193 9795 67
8378 8295 4
10736 10334 66
2535 2448 32
3517 3334 45
3050 2884 34
10628 10430 49
11986 11573 18
10169 9949 20
8692 8299 50
6725 6491 57
11593 11381 3
3714 3644 67
7248 7103 43
8979 8875 66
7531 7326 66
11130 10733 40
8540 8178 77
11234 10999 20
5944 5750 59
6564 6322 42
4175 4001 70
8350 7988 63
9541 9457 71
2970 2810 38
5268 5218 73
12183 11796 45
11321 10897 57
4683 4639 37
10063 9896 73
6742 6581 48
2823 2663 65
752 771 69
5381 5161 41
7675 7476 44
10716 10509 39
7049 6966 35
11757 11472 5
11418 11004 35
10516 10293 25
7336 7179 36
11408 11149 12
9418 9129 19
8552 8483 60
2216 2239 19
9314 9223 51
6240 6007 54
6979 6824 77
4810 4772 30
7457 7404 28
3273 3033 3
3156 3017 47
6883 6683 75
10402 10016 6
1810 1797 71
2404 2325 75
4453 4379 52
4781 4583 47
7149 6992 63
1130 1075 1
937 897 61
9875 9542 12
5483 5242 16
8126 7834 36
6791 6629 24
1715 1573 12
7005 6798 51
6391 6275 1
8001 7937 34
9316 9018 43
11907 11465 67
4365 4150 68
1283 1366 11
5639 5428 65
12071 11663 20
7691 7658 19
8344 8282 30
609 597 24
3957 3880 78
2681 2518 18
3755 3664 1
8771 8703 76
10827 10453 44
2216 2065 60
5812 5604 73
1445 1370 57
10563 10169 63
11726 11306 10
3982 3792 70
5072 4996 60
5069 4876 76
7767 7551 26
1390 1445 20
3287 3189 41
9652 9374 35
1498 1411 4
100
6204 6258 12
4665 4715 59
5993 6026 65
1397 1477 28
8235 8284 64
1945 2003 61
5241 5359 41
3717 3851 17
10299 10362 35
8549 8565 12
961 959 48
6578 6605 47
7375 7343 19
3305 3321 44
8990 9037 34
9512 9531 29
3631 3608 61
2946 3014 54
1281 1316 53
3525 3640 39
6830 6869 23
3465 3441 54
7449 7440 10
366 336 12
6431 6444 53
7412 7422 8
5096 5220 66
7725 7710 42
9236 9338 20
4310 4171 69
2978 3009 1
6154 6228 64
6287 6313 27
6362 6386 5
804 841 14
10517 10578 2
9861 9893 69
4771 4876 48
2024 2093 50
4983 4855 9
459 391 21
10361 10417 1
7408 7412 40
9260 9370 11
9818 9955 56
511 546 57
10667 10802 33
5677 5720 65
2730 2784 6
4024 4142 52
8819 8877 27
1478 1451 6
6912 6891 9
4619 4530 36
9586 9770 62
5683 5765 56
7860 7851 66
9220 9228 33
842 865 25
6898 6922 57
10197 10225 4
6769 6775 37
587 541 46
5524 5524 39
5418 5395 53
7300 7298 32
5804 5836 32
8420 8346 66
7971 8002 52
3012 3101 15
1415 1416 17
9403 9523 68
2941 2960 32
4535 4563 46
1793 1860 41
2665 2677 37
1326 1379 18
2540 2598 53
5992 6082 11
1376 1350 24
8613 8631 15
2845 2876 52
5229 5170 51
7198 7210 11
2741 2751 13
6143 6164 27
5306 5281 33
6781 6817 13
5958 6043 14
4510 4375 32
2410 2431 28
1160 1160 31
2135 2152 30
3818 3734 62
4306 4438 37
3856 3943 6
168 189 64
7841 7830 21
4420 4286 51
9094 9147 43
5927 5989 48
5121 5053 68
9697 9701 63
6067 6074 7
4115 3975 28
9330 9367 55
3162 3236 54
3875 4008 8
8856 8878 40
4386 4460 8
9864 10026 1
1899 1979 58
4735 4651 40
4208 4301 63
8011 7959 9
5557 5642 37
921 947 13
5438 5521 24
2268 2293 43
8042 8034 10
395 405 35
8083 8138 37
2038 2077 17
9846 9989 6
1686 1721 40
687 631 41
3058 3101 22
7937 7895 28
672 717 57
7715 7665 34
6630 6648 28
280 273 64
4515 4438 2
149 124 45
5791 5854 53
2817 2872 35
8620 8580 21
8229 8185 5
10591 10680 13
1172 1204 59
6526 6574 61
9998 10177 59
7263 7279 39
7169 7188 40
8188 8146 52
4948 5088 62
3109 3147 7
9643 9835 25
1435 1550 9
8772 8754 49
8474 8415 4
3781 3886 17
8552 8530 35
3633 3766 48
6981 6989 8
2536 2541 65
2304 2359 17
1063 1048 23
1599 1606 53
739 809 23
9458 9588 20
3255 3346 43
3937 3862 56
6308 6313 58
2142 2177 41
10545 10635 12
9436 9458 35
10155 10214 56
9183 9236 65
7161 7171 61
8463 8527 65
7578 7567 8
3400 3502 64
8673 8634 14
10032 10083 67
10500 10555 50
2377 2362 30
8759 8775 37
5366 5463 31
316 308 57
6716 6777 65
8922 8957 14
4817 4912 15
7597 7548 41
7502 7528 25
4010 3892 7
991 1044 19
2710 2741 55
1582 1703 58
8886 8942 9
1740 1859 64
7048 7057 63
8319 8361 21
791 754 52
2263 2302 46
1261 1276 17
4926 4825 67
3195 3215 19
9013 9070 40
7782 7772 8
100
1652 1545 5
573 512 2
5200 5153 20
3181 3231 24
4075 3984 34
546 490 18
2359 2320 20
209 190 20
5284 5246 34
5043 5017 8
2909 2917 4
3310 3350 23
3345 3277 19
1958 1912 10
5523 5460 20
4227 4244 17
3409 3461 11
2171 2137 3
1589 1547 34
4243 4194 23
2572 2467 24
2946 2979 9
2668 2645 5
5076 5058 34
3176 3092 26
4334 4317 4
3422 3356 28
430 389 31
3198 3125 1
1102 1034 34
3242 3178 6
195 174 8
946 898 17
4849 4788 32
3113 3170 27
2881 2798 33
2498 2375 15
1073 994 9
4764 4710 30
1472 1332 35
1222 1193 1
2306 2273 25
649 601 27
4132 4124 18
5381 5351 13
2483 2437 7
4706 4660 14
1320 1280 34
4672 4629 27
2756 2665 6
365 310 27
2937 2867 20
86 81 4
5651 5547 13
93 86 6
4271 4283 18
1622 1590 6
2639 2606 24
3514 3545 3
2737 2633 23
5006 4988 15
1283 1165 20
4380 4360 13
4454 4432 17
2046 1928 7
3237 3290 26
376 326 35
2049 2014 7
281 249 21
1840 1723 29
2278 2160 9
3557 3468 18
511 474 15
2586 2533 35
274 239 30
3016 2942 24
2145 2011 11
4328 4324 11
4510 4480 8
2890 2824 2
2667 2559 31
4185 4126 17
3900 3908 33
2130 2101 36
54 55 14
1424 1371 16
3578 3582 15
3291 3209 9
4568 4526 23
805 744 15
1553 1429 33
5707 5600 19
1997 1879 19
4929 4910 5
68 71 18
4907 4882 27
1704 1570 12
1159 1059 21
3722 3656 29
1490 1444 26
137 132 24
4853 4798 1
704 670 19
1002 958 23
3227 3157 7
750 692 28
1940 1834 9
4974 4950 5
3993 3914 29
2752 2744 7
935 855 22
4613 4563 5
5471 5419 33
2884 2905 14
2100 1970 18
3048 3085 15
3722 3731 25
2805 2728 22
3934 3933 5
4393 4381 25
2235 2112 2
556 502 5
2329 2244 25
4078 4058 35
3492 3431 23
3095 3020 29
5262 5265 29
5145 5085 34
447 416 35
2761 2767 2
1179 1133 35
5002 4959 20
1380 1250 32
1521 1473 11
2229 2200 21
2452 2423 35
3801 3732 36
5412 5385 15
2164 2028 2
3812 3826 32
5432 5426 4
1908 1781 20
5201 5193 19
4932 4895 29
3369 3411 17
1640 1516 27
4465 4451 1
1662 1628 7
1212 1112 12
2524 2392 6
1926 1882 32
4182 4197 19
2458 2344 33
774 753 29
5141 5122 15
5593 5516 19
4676 4624 10
5396 5345 14
1719 1689 7
4126 4059 24
1991 1955 14
571 530 7
150 136 23
5340 5317 24
2997 3027 20
832 818 23
4404 4396 11
2217 2083 12
871 810 23
4818 4751 29
4551 4524 36
1799 1777 34
880 854 16
4628 4580 27
5340 5298 18
4471 4447 27
2365 2251 1
663 616 29
3632 3564 31
484 434 17
1101 1008 3
2715 2697 16
4740 4693 4
3926 3836 14
1834 1812 7
1687 1663 1
3872 3802 19
3485 3536 30
1215 1160 6
1766 1649 24
2851 2850 29
1579 1450 1
1034 948 35
4321 4275 36
2924 2934 3
1377 1339 27
4870 4808 17
3989 3977 22
2018 1983 12
3668 3669 35
100
4595 4870 25
647 742 32
83 102 40
1241 1407 2
3755 4001 5
1207 1366 22
3722 3714 33
4012 4292 27
2679 2737 37
5402 5794 27
5445 5844 10
846 966 28
252 242 25
1813 2000 22
4254 4564 13
3713 3950 21
175 190 31
1276 1438 9
4492 4523 19
1451 1634 14
5782 6174 2
5992 6293 38
5538 5936 32
757 873 5
3865 3867 42
6275 6489 5
1970 2155 38
3908 3935 16
381 465 17
5032 5380 6
6708 6943 2
1563 1644 35
3769 3769 10
4383 4675 30
2281 2389 38
6658 7109 35
4936 5056 22
492 571 21
5554 5808 1
1751 1883 25
6775 6987 21
1270 1338 21
835 949 28
6185 6452 40
6510 6970 28
6349 6809 32
723 837 10
2929 3120 44
5862 6266 28
4255 4274 25
4862 5221 41
5085 5291 32
3803 4072 18
79 71 6
5327 5720 14
2329 2537 30
2906 2930 38
5739 6026 24
1085 1199 29
2084 2240 20
1876 2066 18
6786 7239 16
3522 3562 46
4999 5183 11
4345 4349 26
547 639 45
4697 5012 9
5133 5480 37
2116 2267 4
2754 2823 31
2499 2746 36
6464 6689 35
1595 1767 33
2266 2444 23
2033 2156 41
4959 5118 10
280 336 8
4163 4186 31
315 304 30
330 400 16
1309 1400 15
361 361 10
5802 6098 19
5377 5611 9
3238 3276 32
3407 3546 6
759 896 20
6607 6808 13
4063 4094 42
617 694 21
3075 3235 36
4674 4725 42
3363 3400 41
1413 1566 17
673 778 25
6932 7375 44
3667 3863 45
2510 2591 43
166 159 42
5878 6205 21
6226 6479 8
5284 5494 23
987 1099 30
2581 2844 22
2678 2902 27
6065 6338 14
3166 3170 20
3571 3744 1
3173 3334 39
987 1096 24
3940 3969 3
1343 1433 4
2416 2652 36
4391 4394 20
3513 3671 45
3387 3427 5
4662 4969 30
916 1023 23
5672 5941 3
3031 3026 40
6388 6606 43
5327 5566 19
2102 2261 44
6278 6704 37
3391 3526 44
4987 5316 43
4304 4608 6
2567 2662 20
5203 5423 14
242 278 31
5756 6157 41
3628 3648 34
3547 3700 6
1803 1931 7
1455 1548 46
1493 1677 6
1094 1169 36
3112 3107 27
6645 6876 14
2529 2776 10
2380 2466 33
1634 1802 4
3921 4157 8
2152 2289 8
5641 6033 45
4579 4619 40
6071 6515 28
5454 5704 30
5291 5657 32
894 1014 4
1510 1701 1
4448 4728 24
5938 6358 28
6831 7272 5
3953 4194 14
4051 4314 6
49 59 17
6677 6908 5
4757 5107 26
1200 1295 8
2975 3153 11
5626 5896 23
6567 6772 39
1170 1240 21
2800 2999 27
1146 1280 23
4525 4778 17
4124 4395 32
2214 2380 46
3266 3415 24
4214 4509 42
401 435 16
4768 4856 44
6161 6619 31
4442 4460 19
430 529 23
3862 4102 11
1760 1923 43
6014 6453 36
1371 1532 34
6742 7177 23
6561 7001 11
2706 2937 4
5222 5582 35
5005 5331 5
2162 2309 2
708 815 21
5823 6142 6
1642 1740 29
4889 4968 43
1907 2034 42
925 1027 6
450 500 22
6418 6875 30
5153 5351 30
2788 2853 2
5538 5780 30
6032 6304 1
541 627 13
1678 1796 10
100
2774 2895 21
5012 5086 31
5642 5802 40
4801 4890 22
1909 1946 41
3008 3079 36
1115 1092 18
6352 6218 37
3296 3341 14
1934 1923 20
4007 4049 37
1605 1612 35
1222 1175 5
3696 3848 3
429 440 28
4526 4586 6
119 160 14
839 864 41
2023 2038 12
4757 4822 37
2658 2749 35
5642 5612 27
3017 3120 4
5283 5234 24
1958 1977 7
570 629 6
3918 3957 5
5985 6109 40
947 911 35
5420 5400 26
5532 5691 37
2205 2294 7
1513 1485 41
5805 5982 13
180 233 21
2798 2799 11
1605 1583 38
4893 4879 2
3348 3431 13
2108 2126 32
3396 3487 19
5393 5509 39
4384 4441 27
3835 3893 26
6163 6071 36
5235 5159 34
1147 1164 30
1053 1081 19
2282 2406 7
2432 2584 14
45 53 15
3258 3307 3
5087 5141 22
4762 4804 32
3237 3327 7
5201 5287 27
3122 3160 2
2404 2543 41
4302 4383 11
5866 6017 16
6254 6140 34
5304 5401 6
3212 3313 41
3676 3738 18
4918 4923 7
2853 2980 23
3541 3592 26
201 191 32
3462 3582 33
4431 4493 17
3869 3921 9
3514 3668 26
5757 5926 36
4262 4342 31
2268 2357 3
4392 4446 25
2482 2612 5
5368 5322 29
3683 3818 26
2596 2607 20
4841 4939 19
3162 3206 4
3288 3366 6
1713 1738 17
4267 4302 38
3349 3408 15
6026 6140 9
2935 3053 34
77 106 37
220 277 4
4852 4866 31
5676 5843 2
2455 2490 9
1318 1270 31
1994 1983 10
2252 2329 12
2737 2760 11
6532 6369 28
4662 4715 37
6249 6361 38
2523 2527 15
320 314 13
2312 2444 11
1862 1868 41
2645 2659 22
1173 1147 19
4614 4677 28
3452 3511 38
1511 1536 36
480 518 20
101 107 22
1340 1376 10
544 579 17
5561 5527 36
351 373 12
3091 3131 22
754 750 23
1777 1749 17
1809 1824 31
6156 6273 35
4466 4512 33
4155 4207 24
5931 5836 25
2102 2145 18
1681 1660 19
2305 2343 29
3757 3821 33
4161 4273 38
2988 3091 14
1294 1320 26
2918 2959 37
3991 4100 39
4666 4706 9
948 976 40
3603 3641 24
3813 3944 20
4939 4945 2
6039 5907 35
1188 1205 9
3048 3137 3
4064 4182 34
4574 4635 31
3620 3663 8
5450 5600 27
5847 5774 32
2175 2240 35
870 816 28
2428 2465 28
505 483 40
999 962 15
3911 4011 30
4328 4359 11
2720 2837 26
776 722 40
2841 2849 8
6058 6197 14
5905 6025 2
2195 2192 30
975 1038 11
1677 1672 20
3242 3286 33
4093 4121 32
2365 2401 13
1619 1593 2
1406 1446 18
670 703 36
2700 2732 27
2022 2042 27
4509 4552 7
5258 5350 27
3724 3872 8
2238 2248 11
3095 3195 10
289 252 26
294 313 17
5709 5689 28
2064 2087 5
4918 5013 31
5027 4996 24
4481 4534 11
666 626 28
5464 5433 13
6440 6313 7
5135 5085 34
392 385 35
1073 1038 25
585 551 34
1701 1675 6
1736 1702 7
3601 3759 28
5142 5223 22
6085 5966 18
1417 1368 34
5748 5707 5
6392 6275 14
2563 2663 2
2537 2657 18
1239 1233 13
2922 2976 1
3746 3895 7
100
3686 3775 62
10433 10039 47
12237 11772 78
6722 6771 79
10195 10238 82
3676 3416 30
11010 10581 16
3882 3578 20
11069 10646 9
8054 8076 22
3500 3577 68
2450 2144 78
13036 12616 76
2812 2906 72
8884 8326 88
5662 5325 64
11205 11173 87
5399 5508 51
1082 1084 69
4144 3820 14
5703 5364 19
15323 15110 64
13532 13406 56
13992 13543 92
10025 9617 28
215 138 67
14237 13744 82
9176 8633 76
7390 7422 62
11347 10912 96
11650 11146 42
930 923 54
7600 7051 44
7700 7144 29
5312 4970 52
7963 7989 93
13138 12919 34
10588 10586 38
8999 8432 11
2703 2396 86
13272 12855 92
5983 6056 2
14680 14546 89
1842 1608 61
7711 7732 26
2975 3080 73
350 261 24
14576 14059 7
422 351 28
8450 7881 85
695 712 2
4679 4729 84
12456 12351 81
9762 9814 18
8766 8695 63
8266 7668 90
1555 1586 73
2066 2202 85
3191 3292 6
2654 2703 9
10657 10228 75
9479 9605 76
9461 8953 57
12812 12676 96
15471 14940 55
8151 8143 10
13738 13580 78
11705 11590 85
11892 11755 81
7581 7659 81
6235 5861 60
2904 2612 14
9644 9255 49
10338 9921 20
10905 10478 79
803 773 26
9161 9228 80
12596 12467 4
7439 6936 50
9296 9414 62
5157 4860 19
958 811 3
1635 1693 11
2023 1810 57
11907 11422 12
1656 1391 20
3525 3349 43
6468 6090 91
4868 4588 58
13733 13335 56
7710 7194 3
2782 2505 10
2542 2669 59
1309 1128 84
12513 12368 2
10636 10687 14
5533 5114 68
5267 5325 95
6514 6605 73
654 638 67
14207 14126 52
13829 13759 44
9797 9432 50
6354 6382 45
10788 10802 50
351 321 25
10483 10482 15
5644 5739 89
13356 13157 1
3822 3533 45
7992 7488 51
12029 11940 46
6943 6969 82
14449 14299 85
10268 10311 1
14078 13994 88
3059 2725 49
9542 9107 36
6237 6257 82
10415 10431 56
12570 12198 65
13307 13105 55
7088 7075 29
4030 4118 73
8623 8033 51
15270 14748 90
6771 6288 57
3304 3427 51
4100 3777 83
4152 4247 36
2392 2503 44
12996 12789 50
488 413 17
7838 7345 57
235 194 94
1855 1949 96
8952 8907 62
4911 4965 75
8702 8069 17
867 788 46
4330 4409 15
14355 13802 24
11488 11049 47
11484 11391 55
14730 14237 57
9697 9767 69
15074 14551 60
2267 1976 78
6951 6415 56
3253 2995 90
14543 14009 30
14914 14421 84
12810 12433 85
1117 949 35
10988 10988 73
4272 4358 15
3127 3237 46
13547 13143 55
4345 4037 96
15105 14931 91
6605 6172 41
8561 8529 60
2217 2388 61
12109 12037 2
1096 1133 6
3834 3919 29
12216 12110 35
7094 6574 37
5971 5598 71
12402 12011 74
9326 8777 46
9915 9490 28
11785 11253 49
7304 6808 94
8986 8977 1
7244 7210 34
12062 11546 60
4484 4207 61
1534 1277 72
14400 13898 18
14879 14741 55
544 526 60
1336 1346 84
5910 5970 96
13369 12997 39
11866 11306 16
5088 4772 63
5773 5423 3
4467 4521 41
734 696 51
10273 9846 80
13419 13239 31
4746 4469 84
9967 10039 77
8376 8405 57
8225 8218 37
6076 5665 23
3437 3185 51
5077 5130 45
11296 11219 20
0
