100 100
0412503355647347237702062452136223672622527556265737602225157072570162562246772003751404310447706553
6467322021622205776143712272722765727076726433512050413162176362162707034464322473605635407643544004
4443517114711630414063250061223034074721547132762445156320646752451261246131212106070727154757001267
6771676314704471011766462252005202553271526260754453175301651434024050470535624602010450565244502060
3416757144567127430130461321165575635433750155765167614076032335760761130111647321373177733771262445
6647640260443163327376205730250014471325121275355350033270015434223003352272722025471746243047115343
3146517426770266301003546215660432025046141512344212661332000514615400762254265751207705244600005536
7124531756776213054735311071725374773622042253473161712575134437527427766706401755025504516740132444
4256223315641150462175037452421474260447500345524156202543606563323046517555033762071355231746510176
2101713524050615713130421613653457734007677342450050574325214454163070146600720002511575243131303166
7540015334314052563444631225502444666213642462723761564474043400617751551632225016500264533026314230
7632303740037673110124155547637223575725042155044422637374574130003457372741307043661640530161365617
4461531212206064214422643765660724735033616053321164221540116113545266221111450773711534711506626750
3717401007722466226756531021535013175235410227771336653536501534335253554465031630470377422732505767
3152402233152231531464221506216361170070346022123355650244116267767633567441011137177645340361005633
0272773377463443470261175066065756733261254657253277502167260217475731556431752656230622576157631757
7142642522130635605671346110160057346631545570340227662737006560705414040640575741617770431644303025
4525364573232175542604140506257333425021053131374557057650773217077262454547647104332476751465750053
6705654236265240050617033360600555423474260167250502756220427017205165512714740121346750116650265613
3610371341726517007522365152626452425260100747762747310634325316110304660167432376745230217423132474
2377752155023533732062203130433254771473737425741726276210553754023711542156767423103054564722723304
4263557062334456570340705322546751571230407040342515023203236213773745063330323571237051646350047410
0426021420047542314646214473122333026720661362211766627413647005577612261044105031026063310170356453
5312256421740376011543552263777654140053542571241637263370245640664346067261117640426766722024143145
6437357757216074724070765755753247415566302606525444342463367417742673543057020572246661454167136611
0751451127245065465302321657240512036325045304471772160321772145660017777224722700746776520353445260
5561222316776267007772114553705113465510677166747050306166471163657044037700453012754761327174332063
3770351037327337765035545351614156201472052110617645543467731415741112026014666711562463502046213072
4412013162137612125307066451636105163007176767271250053663073665645737256407052632343244470562256421
2542657537346572405115304740627665640675206022557672427177550311154234000750633777674313317125647064
1561153537631227240040454244456774742403126570575315736661124762661353636176631753136364171135047120
7403307112761275516537434065717737710442572224161600467530020363564442424232764042544277402323651024
7745444406573677372637552731271707266661574514111273361132324353004701455645333750227634335146777503
5471005135110425502615634703353412127335722605400414753210245236733002530314676423173030617243733701
3206410216651755634074141427101501305416101507636226001732525501022505506067245243434713113231741447
1667051630500272014746375366316136606225027413177722363514157076177305563454741443516617151034300126
6104171722344304521017051402441104115354206123320032636362570352537240126476312153373172450175275357
0117534707406204424721547470073565521025065617614772722217035566150202045662715370014666305752445136
3546200274141734006300137222641405255565151763103703375532647514001606224016174457211544177355033162
7340221462405310556076133561070576650065255232232666733656440440263077417200705361560327606417774450
0436107312762056234135363405224302045127034442043777740370447131100065555240707155136747401770402123
7512634674527160372327415077233052064310663600612334045453043113342766112634166006236274427722265534
5134666311317774571244760233754471436662043640603012220055264565531140675641207510571663105105477301
6360025762416523502720270670460670162610267423511151226362163152311525013424506432127377603261605566
7673456070164307263752002203173724421267704325302204611011263627144063275454715202324402230363446361
7267012607061433456255157736767670262502014104431462132723124243240303533742275473166314177063423024
4104521111301215404605073746042043571363305242702011455541222116163142301176446417560771164071252672
0047270637771360052104042354026735056065663207240755373060601401743350550062716236440437024153140465
6551670655165373705321465272262512242426310336121700255607061227753126077013603745272016662313736342
7731202143721175614764344030705270323670160176632356167202040125514135037352725436035162017633245374
1424322571142253414570267222275446270400070460774207164033030615517522121300017453722345731137402052
5472277256727772627347467503524053263215071723501341036670644202616547646562650765763553001206032547
4422211120631300616047240206615135410434613555267307042142056532202446512662735701050150454451126006
0127534337517742772775240077135124350543312441220655511111003571522110354176767010716555565323304112
2264225601164411255406176270441716430262676053650767434307057257622324422647077207626606766236502361
4004210710613237370634402742356716470503374775314653462406421577672120352443443466131047136050745541
0540316424116654201421426351304722460661223367467266470041514021746353412275237773106637716736250721
7232322371763705170757444443504313433626020224172376077532204424601243510011460152446644407577263030
4617336201564577010317473634355143246375735166256515012526122776370132770153347567553647343147541701
0077363120771326763255544673507767157165546175537216247764010647357755217731744604717053631517422634
4751632713623303546403460643616235664131507171614665042351463620422561162667671342500062747460054477
7354130734473570600264512640573722131432430533374341272721606021457115443302326174203062327264460505
2320454617612253044302375052336643204377050016632036412440477742513754345231717572265161216013206317
3204124114110554412460204730752435263310306556257464014245067351071040037410437210501227633463676701
2063233177366106773435664152070075137556402505153543112412552033067732274320552550373115336201227761
0432531304533651566041547403353333161751503673063112300602754441070162436466733072547442147711752272
5236177135217133047351363222542152031326434460567305034302224723611520630465705526315344166142000230
7777036571452362116064220776235640613620044765046724675646744041564021700107626124211541404166645732
3240120626546215636546630113155774637772264701066576600217174255552471614606420410657034146424225175
3173257237445106460704557616053107363570465734446223663460173723146165500342367136373573335411352173
3007545534676340566627647243071134475305537320666650757566274675450351737016475041335716623440037025
0644261371047561046763443402327133176445763106264575655254020751017415170076517554776512612265173110
4743565103106165670512775027137366542172606134055267122144534043071543071554105530234036270621200741
5416072413750012465516135717726315373343271436106426746412505545561105035537560053365735336115413031
2241760656444324140753713733155757754117311706105716331030761572414471027674541774552362036470405430
5674003656417216547137506740062300766427655554250771273443316251503400221141100265726164351146237740
0721533331733612712376105606264547613554165033714452564367433545445206305116352657757633074646757341
0770617644561636171531611155711762223254420016000100727666221321667451226764544766132052076475474566
2324640035440655665514320465302643537213467221751274563235470653107261130315711140611613156662041565
5240501737405626744310051357400516105342121160074202220743532627654271126432525640666247423732447164
2641664231061606242041126217021667423051735116010304717232035156317724741343607666362206107326721025
6153101645726110156520421363712440146424061650776326374100456260634706625307514475606145165146441271
7211656547615330134015043212165124237646311376565204370704361707327555312253673114643476577146017041
3465776577006343557212400516720043604622677126045200476373343717536172776672517265605557521322400560
0135374301063611506663305076310207371173227525402562655325120076516046203231557660370273205144540413
6660252404676637034654352412051351540711752545353044160152076052421046636034702432320326352102336745
5665156474564117077150077071030144023624372630032044136027075663051403123570353452722643134601002606
3466721573301265325651037471021214357460421055601111352030743024610737455270276572416677267024274602
2015640075311667377467235254034533253240442527173451432437276077066573650134757264107412607316177612
6106401131263275310432115763062644320646234224625410426663523464550021170464363366560444722305465526
3356052464514673650545646407743424666727240037176204262560126430763253757222503007353514745275602704
3045542263065151424006016044345721254553302626440657222365732256663333007720117033614571352254733700
2223631310271004645712616022553110173334275657570330334733257175701730044346417017655262525754435025
1320515305071633307120133652247505407566762213141473444341306100566215533357735120171142650504234724
2575055744473572246322771137713721262626716063156300527406174527175155657177133651053544570753050341
4441674655536545747571006517435044532050041321115026705632447271042741715625045411654263144205703766
2671060102627163631314307226242555363473272520344027113545771404431050645050666075035657633520210364
7312237675365011722740532214031366047451151504243761010441723001536057440743600765150452566325700056
3232644707343552447102055142405411760447567767565762176027743420016220534332251011613431253712426651
7211613747301761227047763651362641203673766345343253121447020544372726366330223506717364765530051425
10
30 78 80 95
32 24 87 84
28 32 29 100
35 31 1 62
41 34 15 85
86 52 84 58
81 80 32 67
32 81 46 74
10 20 93 17
74 66 42 36
