1 100
328 332
345 349
1439 1500
1439 1500
1439 1500
1439 1500
1439 1500
1439 1500
1439 1500
1439 1500
4455 4500
4455 4500
4455 4500
4455 4500
4455 4500
4455 4500
4455 4500
4455 4500
4455 4500
4455 4500
4300 4500
4300 4500
4300 4500
4300 4500
4300 4500
4300 4500
4300 4500
4300 4500
4300 4500
4300 4500
1150 1200
1150 1200
1150 1200
1150 1200
1150 1200
1150 1200
1150 1200
1150 1200
1150 1200
1150 1200
1150 1200
1150 1200
1150 1200
1150 1200
1150 1200
1150 1200
1150 1200
1150 1200
1150 1200
1150 1200
1150 1200
1150 1200
1150 1200
1150 1200
1150 1200
1150 1200
1150 1200
1150 1200
1150 1200
1150 1200
1150 1200
1150 1200
1150 1200
1150 1200
1150 1200
1150 1200
1150 1200
1150 1200
1150 1200
1150 1200
1150 1200
1150 1200
1150 1200
1150 1200
1150 1200
1150 1200
1150 1200
1150 1200
1001 1050
1150 1200
1150 1200
1150 1200
1150 1200
1150 1200
1150 1200
1150 1200
1150 1200
1150 1200
1150 1200
1150 1200
3000 3100
3000 3100
3000 3100
3000 3100
3000 3100
3000 3100
3000 3100
3000 3100
3000 3100
3000 3100
