10
242
100
12
18
18
14
17
10
15
13
12
11
12
19
12
11
18
11
11
17
14
15
14
10
12
16
16
10
20
10
16
13
10
20
19
14
18
14
10
13
14
16
15
18
17
17
11
14
10
18
11
17
17
11
11
10
10
20
20
16
13
10
15
20
10
11
12
11
15
14
12
18
10
19
10
19
18
10
20
20
16
19
17
19
16
15
15
19
19
16
17
11
11
18
17
16
14
18
18
17
12
17
3192
100
39
23
42
48
32
44
30
49
27
48
50
33
44
28
28
28
21
26
35
50
43
35
27
48
21
27
33
21
49
40
41
34
50
38
43
43
43
25
36
48
26
24
50
35
39
50
41
31
44
29
27
20
35
29
33
35
32
25
38
40
40
36
29
48
24
30
23
26
24
40
24
24
43
41
25
39
40
29
34
45
49
48
37
26
43
26
20
43
31
23
36
23
40
31
40
41
48
29
30
49
14
100
38
99
56
59
45
61
98
49
35
65
64
93
57
74
94
46
40
63
98
65
60
63
88
32
44
65
97
86
69
93
67
64
62
49
57
71
75
100
69
79
35
40
50
52
54
31
43
92
54
34
77
81
89
88
83
37
93
48
85
53
39
38
82
89
35
90
30
96
62
40
97
46
43
42
34
55
63
67
94
79
87
66
88
76
44
32
64
34
41
91
89
78
58
38
46
44
80
71
86
30
1661
100
161
160
164
145
200
125
192
144
184
187
197
190
151
163
135
106
123
177
189
117
188
188
147
172
172
160
119
172
125
164
186
179
171
183
161
161
128
108
155
153
131
197
191
137
184
133
100
120
183
188
177
158
188
138
111
131
181
179
116
158
181
134
102
124
192
133
146
189
184
182
111
149
182
168
130
146
199
116
139
125
139
100
187
163
108
176
175
153
149
142
153
170
169
195
142
129
194
134
136
189
5899
100
1030
1013
1093
1065
1088
1092
1078
1030
1077
1028
1030
1035
1037
1015
1060
1021
1004
1070
1084
1005
1005
1090
1059
1099
1065
1035
1068
1007
1062
1027
1090
1077
1077
1048
1084
1089
1091
1092
1010
1016
1002
1067
1057
1053
1022
1000
1046
1035
1012
1006
1046
1002
1067
1030
1003
1058
1067
1016
1060
1037
1002
1048
1089
1009
1075
1047
1099
1071
1043
1031
1004
1050
1086
1038
1013
1034
1019
1047
1076
1057
1075
1028
1032
1024
1013
1084
1008
1022
1008
1077
1075
1017
1028
1052
1044
1037
1010
1100
1084
1040
5835
22
15
2048
1024
512
20
11
1
32
8
18
17
17
64
2
11
256
16
4
4096
10
128
17
7176
22
128
20
28
4096
46
2
64
47
16
22
4
256
1
2048
8
46
43
1024
512
43
38
32
991
17
60
256
1024
55
32
4096
64
512
2048
1
32
4
59
16
8
128
2
8082
18
177
2
142
512
4
32
64
137
1
1024
256
128
4096
8
123
16
2048
188
8752
18
4
2
128
256
512
1065
1000
4096
32
1015
16
2048
1
1014
1024
8
1066
64
