500
-28447 -36540
-28479 -36504
-28465 -36508
-28436 -36535
-28453 -36528
-28449 -36535
-28471 -36533
507853130 -966962337
-472434561 979855263
-28437 -36536
-28468 -36536
-28472 -36508
-28455 -36538
-28473 -36517
-28445 -36547
-28474 -36535
-28448 -36534
-28463 -36512
-28444 -36521
-28447 -36528
-28462 -36533
-28440 -36514
-28478 -36547
-28465 -36531
-28463 -36509
-28459 -36505
-28465 -36539
-28468 -36541
-28463 -36533
-28441 -36511
-28448 -36531
404996694 -950746354
-28442 -36531
-28446 -36524
-28454 -36525
-28440 -36545
-28475 -36527
-28442 -36523
-28448 -36512
-28460 -36525
-28475 -36541
-28477 -36546
-28439 -36517
-28469 -36508
24824227 401934249
-28443 -36512
-28450 -36511
-28444 -36527
-28461 -36507
-28455 -36523
-28475 -36514
-28446 -36532
-28447 -36504
-28438 -36535
-28462 -36524
-28458 -36511
-28457 -36515
-28476 -36505
-28478 -36518
-28466 -36524
-28456 -36505
-28459 -36515
-28459 -36506
-28458 -36545
-28444 -36526
-28454 -36512
-28475 -36522
-28472 -36521
-28472 -36510
-28463 -36541
-28448 -36538
-28476 -36537
-28449 -36538
-28445 -36527
-28464 -36525
-28477 -36542
-28458 -36535
-28458 -36531
-28479 -36520
-28460 -36528
-28453 -36519
-28454 -36526
-28438 -36529
-28465 -36524
-28474 -36533
-28458 -36527
-28450 -36532
-28469 -36540
-28451 -36509
-28451 -36544
-28447 -36547
-28476 -36506
-28446 -36527
-28473 -36524
-28468 -36528
-28459 -36517
-28470 -36539
-28436 -36514
-28474 -36511
404996693 -950746355
-28465 -36536
-28454 -36540
-28465 -36542
-28454 -36543
-28448 -36514
-28468 -36515
-28455 -36515
-28460 -36533
-28439 -36523
-28475 -36544
-28479 -36505
-28478 -36534
-28437 -36515
-28472 -36530
-28442 -36526
-28458 -36509
-28453 -36506
-28443 -36521
-28441 -36545
-28437 -36511
-28441 -36531
-28464 -36527
-28459 -36537
-28442 -36545
-28451 -36518
-28472 -36515
-28460 -36504
-28474 -36505
-28446 -36529
-28459 -36522
-28453 -36516
-28443 -36513
-28448 -36535
-28445 -36525
-28475 -36547
-28474 -36534
-28458 -36540
-28437 -36510
-28449 -36534
-28466 -36545
-28453 -36514
-28477 -36532
-28458 -36537
-28459 -36521
-28464 -36504
-28460 -36542
-28444 -36544
-28476 -36538
-28447 -36521
-28469 -36509
-28450 -36522
-28470 -36517
-28469 -36511
-28449 -36536
-28468 -36511
-28468 -36519
-28440 -36516
-28460 -36514
-28447 -36511
-28475 -36535
-28455 -36513
-28454 -36536
-28471 -36505
-28464 -36520
-28463 -36544
-28452 -36541
-28472 -36513
-28468 -36526
-28474 -36524
-28442 -36546
-28479 -36532
-28478 -36545
-28475 -36512
-28452 -36514
-877456647 -850666795
-28462 -36505
-28452 -36540
-28456 -36536
-28474 -36531
-28474 -36545
942586071 -149790044
-28441 -36532
-28458 -36516
-28479 -36513
-28447 -36546
-881651942 -494029509
-28441 -36540
-28446 -36531
-28457 -36538
-28477 -36516
-28452 -36516
-28452 -36523
-28436 -36537
-28438 -36540
-28441 -36512
-28437 -36507
-28437 -36516
-28464 -36512
-28438 -36536
-28471 -36510
-28460 -36515
-28448 -36524
-28464 -36513
-28459 -36527
-28474 -36521
-28458 -36504
-28478 -36539
-28478 -36513
-28467 -36522
-28451 -36529
-28457 -36539
-28462 -36532
-28459 -36513
-28469 -36531
-28457 -36528
-28467 -36525
-28451 -36528
-28456 -36504
-28462 -36525
-28450 -36507
-28465 -36504
-28465 -36520
-28463 -36514
-28438 -36524
-28468 -36542
-28443 -36528
-28470 -36533
-28475 -36532
-28453 -36539
-28459 -36538
-28474 -36523
-28444 -36539
-28436 -36539
-28436 -36531
-28458 -36514
-28475 -36543
-28453 -36520
-28467 -36528
-28450 -36533
-28468 -36544
-28465 -36545
-28448 -36525
-28439 -36514
-28456 -36516
-28460 -36520
-28456 -36515
-28465 -36505
-28476 -36530
-28479 -36510
-28438 -36518
24824227 401934248
-28445 -36528
-28460 -36529
-28447 -36505
-28436 -36525
-28463 -36527
-28473 -36547
-28468 -36535
-28470 -36540
-28465 -36543
-28468 -36518
-28455 -36521
-28461 -36544
-28441 -36520
-28477 -36540
-28437 -36523
-28477 -36534
-28459 -36519
-28437 -36520
-28474 -36540
-28463 -36513
-28474 -36547
-28479 -36516
-28445 -36515
-28450 -36540
-28467 -36541
-28472 -36536
-28456 -36512
-28451 -36506
-28443 -36506
507853129 -966962338
-28451 -36541
-28473 -36506
-28459 -36534
213221115 -749948461
-28465 -36509
875256077 -41100426
-28438 -36542
-28471 -36532
-28459 -36504
-28441 -36518
-28449 -36539
-28462 -36540
-28459 -36530
-28478 -36532
-28449 -36506
-28436 -36518
-28466 -36531
-28449 -36507
942586070 -149790045
-877456646 -850666795
-28453 -36544
-28469 -36524
-28468 -36512
-28476 -36516
-28473 -36530
-28445 -36509
-28467 -36509
-28438 -36521
-28439 -36527
-28457 -36504
-28456 -36508
-28461 -36513
-28477 -36545
-28478 -36546
-28448 -36517
-28444 -36515
-28456 -36532
-28444 -36517
-28443 -36510
-28453 -36540
-28473 -36527
-28451 -36540
-28453 -36513
-28477 -36519
-28439 -36536
-28461 -36529
-28437 -36541
-28475 -36545
-28479 -36506
-28472 -36504
-28460 -36534
-28463 -36523
404996693 -950746354
-28473 -36537
-28470 -36523
-28440 -36539
-28445 -36507
59552237 -39936858
-28451 -36523
-28470 -36535
-28451 -36522
-28436 -36515
-28458 -36528
-28455 -36507
-28473 -36509
-28453 -36527
-28464 -36546
-28476 -36504
-28436 -36538
-28440 -36505
-28465 -36544
-28455 -36526
-28445 -36536
-28444 -36547
-28470 -36543
-28477 -36535
-28472 -36523
-28475 -36519
-28437 -36521
-28456 -36522
-28479 -36528
-28466 -36507
-28475 -36533
-28443 -36537
-28461 -36526
-28441 -36506
-28463 -36505
-28456 -36521
-28464 -36530
-28474 -36512
-28457 -36524
-28466 -36546
-28472 -36534
-28454 -36504
-28443 -36518
-28442 -36522
-28467 -36524
-28467 -36521
-28441 -36508
-831688218 -419826218
-28451 -36520
-28440 -36512
-28476 -36539
-28460 -36505
-28444 -36504
-28453 -36531
-28475 -36520
-28438 -36506
-28449 -36546
-28472 -36535
-28476 -36525
-28446 -36523
-28479 -36538
-28442 -36529
-28460 -36509
-28436 -36510
-28467 -36505
-28460 -36532
-28459 -36546
-28471 -36509
-28471 -36526
-28445 -36522
-28440 -36508
-28437 -36529
875256077 -41100427
736587683 -621058196
-28455 -36516
-28441 -36519
-28458 -36523
-28436 -36522
-28448 -36533
-28453 -36509
-28464 -36533
-28470 -36508
-28439 -36511
-28454 -36531
-28456 -36546
-28461 -36545
-28469 -36506
-28460 -36545
-28452 -36528
-28466 -36534
-28442 -36530
-28476 -36542
-28476 -36534
-28477 -36529
-28454 -36546
-28472 -36533
-28471 -36521
-28468 -36521
-28479 -36527
-28479 -36534
-28441 -36521
-28451 -36526
-28464 -36514
-28465 -36527
-28447 -36517
-28468 -36525
-28479 -36521
-28440 -36507
-28442 -36507
-28453 -36512
-28456 -36537
-28447 -36508
-28475 -36507
-28478 -36506
-28465 -36512
-28463 -36507
-28447 -36522
-28478 -36540
-28474 -36522
-28459 -36510
-28471 -36508
-28458 -36532
-28436 -36521
-28457 -36540
-28441 -36510
-28471 -36542
-28442 -36518
-28451 -36513
-28470 -36516
-28470 -36530
-28477 -36508
-28461 -36520
-28471 -36540
-28456 -36513
-28442 -36528
-28462 -36526
-28459 -36528
-28440 -36518
-28439 -36518
-28458 -36521
-28457 -36523
-28437 -36508
-28448 -36504
-28470 -36520
-28470 -36532
-28461 -36505
-28458 -36529
-28447 -36509
-28444 -36510
-28460 -36526
-28446 -36526
-28478 -36512
-28438 -36527
-28471 -36506
-28451 -36512
-28459 -36535
-28473 -36525
-28471 -36536
-28439 -36533
-28456 -36531
-28460 -36511
-28474 -36546
-28479 -36526
-28458 -36543
-28444 -36522
-28464 -36509
-28463 -36528
-28459 -36523
-28459 -36543
-28447 -36529
-28472 -36519
-28447 -36520
-28457 -36547
-28464 -36529
-28459 -36542
-28461 -36541
-28468 -36520
-28449 -36532
-28462 -36545
-28463 -36542
-28437 -36525
-28444 -36543
-28466 -36528
-28449 -36528
-28457 -36529
-28460 -36522
-28479 -36517
-28457 -36530
-28454 -36547
-28479 -36509
-28464 -36524
213221114 -749948460
-28446 -36540
-28452 -36513
-28448 -36526
-28475 -36528
-28444 -36520
-28476 -36520
-28444 -36507
-28477 -36527
-28478 -36508
-28438 -36525
-28479 -36515
-28450 -36525
-28442 -36510
-28469 -36507
-28453 -36511
-28444 -36540
-28450 -36534
-881651942 -494029510
-28455 -36517
-28478 -36533
-28441 -36529
-28476 -36507
-28462 -36523
-28470 -36545
-28453 -36537
-28449 -36519
-28465 -36533
-28468 -36524
-28475 -36529
-28443 -36509
-28454 -36544
-28475 -36526
-28450 -36529
-28440 -36533
-28463 -36537
-28466 -36523
-28446 -36505
-28445 -36521
-28457 -36543
-28474 -36543
-28450 -36527
-28450 -36518
-28450 -36535
-28445 -36544
-28470 -36521
-28462 -36535
-28457 -36512
-28460 -36535
-28442 -36533
-28462 -36537
-28452 -36518
-28463 -36539
-28472 -36543
-28443 -36539
-28444 -36542
-28469 -36541
-28452 -36506
-28450 -36547
-28479 -36546
-28457 -36514
-28470 -36504
-28443 -36524
-28466 -36533
-28471 -36507
-28456 -36547
-28455 -36530
-28459 -36518
-28456 -36507
-28460 -36547
-28473 -36546
-28474 -36536
-28456 -36529
-28463 -36516
-28465 -36530
-28438 -36522
-28475 -36508
-28442 -36513
-28472 -36539
-28473 -36507
-28443 -36535
-28446 -36521
-28469 -36534
-881651941 -494029510
-28471 -36523
-28445 -36531
-28437 -36518
-28464 -36518
-28442 -36515
-28452 -36507
-28449 -36522
-28451 -36536
-28451 -36538
-28465 -36511
-28472 -36538
-28472 -36511
-28478 -36523
-28477 -36507
-28468 -36538
-28479 -36507
-28436 -36545
-28477 -36518
-28469 -36547
-28466 -36547
-28439 -36547
-28448 -36505
-28439 -36537
-28456 -36540
-28460 -36510
-28445 -36534
-28456 -36517
-28466 -36505
-28467 -36523
-28469 -36546
-28460 -36538
-28454 -36530
-28467 -36512
-28436 -36523
-28466 -36519
-28437 -36528
-28457 -36527
-28478 -36525
-28463 -36526
-28456 -36514
-28473 -36541
-28440 -36504
-28466 -36544
-28470 -36534
-28470 -36542
-472434561 979855264
-28475 -36530
-28477 -36509
-28462 -36513
-28461 -36521
-28467 -36540
-28459 -36539
-28442 -36541
-28463 -36506
-28437 -36509
-28463 -36517
-28470 -36511
-28471 -36519
-28440 -36513
-28455 -36522
-28453 -36543
-28447 -36516
-28445 -36518
-28458 -36519
-28453 -36542
-28446 -36530
-28447 -36542
585886472 574408794
-28453 -36545
-28458 -36525
-28479 -36524
-28451 -36514
-28450 -36544
-28476 -36514
-28454 -36508
-28457 -36531
-28463 -36531
-28458 -36507
-28478 -36538
-28438 -36517
-28467 -36533
-28455 -36529
-28458 -36513
-28449 -36531
-28464 -36537
-28472 -36514
-28463 -36545
-28477 -36547
-28453 -36518
-28439 -36520
-28456 -36545
-28463 -36515
-28443 -36516
-28459 -36507
-28476 -36533
-28477 -36505
-28477 -36533
-831688217 -419826219
-28469 -36532
-28441 -36544
-28438 -36504
-28458 -36546
-28470 -36513
-28451 -36505
-28436 -36524
-28444 -36536
-28462 -36534
-28476 -36545
-28438 -36526
-28438 -36507
-28468 -36545
-28445 -36516
-28443 -36531
-28452 -36535
-28441 -36538
-28466 -36540
-28441 -36528
-28440 -36509
-28451 -36521
-28472 -36529
-28464 -36535
-28449 -36545
-28463 -36511
-28451 -36519
-28458 -36547
-28446 -36504
-28460 -36523
-28477 -36525
-28440 -36542
-28478 -36543
-28449 -36543
-28466 -36529
-28446 -36537
-28455 -36511
-28444 -36546
-28471 -36543
-28461 -36542
-28441 -36507
-28453 -36529
-28469 -36517
-28444 -36506
-28456 -36524
-28437 -36546
-28466 -36516
-28440 -36544
-28467 -36532
-28443 -36520
-28476 -36532
-28452 -36519
-28440 -36529
-831688218 -419826219
-28447 -36534
-28457 -36511
-28448 -36545
-28447 -36507
-28446 -36545
-28443 -36544
-28438 -36528
-28437 -36522
-28476 -36509
-28449 -36524
-28451 -36537
-28443 -36526
-28468 -36532
-28452 -36543
-28453 -36524
-28444 -36529
-28446 -36511
-28450 -36505
-28463 -36535
-28445 -36545
-28448 -36521
-28454 -36529
-28467 -36518
-28445 -36505
-28456 -36527
-28465 -36514
-28436 -36511
-28469 -36518
-28463 -36547
-28470 -36526
-28471 -36511
-28477 -36536
-28475 -36538
-28477 -36506
-28448 -36519
-28455 -36514
-28448 -36506
-28460 -36519
-28462 -36508
-28442 -36512
24824226 401934248
-28439 -36509
-28449 -36540
-28459 -36531
-28479 -36522
-28473 -36528
-28466 -36537
585886472 574408793
-28454 -36511
-28461 -36516
-28440 -36510
-28474 -36530
-28446 -36525
-28443 -36536
-28466 -36541
-28439 -36532
-28452 -36515
-28444 -36511
-28436 -36516
-881651941 -494029509
-28438 -36509
-28439 -36515
-28477 -36524
-28446 -36542
-28473 -36526
-28457 -36534
-28448 -36541
-28478 -36520
-28442 -36504
-28447 -36515
-28440 -36543
-28453 -36515
-28471 -36534
-28476 -36529
-28443 -36517
-28443 -36514
-28453 -36546
-28462 -36509
-28445 -36546
-28444 -36530
-28437 -36514
-28461 -36523
-28450 -36519
-28475 -36513
-28471 -36514
-28471 -36524
-28443 -36523
-28438 -36541
-28475 -36506
-28467 -36534
-28444 -36531
-28444 -36505
-28447 -36532
-28460 -36518
-28449 -36513
-28469 -36514
-28476 -36522
-28467 -36545
-28452 -36538
-28448 -36523
-28454 -36519
-28469 -36525
-28458 -36524
-28439 -36542
-28477 -36526
-28448 -36516
-28450 -36541
-28460 -36507
-28468 -36530
-28454 -36509
-28454 -36520
-28446 -36510
875256078 -41100426
-28472 -36518
-28445 -36513
-28458 -36533
-28440 -36522
-28439 -36519
-28471 -36535
-28440 -36528
-28444 -36513
-28454 -36538
-28464 -36540
-28457 -36536
-877456647 -850666796
-28450 -36526
-28467 -36539
-28460 -36521
-28478 -36529
-28468 -36533
-28466 -36538
-28471 -36512
-28473 -36536
-28459 -36532
-28451 -36510
-28454 -36533
-28453 -36536
-28473 -36522
-28456 -36519
-28446 -36522
-28451 -36524
-28447 -36536
-28455 -36536
-28467 -36547
-28468 -36504
-28439 -36543
-28436 -36533
-28463 -36530
-28475 -36504
-28438 -36519
59552238 -39936859
-28470 -36505
-28441 -36533
-28470 -36522
-28452 -36511
-28438 -36533
-28443 -36527
-28463 -36519
-28451 -36543
-28473 -36510
-28467 -36542
-28438 -36530
-28441 -36535
-28474 -36526
-28447 -36530
-28460 -36512
-28478 -36524
-28469 -36536
-28473 -36523
-28458 -36515
-28478 -36521
-28446 -36538
-28478 -36505
-28447 -36527
-28469 -36510
-28455 -36547
-28454 -36545
-28475 -36540
-28453 -36532
-28474 -36544
-28449 -36520
-28465 -36541
-28473 -36529
-28478 -36522
736587682 -621058197
-28440 -36534
-28469 -36504
-28436 -36534
-28458 -36522
-28477 -36521
-28441 -36513
-28439 -36512
-28453 -36541
-28436 -36546
-28443 -36525
-28452 -36527
-28448 -36532
-28448 -36530
-28443 -36504
-28471 -36544
-28478 -36542
-28441 -36541
-28445 -36540
-28473 -36532
-28471 -36516
-28449 -36525
-28461 -36530
-28457 -36532
-28464 -36522
-28455 -36540
-28473 -36545
-28452 -36534
-28440 -36546
-28460 -36546
-28441 -36537
-28447 -36512
-28464 -36510
-28474 -36539
-28451 -36531
-28443 -36538
-28455 -36532
-28464 -36528
-821250044 810174713
-28446 -36536
-28464 -36507
-28474 -36541
-28469 -36545
-28453 -36526
-28444 -36519
-28440 -36530
-28466 -36530
-28461 -36515
-28463 -36510
-28470 -36529
-28466 -36518
-28457 -36541
-28443 -36511
-28467 -36508
-28460 -36508
-28437 -36531
-28468 -36508
-472434560 979855264
-28437 -36505
-28472 -36507
-28475 -36524
-28462 -36522
958283763 -459152374
-28445 -36504
-28463 -36508
-28472 -36532
-28467 -36526
-28455 -36510
-28460 -36513
-28448 -36513
-28476 -36513
-28450 -36539
-28453 -36507
-28441 -36514
-28476 -36524
-28445 -36523
-28446 -36544
-28473 -36542
-28465 -36546
-28466 -36513
-28447 -36537
-28442 -36540
-28448 -36547
-28473 -36514
-28458 -36544
-28436 -36530
-28445 -36524
-28439 -36540
-28479 -36525
-28467 -36504
-28470 -36519
-28454 -36514
-28442 -36521
-28461 -36539
-28436 -36540
-28459 -36524
-28449 -36530
-28448 -36529
-28445 -36533
-28454 -36523
-794425658 934261618
-28474 -36527
-28444 -36541
-28474 -36508
-28451 -36533
-28466 -36536
-28470 -36510
-28450 -36515
-28441 -36534
-28439 -36528
-28446 -36520
-28475 -36537
-28466 -36510
-28466 -36542
-28463 -36520
-28437 -36539
-28453 -36547
24824226 401934249
-28471 -36504
-28475 -36505
-28469 -36528
-28478 -36544
-28443 -36547
-28461 -36519
-28462 -36515
-28470 -36536
-28470 -36518
-28457 -36520
-28468 -36514
-28448 -36509
-28472 -36531
-28456 -36523
213221114 -749948461
-28468 -36509
-28439 -36525
-28448 -36527
-28479 -36512
-28450 -36542
-28466 -36506
-28436 -36526
-28439 -36507
-28459 -36536
-28465 -36507
-28479 -36519
-28475 -36531
-28457 -36521
-28454 -36542
-28450 -36510
-28471 -36515
-28469 -36527
-28463 -36540
-28441 -36546
-28451 -36517
-28440 -36547
-28467 -36535
-28439 -36521
-28464 -36519
-28459 -36533
958283764 -459152375
-28452 -36524
-28465 -36518
-28437 -36532
-28474 -36507
-28468 -36540
-28440 -36541
-28453 -36510
-28469 -36516
-28452 -36505
-28441 -36504
-794425659 934261618
-28465 -36513
-28475 -36516
-28470 -36531
-28454 -36505
-28462 -36516
-28439 -36535
-28473 -36519
-28469 -36513
-28475 -36517
-28437 -36506
-28456 -36538
-28438 -36532
-28472 -36540
-28456 -36534
-28463 -36518
-28466 -36509
-28439 -36513
-28455 -36519
-28475 -36521
-28458 -36517
-28467 -36538
-28441 -36547
-28440 -36521
-28451 -36508
-28456 -36525
-28443 -36541
-28466 -36514
-28462 -36511
-28444 -36545
-28455 -36541
-28464 -36505
-28439 -36539
-28463 -36525
-28438 -36513
-28452 -36510
-28438 -36534
-28463 -36543
-28461 -36514
-28449 -36512
-28464 -36536
-28448 -36522
-28450 -36520
-28461 -36506
-28448 -36507
59552237 -39936859
-28446 -36535
-28470 -36506
-28469 -36544
-28478 -36514
-28454 -36510
-28470 -36525
-28477 -36511
-28465 -36532
-28472 -36525
-28454 -36539
-28455 -36534
-28461 -36538
-28472 -36545
-28464 -36543
-28442 -36536
-28478 -36541
-28457 -36542
-28442 -36539
-28454 -36541
-28459 -36520
-28440 -36524
-28457 -36517
-28455 -36518
-28454 -36521
-28439 -36504
-28466 -36526
-28442 -36538
-28468 -36547
-28479 -36537
-28472 -36526
-28442 -36516
-28445 -36529
-28451 -36535
-28442 -36535
-28453 -36533
-28464 -36517
-28471 -36531
-28447 -36518
-28469 -36526
-28443 -36519
-28450 -36524
-28454 -36524
-28464 -36506
-28438 -36546
-28462 -36538
-28462 -36527
-28458 -36518
-28468 -36517
-28474 -36513
-28436 -36529
-28473 -36533
-28457 -36525
-28468 -36523
-28445 -36520
-28438 -36544
-28457 -36516
-28457 -36546
-28447 -36523
-28446 -36514
-28479 -36542
-28441 -36530
-28465 -36535
-28448 -36539
-28478 -36510
-28462 -36531
-28472 -36544
-28451 -36546
-28449 -36526
-28438 -36520
-28449 -36547
-28468 -36522
-28462 -36519
-794425659 934261617
-28465 -36534
-28437 -36526
-28478 -36528
-28476 -36541
-28476 -36543
-28439 -36529
-28455 -36531
-28454 -36517
-28474 -36518
-28461 -36509
-821250044 810174712
-28436 -36512
-28444 -36533
-28460 -36544
-28469 -36542
-28437 -36538
-28441 -36542
-28457 -36519
-28449 -36514
-28478 -36515
585886473 574408793
-28472 -36524
-28445 -36512
-28476 -36515
-28455 -36508
-28471 -36547
-28440 -36520
-28436 -36517
-28442 -36532
-28478 -36519
-28438 -36511
-28478 -36530
-28466 -36543
-28449 -36541
-28464 -36534
-28440 -36526
-28478 -36535
-28479 -36514
-28443 -36522
-28478 -36517
-28455 -36545
-28464 -36545
-28440 -36538
-28469 -36521
-28477 -36514
-28475 -36510
-28463 -36521
-28467 -36530
-28472 -36505
-28437 -36542
-28471 -36539
-28452 -36508
-28466 -36511
-28464 -36532
-28459 -36545
-28452 -36531
-28445 -36530
-28465 -36529
-28462 -36512
-28458 -36530
-794425658 934261617
-28453 -36521
-28471 -36538
-28477 -36531
404996694 -950746355
-28459 -36512
-28462 -36507
-28455 -36505
-28460 -36506
-28470 -36528
-28465 -36515
-28473 -36508
-28465 -36519
-28477 -36512
-28440 -36506
-28441 -36517
-28452 -36533
-28474 -36538
-28452 -36512
-28455 -36524
-28443 -36540
-28452 -36539
-28450 -36530
-28455 -36537
-28443 -36508
-28441 -36527
-28469 -36519
-28468 -36505
-28473 -36516
-28469 -36505
-28464 -36523
875256078 -41100427
-28452 -36525
-28448 -36518
-28463 -36522
507853129 -966962337
-28455 -36504
-28446 -36508
-28448 -36540
-28441 -36526
-28451 -36511
-28467 -36531
-28469 -36533
-28471 -36541
-28443 -36545
-28458 -36510
-28460 -36530
-28462 -36529
-28460 -36524
-28477 -36528
-28442 -36547
-28462 -36521
-28454 -36534
-28461 -36540
-28437 -36540
-28466 -36535
-28453 -36508
-28466 -36515
-28460 -36540
-28451 -36527
-28451 -36547
-28467 -36516
-28454 -36515
-28474 -36542
-28467 -36544
-28476 -36510
-28446 -36534
-28444 -36537
-28468 -36510
-28474 -36510
-28452 -36542
-28455 -36544
-28448 -36520
-28452 -36546
-28453 -36535
-28446 -36528
-28457 -36518
-28457 -36509
-28472 -36520
-28479 -36508
-28438 -36543
-28440 -36523
-28461 -36547
-28450 -36509
-28451 -36545
-28437 -36527
-28467 -36514
-28464 -36516
-28446 -36533
-28465 -36523
-28473 -36538
-28473 -36543
-28451 -36532
-28468 -36546
-28477 -36538
-28461 -36536
-28437 -36543
-28442 -36524
-28471 -36545
-28457 -36535
-28464 -36531
-28479 -36536
-28437 -36513
-28439 -36510
-28445 -36541
-28456 -36543
-28477 -36513
-28447 -36526
-28476 -36517
-28461 -36504
-28464 -36538
-28463 -36538
-28470 -36514
-28446 -36546
-28461 -36543
-28464 -36541
-28478 -36527
-28450 -36516
-28468 -36529
-28445 -36517
-28474 -36506
-28455 -36535
-28438 -36508
-28468 -36507
-28437 -36512
-28444 -36509
-28474 -36537
-28441 -36516
-28477 -36510
-28456 -36510
-28465 -36528
-28469 -36543
-28476 -36535
-28449 -36517
-28458 -36538
-28472 -36516
-28473 -36539
-28446 -36513
-28474 -36519
-28475 -36518
-28470 -36547
-28459 -36514
-28475 -36525
-28449 -36533
-28448 -36546
-28452 -36517
-28478 -36531
-28478 -36509
-28446 -36515
-28467 -36537
-28448 -36544
-28462 -36517
-28454 -36507
-28464 -36547
-28451 -36539
-28458 -36542
-28447 -36519
-28465 -36525
-28449 -36510
-28446 -36541
-28458 -36520
-28464 -36511
-28479 -36518
-28444 -36508
-28437 -36524
-28462 -36541
-28471 -36529
-28452 -36504
-28439 -36506
-28477 -36537
-28453 -36525
-28479 -36531
-28450 -36504
-28444 -36512
-28461 -36534
-28442 -36543
-28437 -36544
-28470 -36507
-28444 -36528
-28478 -36536
-28476 -36523
-28467 -36543
-28450 -36512
-28445 -36537
-28461 -36512
958283764 -459152374
-28478 -36504
-28479 -36533
-28458 -36526
-821250045 810174713
-28439 -36516
-28454 -36537
-28445 -36506
-28448 -36511
-28439 -36508
-28476 -36511
-28444 -36534
-28453 -36517
-28474 -36520
-28443 -36533
-28440 -36511
-28448 -36536
-28470 -36509
-28440 -36515
-28439 -36505
-28436 -36547
-28477 -36504
-28463 -36532
-28465 -36506
-821250045 810174712
-28475 -36511
-28461 -36535
-28455 -36546
-28447 -36533
-28457 -36545
-28450 -36546
-28456 -36539
-28439 -36524
-28472 -36527
-28478 -36537
-28466 -36512
-28444 -36518
-28471 -36546
-28462 -36506
-28452 -36532
-28442 -36537
-28450 -36531
-28473 -36513
-28450 -36523
-28478 -36511
-28471 -36528
-28466 -36520
-28447 -36541
-28456 -36542
-28444 -36514
-28462 -36536
-28464 -36544
-28447 -36506
-28436 -36528
-28478 -36516
-28475 -36539
-28464 -36542
-28461 -36528
-28461 -36532
-28461 -36531
-28442 -36534
213221115 -749948460
-28472 -36506
-28459 -36509
-28467 -36536
-28458 -36506
-28475 -36546
-28440 -36540
736587682 -621058196
-28462 -36504
-28442 -36525
-28450 -36517
-28462 -36514
-28439 -36544
-28453 -36538
958283763 -459152375
-28449 -36537
-28472 -36542
-28477 -36515
-28465 -36510
-28446 -36517
-28467 -36510
-28438 -36516
-28449 -36511
-28441 -36539
-28452 -36526
-28474 -36504
-28440 -36531
942586070 -149790044
-28437 -36517
-28477 -36543
-28466 -36521
-28479 -36543
-28454 -36506
-28437 -36545
-28458 -36541
585886473 574408794
-28459 -36516
-28472 -36512
-28447 -36543
-28473 -36544
-28447 -36544
-28443 -36534
-28461 -36511
-28479 -36529
-28470 -36541
-28449 -36544
-28459 -36508
-28450 -36545
-28475 -36542
-28449 -36505
-28473 -36518
-28444 -36532
-28449 -36516
-28468 -36534
-28444 -36535
-472434560 979855263
-28451 -36530
-28447 -36525
-28459 -36526
-28457 -36506
-28456 -36511
-28449 -36529
-28436 -36507
-28464 -36539
-28479 -36523
-28449 -36527
-28467 -36511
-28447 -36545
-28439 -36526
-28466 -36525
-28442 -36509
-28439 -36522
-28443 -36515
-28452 -36545
-28454 -36528
-28476 -36508
-28454 -36532
-28455 -36543
-28470 -36538
-28446 -36519
-28455 -36542
-28467 -36519
-28473 -36531
-28471 -36513
-28476 -36544
-28469 -36537
-28448 -36528
-28452 -36537
-28453 -36523
-28452 -36530
-28436 -36532
-28446 -36518
-28475 -36534
-28477 -36530
-28469 -36515
-28473 -36511
-28450 -36536
-28471 -36537
-28461 -36508
-28467 -36513
-28457 -36522
59552238 -39936858
-28442 -36505
-28479 -36547
-28466 -36527
-28473 -36504
-28470 -36544
-28466 -36508
-28458 -36539
-28471 -36527
-28479 -36530
-28449 -36518
-28451 -36507
-28471 -36518
-28450 -36506
-28465 -36547
-28447 -36538
-28451 -36542
-28463 -36524
-28449 -36542
-28438 -36505
-28457 -36537
-28479 -36540
-28469 -36529
-28455 -36520
-28459 -36544
-28479 -36544
-28446 -36506
-28439 -36530
-28441 -36522
-28443 -36529
-28437 -36533
-28461 -36546
-28445 -36542
-28465 -36537
-28453 -36530
-28462 -36542
-28453 -36534
-28463 -36504
-28447 -36535
-28445 -36543
-28449 -36509
-28447 -36513
-28461 -36517
-28445 -36526
-28460 -36527
-28439 -36538
-28475 -36515
-28436 -36506
-28472 -36522
-28438 -36538
-28441 -36509
-28457 -36544
-28450 -36528
-28443 -36530
-28437 -36547
-28443 -36532
-28444 -36538
-28444 -36525
-28457 -36507
-28460 -36543
-28460 -36537
-28448 -36537
-28440 -36525
-28472 -36509
-28468 -36527
-28446 -36516
942586071 -149790045
-28479 -36511
-28462 -36510
-28436 -36509
-28474 -36515
-28465 -36516
-28473 -36540
-28468 -36513
-28437 -36519
-28467 -36520
-28440 -36519
-28440 -36535
-28438 -36545
-28469 -36522
-28469 -36512
-28458 -36508
-28478 -36526
-28476 -36519
-28477 -36544
-28456 -36530
-28456 -36535
-28472 -36541
-28467 -36517
-28468 -36539
-28460 -36541
-28444 -36524
-28441 -36536
-28438 -36547
-28441 -36505
-28461 -36533
-28475 -36523
-28447 -36531
-28437 -36534
-28458 -36505
-28444 -36516
-28455 -36533
-28451 -36534
-28465 -36522
-28438 -36531
-28445 -36519
-28456 -36509
-28458 -36534
-28462 -36539
-28460 -36516
-28442 -36542
-28470 -36512
-28473 -36534
-28477 -36520
-28479 -36535
-28475 -36536
-28450 -36543
-28465 -36517
-28469 -36535
-28471 -36530
-28474 -36525
-28476 -36531
-28456 -36526
-28475 -36509
-28445 -36508
-28456 -36528
-28455 -36527
-28465 -36521
-28449 -36521
-28451 -36516
-28466 -36539
-28439 -36546
-28456 -36533
-28456 -36544
-28454 -36518
-28455 -36509
-28467 -36515
-28454 -36513
-28462 -36518
-28446 -36512
-28447 -36514
-28479 -36541
-28436 -36527
-28473 -36505
-28476 -36521
-28437 -36537
-28442 -36544
-28460 -36539
-28452 -36529
-28442 -36514
-28450 -36508
-28455 -36539
-28476 -36536
-28457 -36513
-28470 -36537
-28469 -36539
-28447 -36539
-28457 -36526
-28457 -36508
-28454 -36527
-28455 -36528
-28456 -36541
-28469 -36520
-28462 -36543
-28450 -36514
-28466 -36504
-28448 -36515
-28479 -36539
-28456 -36520
-28472 -36547
-28459 -36511
-28446 -36509
-28440 -36537
-28449 -36515
-28442 -36527
-28446 -36543
-28476 -36526
-28461 -36522
-28447 -36510
-28463 -36546
-28466 -36532
-28438 -36515
-28476 -36540
-28438 -36523
-28474 -36532
-28477 -36523
-28452 -36522
-28447 -36524
-28445 -36532
-28454 -36535
-28455 -36512
-28442 -36519
-28469 -36523
-28446 -36539
-28477 -36541
-28462 -36546
-28445 -36514
-28455 -36506
-28453 -36505
-28476 -36546
-28454 -36516
507853130 -966962338
-28465 -36526
-28453 -36504
-28450 -36538
-28440 -36532
-28468 -36537
-28464 -36526
-28443 -36505
-28452 -36544
-28443 -36542
-28474 -36529
-28450 -36521
-28457 -36505
-28454 -36522
-28471 -36522
-28472 -36546
-28449 -36504
-28460 -36531
-28461 -36524
-28459 -36541
-28462 -36528
-28471 -36517
-28463 -36534
-28445 -36535
-28458 -36536
-28467 -36527
-28472 -36517
-28461 -36518
-28469 -36538
-28460 -36517
-28471 -36520
-28477 -36539
-28474 -36509
-28452 -36536
-28442 -36517
-28459 -36540
-28436 -36505
-28476 -36547
-28441 -36525
-28462 -36530
-28457 -36510
-28476 -36528
-28446 -36507
-28462 -36544
-28439 -36545
-28442 -36508
-28438 -36539
-28473 -36520
-28451 -36515
-28467 -36546
-28452 -36520
-28472 -36537
-28476 -36512
-28441 -36524
-28470 -36527
-28456 -36518
-28439 -36541
-28441 -36515
-28467 -36529
-28436 -36513
-28436 -36542
-28442 -36506
-28474 -36528
-28441 -36523
736587683 -621058197
-28440 -36517
-28468 -36516
-28476 -36518
-28443 -36543
-28443 -36507
-28474 -36514
-28459 -36525
-28445 -36510
-28470 -36524
-28439 -36534
-28464 -36508
-28448 -36510
-28452 -36509
-28448 -36543
-28458 -36512
-28448 -36508
-28462 -36547
-28477 -36517
-28445 -36539
-28437 -36504
-28452 -36521
-28464 -36515
-28451 -36525
-28445 -36538
-28438 -36537
-28451 -36504
-28450 -36513
-28442 -36520
-28452 -36547
-28468 -36531
-877456646 -850666796
-28445 -36511
-28460 -36536
-28461 -36527
-28446 -36547
-28453 -36522
-28473 -36512
-28448 -36542
-28479 -36545
-28473 -36515
-28444 -36523
-28436 -36504
-28467 -36506
-28437 -36535
-28467 -36507
-28450 -36537
-28468 -36543
-28436 -36519
-28443 -36546
-28476 -36527
-28442 -36511
-28465 -36540
-28440 -36536
-28473 -36535
-28441 -36543
-28469 -36530
-28437 -36530
-28470 -36515
-28436 -36520
-28457 -36533
-28464 -36521
-28436 -36536
-28449 -36508
-28461 -36537
-28474 -36516
-831688217 -419826218
-28477 -36522
-28463 -36529
-28473 -36521
-28463 -36536
-28468 -36506
-28470 -36546
-28436 -36508
-28438 -36510
-28436 -36541
-28456 -36506
-28438 -36514
-28465 -36538
-28440 -36527
-28436 -36543
-28449 -36523
-28436 -36544
-28462 -36520
-28455 -36525
-28459 -36529
-28474 -36517
-28471 -36525
-28461 -36525
-28466 -36517
-28439 -36531
-28472 -36528
-28438 -36512
-28466 -36522
-28459 -36547
-28461 -36510
-28478 -36507
