1000
-577328471 -640751897
-561292310 48802485
-481947579 8334809
29591 -3283
3880607 589831016
864116685 -429784481
667118809 46697260
-283600965 725256162
33296692 58426589
-219526026 -404034858
986386021 -590921315
696145116 413051141
-144226773 282642230
29570 -3270
565836438 748419935
51129034 125211022
620836085 -437981601
-377458202 -480329199
232234612 982332670
-171284828 784461816
29571 -3291
399509308 -835429229
-37851928 -729215806
29567 -3263
584340267 357128316
-90868146 -567078228
924502992 870579076
-926860021 -97019031
-512222252 135546844
29590 -3292
-219526027 -404034859
-467986989 568270223
267630292 702859959
940857528 863375620
405257090 -869221269
-602641419 879012344
29577 -3283
-636993267 -946862789
-546300396 762297577
-115590366 538397750
-616147649 -634412332
959754412 635725251
809438706 -279593426
-441492490 -815300468
-49168669 196379596
367671025 929443334
163397503 -616756207
29598 -3264
113701998 -477986866
53825280 343844151
-269263889 -977142810
639973418 -919372920
-549439672 -459906627
29573 -3295
-31822797 -329342498
499379891 504714139
402010631 402117139
29606 -3256
29623 -3303
3880607 589831017
-969617179 690448208
29622 -3248
-622567439 989859942
29581 -3283
-377458203 -480329199
243666562 -154428718
732460636 882640032
-660119988 -943122530
29601 -3251
806815836 735003878
-853506497 100045458
-108093369 -161092036
-174424547 -445187890
-688574001 -280882547
-76153963 -226407144
29622 -3270
-90868146 -567078227
-80685092 928302237
962598549 -955004877
66483517 489969164
697954813 763840755
103903071 187704671
513483512 -826412531
-935602366 8352981
29619 -3251
802313049 218590415
833680373 -871789087
-76153962 -226407144
832974901 156244892
-277592080 784871756
672575226 -589115849
-90725148 -311177681
29598 -3292
-996934589 104295189
29599 -3275
29599 -3279
335564148 327573799
-877019041 61726306
-219335060 658047056
617261181 -391834205
-914956570 248319562
904109422 -434235233
-688574001 -280882546
29593 -3303
-263826531 214219922
103903071 187704670
-576715975 668786117
29611 -3307
29562 -3262
-136034380 533254779
804282795 -916098142
884568450 -294370454
-603015693 439517703
-163333312 -865878533
29589 -3275
986386020 -590921315
604521065 233400883
-495420292 -941769648
57638214 3333285
29622 -3250
-290244471 737017272
-369328267 868018585
29609 -3307
-583173512 -488855891
834665086 645913582
-304650292 -863447811
499379891 504714138
-949114174 -460413924
635802714 -149417889
589952274 188866303
-245852891 -498006825
714777102 28210574
29610 -3266
29610 -3292
-221292905 -35182346
29609 -3283
29603 -3307
190392725 -27126377
-774273332 331988474
-289885070 335018937
-573830879 -233546098
570297068 556283892
-288550235 -852729335
-129988549 -933695466
-133050485 -856046291
420946726 833469242
-193596197 -540579196
29610 -3250
940240730 -913213778
-986042535 -492586462
29581 -3279
29563 -3271
29574 -3250
-139389119 -15268772
-633604677 170577711
118129664 923351597
746098504 313537280
29579 -3287
29573 -3263
29582 -3258
428564274 12579657
461874410 -637196457
29589 -3259
-546468730 80591686
819719137 704935438
746098505 313537279
29602 -3278
-240852822 -213726181
29566 -3250
433857814 934293717
-860651785 268291082
53825280 343844150
-646845698 967053859
437195941 -943864263
-296886762 769165272
829594297 -826974907
524342371 -857662507
29598 -3304
-979209967 525750624
-242182850 563277972
-894827444 -743892789
778875502 -706771421
882635085 -576181303
-547215850 408664535
29587 -3295
-546224072 -102408601
-665790191 394522957
-700989202 -637235187
29601 -3271
936319281 -249014065
-36892899 356799067
670858593 624221186
-845617955 -461198454
111097695 848649200
29603 -3275
-429751886 588944410
410851078 807121419
384019596 821969314
29571 -3283
432476363 -808933577
29567 -3247
29611 -3287
483112945 -163407307
-472260025 -381685478
-308676488 187752721
29566 -3278
29591 -3275
882186004 466048917
243666562 -154428717
-7597981 942730730
29573 -3259
-308676487 187752720
29602 -3268
29594 -3294
193112534 587563705
29614 -3272
540194919 -711877306
29602 -3254
29614 -3260
765893177 142641105
802313049 218590414
882431094 290326061
-546468731 80591686
634028860 102172184
69031632 366465028
826980859 346129214
223818803 -875732138
29621 -3255
-158331241 -547933470
-346521447 -217330488
29562 -3272
29603 -3263
697954812 763840754
29614 -3282
29597 -3259
29589 -3307
-648160466 344567746
-586863237 -225055010
338690066 -822230358
-559814820 -888826849
4802591 -268432812
522950413 -629980496
121957244 828996054
29610 -3272
29574 -3290
69031632 366465029
676242665 919989309
29597 -3271
29611 -3259
-977864386 -481389627
367020188 728244110
-703180309 -955948537
846527869 307728293
29599 -3259
778875502 -706771420
-61242057 -857589702
-464692733 100255992
-602641420 879012344
-481947580 8334809
29619 -3295
677235387 424798786
-479829721 -904047785
-610813100 976523185
7306097 179982977
-853506497 100045459
29566 -3252
-158331240 -547933469
176716066 -109967155
640484168 -925115450
29578 -3248
237475815 257914278
-639495762 -56623315
29581 -3271
-406554053 131991368
-877935659 -311486892
-820293552 -35736147
701757971 259024657
544065700 -80153641
27246385 308971269
28587817 -767901224
932003405 228485195
-678710711 135191665
952662470 -446960164
293412924 561538733
471078242 -567214617
395675534 -845176243
29607 -3279
-245852890 -498006825
786788836 -851336189
29598 -3258
29562 -3284
-571621860 386231042
182297975 -784103059
-785548360 -188829379
-811491260 -271969338
29615 -3287
338690065 -822230358
29574 -3304
-285584330 -396904687
29571 -3275
29585 -3267
-633604677 170577712
-877019041 61726305
882703609 575518372
29587 -3307
-962830891 930974139
-820293553 -35736146
-139389118 -15268771
-571621860 386231043
330981847 622252183
761116420 -683435661
-375363077 372715132
29590 -3294
29569 -3259
-319071265 -571105718
722569548 -635165
29590 -3266
-876686570 -792884539
-174352148 771622103
29583 -3303
-609660638 -67492886
29573 -3307
29613 -3251
-899888249 98503455
-548517376 8753523
-86726400 323786897
29575 -3259
-239772706 759931061
889562579 -109889777
932803570 791956467
-337500083 844149450
-189256674 -620660133
29562 -3250
-406554053 131991367
4045142 -939779725
4045143 -939779726
110077627 884252307
29582 -3288
-299229093 56330607
29579 -3275
29622 -3294
595093190 692878829
-576715975 668786118
813436472 338883487
589952275 188866304
446038879 -496993747
912627332 992357434
56129746 420315373
197183102 282106570
29569 -3271
740572030 -228131225
29619 -3259
-125028402 827116577
-887430810 -982699870
226895940 -697914915
-652111314 514675274
-426520865 -442785792
-969617180 690448207
-44188235 150671601
-326243299 -852396924
-467986988 568270223
-319331921 -656983816
-905233462 455821739
565132023 -353264735
-622567438 989859942
882186004 466048918
706058858 -470428339
29597 -3275
299997188 -445869056
69190016 880924463
29563 -3283
29565 -3299
804282795 -916098141
962598548 -955004877
-178706797 597463551
29615 -3247
29593 -3279
-697849858 586095085
-353854630 693822925
698163458 -24430025
587104045 -436678265
29578 -3302
-685772893 -447283818
-421908718 -235842454
29571 -3307
-299229093 56330608
367020187 728244110
290304747 -137967770
634028860 102172183
377858657 354282598
-525363160 467121728
-661196580 289948549
27246386 308971268
29565 -3279
-85266343 -906855675
29567 -3259
-492335551 -636135189
29597 -3291
-855189650 -271419602
29622 -3246
29574 -3262
713601705 -399333982
29594 -3280
-498781093 555306415
962598548 -955004878
29578 -3266
-239625773 677473206
29623 -3255
317863384 -816423463
-171284827 784461816
29618 -3292
-963947549 -656844498
29615 -3299
29606 -3304
-840785292 -843026806
29590 -3262
-426520866 -442785792
59232932 -709620262
29610 -3294
-639495761 -56623315
-24378649 230418219
184680330 601414972
882703610 575518372
-558357225 -13364607
659811664 -357937682
29606 -3306
29582 -3292
165135170 670908844
993236626 730563629
69031633 366465029
-996934589 104295188
-529203591 345507321
243666561 -154428717
29574 -3280
-78303949 145983346
309605484 -20511709
-724971473 19661751
-461934040 -779047798
29610 -3270
-221292904 -35182347
-859461851 940142189
29605 -3259
676516284 -923730292
-302328711 -499358397
368650028 203694385
-507301107 -906631374
29566 -3288
29615 -3303
932803570 791956468
29615 -3295
-578713954 -698992230
721017069 -323345953
86176660 760141927
849939517 -334779048
-186772731 324797382
367671025 929443333
-558357226 -13364607
29565 -3251
29595 -3295
33296693 58426589
-11930075 -999812776
-174352147 771622104
-213892520 -210979985
871391772 -563981958
-909185232 610416406
-525363160 467121729
815350879 302050423
-719536067 -969283235
617261182 -391834205
-492335552 -636135189
161445882 942087997
201798857 549689563
589000200 -780272693
864116686 -429784481
-462856476 897439527
29595 -3251
29599 -3299
281741862 -172971617
-712143913 864081164
-240569186 258393584
29589 -3303
-512222251 135546844
29583 -3299
417948624 -163490384
309648894 709063354
29579 -3271
338690066 -822230357
-194501979 -731671742
696456966 -788153657
29574 -3288
200660019 736592120
565132023 -353264736
-270636330 -421455387
436289127 995165208
-678710712 135191664
29614 -3278
895738347 607027943
29567 -3255
-628665017 -560402095
29617 -3255
125180822 -826920128
-58971671 793565801
-558212264 275511272
-520087728 635612821
29573 -3275
29585 -3299
29585 -3295
940857529 863375619
29602 -3306
2813425 -166410875
840611156 -350219337
-198084584 -814955054
-214361278 500538898
29613 -3275
165213345 -162670772
713601704 -399333983
-557507326 -761480837
29623 -3271
29602 -3296
29578 -3294
316013730 308679657
242965416 946329149
29570 -3284
-145168052 -505031587
-263826531 214219923
473388199 -398472964
641777052 -670450532
910476301 -800299037
26618296 490097680
-895265791 478760576
882635084 -576181304
761116419 -683435661
520105526 948127577
-966120808 -675569705
964728743 487444135
592496399 -1714569
282669089 378530237
-479829721 -904047784
29598 -3260
-573830879 -233546099
454616861 -208237814
29569 -3283
29566 -3286
795916291 82461058
-347263520 195567290
29575 -3251
29565 -3295
29602 -3246
-796360100 634349629
683031297 -947572798
-634866763 433551587
-66926632 238505581
29578 -3306
29570 -3280
719261789 240434145
-897495499 -488719781
433857815 934293718
215588467 383430958
-966120807 -675569704
29595 -3271
868782020 671089571
29605 -3303
-178369050 -168456754
-874258180 -781139908
-386237328 145288569
-664946602 -459662248
29579 -3255
28587817 -767901225
-158331241 -547933469
683543616 -926978760
155612375 -464900037
-431117677 -391993784
-240852823 -213726181
-337566794 -40316000
-751549968 -8505138
-929547235 -163868142
29578 -3274
-596495203 361665885
29574 -3254
29602 -3300
-251670947 502156939
-539804200 422214559
583434872 172540079
29589 -3271
904109423 -434235233
247373578 -127619762
118129663 923351597
-509908370 370255972
-96869643 -502490090
81251975 -404660282
200660019 736592121
11630529 -153715590
307643704 -779910270
29590 -3296
766332132 934927729
29623 -3279
29606 -3274
195627976 -85092347
29594 -3250
-365696319 -366857141
-259925825 -798607392
251006947 808870906
29614 -3294
-86264418 -501616217
-12378616 51510032
29579 -3259
195627975 -85092347
-855189650 -271419601
-144804535 -837869117
-290244470 737017271
29614 -3306
-217639043 -901749476
29621 -3275
29598 -3270
-289885069 335018938
402010632 402117140
-369328268 868018586
29590 -3260
-85772454 -823111856
952662469 -446960164
-708823135 841822189
565836439 748419934
940857528 863375619
-12378616 51510031
-724971473 19661752
-441492491 -815300467
-482702059 212691331
639973418 -919372919
29566 -3274
683031298 -947572799
29579 -3263
-758644558 107961233
134026928 -326771423
986386021 -590921316
-272196319 -870369938
242890107 -319406020
571179688 358092703
29574 -3308
-431117677 -391993783
193112535 587563705
-882566748 -836788422
-860651784 268291082
29569 -3247
-995820499 525396602
589000199 -780272692
-811491259 -271969338
154309798 -882475205
667118809 46697261
29606 -3308
-80685092 928302238
547197114 -294362607
29618 -3290
299997189 -445869055
-865787367 -146089713
-85772454 -823111857
29622 -3284
29561 -3291
-221292904 -35182346
-274341471 -416717604
29594 -3278
29593 -3259
29599 -3287
-695806962 561326613
-145395156 -27001221
-198084584 -814955053
789699223 818881078
544065700 -80153642
395675534 -845176244
29586 -3252
-144094653 355699422
-977864385 -481389627
29622 -3280
-811172283 794109806
844675761 -755879806
-21248771 -852813410
282669088 378530236
882703610 575518371
-577328470 -640751896
182297976 -784103060
29607 -3271
29582 -3254
307230650 867842547
29614 -3286
-96869642 -502490091
598657064 461367031
738165801 132567266
964728744 487444135
29566 -3298
-127253778 -67539050
965257842 790059634
-189256675 -620660133
672575226 -589115848
29602 -3250
520105527 948127576
205702614 -411859595
29619 -3247
-909185233 610416406
33296693 58426590
832974900 156244892
29587 -3271
617261181 -391834206
29566 -3260
459832519 -595520143
29593 -3263
619575215 -154570414
-296886763 769165271
29593 -3299
223818804 -875732138
237475815 257914277
29570 -3302
-217834519 107835879
29587 -3299
797569389 -51225073
181129237 -256529157
-340269428 -366345858
289676385 38570331
29602 -3276
131181216 -910029580
-548445886 -937197693
121957245 828996055
532132500 -925466870
29606 -3248
-539804200 422214560
-703180308 -955948537
635802714 -149417890
583434871 172540079
-991423499 -736152042
29590 -3256
697954813 763840754
-935602365 8352980
846452942 -951586604
813785137 -243571607
29566 -3266
29623 -3263
335564148 327573798
29582 -3256
29569 -3299
-627384572 -514816256
-127253777 -67539050
-633604678 170577711
959754412 635725252
813785137 -243571606
-517064639 353927120
570017558 153543424
29615 -3271
29610 -3306
-337566794 -40315999
-477588014 265099766
583450637 437502434
29579 -3283
410851077 807121419
-251670948 502156938
676242665 919989308
-12378615 51510032
29561 -3247
495219599 -697836802
806815836 735003879
29581 -3299
4636178 403810931
-236976841 505377076
-614863186 -521262354
363417447 306535046
29570 -3272
29578 -3278
243666561 -154428718
-895265791 478760577
29578 -3296
-94028222 8632422
898333699 -870047580
281112742 -9173221
129022317 -687423073
4802590 -268432811
-880529253 -952348309
-690567818 568773486
924052984 -250237631
210169293 -502296479
132732474 -607840138
29614 -3250
29619 -3255
29594 -3252
29603 -3291
29585 -3259
29593 -3255
271053115 569867095
29595 -3303
29599 -3267
-56755586 -615416056
-557507325 -761480836
-665790192 394522958
-620902 94896898
58570003 631525479
869088903 -613595595
-877935658 -311486892
-278709760 -820123636
29610 -3298
29570 -3256
-822252538 -748142337
-234664098 720959837
-133050485 -856046290
29586 -3254
118129664 923351598
29622 -3274
29593 -3283
-701947290 440032165
29602 -3248
29586 -3248
29586 -3290
-986042535 -492586461
746456658 -109436191
-992925925 -217605254
-695621742 -620648141
749618269 -659314481
29601 -3247
846452941 -951586603
-717861743 -746190370
542105414 -814425739
29611 -3275
-700989201 -637235187
113701997 -477986867
29618 -3266
29586 -3276
307230650 867842546
182297975 -784103060
29591 -3259
29586 -3288
-876686569 -792884539
29602 -3266
849939516 -334779048
696145116 413051140
29606 -3246
-350029801 947322757
850838329 -260814486
29578 -3282
29586 -3264
895738348 607027944
29598 -3252
-129988550 -933695466
840611156 -350219336
29577 -3275
-895068319 -497311621
29586 -3306
-754464948 391533077
-876218717 627853085
29622 -3290
-914956570 248319561
190392725 -27126378
-337500082 844149450
29618 -3270
240080120 -302217295
-685772892 -447283817
29606 -3296
367020188 728244109
29605 -3291
-461934041 -779047798
3885131 665882692
3880606 589831016
-481947580 8334808
-627384572 -514816257
183816208 220523236
336200956 292987620
399610748 869472852
-277592079 784871755
-464692732 100255992
-194501979 -731671741
29617 -3303
834455931 -721887663
29613 -3267
2813426 -166410874
893506464 -397007639
29602 -3304
-678190447 289350931
-262585364 -400339586
29617 -3291
29581 -3275
29610 -3254
-324311256 -592804929
-561292309 48802485
29574 -3252
29583 -3279
29570 -3288
-278245033 548092112
-477588015 265099766
932003404 228485195
29605 -3283
29602 -3308
849939517 -334779047
399509309 -835429229
-652111313 514675275
739130990 -825353580
-472260024 -381685478
805544084 835504485
-183672126 897041282
24088166 915858904
-352363843 373767702
-636993266 -946862790
58570004 631525479
-236976841 505377075
-996934588 104295189
-479829722 -904047785
29570 -3282
29574 -3276
-767518725 40035031
200660018 736592120
-652111314 514675275
-213892520 -210979984
-596495202 361665885
-485775201 102001265
-324311256 -592804928
-322392375 -554409860
-509908369 370255972
29618 -3304
-115590367 538397750
924502992 870579077
29611 -3295
672575225 -589115849
299997189 -445869056
420946725 833469241
677235386 424798786
806815837 735003879
-5880886 -262824662
29585 -3303
215851750 513461045
101692147 -464072998
-889168252 -119133314
176716066 -109967154
29607 -3299
795916291 82461059
336200957 292987619
197932926 -486536
165213346 -162670772
29577 -3263
634114405 -607539841
-845617954 -461198455
-183672126 897041281
589044876 -29403160
29577 -3299
-159065978 -11773153
37954341 -111038588
329410582 -16211714
-241977302 214491282
-159065979 -11773154
29582 -3306
676516285 -923730292
54818243 -147295884
-614863185 -521262353
29614 -3248
-368700564 680404672
639973417 -919372920
-27856310 -236588547
-277592080 784871755
-758644559 107961233
-819487760 622324923
540194919 -711877305
144033975 357943041
-21248770 -852813411
276922118 425952755
29621 -3263
-144804535 -837869116
-691713693 637405184
-87603705 611290485
436289126 995165209
-876218718 627853084
840978535 -618131424
964728744 487444136
891073827 -480148405
-124071533 -270638510
-455549843 -854014361
-573830880 -233546098
-695621742 -620648142
29619 -3307
669891467 -597896774
-485775202 102001264
724939409 -972587438
260550666 148865806
-860651784 268291081
-189256675 -620660134
161445883 942087998
954017754 856461554
932803569 791956467
264861388 -415273537
-125799681 749132305
-94028222 8632423
29607 -3255
-168207776 960867252
-980202902 36318699
29605 -3263
-467986988 568270222
378445677 -517090498
29575 -3247
29578 -3270
29561 -3299
-264588473 293145804
-178369050 -168456753
-168207776 960867251
766332132 934927730
111097695 848649199
29607 -3295
29582 -3250
29566 -3282
29609 -3303
-326243299 -852396925
29614 -3266
-346521448 -217330488
215851749 513461044
604521066 233400883
29618 -3246
131181215 -910029579
29591 -3271
29573 -3299
29561 -3267
29618 -3308
473388199 -398472965
675105643 -317327721
-895068320 -497311621
29574 -3268
483112946 -163407308
-897495499 -488719780
-495420292 -941769647
912627333 992357434
-634866762 433551586
620836084 -437981600
-241977302 214491281
-719536068 -969283234
610541223 482464979
29601 -3259
29599 -3251
151044837 77900090
-909185233 610416405
29594 -3300
29587 -3291
722569548 -635164
29591 -3255
29603 -3279
29570 -3306
-269263888 -977142810
144033975 357943040
263910693 786281581
-316353635 6961912
-11930076 -999812777
-508333921 434993724
911064958 503341381
540194918 -711877306
29589 -3295
-712143913 864081165
908719971 -254166290
-30932071 -391296145
29562 -3290
29605 -3255
29562 -3282
-561292309 48802486
-794387603 -573614838
-208063727 504876361
869088903 -613595596
29566 -3270
29595 -3283
-431309211 683861572
-678190446 289350932
701757972 259024658
-689846565 -194012417
-274341470 -416717603
77474348 529255331
29562 -3286
513483511 -826412531
964728743 487444136
-163333311 -865878534
-7597982 942730730
29603 -3251
-809880 -933755893
-375363076 372715132
29574 -3302
-548517375 8753523
567840492 70800353
-510826200 -23344116
-350036166 840346203
701757971 259024658
-217639042 -901749475
56129746 420315374
-991423500 -736152043
524342371 -857662506
29582 -3246
77474347 529255331
-256433129 -78940997
862239470 232100912
-5880887 -262824662
882186003 466048917
29617 -3271
29599 -3291
29590 -3272
29606 -3290
-271972467 744410172
-227804571 44913189
4802590 -268432812
306352211 -203552422
-758644558 107961234
-333857752 20510324
29571 -3267
882431095 290326061
589952274 188866304
565836438 748419934
-662028388 -805346625
-91689373 662945113
29569 -3267
-11930076 -999812776
-576715974 668786118
-231452770 541371975
893506465 -397007639
29619 -3299
29614 -3256
163721389 531811694
-319331922 -656983816
-958707720 -637851215
-304650292 -863447812
29623 -3295
309605484 -20511708
29578 -3258
351610792 -559420016
29569 -3251
29574 -3294
29570 -3268
433857814 934293718
106136856 -923793287
-199634011 -936401175
242890107 -319406021
669891467 -597896775
-923932647 -288768095
239680042 -583860494
-14508411 763250658
29611 -3299
-767518725 40035032
329410581 -16211715
437195941 -943864262
-688574002 -280882547
29582 -3296
29610 -3252
134026928 -326771422
659367623 768999818
29598 -3280
29583 -3259
-368700565 680404671
910476300 -800299038
29614 -3262
399610749 869472851
-240569186 258393583
29606 -3288
846376413 -90309053
-217834520 107835879
205702613 -411859595
-899888250 98503455
589952275 188866303
29602 -3280
105866448 973910398
891073828 -480148405
105866447 973910397
592496398 -1714568
179851953 -214981507
796999275 993666552
29575 -3307
374594661 -816606999
-217639043 -901749475
428564273 12579657
932803569 791956468
29594 -3258
-125300510 548781521
-293366368 -193098079
29583 -3263
-85772453 -823111856
351886504 -220512533
-909185232 610416405
179851954 -214981507
-219335061 658047057
29618 -3302
29586 -3292
29622 -3300
29595 -3307
193112534 587563706
29569 -3279
-86264418 -501616216
-574780723 982311776
120772183 239028650
138553042 581682123
-962204038 729057469
-472260024 -381685479
469150165 -760133245
29585 -3247
247373579 -127619761
-880529253 -952348310
-455549842 -854014362
29562 -3258
972760596 187327745
-982117727 368789458
29599 -3303
-76153962 -226407145
29587 -3259
29614 -3296
-690567819 568773487
641777053 -670450532
805544085 835504484
267630291 702859960
-688574002 -280882546
-296886763 769165272
-882566748 -836788423
594988181 234308919
29615 -3291
171036540 -59479023
754299788 713547252
-986042534 -492586462
58570003 631525480
524342372 -857662507
29607 -3259
184680329 601414972
-369328268 868018585
29605 -3247
-894686027 -514580918
150034388 275136116
-695621741 -620648141
29575 -3255
959754413 635725251
965257841 790059634
317095423 -838642108
260550665 148865806
-543169179 -298429478
882431095 290326060
29569 -3275
150034387 275136115
-718509390 -893775265
429548425 -626663661
220239820 -898157304
-999365149 -940131881
433857815 934293717
-987872125 969732306
817728329 -542319912
-406554052 131991368
-21739539 -511216598
151855406 816214584
471078242 -567214618
583434871 172540080
-794387602 -573614838
395675533 -845176244
29607 -3247
29585 -3283
-86264417 -501616217
29602 -3260
-633807576 47423348
29594 -3302
480007604 -815282774
-485775202 102001265
88119639 -943948372
834455930 -721887663
29575 -3271
29587 -3279
351886504 -220512532
-574780723 982311777
-596495202 361665886
610541224 482464980
-820293552 -35736146
-296791137 228851000
572483485 796189220
309605485 -20511708
29601 -3267
714777101 28210574
29617 -3275
368650028 203694386
954017753 856461554
610541223 482464980
479641185 -531219158
29621 -3291
29594 -3292
735024378 -878467922
111097694 848649200
908719971 -254166289
983773791 602502468
151855405 816214583
-368535646 -842768990
-296886762 769165271
29611 -3247
898333700 -870047580
-695806961 561326613
-871125386 332121322
242965416 946329150
606096022 933899418
29587 -3247
29567 -3287
-661196580 289948550
29565 -3263
-845617955 -461198455
29582 -3252
558441366 -214037327
29617 -3287
410918366 -209436005
-787476080 -375781522
-633807577 47423348
215851749 513461045
-558357226 -13364608
590235012 645876576
151855405 816214584
51129034 125211023
766332133 934927730
895738347 607027944
977537463 371101567
165213346 -162670771
29618 -3274
-383540975 365720046
-350036165 840346202
65397565 -581756925
29610 -3274
778875501 -706771420
-383540976 365720047
480007604 -815282773
59232933 -709620263
-495529700 -633089449
29565 -3307
29606 -3268
144033976 357943040
524342372 -857662506
-51476199 68411725
-977864386 -481389626
29589 -3283
910963101 938914429
-375363077 372715131
-387505032 313823912
377858657 354282597
-764719271 -154165017
889562579 -109889776
-840785293 -843026807
29598 -3256
-880529252 -952348310
29582 -3286
29603 -3271
-987872126 969732307
171036540 -59479024
813436472 338883486
368650029 203694385
29599 -3271
53124548 -695923532
589044875 -29403160
410918367 -209436006
-87603706 611290485
459832519 -595520142
-481334964 -432846315
-9620144 -831508106
-620903 94896899
29613 -3295
495219598 -697836802
26618297 490097680
29598 -3290
29598 -3288
-30932072 -391296146
-678710712 135191665
-369328267 868018586
864116686 -429784482
-147007436 792696229
-980202902 36318700
815350878 302050423
-518761185 -242634090
669891466 -597896775
547197114 -294362608
29574 -3286
-236976842 505377076
-602641419 879012343
-431309212 683861572
-131045369 631700423
29622 -3282
529508693 73348660
-991423500 -736152042
360746190 507858426
644504476 72208048
-495529699 -633089449
215588466 383430958
226895939 -697914914
239680043 -583860493
-963947550 -656844497
-375363076 372715131
29590 -3302
518969770 -960671146
834455930 -721887662
-136034379 533254779
29571 -3263
210169294 -502296480
924052984 -250237632
29621 -3283
29582 -3268
29614 -3302
-117479019 783865790
-822252537 -748142336
197932926 -486537
29586 -3260
29582 -3300
579710325 -148895586
29590 -3252
29577 -3251
-144094654 355699423
-549439673 -459906626
-999365148 -940131882
200660018 736592121
-926860022 -97019032
761116420 -683435662
-259925825 -798607393
-193596198 -540579196
816348864 -104668050
846527870 307728293
317095424 -838642108
832974900 156244891
363417448 306535046
410918367 -209436005
-708823136 841822189
-125028402 827116576
29607 -3303
-145395155 -27001222
-429751885 588944409
-217834520 107835880
54818243 -147295885
-811172282 794109807
-429751885 588944410
-571621859 386231043
-980202903 36318700
761116419 -683435662
583450637 437502435
263910693 786281580
-966120808 -675569704
389271780 -565226371
29574 -3274
699584122 230366514
-690567819 568773486
846376414 -90309053
871391772 -563981959
29595 -3247
765893178 142641106
606096022 933899417
29566 -3304
29623 -3283
846376413 -90309052
374594660 -816607000
833680372 -871789086
29578 -3250
-91689374 662945113
969078269 575466813
898333700 -870047579
-646845698 967053860
-72888977 961121383
-914956569 248319562
309648893 709063355
29606 -3276
-342635812 664027548
-147007435 792696230
29611 -3251
677235386 424798787
-346521448 -217330487
29577 -3307
-634866763 433551586
884568449 -294370453
29610 -3280
29570 -3266
103903072 187704671
29566 -3256
29601 -3303
29607 -3307
983773792 602502469
719261790 240434145
617261182 -391834206
29610 -3290
-646845697 967053860
29614 -3304
-125300509 548781521
29575 -3267
3885132 665882691
969578833 398528179
29590 -3284
-10314397 385083606
29561 -3271
-819487759 622324923
-56755587 -615416057
67070140 -388093117
-558212265 275511273
29598 -3272
806815837 735003878
120772183 239028651
-296791137 228850999
-302598300 -735356620
962598549 -955004878
766332133 934927729
729952459 -470101514
29594 -3268
997290352 142059807
29597 -3251
29561 -3263
-447899435 -672095605
37954342 -111038588
-129988549 -933695467
598657064 461367030
-508333921 434993723
-880529252 -952348309
3885132 665882692
850838329 -260814485
29586 -3256
856418519 -963858430
-288550234 -852729335
29622 -3308
29575 -3299
-509908370 370255971
795916292 82461059
-992925924 -217605253
572483486 796189220
735024377 -878467921
740572030 -228131224
-241977303 214491282
106136855 -923793288
260550665 148865807
530476385 -842504264
29594 -3288
437928366 628584478
29613 -3283
-19058442 -547192713
419111289 50050640
29622 -3258
977537463 371101568
594302292 285174831
77474347 529255332
-72888976 961121382
587104045 -436678266
-387505032 313823911
52854129 -945905177
419111289 50050641
-995820500 525396602
29590 -3268
29594 -3272
699584123 230366514
518969769 -960671146
829594298 -826974907
29618 -3268
29573 -3291
-811491259 -271969339
542105414 -814425738
656791965 429588753
29609 -3247
-270636330 -421455386
52854128 -945905178
296008393 -913570370
-56755586 -615416057
29613 -3255
134026929 -326771423
-628665016 -560402094
29607 -3267
28587818 -767901224
-319071265 -571105719
-421908718 -235842455
279314686 -164329356
739130990 -825353581
-664946603 -459662248
936319282 -249014064
276922118 425952754
-19058443 -547192713
57638214 3333286
29622 -3288
640484168 -925115451
29610 -3284
-477588015 265099765
29605 -3267
-27856311 -236588547
-262585365 -400339585
-308676487 187752721
-597936179 503102891
888216743 892964688
910963102 938914429
-926003760 -738225934
-633058214 765063571
2813426 -166410875
-31822797 -329342499
-685772893 -447283817
-214361278 500538897
163721389 531811693
713601704 -399333982
183816207 220523236
-198084583 -814955054
29601 -3279
-66926632 238505582
29621 -3247
49083527 106096419
37954341 -111038587
-183672127 897041282
-421908719 -235842454
918299006 -320598570
-722509024 603835995
163397504 -616756207
644504477 72208048
-876218718 627853085
-371111498 962026227
29590 -3258
29578 -3246
-661196579 289948550
-124211571 -476790336
910476301 -800299038
29590 -3304
29565 -3267
-256433130 -78940997
399509308 -835429228
-823607227 105919757
-342635812 664027547
864116685 -429784482
195627976 -85092348
29591 -3291
-78303950 145983345
-992925924 -217605254
-387505031 313823912
211301138 -806747195
-352865638 530033725
239701181 -228594128
-891003910 -906266261
154309798 -882475206
29618 -3260
429548425 -626663662
29582 -3284
29585 -3251
29610 -3260
837716624 393488414
454616862 -208237815
29609 -3263
38692649 -587197914
714777102 28210573
197183102 282106571
417948625 -163490385
-633807576 47423349
-497267587 223014799
53825279 343844151
181129237 -256529156
-213892521 -210979985
29589 -3247
29617 -3283
-520087728 635612822
-754464949 391533077
-830915939 -325034948
-350029800 947322757
29566 -3290
29578 -3300
436289126 995165208
29594 -3308
-551363782 -586151885
-124211572 -476790335
-144988041 372929642
796999275 993666551
29589 -3279
29571 -3295
-689846564 -194012417
38692650 -587197913
-278245034 548092113
-982117728 368789459
850838330 -260814486
-510826201 -23344117
29614 -3290
667118810 46697260
-406554052 131991367
110077627 884252306
29590 -3308
29583 -3267
579830425 -277841727
-227804571 44913188
420946726 833469241
-51476200 68411726
-178706798 597463551
796999274 993666551
29610 -3268
50095742 -61475253
473388198 -398472964
-461934041 -779047797
-578713954 -698992231
264861387 -415273537
-302598299 -735356619
795172522 466820550
589044876 -29403161
6527952 -13381349
-91689374 662945112
86176661 760141927
461874409 -637196457
638564072 -983914218
-586863238 -225055010
-352363844 373767702
666579456 -428290830
911064959 503341380
-878037948 116808725
513483512 -826412532
29586 -3246
-78406294 573371385
29573 -3303
-214045170 -629084887
-470700282 63094552
714761068 -241256057
501032316 359733703
-691713693 637405185
176716067 -109967155
29614 -3264
363417448 306535045
29619 -3275
619575215 -154570413
317863384 -816423464
307230651 867842547
-186772730 324797382
-633058213 765063572
29609 -3267
29623 -3307
-368535646 -842768989
247373578 -127619761
410851078 807121418
501032315 359733702
-718509389 -893775264
-634866762 433551587
-346521447 -217330487
802313050 218590414
634028859 102172183
594988181 234308918
405257091 -869221269
-464692732 100255993
797511287 972354559
-512222251 135546843
29594 -3282
330981847 622252184
-49168668 196379597
138553041 581682123
293412923 561538733
-578713953 -698992231
-995673697 845214170
29622 -3298
197183101 282106571
113701997 -477986866
834665087 645913582
29606 -3262
67070140 -388093118
-222687611 146314028
126872232 -316662863
-922609687 471384155
436289127 995165209
29569 -3291
520105527 948127577
-36892900 356799067
29565 -3287
-24378648 230418219
683031298 -947572798
29602 -3292
529508692 73348660
29579 -3295
419111288 50050641
-265789697 -568473142
-240852822 -213726182
789162850 393994656
29598 -3294
29621 -3267
29582 -3248
-174424547 -445187889
686722183 955606088
-664946602 -459662249
-142312361 245910009
29618 -3254
276922117 425952754
-865787367 -146089712
29565 -3271
-926003760 -738225933
29599 -3307
-660119987 -943122530
-365696319 -366857142
118435990 -370661455
211301137 -806747194
205702613 -411859594
132732474 -607840137
29610 -3258
714761069 -241256058
721017070 -323345953
66483518 489969164
171036541 -59479024
-256433130 -78940996
936319282 -249014065
911064958 503341380
-12378615 51510031
-377146023 471512768
29566 -3276
29566 -3248
-529203590 345507322
-231452771 541371975
996707590 870927063
29613 -3299
884021920 -889948768
395675533 -845176243
29570 -3248
-501646265 -354982349
29621 -3271
264861388 -415273538
-922609688 471384156
29597 -3303
-689846565 -194012418
29601 -3263
-49168668 196379596
-21248770 -852813410
49083526 106096419
570297067 556283893
131181215 -910029580
306352211 -203552421
884568449 -294370454
-547215850 408664536
639973417 -919372919
-628665017 -560402094
558441367 -214037328
-282098404 208995126
29610 -3288
29566 -3264
399610749 869472852
317863385 -816423463
195590762 -710548046
-262585365 -400339586
351886503 -220512532
-447899436 -672095604
4585892 -441329064
469150166 -760133245
641777053 -670450533
-353854630 693822926
-316353634 6961911
21138 148261751
29606 -3272
-334009296 -379006036
29575 -3291
105866447 973910398
156593185 987188105
567840491 70800353
446038878 -496993747
29623 -3275
-633807577 47423349
837716624 393488413
-999365148 -940131881
29595 -3275
29566 -3268
-214361279 500538897
-27856310 -236588546
29587 -3255
659811663 -357937683
833680373 -871789086
-764719271 -154165018
29613 -3263
594302292 285174832
29593 -3307
721017069 -323345954
-905233463 455821738
819719137 704935439
-889168253 -119133314
-213892521 -210979984
29618 -3282
4636177 403810931
29563 -3251
336200957 292987620
429548424 -626663662
-72888976 961121383
29586 -3266
644504476 72208049
-819487760 622324922
29578 -3290
-27856311 -236588546
-557507326 -761480836
-794570061 654764043
-199634011 -936401174
-115590366 538397751
-194501980 -731671741
109497516 -275755489
-387505031 313823911
29566 -3254
234351595 55227145
604521065 233400882
29574 -3260
29610 -3286
29561 -3275
29563 -3279
908719970 -254166290
547197115 -294362608
161445882 942087998
29590 -3282
454616862 -208237814
834455931 -721887662
-131045368 631700424
986386020 -590921316
29610 -3262
-214399809 -147051619
-894686028 -514580917
520187382 176380915
-481334964 -432846314
109497516 -275755490
29598 -3278
-464692733 100255993
29606 -3266
-462856476 897439526
29611 -3263
-652111313 514675274
-271972468 744410171
-559814819 -888826848
-853506498 100045458
882703609 575518371
53124549 -695923532
432476362 -808933577
571179688 358092704
-609660637 -67492886
-208063728 504876361
952662470 -446960165
122361036 -974423196
547197115 -294362607
-614863185 -521262354
374594661 -816607000
579830426 -277841726
943468246 -355443542
58570004 631525480
-897495498 -488719780
-646845697 967053859
594302293 285174831
882186003 466048918
-549439673 -459906627
29562 -3256
29605 -3287
29570 -3290
-145168052 -505031588
-551363781 -586151885
307230651 867842546
179851953 -214981506
972760597 187327746
29582 -3270
-871125387 332121322
-21739538 -511216598
635802715 -149417890
29622 -3304
29618 -3286
29589 -3287
572483486 796189219
171036541 -59479023
-219335060 658047057
29590 -3274
940240730 -913213779
-337500083 844149451
-76153963 -226407145
298366744 68546047
-194501980 -731671742
-383540975 365720047
437195942 -943864262
-14508412 763250658
-293366367 -193098079
-851846973 74394722
910476300 -800299037
619575216 -154570413
936249278 721912354
-458077840 -392387001
983773792 602502468
924052985 -250237631
-457120102 671913230
-639495762 -56623314
29585 -3275
-31822798 -329342498
738165800 132567266
-222687610 146314028
719261789 240434144
29606 -3300
817728329 -542319913
910963101 938914428
29590 -3246
644504477 72208049
29598 -3254
267630291 702859959
29611 -3291
29594 -3286
-883277115 108975290
11857502 -633964479
-876686570 -792884538
113701998 -477986867
-963947550 -656844498
282669089 378530236
-256433129 -78940996
-282098405 208995125
-44188234 150671601
594302293 285174832
29594 -3256
29593 -3291
579710325 -148895587
-174424546 -445187890
634114405 -607539842
29610 -3302
-794387602 -573614837
846527870 307728292
778875501 -706771421
82487016 671464275
699584123 230366513
125180821 -826920128
29574 -3266
-518761185 -242634091
686722184 955606087
29605 -3275
29621 -3299
29595 -3291
29582 -3266
109497515 -275755489
667118810 46697261
29574 -3282
-86726399 323786897
-703821785 -999834241
-222687610 146314029
29598 -3250
29575 -3303
52854129 -945905178
29583 -3255
82487015 671464275
997290351 142059807
215851750 513461044
696456965 -788153658
29609 -3295
29618 -3252
-708823135 841822188
155612375 -464900036
-794387603 -573614837
-221292905 -35182347
888216743 892964689
952662469 -446960165
29598 -3298
29589 -3291
940240731 -913213779
-708823136 841822188
29594 -3284
-622416937 -775637045
29598 -3286
-36892900 356799068
-11930075 -999812777
-231452771 541371976
-551363781 -586151884
29622 -3286
399509309 -835429228
-274341471 -416717603
479641186 -531219158
29598 -3246
598657063 461367031
383260157 942979924
-883277114 108975291
-86726400 323786898
29570 -3276
-322392374 -554409859
44713448 -327360529
151855406 816214583
-603015693 439517704
-583173511 -488855891
378445676 -517090497
129022317 -687423074
-767518726 40035032
891073828 -480148404
830465244 926112632
-820293553 -35736147
-786853194 -644337947
-539804199 422214559
-458077839 -392387000
29579 -3303
296008393 -913570371
335564149 327573798
29586 -3258
-135548037 117270185
-219526027 -404034858
29561 -3307
840978535 -618131425
101692148 -464072999
-129988550 -933695467
306352210 -203552422
29565 -3291
-809879 -933755894
29586 -3282
197932927 -486536
-282098405 208995126
263910694 786281580
-380356707 196637955
29583 -3251
-377458202 -480329198
-822414958 817015211
417948624 -163490385
122361035 -974423197
-963002486 194460621
789162849 393994655
911064959 503341381
29594 -3298
-883277114 108975290
134026929 -326771422
683543615 -926978760
29623 -3251
-609660637 -67492885
908719970 -254166289
29619 -3271
338383289 464236352
746456658 -109436190
29597 -3295
-108093368 -161092037
405257090 -869221270
299997188 -445869055
29622 -3262
151044837 77900089
-51476200 68411725
150034387 275136116
29562 -3308
-859461852 940142190
-962830890 930974139
719261790 240434144
-633058213 765063571
29570 -3262
-703821786 -999834241
29590 -3300
351610793 -559420015
29562 -3288
-505896628 -923872938
-380356707 196637954
367671024 929443333
29613 -3303
29586 -3274
-764719270 -154165017
367020187 728244109
868782021 671089571
677235387 424798787
-557507325 -761480837
699482982 677973373
-322392375 -554409859
-319331922 -656983817
29610 -3296
29617 -3295
7306096 179982977
-501646264 -354982348
29614 -3300
29594 -3296
754299787 713547252
29562 -3246
-510826200 -23344117
696456966 -788153658
29575 -3287
59232932 -709620263
898333699 -870047579
-145168051 -505031588
954017753 856461553
29614 -3246
29591 -3267
181129236 -256529156
-667296545 847051850
29594 -3274
802313050 218590415
29618 -3258
331710467 -16733358
29610 -3264
-546300397 762297577
29566 -3302
856418519 -963858431
-691713694 637405184
-785548359 -188829379
-178706797 597463552
840611157 -350219337
-492335551 -636135188
-894827444 -743892790
29581 -3307
-58971670 793565802
-922609688 471384155
737942078 667438905
-995673697 845214169
-19058443 -547192714
638564072 -983914217
789699222 818881079
471078241 -567214618
-539804199 422214560
-10314398 385083606
634028859 102172184
-10832885 260807184
548160869 27858230
-216066525 -242260020
29598 -3274
29598 -3276
892418726 648732618
29590 -3248
914810210 -974734472
69190015 880924463
-127253777 -67539049
29621 -3259
-497267586 223014799
683543616 -926978761
-701947291 440032165
281741862 -172971616
-462856477 897439527
706058857 -470428338
-214399810 -147051619
-361572134 228843449
-352363843 373767703
-517064639 353927121
383260157 942979923
675105644 -317327722
977537464 371101567
728545368 -496776641
29570 -3260
6527952 -13381348
29578 -3280
81251975 -404660283
819719138 704935438
-240569185 258393583
826980860 346129213
29574 -3292
714761068 -241256058
969578834 398528179
383260156 942979923
330981848 622252184
29562 -3264
-958707719 -637851214
908749926 249287395
-897493252 -450971259
993236625 730563628
-9620145 -831508106
544065701 -80153642
584340266 357128315
29606 -3252
176552652 -708999413
-347263519 195567290
29565 -3283
-144988041 372929643
548160869 27858231
-145168051 -505031587
570297067 556283892
-823607226 105919757
-282098404 208995125
11857501 -633964480
-665790191 394522958
856418518 -963858430
589044875 -29403161
-124071532 -270638510
29567 -3303
29586 -3284
11857502 -633964480
223818804 -875732139
-239772705 759931062
122361036 -974423197
29574 -3264
-980202903 36318699
-546300396 762297578
389271780 -565226370
-269263888 -977142809
4802591 -268432811
277438121 508497395
-823607226 105919758
260550666 148865807
29591 -3287
-278245033 548092113
-234664098 720959838
-678710711 135191664
735024378 -878467921
184680330 601414973
-501646265 -354982348
996707589 870927063
892418727 648732619
-894686028 -514580918
29622 -3276
296008392 -913570371
29586 -3302
-337566793 -40316000
-426520866 -442785791
29614 -3280
50095741 -61475252
-144988040 372929643
53124549 -695923531
-662028387 -805346625
-660119987 -943122529
29597 -3287
470993916 163001947
-622416938 -775637045
483112946 -163407307
-240569185 258393584
419111288 50050640
-702436535 807242846
29623 -3287
410918366 -209436006
29603 -3247
849939516 -334779047
696145117 413051141
-852108824 -31567740
-56755587 -615416056
29578 -3272
29590 -3264
789162850 393994655
29585 -3291
-131045369 631700424
-995673698 845214170
-316353635 6961911
-125799682 749132306
918299005 -320598570
29570 -3300
29569 -3287
-840785293 -843026806
183816207 220523237
88119640 -943948373
-347263519 195567291
29602 -3264
131181216 -910029579
29577 -3247
-724971472 19661751
432476363 -808933576
640484169 -925115450
29578 -3276
29621 -3303
29622 -3252
-441492491 -815300468
659811664 -357937683
868782020 671089572
685106315 -432500432
-431309211 683861573
-505896628 -923872939
844675762 -755879805
29577 -3271
29566 -3280
29621 -3251
29578 -3284
232234613 982332669
151044838 77900090
29573 -3255
-455549843 -854014362
-117479020 783865789
29578 -3252
-377146022 471512767
29566 -3246
-787476081 -375781521
-703821786 -999834242
29605 -3299
29578 -3254
696456965 -788153657
-214045170 -629084888
-66080359 -570569637
-87603706 611290484
479641185 -531219159
29574 -3256
-703821785 -999834242
29561 -3279
298366744 68546048
-718509389 -893775265
29601 -3283
-610813100 976523184
3885131 665882691
-610813101 976523185
29573 -3283
620836084 -437981601
-383540976 365720046
882635085 -576181304
329410581 -16211714
29606 -3258
182297976 -784103059
242965417 946329150
29570 -3250
330981848 622252183
-251670947 502156938
29565 -3275
-905233463 455821739
29605 -3251
-754464949 391533076
-216066526 -242260021
-123804613 -79498171
-495529700 -633089450
65397565 -581756924
-288550234 -852729334
29579 -3247
29573 -3271
29601 -3291
29567 -3283
816348864 -104668051
29623 -3259
-722509025 603835995
-701947291 440032166
29582 -3294
29597 -3279
29582 -3290
69190016 880924462
729952460 -470101514
111097694 848649199
29590 -3280
29613 -3279
-426520865 -442785791
-365696320 -366857142
29611 -3271
-702436534 807242846
29598 -3262
29586 -3270
65397566 -581756925
908749926 249287396
-977864385 -481389626
454616861 -208237815
-517064638 353927121
698163457 -24430025
-695806962 561326612
567840492 70800354
279314687 -164329355
-293366367 -193098080
542105415 -814425739
-58971671 793565802
-64018854 -282576647
-274341470 -416717604
271053114 569867095
-508333920 434993724
446038879 -496993746
-610813101 976523184
-347263520 195567291
7306096 179982978
29570 -3308
895738348 607027943
-929547236 -163868143
50095741 -61475253
583434872 172540080
126872233 -316662863
29618 -3296
-923932648 -288768094
29590 -3306
152890945 880303877
932003404 228485194
29606 -3282
281112743 -9173222
740572029 -228131225
-371111499 962026227
176552652 -708999412
29593 -3295
179851954 -214981506
101692148 -464072998
120772184 239028650
29567 -3271
29581 -3287
29574 -3284
29602 -3262
29614 -3284
499379890 504714138
29614 -3274
29609 -3255
-21739539 -511216599
675105644 -317327721
29586 -3294
570017558 153543423
29562 -3276
29578 -3260
-236976842 505377075
-178369049 -168456754
-697849859 586095086
850838330 -260814485
29621 -3287
-547215849 408664535
-9620145 -831508105
936249278 721912355
29598 -3282
676242664 919989309
685106314 -432500432
-87603705 611290484
-840785292 -843026807
29579 -3267
29593 -3247
7306097 179982978
-546224072 -102408602
29585 -3263
-614863186 -521262353
713601705 -399333983
155612376 -464900037
29586 -3250
29571 -3299
29582 -3302
-546224073 -102408602
132732473 -607840137
522950414 -629980496
29585 -3287
29617 -3247
29586 -3300
54818242 -147295884
732460637 882640033
29622 -3302
-855189651 -271419601
197183101 282106570
29586 -3304
29610 -3246
410851077 807121418
29571 -3259
29622 -3292
-987872126 969732306
746456657 -109436191
4585892 -441329063
-464437196 100082251
29622 -3268
520187382 176380914
565836439 748419935
296008392 -913570370
-751549967 -8505138
29609 -3291
29562 -3254
840978536 -618131424
520187381 176380915
29577 -3291
-262585364 -400339585
-546224073 -102408601
983773791 602502469
-133050486 -856046291
-891003910 -906266262
912627333 992357435
809438705 -279593426
-251670948 502156939
-543169179 -298429479
29598 -3300
384019595 821969315
-485775201 102001264
129022316 -687423073
-660119988 -943122529
-10314398 385083605
59232933 -709620262
815350879 302050424
-285584330 -396904688
29578 -3256
-999365149 -940131882
-49168669 196379597
29606 -3280
819719138 704935439
-37851929 -729215806
237475814 257914277
893506465 -397007638
-199634010 -936401174
-796360101 634349629
29561 -3251
29594 -3264
29610 -3308
830465244 926112633
29566 -3300
470993915 163001948
-962204039 729057468
-342635813 664027548
29593 -3267
583450636 437502434
29569 -3295
-561292310 48802486
29562 -3304
29582 -3308
29578 -3292
-574780722 982311776
-352865638 530033726
-578713953 -698992230
125180822 -826920129
-895265790 478760577
132732473 -607840138
-214361279 500538898
29585 -3307
-481334963 -432846314
-319331921 -656983817
-361572135 228843449
211301137 -806747195
728545368 -496776640
868782021 671089572
29586 -3286
530476386 -842504265
-278245034 548092112
29573 -3267
-616147650 -634412332
29622 -3296
829594298 -826974908
29583 -3307
-299229092 56330607
29561 -3295
-887430809 -982699870
-352363844 373767703
530476386 -842504264
686722184 955606088
29603 -3287
-142312362 245910008
29594 -3262
-136034379 533254780
138553042 581682124
29582 -3272
-361572134 228843450
-697849859 586095085
29569 -3255
29602 -3284
-717861742 -746190370
-926003761 -738225933
483112945 -163407308
729952459 -470101513
29581 -3267
-877088161 -57965587
29566 -3306
251006947 808870905
969078269 575466812
470993916 163001948
-583173512 -488855892
-467986989 568270222
-219526026 -404034859
29563 -3299
840611157 -350219336
29594 -3270
-811172283 794109807
29574 -3306
29567 -3279
809438705 -279593425
155612376 -464900036
251006948 808870905
-935602365 8352981
-811172282 794109806
888216744 892964688
29581 -3291
669891466 -597896774
-125300509 548781522
-878037949 116808725
29578 -3288
317863385 -816423464
-851846972 74394722
-171284827 784461815
826980859 346129213
29622 -3266
800166182 643418744
-877935659 -311486891
29575 -3283
165135169 670908843
833680372 -871789087
-830915938 -325034947
360746189 507858427
201798856 549689564
-135548037 117270186
81251976 -404660282
724939408 -972587437
-361572135 228843450
-622416938 -775637044
-545727619 -348440812
29615 -3251
126872233 -316662862
-894827445 -743892790
118435990 -370661454
697954812 763840755
-853506498 100045459
-982117727 368789459
-178706798 597463552
277438121 508497394
29582 -3282
29575 -3279
-636993266 -946862789
4045142 -939779726
29595 -3287
-219335061 658047056
49083527 106096418
882635084 -576181303
383260156 942979924
110077628 884252307
29603 -3259
-577328471 -640751896
-386237327 145288570
165135170 670908843
29606 -3286
832974901 156244891
29589 -3267
746456657 -109436190
29606 -3298
675105643 -317327722
220239820 -898157303
54818242 -147295885
532132501 -925466871
215588466 383430957
-996934588 104295188
-700989202 -637235188
29622 -3306
240080120 -302217296
29619 -3291
29613 -3307
-577328470 -640751897
-108093368 -161092036
-44188234 150671602
29618 -3264
56129747 420315374
201798857 549689564
51129035 125211023
29590 -3270
29609 -3279
26618296 490097681
232234613 982332670
57638215 3333285
242890106 -319406021
-21739538 -511216599
195590762 -710548045
737942079 667438906
-678190447 289350932
732460637 882640032
532132500 -925466871
29618 -3262
29598 -3302
-231452770 541371976
-518761184 -242634091
129022316 -687423074
-548445885 -937197693
570017559 153543424
-529203590 345507321
-922609687 471384156
-546468730 80591687
965257841 790059633
584340266 357128316
29607 -3251
797511288 972354559
-174352147 771622103
29561 -3287
29603 -3267
29586 -3296
289676386 38570331
29579 -3251
29594 -3290
29609 -3275
-667296545 847051851
103903072 187704670
29587 -3275
82487015 671464274
-712143914 864081164
29562 -3300
351886503 -220512533
29618 -3298
479641186 -531219159
106136855 -923793287
-712143914 864081165
993236626 730563628
565132024 -353264736
29594 -3246
377858656 354282597
29570 -3286
29602 -3252
696145117 413051140
-823607227 105919758
-597936178 503102891
29583 -3287
-622567438 989859943
-545727619 -348440811
-66080360 -570569637
29579 -3279
932003405 228485194
29561 -3259
-633604678 170577712
-897493252 -450971258
-186772731 324797381
728545367 -496776640
3880606 589831017
-717861743 -746190371
871391771 -563981958
-852108824 -31567741
154309799 -882475206
152890945 880303876
29621 -3295
-545727618 -348440812
29614 -3276
29609 -3299
405257091 -869221270
-264588474 293145803
-353854631 693822926
-915645054 -585629599
-851846973 74394723
-877088162 -57965587
589000199 -780272693
11857501 -633964479
936249277 721912355
869088902 -613595596
29617 -3279
-662028387 -805346624
29562 -3278
-700989201 -637235188
-168207775 960867251
-296791138 228850999
437928367 628584477
29569 -3263
813436473 338883487
643758162 413810533
-458077839 -392387001
29586 -3308
996707589 870927062
738165801 132567265
706058857 -470428339
815350878 302050424
282669088 378530237
904109423 -434235234
-764719270 -154165018
29601 -3255
-822414959 817015210
-571530389 -223899507
796999274 993666552
-277592079 784871756
239680042 -583860493
-510826201 -23344116
-949114175 -460413925
-431096641 -38424925
29602 -3258
-509908369 370255971
-94028221 8632423
-543169180 -298429479
-717861742 -746190371
570017559 153543423
29590 -3286
29563 -3259
-926860021 -97019032
-78406293 573371384
829594297 -826974908
-30932072 -391296145
459832518 -595520143
698163457 -24430024
869088902 -613595595
-949114175 -460413924
-333857752 20510325
29602 -3272
307643703 -779910270
-324311257 -592804929
289676385 38570330
735024377 -878467922
837716623 393488414
-131045368 631700423
402010631 402117140
-498781093 555306414
-622416937 -775637044
-949114174 -460413925
749618270 -659314481
830465243 926112632
936319281 -249014064
29562 -3306
-299229092 56330608
-36892899 356799068
29570 -3274
144033976 357943041
66483518 489969163
29577 -3255
29574 -3270
-751549967 -8505137
29566 -3294
29611 -3303
29591 -3247
804282794 -916098142
670858594 624221186
-125028403 827116576
290304748 -137967771
29618 -3294
29562 -3296
29573 -3251
-573830880 -233546099
138553041 581682124
29602 -3286
29575 -3263
701757972 259024657
871391771 -563981959
29581 -3259
29562 -3260
-125799682 749132305
24088165 915858904
904109422 -434235234
29618 -3288
-334009297 -379006037
-124211572 -476790336
29581 -3263
-830915938 -325034948
-263826530 214219922
-897495498 -488719781
29563 -3247
66483517 489969163
-477588014 265099765
29605 -3279
29563 -3255
37954342 -111038587
29577 -3267
-926003761 -738225934
606096023 933899417
-272196318 -870369938
-929547235 -163868143
-285584331 -396904687
29582 -3298
-495420293 -941769647
-962830890 930974140
-912702282 -518584476
-681211484 -116052460
495219598 -697836801
699482981 677973374
666579456 -428290829
480007603 -815282774
29593 -3271
-809880 -933755894
402010632 402117139
-722509024 603835994
29585 -3271
428564274 12579658
800166182 643418745
-498781094 555306414
29590 -3276
954017754 856461553
-811491260 -271969339
29615 -3267
-353854631 693822925
29618 -3248
-380356706 196637955
579830425 -277841726
29622 -3256
-505896627 -923872939
-489244176 -218986285
29602 -3288
29601 -3307
29573 -3287
-899888250 98503456
-549439672 -459906626
351610792 -559420015
-125799681 749132306
-302598299 -735356620
-558212265 275511272
-963002485 194460621
714761069 -241256057
363417447 306535045
118435991 -370661455
977537464 371101568
29567 -3251
-91689373 662945112
29565 -3255
29617 -3259
-90725148 -311177682
29603 -3299
-352865639 530033726
513483511 -826412532
-929547236 -163868142
-681211483 -116052459
-915645055 -585629598
-80685093 928302238
29598 -3296
620836085 -437981600
-334009297 -379006036
-958707719 -637851215
29591 -3251
-242182851 563277972
-368700565 680404672
-969617179 690448207
126872232 -316662862
714777101 28210573
29594 -3248
428564273 12579658
29618 -3250
29581 -3295
281112742 -9173222
-767518726 40035031
176552651 -708999413
152890944 880303876
29623 -3247
-470700283 63094552
-293366368 -193098080
-326243300 -852396925
389271781 -565226370
-963002486 194460622
351610793 -559420016
-368535645 -842768989
756807106 -95615255
29574 -3258
-31822798 -329342499
-547215849 408664536
29589 -3255
29606 -3294
-431117678 -391993784
251006948 808870906
-302328711 -499358398
29619 -3279
795172521 466820550
-912702283 -518584475
-431117678 -391993783
846452941 -951586604
-371111499 962026226
281741863 -172971616
-845617954 -461198454
29606 -3270
205702614 -411859594
670858594 624221185
29590 -3250
-198084583 -814955053
-986042534 -492586461
-559814819 -888826849
659367623 768999819
-124071532 -270638509
29594 -3254
360746190 507858427
-447899436 -672095605
29566 -3258
722569549 -635165
29590 -3290
-227804570 44913188
-571530388 -223899508
357190937 884263372
862239469 232100912
-703180308 -955948538
-37851929 -729215807
51129035 125211022
389271781 -565226371
281112743 -9173221
-497267586 223014800
44713448 -327360530
183816208 220523237
789699223 818881079
-78406293 573371385
29607 -3287
201798856 549689563
2813425 -166410874
-482702060 212691331
659367622 768999818
-822252538 -748142336
-616147650 -634412331
29599 -3247
-697849858 586095086
-558357225 -13364608
38692649 -587197913
-269263889 -977142809
-962204038 729057468
656791965 429588752
-214399809 -147051620
86176660 760141926
480007603 -815282773
101692147 -464072999
29598 -3308
800166183 643418745
29593 -3287
795172521 466820551
57638215 3333286
-265789697 -568473141
846452942 -951586603
-760994861 164951283
29597 -3247
816348865 -104668050
-239625774 677473207
331710468 -16733359
940240731 -913213778
29615 -3259
-96869643 -502490091
-78303950 145983346
-123804614 -79498170
-574780722 982311777
-289885069 335018937
-958707720 -637851214
-751549968 -8505137
656791964 429588752
-912702282 -518584475
-702436534 807242845
-259925824 -798607393
234351594 55227145
29585 -3255
29597 -3267
469150165 -760133244
29586 -3298
846527869 307728292
-222687611 146314029
29582 -3274
29605 -3307
29562 -3248
-874258181 -781139909
884568450 -294370453
29566 -3296
-882566747 -836788422
-19058442 -547192714
-189256674 -620660134
840978536 -618131425
-431096641 -38424924
29578 -3304
4045143 -939779725
29614 -3270
-368700564 680404671
795172522 466820551
606096023 933899418
893506464 -397007638
-5880887 -262824663
29583 -3291
-962204039 729057469
-926860022 -97019031
152890944 880303877
797511287 972354558
884021921 -889948769
-216066526 -242260020
754299787 713547253
263910694 786281581
-859461851 940142190
29581 -3247
226895940 -697914914
29567 -3275
29614 -3308
-969617180 690448208
-481334963 -432846315
-874258180 -781139909
-497267587 223014800
6527953 -13381349
29617 -3307
245117938 616527598
-543169180 -298429478
29567 -3295
892418726 648732619
914810209 -974734473
281741863 -172971617
495219599 -697836801
29583 -3275
-377146023 471512767
699482982 677973374
805544084 835504484
-760994861 164951282
29601 -3299
-144226774 282642229
120772184 239028651
-877088161 -57965586
29617 -3267
156593186 987188104
-66926633 238505582
740572029 -228131224
590235013 645876576
29594 -3266
195590761 -710548046
-340269429 -366345857
-877019040 61726306
38692650 -587197914
-866027662 110239517
29622 -3264
29609 -3287
29563 -3295
-193596197 -540579197
924502991 870579076
-787476080 -375781521
-962830891 930974140
44713449 -327360529
279314687 -164329356
-548517375 8753524
290304747 -137967771
29617 -3299
176552651 -708999412
889562580 -109889776
29589 -3263
969078268 575466812
29577 -3303
-234664097 720959838
-239772705 759931061
29577 -3287
165135169 670908844
-796360100 634349628
29595 -3259
-90868147 -567078227
163397503 -616756208
-866027662 110239516
29563 -3307
683543615 -926978761
-878037949 116808726
-520087729 635612822
-855189651 -271419602
786788837 -851336190
317095424 -838642109
756807107 -95615255
-86726399 323786898
884021920 -889948769
473388198 -398472965
-620903 94896898
193112535 587563706
247373579 -127619762
367671024 929443334
676242664 919989308
49083526 106096418
914810209 -974734472
239701181 -228594127
307643703 -779910271
-661196579 289948549
29607 -3263
-852108823 -31567740
918299005 -320598569
891073827 -480148404
-648160467 344567746
106136856 -923793288
-14508412 763250659
437928367 628584478
29599 -3295
29583 -3271
-365696320 -366857141
29585 -3279
587104046 -436678266
-85266343 -906855674
29615 -3307
29623 -3291
-304650291 -863447812
579710324 -148895586
-333857753 20510325
-322392374 -554409860
-193596198 -540579197
29595 -3299
969578833 398528180
29562 -3302
-340269428 -366345857
29582 -3278
29606 -3260
-689846564 -194012418
943468246 -355443541
298366745 68546047
-667296544 847051851
156593185 987188104
659367622 768999819
558441367 -214037327
-718509390 -893775264
232234612 982332669
656791964 429588753
29562 -3294
-785548359 -188829380
289676386 38570330
29606 -3302
121957244 828996055
6527953 -13381348
-482702059 212691330
666579455 -428290829
459832518 -595520142
-333857753 20510324
-935602366 8352980
-760994862 164951282
-24378648 230418218
29581 -3303
-144988040 372929642
-174352148 771622104
-796360101 634349628
190392724 -27126378
220239821 -898157304
565132024 -353264735
293412923 561538734
-887430810 -982699871
29591 -3279
29618 -3284
-135548038 117270186
-662028388 -805346624
29563 -3287
817728330 -542319912
-214045171 -629084887
329410582 -16211715
-876686569 -792884538
-586863237 -225055011
29619 -3283
309648893 709063354
29622 -3254
-627384573 -514816257
239680043 -583860494
29595 -3255
834665087 645913583
-90868147 -567078228
969078268 575466813
220239821 -898157303
29591 -3295
29614 -3298
446038878 -496993746
-178369049 -168456753
-61242056 -857589702
685106315 -432500431
56129747 420315373
109497515 -275755490
722569549 -635164
29617 -3251
-123804614 -79498171
-830915939 -325034947
336200956 292987619
-337500082 844149451
29578 -3286
29574 -3296
699584122 230366513
-350029800 947322758
267630292 702859960
-472260025 -381685479
29618 -3276
4636178 403810932
940857529 863375620
-271972467 744410171
-786853193 -644337948
29602 -3256
-245852890 -498006824
29571 -3287
-895068320 -497311620
-66080359 -570569636
-979209966 525750624
-877019040 61726305
29566 -3284
816348865 -104668051
264861387 -415273538
-124211571 -476790335
156593186 987188105
29582 -3276
579710324 -148895587
-979209966 525750623
-470700283 63094551
29607 -3283
-887430809 -982699871
590235012 645876575
-377458203 -480329198
374594660 -816606999
-982117728 368789458
-787476081 -375781522
-685772892 -447283818
245117937 616527598
-144094654 355699422
-665790192 394522957
226895939 -697914915
739130991 -825353580
29583 -3283
-754464948 391533076
29601 -3287
29598 -3268
29602 -3274
-334009296 -379006037
29613 -3287
-96869642 -502490090
29581 -3255
44713449 -327360530
765893177 142641106
417948625 -163490384
-263826530 214219923
595093189 692878828
-183672127 897041281
540194918 -711877305
-264588474 293145804
-64018853 -282576647
29615 -3263
-158331240 -547933470
-186772730 324797381
-822252537 -748142337
29590 -3288
-691713694 637405185
-695806961 561326612
570297068 556283893
-85772453 -823111857
29586 -3280
943468247 -355443542
29601 -3275
-702436535 807242845
826980860 346129214
29586 -3262
856418518 -963858431
-214399810 -147051620
234351594 55227144
-245852891 -498006824
29562 -3252
29623 -3299
501032316 359733702
242890106 -319406020
584340267 357128315
-10832884 260807184
-386237327 145288569
29591 -3263
29613 -3271
882431094 290326060
-923932648 -288768095
-866027661 110239516
24088166 915858903
29605 -3295
29610 -3300
29610 -3256
-144226774 282642230
-794570062 654764044
567840491 70800354
29582 -3280
-350036166 840346202
587104046 -436678265
52854128 -945905177
592496399 -1714568
29605 -3271
-774273333 331988474
924052985 -250237632
210169293 -502296480
-597936179 503102892
-883277115 108975291
-289885070 335018938
461874409 -637196458
-695621741 -620648142
-242182851 563277973
-352865639 530033725
29610 -3278
161445883 942087997
29610 -3276
29619 -3267
936249277 721912354
469150166 -760133244
590235013 645876575
29561 -3283
29578 -3298
-337566793 -40315999
29563 -3303
572483485 796189219
29571 -3247
-457120102 671913229
-7597981 942730731
29578 -3262
29607 -3291
-464437197 100082250
813436473 338883486
805544085 835504485
154309799 -882475205
-168207775 960867252
29609 -3271
357190936 884263372
604521066 233400882
786788836 -851336190
29583 -3295
-995673698 845214169
-270636331 -421455386
29571 -3279
-14508411 763250659
29563 -3263
-882566747 -836788423
-304650291 -863447811
518969770 -960671147
29618 -3256
53825279 343844150
-78303949 145983345
-66926633 238505581
29567 -3299
368650029 203694386
532132501 -925466870
-431096640 -38424924
245117938 616527597
-239625774 677473206
-508333920 434993723
29577 -3279
122361035 -974423196
-785548360 -188829380
634114406 -607539842
-851846972 74394723
-586863238 -225055011
-596495203 361665886
29619 -3303
29621 -3279
29591 -3299
29590 -3278
844675762 -755879806
-678190446 289350931
29594 -3304
237475814 257914278
749618269 -659314482
834665086 645913583
4636177 403810932
706058858 -470428338
-889168252 -119133313
29615 -3275
-127253778 -67539049
-319071266 -571105718
-278709761 -820123635
-889168253 -119133313
29566 -3272
800166183 643418744
529508693 73348661
-616147649 -634412331
21138 148261750
29570 -3298
-240852823 -213726182
29570 -3304
306352210 -203552421
29570 -3258
309648894 709063355
-622567439 989859943
-866027661 110239517
-914956569 248319561
912627332 992357435
786788837 -851336189
29562 -3270
-5880886 -262824663
837716623 393488413
-871125387 332121321
579830426 -277841727
357190936 884263371
721017070 -323345954
-285584331 -396904688
118435991 -370661454
27246386 308971269
959754413 635725252
338383289 464236351
29574 -3300
908749925 249287395
924502991 870579077
29611 -3279
-809879 -933755893
29614 -3258
-603015694 439517704
29570 -3254
29561 -3303
789162849 393994656
-648160466 344567747
-270636331 -421455387
29561 -3255
-507301106 -906631374
698163458 -24430024
29614 -3288
29595 -3263
746098504 313537279
384019595 821969314
-324311257 -592804928
29597 -3263
-296791138 228851000
4585893 -441329063
29615 -3283
738165800 132567265
239701180 -228594128
-80685093 928302237
29602 -3290
-571530389 -223899508
29622 -3272
-216066525 -242260021
-136034380 533254780
-897493253 -450971258
151044838 77900089
-125300510 548781522
672575225 -589115848
29562 -3274
-774273332 331988473
-30932071 -391296146
338690065 -822230357
-895265790 478760576
-551363782 -586151884
-283600965 725256163
972760596 187327746
-290244471 737017271
29606 -3278
-667296544 847051850
-518761184 -242634090
-377146022 471512768
29589 -3299
-520087729 635612821
29593 -3251
-681211483 -116052460
-147007436 792696230
29618 -3280
378445677 -517090497
29614 -3252
699482981 677973373
-159065979 -11773153
29577 -3259
589000200 -780272692
598657063 461367030
29603 -3303
29597 -3283
-493020268 740744882
-371111498 962026226
542105415 -814425738
195590761 -710548045
-326243300 -852396924
619575216 -154570414
-319071266 -571105719
29567 -3307
610541224 482464979
-529203591 345507322
29595 -3267
-142312362 245910009
686722183 955606087
-482702060 212691330
29619 -3287
-144804536 -837869116
210169294 -502296479
29573 -3279
-58971670 793565801
-135548038 117270185
-464437196 100082250
-681211484 -116052459
676516285 -923730293
470993915 163001947
756807106 -95615254
-290244470 737017272
53124548 -695923531
908749925 249287396
501032315 359733703
-386237328 145288570
29614 -3292
29590 -3298
29567 -3291
-602641420 879012343
81251976 -404660283
-124071533 -270638509
-431096640 -38424925
-78406294 573371384
-115590367 538397751
29597 -3255
-481947579 8334808
-234664097 720959837
-489244175 -218986284
29598 -3248
-701947290 440032166
-316353634 6961912
-239772706 759931062
-877935658 -311486891
-923932647 -288768094
-342635813 664027547
889562580 -109889777
277438122 508497395
-576715974 668786117
558441366 -214037328
29599 -3283
-722509025 603835994
-874258181 -781139908
-525363159 467121728
29581 -3251
29618 -3272
29606 -3292
-447899435 -672095604
-822414958 817015210
239701180 -228594127
729952460 -470101513
29606 -3264
338383290 464236352
29570 -3296
530476385 -842504265
640484169 -925115451
-470700282 63094551
-429751886 588944409
181129236 -256529157
29570 -3294
529508692 73348661
234351595 55227144
643758163 413810533
-493020267 740744882
-174424546 -445187889
830465243 926112633
29587 -3283
-145395155 -27001221
29563 -3267
163721388 531811693
-495529699 -633089450
29606 -3284
29595 -3279
-288550235 -852729334
548160868 27858230
-507301107 -906631375
29587 -3303
-214045171 -629084888
-501646264 -354982349
-37851928 -729215807
69190015 880924462
-583173511 -488855892
-860651785 268291081
-21248771 -852813411
-7597982 942730731
499379890 504714139
29601 -3295
-603015694 439517703
29562 -3298
29589 -3251
844675761 -755879805
-85266344 -906855675
-724971472 19661752
29563 -3275
-895068319 -497311620
429548424 -626663661
29587 -3267
732460636 882640033
-559814820 -888826848
-794570061 654764044
-493020267 740744881
378445676 -517090498
29586 -3272
69031633 366465028
88119639 -943948373
-507301106 -906631375
-125028403 827116577
817728330 -542319913
-350029801 947322758
-545727618 -348440811
29611 -3283
-144226773 282642229
737942079 667438905
29618 -3278
-144804536 -837869117
-144094653 355699423
197932927 -486537
-963947549 -656844497
29587 -3251
-525363159 467121729
29603 -3255
29587 -3287
-758644559 107961234
-61242056 -857589701
-479829722 -904047784
997290352 142059806
29594 -3276
29610 -3248
150034388 275136115
-108093369 -161092037
29587 -3263
-891003911 -906266262
121957245 828996054
293412924 561538734
29597 -3299
242965417 946329149
29602 -3302
215588467 383430957
29566 -3262
571179687 358092704
77474348 529255332
163721388 531811694
-455549842 -854014361
809438706 -279593425
29583 -3247
4585893 -441329064
50095742 -61475252
-894827445 -743892789
-597936178 503102892
29577 -3295
892418727 648732618
317095423 -838642109
-421908719 -235842455
384019596 821969315
290304748 -137967770
29565 -3247
862239470 232100911
29594 -3260
432476362 -808933576
-208063727 504876362
-865787366 -146089713
-241977303 214491281
635802715 -149417889
-242182850 563277973
-368535645 -842768990
29574 -3246
-505896627 -923872938
-340269429 -366345858
884021921 -889948768
522950414 -629980495
595093190 692878828
29562 -3280
-217834519 107835880
634114406 -607539841
29570 -3278
245117937 616527597
29586 -3268
-458077840 -392387000
29570 -3292
-852108823 -31567741
29571 -3271
86176661 760141926
-66080360 -570569636
595093189 692878829
-86264417 -501616216
29582 -3304
910963102 938914428
471078241 -567214617
-703180309 -955948538
29597 -3307
29606 -3254
29569 -3307
331710467 -16733359
643758163 413810532
11630529 -153715589
641777052 -670450533
-64018854 -282576646
-571621859 386231042
29609 -3251
21139 148261751
29571 -3251
-546300397 762297578
797569388 -51225074
943468247 -355443541
-548517376 8753524
-302328712 -499358398
65397566 -581756924
195627975 -85092348
29571 -3303
594988182 234308919
-979209967 525750623
797569388 -51225073
29590 -3254
-636993267 -946862790
29575 -3275
298366745 68546048
520187381 176380914
-912702283 -518584476
-871125386 332121321
29565 -3303
-147007435 792696229
-461934040 -779047797
846376414 -90309052
-915645055 -585629599
21139 148261750
-498781094 555306415
29574 -3298
29582 -3264
-664946603 -459662249
29619 -3263
-44188235 150671602
746098505 313537280
813785136 -243571607
29562 -3268
638564073 -983914218
29602 -3298
-302328712 -499358397
29611 -3255
-517064638 353927120
-163333312 -865878534
-865787366 -146089712
377858656 354282598
-227804570 44913189
795916292 82461058
-995820500 525396603
544065701 -80153641
29573 -3247
-72888977 961121382
-457120103 671913230
-774273333 331988473
360746189 507858426
29610 -3282
-9620144 -831508105
29602 -3270
29571 -3255
-719536068 -969283235
-876218717 627853084
518969769 -960671147
765893178 142641105
-64018853 -282576646
813785136 -243571606
-133050486 -856046290
797569389 -51225074
-719536067 -969283234
29582 -3262
-278709761 -820123636
724939408 -972587438
29613 -3291
-609660638 -67492885
29562 -3292
29603 -3295
-859461852 940142189
670858593 624221185
29615 -3279
-123804613 -79498170
29614 -3254
972760597 187327745
29570 -3246
-915645054 -585629598
993236625 730563629
996707590 870927062
-265789698 -568473142
-10832884 260807185
105866448 973910397
29582 -3260
29578 -3268
279314686 -164329355
-272196318 -870369939
583450636 437502435
-163333311 -865878533
-558212264 275511273
-899888249 98503456
316013729 308679656
29579 -3291
309605485 -20511709
-117479020 783865790
29579 -3307
29566 -3308
520105526 948127576
-431309212 683861573
548160868 27858231
997290351 142059806
-628665016 -560402095
-963002485 194460622
-891003911 -906266261
-139389118 -15268772
749618270 -659314482
-278709760 -820123635
28587818 -767901225
969578834 398528180
29621 -3307
-548445885 -937197694
-760994862 164951283
24088165 915858903
29613 -3259
118129663 923351598
571179687 358092703
29622 -3278
27246385 308971268
29570 -3264
29578 -3308
-690567818 568773487
29598 -3284
-145395156 -27001222
666579455 -428290830
29614 -3268
29618 -3300
67070139 -388093117
335564149 327573799
-208063728 504876362
461874410 -637196458
82487016 671464274
592496398 -1714569
110077628 884252306
29567 -3267
29591 -3303
29622 -3260
862239469 232100911
420946725 833469242
29569 -3303
643758162 413810532
-259925824 -798607392
-489244175 -218986285
88119640 -943948372
-271972468 744410172
338383290 464236351
223818803 -875732139
-571530388 -223899507
-85266344 -906855674
29623 -3267
737942078 667438906
-548445886 -937197694
-462856477 897439526
29593 -3275
-350036165 840346203
-492335552 -636135188
659811663 -357937682
-199634010 -936401175
804282794 -916098141
29599 -3263
29574 -3278
-992925925 -217605253
-464437197 100082251
240080119 -302217295
316013730 308679656
918299006 -320598569
29617 -3263
-905233462 455821738
29591 -3307
-627384573 -514816256
676516284 -923730293
11630530 -153715589
276922117 425952755
271053115 569867096
331710468 -16733358
-966120807 -675569705
-51476199 68411726
-786853194 -644337948
29570 -3252
-878037948 116808726
-633058214 765063572
-987872125 969732307
-441492490 -815300467
437195942 -943864263
29610 -3304
-217639042 -901749476
29606 -3250
184680329 601414973
29611 -3267
-302598300 -735356619
-264588473 293145803
756807107 -95615254
-819487759 622324922
522950413 -629980495
399610748 869472851
29594 -3306
683031297 -947572799
29586 -3278
165213345 -162670771
190392724 -27126377
638564073 -983914217
-10832885 260807185
-639495761 -56623314
-380356706 196637954
307643704 -779910271
-489244176 -218986284
754299788 713547253
176716067 -109967154
29566 -3292
739130991 -825353581
29613 -3247
-894686027 -514580917
-308676488 187752720
29602 -3282
29562 -3266
-648160467 344567747
26618297 490097681
29563 -3291
965257842 790059633
914810210 -974734473
-546468731 80591687
277438122 508497394
-991423499 -736152043
-283600966 725256162
29578 -3264
211301138 -806747194
29575 -3295
-90725147 -311177682
-493020268 740744881
-10314397 385083605
-877088162 -57965586
29602 -3294
797511288 972354558
-90725147 -311177681
685106314 -432500431
-171284828 784461815
33296692 58426590
-117479019 783865789
-239625773 677473207
29598 -3306
67070139 -388093118
-142312361 245910008
-512222252 135546843
-794570062 654764043
29609 -3259
271053114 569867096
29574 -3272
437928366 628584477
-61242057 -857589701
594988182 234308918
-495420293 -941769648
29603 -3283
29618 -3306
-139389119 -15268771
-265789698 -568473141
-159065978 -11773154
11630530 -153715590
-786853193 -644337947
316013729 308679657
-897493253 -450971259
-24378649 230418218
240080119 -302217296
-995820499 525396603
29598 -3266
125180821 -826920129
-94028221 8632422
724939409 -972587437
-272196319 -870369939
-457120103 671913229
29574 -3248
357190937 884263371
789699222 818881078
29579 -3299
728545367 -496776641
29599 -3255
29565 -3259
888216744 892964689
29615 -3255
-283600966 725256163
163397504 -616756208
29607 -3275
-620902 94896899
-822414959 817015211
