1000
592 944
0 0
0 0
0 0
565 0
0 0
0 0
0 0
0 370
0 520
0 372
134 0
672 78
0 0
0 0
0 0
0 369
281 412
425 935
0 0
982 641
0 0
0 0
0 0
0 203
0 0
0 778
892 0
744 756
833 891
166 0
0 0
996 0
0 0
0 0
0 0
0 0
0 0
0 0
838 737
0 806
0 0
84 772
0 896
0 0
320 91
248 741
0 0
421 491
0 0
0 0
0 542
0 0
0 0
0 0
312 0
0 136
0 0
717 0
410 991
0 0
0 0
308 758
59 154
419 106
0 0
0 0
967 510
0 20
0 0
43 796
237 379
8 450
0 0
495 618
811 787
925 409
530 601
977 0
776 456
290 644
686 0
0 158
0 0
0 924
558 681
498 887
0 400
447 0
0 0
873 475
333 829
0 420
213 0
661 539
0 0
342 549
0 902
0 805
330 416
0 41
569 0
326 0
442 0
0 0
0 793
140 152
0 417
256 985
0 0
0 0
0 0
378 0
344 210
0 762
189 619
0 0
536 690
0 0
0 0
685 0
302 0
476 937
390 504
986 186
393 65
613 0
0 0
149 0
823 461
0 0
0 0
0 0
0 0
0 742
0 700
975 0
0 337
639 102
0 871
0 584
173 472
600 0
0 453
971 376
904 291
509 981
0 679
0 0
0 0
994 0
788 0
0 0
0 0
119 374
942 655
0 0
0 0
861 39
0 0
196 740
0 0
0 0
573 0
242 331
190 782
638 205
669 519
0 332
0 0
0 0
0 0
0 949
0 0
0 0
0 0
46 770
990 60
777 0
0 0
922 880
911 477
0 0
552 675
931 94
941 591
883 633
769 562
517 810
0 0
855 176
0 0
0 430
411 201
0 0
927 304
0 0
0 0
183 643
429 0
227 843
170 882
0 0
0 0
274 836
0 0
0 317
0 612
220 436
292 512
0 0
0 863
0 0
0 0
0 0
0 0
0 729
132 576
0 0
123 234
404 0
0 500
955 807
0 0
449 0
0 0
760 812
0 7
0 0
634 0
0 0
0 0
553 364
0 0
0 28
387 159
0 0
11 76
0 540
428 798
0 0
502 0
0 0
915 427
0 0
0 566
386 0
726 818
0 0
0 0
0 0
345 0
319 523
329 645
692 593
4 0
555 215
365 0
245 440
0 486
217 0
921 392
0 0
0 0
719 384
0 0
585 77
0 840
0 0
315 110
0 455
0 581
705 0
0 734
0 0
978 0
0 0
0 786
244 727
0 0
885 660
0 0
0 487
294 188
104 595
0 0
0 545
0 938
462 0
482 501
0 580
124 780
910 12
0 0
0 535
0 0
268 300
18 0
0 211
0 0
0 0
0 900
698 17
67 180
261 783
175 995
0 0
0 908
578 61
82 128
125 236
0 0
338 664
0 0
0 0
711 0
586 0
649 508
0 0
0 395
208 0
0 62
162 0
160 0
0 0
465 622
0 525
118 116
204 138
473 979
0 0
0 801
570 0
243 483
0 488
0 0
92 433
767 919
701 0
0 554
79 0
0 0
0 0
738 652
0 0
131 179
334 458
0 451
0 0
832 250
0 755
0 0
0 0
45 630
37 0
0 693
959 568
0 397
0 602
557 0
853 68
899 928
785 888
753 682
0 0
259 550
0 0
0 66
415 29
0 0
481 96
0 0
0 479
238 795
86 674
0 0
150 358
0 0
984 920
262 403
0 0
184 0
804 953
316 0
0 0
837 0
589 615
169 322
287 0
768 0
890 934
271 438
0 279
313 122
0 0
352 0
0 0
688 824
872 0
583 255
266 0
0 0
223 743
0 0
0 969
0 463
0 209
721 870
0 0
202 232
722 841
582 0
747 893
0 0
0 656
484 860
0 0
0 0
480 0
214 0
623 112
0 0
648 0
0 0
194 389
0 0
121 172
0 0
0 354
0 0
0 0
71 163
987 518
30 659
298 494
0 0
0 0
0 24
0 0
40 251
654 0
827 0
821 356
192 0
0 0
35 0
0 0
651 423
0 0
0 362
799 0
0 668
0 0
0 222
0 55
0 0
139 117
547 0
0 0
999 0
212 414
171 963
0 34
894 847
0 789
120 225
528 0
0 834
830 691
0 739
0 0
0 343
529 0
57 493
0 0
0 323
0 0
0 0
0 820
733 0
16 299
604 394
625 385
673 75
575 0
0 93
0 0
0 0
746 0
0 0
816 0
164 181
130 0
0 318
496 446
267 151
0 0
790 0
0 0
115 0
848 357
0 0
74 108
0 0
0 0
240 0
335 951
0 0
878 5
0 226
0 0
522 0
588 168
0 0
197 153
443 560
441 285
0 0
64 297
993 0
144 489
0 957
945 0
939 0
0 0
0 0
0 0
0 709
0 0
0 167
819 750
9 282
950 0
0 53
325 0
0 507
599 155
434 363
353 859
0 0
0 468
252 0
0 0
0 0
0 0
327 0
0 0
422 148
435 748
0 930
0 0
0 865
0 761
0 0
0 0
407 850
0 0
0 0
0 424
624 671
230 398
0 0
845 85
2 842
50 852
0 636
815 851
913 133
193 0
0 912
0 0
349 3
0 0
0 0
0 0
0 642
514 492
21 321
0 111
814 0
0 0
0 0
49 432
764 0
637 351
0 263
684 109
0 879
216 126
0 662
759 0
713 52
310 988
0 667
766 976
33 608
0 0
856 0
792 877
444 373
506 708
0 0
594 598
0 293
0 0
405 0
452 95
0 90
0 253
448 147
0 901
617 141
0 0
0 0
765 224
0 658
0 0
382 0
961 983
640 239
587 347
324 0
381 0
0 0
0 0
0 0
0 0
515 0
0 0
0 0
69 0
0 0
0 0
295 864
161 305
157 653
932 0
0 0
605 0
0 0
696 0
0 936
0 0
775 19
825 185
826 906
0 0
0 0
0 113
187 849
0 257
0 0
626 0
0 182
272 368
0 0
0 0
0 0
0 0
0 0
0 0
0 0
531 278
791 219
1 718
0 699
956 0
0 736
31 831
63 0
677 137
284 720
241 0
348 606
0 0
200 0
0 784
0 828
0 898
0 10
0 0
289 0
145 380
966 0
0 0
0 0
0 0
247 763
614 375
254 0
114 328
0 1000
0 0
350 0
0 866
0 0
469 537
0 964
0 0
0 0
0 0
0 0
0 800
563 98
678 0
857 779
0 0
218 621
0 0
0 0
0 0
0 0
973 680
99 0
0 0
459 89
0 757
809 571
0 101
556 277
0 0
0 629
923 0
0 0
0 129
0 406
505 616
716 0
0 0
361 822
0 989
0 960
0 0
567 399
235 246
0 876
0 511
309 388
426 0
0 538
572 516
0 0
460 0
0 0
0 620
627 0
466 0
948 521
0 177
579 0
0 0
42 0
198 54
706 81
0 0
6 694
0 597
0 0
490 14
273 0
0 0
0 0
532 0
732 0
0 998
143 574
752 749
58 439
0 0
0 858
0 0
0 0
0 26
918 897
954 100
0 51
0 0
0 0
97 683
0 533
881 485
0 0
730 590
0 269
283 454
0 0
0 974
275 0
0 0
499 965
992 142
926 265
0 0
666 231
478 541
191 0
355 0
731 723
0 0
0 0
70 0
0 437
0 276
0 0
0 0
0 0
946 413
0 0
663 735
0 207
933 0
868 751
221 258
0 464
0 0
0 0
307 835
524 0
631 0
0 0
0 56
0 270
884 0
0 336
712 0
0 0
0 0
676 471
0 0
561 704
0 0
0 0
0 0
0 551
0 0
174 301
0 0
0 0
703 286
0 0
526 914
0 0
577 47
0 0
628 503
0 889
0 0
303 867
0 314
383 0
0 0
0 0
0 869
0 0
0 38
377 0
665 103
0 0
0 105
22 156
781 306
0 0
0 0
0 0
0 0
0 559
359 603
839 457
0 0
0 0
0 249
0 0
0 0
0 0
0 36
0 0
610 13
650 802
0 794
534 418
366 646
895 907
527 0
0 0
127 0
0 687
689 346
470 0
340 958
0 0
0 0
260 947
165 0
0 80
874 0
0 0
296 0
0 0
0 0
264 0
135 0
0 0
0 23
0 341
0 228
0 0
0 0
0 0
0 0
0 0
702 0
0 0
0 905
0 632
774 797
0 0
808 0
431 48
862 0
0 970
543 206
0 0
233 962
0 0
199 0
87 670
0 288
0 0
771 83
564 44
32 0
0 0
0 0
360 917
391 371
886 0
0 0
817 968
0 724
0 0
0 0
107 803
980 88
943 311
0 0
952 745
0 0
611 813
0 0
916 0
0 854
546 997
0 0
697 635
396 695
229 972
0 0
0 0
474 609
0 0
27 72
0 0
0 0
596 707
0 0
0 0
0 0
0 0
844 0
0 0
178 607
0 0
402 0
0 940
0 0
195 548
0 445
0 0
146 728
339 408
714 846
929 544
0 0
0 0
25 467
0 715
0 0
0 909
0 0
0 903
875 15
513 401
0 0
710 0
647 725
497 0
0 367
0 73
280 0
773 657
0
