4
-536870912
536870911
1
0
4
1
-1
3
4
5
2
3
5
7
77
801
4289383
6930886
9692777
10636915
-2252207
238335
7885386
9760492
12516649
-2358579
-6797638
-1509973
7368690
6520059
20897763
7513926
13180540
-3616574
8089172
15455736
-4994789
1595368
-1297433
22956429
8465782
21021530
14722862
1665123
-6825933
12703135
5513929
1979802
-4365978
19723058
17133069
-2101833
-4038607
1018456
12175011
16478042
3176229
13377373
19484421
18544919
-7586216
12898537
-1424802
13594324
13798315
14664370
1566413
16803526
20776091
8268980
15759956
5241873
1806862
2999170
14906996
-502719
23702305
-3579075
9477084
-4663673
20660336
-873495
-2249154
-7378271
4661313
17925857
13616124
12353895
3819582
9100545
6898814
4233367
-5484566
9990364
22344043
16313750
-2828913
-3573192
9117276
-6052822
12695788
-2606416
3705403
22502651
8392754
-5387601
-2000068
8095060
-4450324
11993368
7947739
-7789988
15636226
13698586
21348094
-3702461
4140795
7480570
16651434
15960378
21097467
-3933399
-7289903
23612902
10573317
19570492
15926652
12260756
23997301
-2439720
10724286
9209441
2953865
22429689
4228444
19346619
21558440
6744729
-41969
-6891883
-5261903
15905771
21834481
14890675
2120709
15698927
15704567
10777856
-820503
4872353
-745414
-3723035
5455306
-35317
-7593781
-7971376
-7948472
16332871
8805732
-7951171
18409503
-4469981
9258270
-2636632
-6040292
21486715
21226340
23518149
747796
-6299277
21142618
2245
14122846
15493451
22892921
-7756445
7192379
14597488
7537764
10888228
-4530159
14792350
15165193
5441500
22757034
12087764
5470124
19324914
936987
22275856
19373743
-4653509
22322227
1148365
709859
-7718064
-4848568
-5547449
20316437
3899228
-3846725
13975407
11901474
18276121
5468858
10794395
15036029
20661237
-2091765
-1426207
4065818
-2105572
21366143
-4768989
11335928
16639529
15318776
21322404
11964443
-7744237
16114613
3854538
-7881394
14436840
13002904
-2655182
11235128
12670688
-202631
4067917
-7430083
466996
-5956676
8987743
23259470
7512183
-7701510
14295499
689772
-1793275
17385644
12755590
617505
11268139
12502954
16469786
3907669
338082
10308542
20388464
-2889803
-1060493
-3240645
-2771196
21376348
14278611
2573622
5127828
2949299
6887343
17195746
35568
15354340
15755422
17023311
14613810
-732395
17321801
1425661
4473730
20044878
-5188695
-6770680
-6821264
14079444
10248626
17648522
22503465
18586708
473416
15408282
20213258
7412924
20167637
-6557938
1305624
6962600
532036
14433452
17911899
15419379
4145550
-6052532
3290071
-4099027
15487131
-6096119
-315070
8808933
-154106
12158660
1370163
2657199
13387981
2548899
21252996
-3847041
-7286227
16272813
22739668
1187190
7681095
18952926
13116466
365084
16911340
22422090
15327684
-6556624
12855542
5755936
13379107
21517445
4219756
-7330821
-6581582
-4293113
23089412
1103348
9032172
-4548341
21262009
18402336
2625210
7166342
-6532413
-121794
11319301
22697713
20667372
6575321
-3598745
864819
-1955401
17517721
9229904
22955939
15939811
-2926060
20915667
1311705
7346228
6811127
-1170850
19565984
3996658
-3236080
19789224
-397578
5867269
4821396
3054081
-354370
-4259916
13679292
14811972
-2792328
18073850
-1352375
-4094615
14741222
9739299
306640
23606042
15783898
22340713
5352298
11256190
14280524
6942590
4688209
20108581
22288819
19499336
-5062268
14371155
-504006
-3781996
10160379
3614769
10085273
22981776
14668850
14247255
-5278140
4348142
1575579
-3554116
-1578007
8223205
-3132379
17679567
-6037496
1690613
13801961
14262754
31326
-4845741
1518944
18828202
6613202
10723506
14936784
4902021
6222842
14390868
23789528
10235189
18608872
9949908
21849958
1210498
5448036
12518808
23457753
4686248
21383303
1033333
9132133
-7678352
13772890
13999754
14517567
12251746
23690368
4319529
2514500
-3761954
7473788
8549797
23066249
22086990
-4726697
14003033
-494637
6012497
910253
-705108
-7752314
-4480875
13761152
18613996
1245975
-4790812
3649157
703729
7895436
1032460
6253414
21543921
-2129540
-3973696
8060028
20388027
16278050
4266748
707556
23308902
8504794
12697697
7858699
7571043
7301039
11132002
-5909572
14806403
-6855500
3000681
18617647
21908538
3036159
4895151
16522535
12282134
8104339
-3828308
17502215
20516127
1720504
-244371
18060049
7590964
298285
-1363571
495343
-7423665
10903177
9202900
23885238
-4592029
-5583051
4260289
7495367
9717988
23392292
9585795
-2959257
21053144
17102829
23658390
18961682
-7344660
4553541
8000569
9453826
17174232
12172261
2956042
13690360
18409117
7228023
4266761
2000081
15526309
10903190
10495425
12618996
-2193633
-7785323
12504234
-2269310
-5368374
-7235476
13226057
12349614
20673168
-4671795
17390358
17726312
16947386
13565100
9204346
17602726
22634994
-6795084
3056552
12325578
9893529
10528946
-1467710
4302647
-6243030
10799051
10819080
13799631
-5781407
-6169143
2418627
-3458688
22561886
19439214
-1211645
-6806488
16720090
20014412
10059479
9909610
19858969
-33811
152274
12806355
18047641
17356620
2925433
13198987
15077888
10498338
1524566
-2512230
-2972716
8056856
9790417
-4699394
23372260
-6874151
17100237
22107205
23473059
-7964783
-5351482
22034945
15990783
1436873
23228458
8710873
-6032363
5804289
-5379517
21826607
13770478
2772757
7149314
4334471
-7354271
14591100
-6466541
15723618
1089438
3058025
21211388
2633074
15631233
3518157
5933681
15003493
1160358
-4449730
13110699
633417
-7898161
12275569
-1331637
16092622
18228794
-5586827
-2680153
20196431
8217462
-3543318
14539390
-5495708
3745791
-5794943
3355115
4391521
16796157
4888574
-7368509
22401947
12462951
18359231
1035021
610537
-5606260
11485054
23614030
3554098
15035325
9241081
12187516
11653516
-5966998
15372231
3746139
20261796
17785404
5582338
12974580
-1480782
10039021
3513970
-2460138
21784812
2235379
8894977
-1307315
-4968464
18299904
-675824
-6566517
3279207
22199759
-1015143
11889744
-7406501
18469911
8020127
663950
9505236
21777560
17367818
-6324895
23810563
8740049
5421244
16588711
-958195
15519934
5563291
2077375
1558955
13593614
4133589
-656232
23828993
17544918
2552805
23376882
11844822
9876982
21326717
23124030
4593093
-3688426
7530126
5186593
22781486
23550253
13850543
4803074
21327814
3734713
6478179
21138377
20474762
16415775
13727088
-7967081
7935710
23806732
2110294
14011017
13400346
10760235
17871137
9745691
4305153
-3576057
9122573
20666328
14300925
6449291
16306710
-5105982
7277217
-163164
4596963
2575055
-612910
22963858
15378130
-3285096
2698571
-5627339
22369633
-4310315
15304789
8613073
-4277396
-4243149
8419805
2349250
17767868
-5663497
21109485
11639006
12082195
1414639
16062949
-6278880
-1919033
2880226
4686763
22387677
2290596
19963981
-5259135
14887560
-1460964
2127955
10367770
18433518
3359211
21066342
17322532
-1754804
21272379
8627321
14858270
-7005016
12384172
-4205573
3344234
6152040
-5352717
-3029928
22307398
11245830
2901063
14370347
12966950
8982030
-6749427
-6346286
3886059
57522
18134047
6626924
22945082
21189435
13271232
5829204
15622954
-7369557
-588102
8945486
-1124360
-3315722
22089159
18250262
-2320738
6989683
18561041
5539848
21141723
21208324
7026272
602
19449122
8454154
17927335
6335821
-6062543
2909365
4102747
-4408829
11311776
12160269
21725218
-6061299
7621703
18914653
15209933
21450907
7053959
12356728
-3137194
20515797
15748720
1547084
15121308
6515334
3742698
-1889009
1076376
13798898
-4747285
-5198948
-3174829
19218189
7771559
22752506
1554010
9709016
-1821776
10173109
9816539
17490000
-1666622
4058109
15945053
13955081
-4510886
3671338
11405989
7059426
-7971933
12785147
3575223
15776787
22332231
-5303468
-1707878
-1408719
-2676125
3884850
20390179
576590
3202254
-6784650
-7688869
18973813
23967857
-1618506
1199181
-1853919
16554603
19015720
20152433
22887982
-4409819
12097487
9359415
-920704
23768825
-3234596
14138722
23796892
17550551
22230297
12090032
12399134
21443181
14898506
18990415
-5232943
23299708
15380595
-140001
2501962
13112297
-3312517
-2524224
13080154
3068977
3191309
15742587
-7860068
-5276618
11895021
19544266
-1686437
-3491140
4903682
1909211
-3722315
9669086
20564285
-7409070
-264010
18794583
9197314
16651476
12754116
95820
11641892
12037525
-604472
-461161
19897525
9897490
20651136
21101360
11889618
6247643
170337
23080928
-5493418
-3173379
-6195690
10917955
-7629112
-3365775
15426815
5274570
6543437
16220853
19460008
3107722
16811783
23712350
-5581343
2009097
16363827
11689126
6621269
522071
-273349
10533149
8060910
-7859472
-3569361
1228398
21241888
12836610
11992393
-6071423
8433890
14498976
-1244801
6754552
1416931
-873913
11388777
21360099
12400657
22448566
13580952
4377017
-1927359
6392735
4089368
491298
12918184
-3546805
16696776
-7944195
4975266
-7576572
10588954
17552528
21080308
15019593
23297278
18322197
372555
11289672
20250774
16806445
-1695000
23522325
-439003
4238283
-1351588
15466127
1598382
15565421
13914693
23179334
-4057561
19987334
2088421
4548159
-7005015
19522957
9001354
17691761
19578762
18492972
14631541
6167716
8561852
11711850
-6296338
4375482
2550399
2076217
23665154
-1198827
23399015
-5513494
-5160149
-4523636
6724790
1488263
18942491
16323172
21570037
5373537
12018859
22028828
1360871
22107280
2576987
2355856
14146590
19578341
-7436030
9725352
10587665
15195511
23893069
-4850483
2907361
22113083
4041351
9974112
189300
3706506
13291638
-3895333
2709364
16131489
-418968
17434154
22136104
23039875
6273679
19706141
4413412
-5707462
17734969
10290636
20916170
-3688044
17162844
11062760
20406649
17726814
-6695535
6994314
8922326
21713886
6660183
16346039
19826969
18701535
2320152
-7467379
-5075607
23611790
-3362711
2150109
12259631
734673
-4415736
10395735
-225452
6374295
6101877
8704313
8666833
-3646802
-5005051
2099355
665155
20157793
17678468
-6411844
10400960
18982933
5098823
-4676714
13213171
16275358
16185677
9040140
7493245
23022181
9572761
6933990
19150323
14210050
17084100
7409954
19461075
20668364
22322042
-4764376
3042659
4423919
8456289
16225844
5293469
11451238
22841551
10474976
4125383
16520019
12063133
22526343
8019304
-6838044
22365981
-2767525
13953666
11068011
10788967
-2553088
10090192
-3638271
12380902
1756868
15088131
5465002
13683174
10549207
-1350282
12005216
10301183
9692377
20945487
-5242528
-1565427
2238957
10725062
-2723875
20713933
19366797
18312496
5293418
17893141
-1151847
2971726
12775474
596980
-7074607
-156515
19385948
-1627695
14450030
20264029
15269559
-7793102
11352160
-3265438
10406424
-5582281
3384280
-1588359
12718902
17593010
23873480
11992726
-7972417
-1371211
-4765860
-2696292
-4657277
22600938
20132557
5152493
13010431
-5019290
16124220
1785905
3577690
17049613
9629391
-1036362
19938270
79421
-4772333
11207829
-3197329
11096180
12458743
15209095
13513899
23843024
18137088
-1250846
13952386
18010569
15258232
13979969
21155710
18492373
15800030
-7501567
13609663
11932587
2167279
2620094
11429649
-5708501
8922351
23007339
15857464
-5448258
-5512670
8312086
-852485
-5768651
-4480085
3950186
9843881
12495011
23675634
-4125867
8854387
17812722
2623287
-1193227
8339643
-6118481
20786742
5495354
16890244
9103124
2510139
3016259
-6447937
12677418
13636353
12981712
11485269
-1441295
8505404
3342733
-2373201
10992734
19654819
4774315
9740435
19691087
13240853
-7899331
4702450
12916487
-4025198
21556837
3245562
6598089
-3636390
19585205
4995960
21666704
-2403089
-5597443
6769829
4623403
5418816
8321892
-6699179
23571522
-2696395
9302443
-5353421
10325361
17161528
273378
-6165553
9332700
9564045
11574882
5023787
-1195101
11675551
14242589
19721386
15650353
11799426
-1033052
-5235206
16163036
23068506
4277107
10346092
-3334583
6679664
-6884079
9288820
20098480
5954166
7105994
16186354
7774123
-7591563
18832933
-5900516
14086317
-4893688
-4066069
-580983
9186709
12025165
8959156
15991608
-3782931
-798255
11712995
19867422
19001171
15196295
19148569
7680559
14264801
-574324
-5973348
15446571
14105340
23658925
-2748257
6720172
5613091
8874089
-1093473
17903566
5798878
22255812
20003050
-4114804
-6637876
20453333
3304213
7065186
8478499
20263370
-943206
12695568
-4534885
15286141
5079342
18982639
6482437
-3255737
2663198
-6736410
4169939
1206202
13226513
22791631
865128
18478257
5511804
10994571
3352346
8934683
4898138
17151225
7190495
-2582460
21036421
5068972
22387226
340634
20134158
6865725
-6879644
-4809048
-7922355
-3414528
14993446
1673339
23568111
-2524117
6417603
-1252339
-4744175
403
18587542
4470216
16482339
17379174
13335344
10960596
-4592670
-3153733
18829294
12342013
6260757
11980519
-7951140
8194650
5533292
5117832
6581876
10390279
1251990
17963953
11510635
959295
18041598
16096107
23952741
-4285063
12180570
-6055024
10132540
15444584
-2799199
4720083
-4085200
18199492
-5384391
13766496
1676440
-1977061
18612763
-3494265
14881304
-2610127
13002606
14930164
13584523
23052251
-7435651
-7317249
9442530
1816339
18646704
-3046835
7291986
12688302
17565625
3761079
12919591
2262547
2222407
-4431516
-6292869
3939561
4804919
-2378069
-1860947
7420528
19388427
7815494
9959819
10517543
8837581
841123
12423768
-2159813
20287639
-1475357
-3107562
20851988
-792606
10851320
-4815320
-6145902
15804486
6993018
11058752
5886463
18754098
-3505305
16149010
-3023495
63179
17856142
8916066
12868098
19994425
11571472
-7195022
15382853
-4613034
10764797
-1583252
12224547
16122272
18840516
14581086
12409912
-6634841
15989877
9261900
572553
2841197
8962932
-1056997
23162035
23955951
14518107
5048498
18710049
15529154
-6286139
20202906
23592334
19570003
1635325
8976784
15564428
21206797
9781763
3463633
21110115
-3453440
9880381
5851014
17185185
4720897
-3567900
5595097
2602408
16938329
19373349
7691313
-7704121
852634
14634316
23457914
808585
1668775
1022765
-7965014
-6802070
2736626
20237892
21306616
-1693371
-5610431
2799752
18387409
23596366
20581515
-5632605
17222833
21644428
12247776
-926153
14829613
21485026
22300
-7058938
-3396214
-7039371
16830763
12295100
-6743492
-6316603
2929416
21230775
2491982
9114544
-1746460
-956680
6828826
5506518
23797565
651794
8329499
-5812866
11451546
2716908
22299853
8033062
5084303
15522686
2193842
21848432
22596534
21539807
15849810
-1381166
22480869
20453596
-3904185
11827984
8748696
-2647676
13511382
16194465
23099451
20519716
-2174639
-6130657
-4436963
12654187
7375861
-4639398
21305981
23705360
-5935912
5273879
-1061380
-7636059
17823293
12022924
15886628
-3982865
6387708
14483162
-6443058
-5246130
21101996
20554163
23207466
-6802189
4898500
4472515
-4933513
22926234
-6816668
22682290
19445950
-991307
-7448367
19525339
19662880
7927494
19402293
13485213
7632854
21466382
23275444
14571475
21830323
17098738
-889249
13716951
21115873
10014811
716465
19189168
12768681
-5665187
12259683
8492499
-7951023
21674535
20965014
-4884536
20600769
22148346
22314107
12563072
-6326609
22865740
8088411
17852623
3309587
7057
7337836
15458793
-2526561
6613281
2546620
23820114
-3771629
9657371
10053418
21860596
-7811466
18769883
17049764
9473567
21104697
1825800
-6033933
21153674
-499665
19447433
20785490
-7382543
14112132
15615949
13180529
15785523
14481690
-6214708
9638147
22307629
1792349
21492335
13766422
3782140
621968
-7686957
3602255
4850339
6486766
18172025
2710936
3191653
9458260
-7722948
20665220
6562957
-1380796
22631287
232983
6119540
18078721
-6465174
6736997
4707205
13667127
-7566122
-3507272
665169
-5780830
10647227
-1027202
4011520
8139563
20739221
15793660
13277883
17568616
23912267
-5871777
55382
18084292
1355511
11247035
3542553
1632563
4428608
14621862
8251768
3059895
19371198
18887660
-6345032
17422376
-1858991
6362173
7089503
-1425113
7371254
15754673
794057
-5981519
19243823
9321929
6674396
15983044
-2368058
-4047720
6068012
-2455791
-5403145
10639747
20144854
3952366
-5596866
-3796241
10101281
6831742
15341973
22869401
17891638
10713171
14273413
16062958
651899
20414422
-5058516
12257755
23505661
6829090
528780
-3183929
5363923
-4227397
14138000
20038320
16272000
19769942
204
20506952
-1659988
21830504
23103807
16979759
17975358
-427475
19382894
22179117
14190158
2214636
13521090
13059560
-7377374
-3249386
3332973
13201937
1918865
-3736252
16143421
22176620
-4230591
-4511137
-1294600
-2898168
8852786
2478004
19239833
1407458
23266356
11526127
-2085590
-2393632
9356631
-6465431
22586128
-151659
-2376554
14485374
-1972542
19813605
-7299990
16064901
8873165
21838989
17331867
16722490
11040926
-4749268
20986238
-299301
21943705
21272000
3189562
-6834543
-5626168
20042348
3643461
18130017
-2550193
-573831
2172497
-119431
5032538
19529128
1415139
135018
-4622530
7038585
22620392
-2078720
-631458
19836754
18502533
16241707
17675743
11834400
5480550
1233021
11601485
2466788
8933720
9545190
-3744860
16639634
10710647
-4854675
12681983
18870461
17791694
14648142
-5703370
-4035809
19045063
3845520
23493320
-7023446
11980538
23387142
4531492
10600930
-2691578
11900034
6437685
20327308
658094
-3370220
8161708
14138644
5862802
-7720455
21121784
22796522
6341087
-6623075
15436157
-6948265
-6961398
634492
16438548
18830296
19798986
15251530
19310840
14844049
-4902949
15320512
12336956
15077589
14707654
-7131552
-1805128
16532428
12768482
12632557
9376088
21426576
17262337
-6462203
11565220
-874861
22333694
8687005
-5561986
4674782
6580282
14390523
2242869
4135236
23025015
-5318583
-4518116
15340353
14449299
22792724
2700754
17546350
14113236
23037710
5140292
1337242
23906158
11335164
22386023
12674641
-32279
7762111
6617569
21746410
5816260
-5817210
-6612098
4149955
7386147
-4174084
13341089
18482781
18216439
23583958
-1381983
13757806
-5734625
2099901
1614511
16714674
-2591022
12315265
6777377
16038566
11352976
19917669
21892161
11259134
7252833
16794536
-3549873
11736906
-2927001
11067697
9483316
10889260
9766839
7387570
19555567
0
