500 481 7500
1 1 33 R
1 33 33 R
1 65 33 R
1 97 33 R
1 129 33 R
1 161 33 R
1 193 33 R
1 225 33 R
1 257 33 R
1 289 33 R
1 321 33 R
1 353 33 R
1 385 33 R
1 417 33 R
1 449 33 R
2 1 33 R
2 33 33 R
2 65 33 R
2 97 33 R
2 129 33 R
2 161 33 R
2 193 33 R
2 225 33 R
2 257 33 R
2 289 33 R
2 321 33 R
2 353 33 R
2 385 33 R
2 417 33 R
2 449 33 R
3 1 33 R
3 33 33 R
3 65 33 R
3 97 33 R
3 129 33 R
3 161 33 R
3 193 33 R
3 225 33 R
3 257 33 R
3 289 33 R
3 321 33 R
3 353 33 R
3 385 33 R
3 417 33 R
3 449 33 R
4 1 33 R
4 33 33 R
4 65 33 R
4 97 33 R
4 129 33 R
4 161 33 R
4 193 33 R
4 225 33 R
4 257 33 R
4 289 33 R
4 321 33 R
4 353 33 R
4 385 33 R
4 417 33 R
4 449 33 R
5 1 33 R
5 33 33 R
5 65 33 R
5 97 33 R
5 129 33 R
5 161 33 R
5 193 33 R
5 225 33 R
5 257 33 R
5 289 33 R
5 321 33 R
5 353 33 R
5 385 33 R
5 417 33 R
5 449 33 R
6 1 33 R
6 33 33 R
6 65 33 R
6 97 33 R
6 129 33 R
6 161 33 R
6 193 33 R
6 225 33 R
6 257 33 R
6 289 33 R
6 321 33 R
6 353 33 R
6 385 33 R
6 417 33 R
6 449 33 R
7 1 33 R
7 33 33 R
7 65 33 R
7 97 33 R
7 129 33 R
7 161 33 R
7 193 33 R
7 225 33 R
7 257 33 R
7 289 33 R
7 321 33 R
7 353 33 R
7 385 33 R
7 417 33 R
7 449 33 R
8 1 33 R
8 33 33 R
8 65 33 R
8 97 33 R
8 129 33 R
8 161 33 R
8 193 33 R
8 225 33 R
8 257 33 R
8 289 33 R
8 321 33 R
8 353 33 R
8 385 33 R
8 417 33 R
8 449 33 R
9 1 33 R
9 33 33 R
9 65 33 R
9 97 33 R
9 129 33 R
9 161 33 R
9 193 33 R
9 225 33 R
9 257 33 R
9 289 33 R
9 321 33 R
9 353 33 R
9 385 33 R
9 417 33 R
9 449 33 R
10 1 33 R
10 33 33 R
10 65 33 R
10 97 33 R
10 129 33 R
10 161 33 R
10 193 33 R
10 225 33 R
10 257 33 R
10 289 33 R
10 321 33 R
10 353 33 R
10 385 33 R
10 417 33 R
10 449 33 R
11 1 33 R
11 33 33 R
11 65 33 R
11 97 33 R
11 129 33 R
11 161 33 R
11 193 33 R
11 225 33 R
11 257 33 R
11 289 33 R
11 321 33 R
11 353 33 R
11 385 33 R
11 417 33 R
11 449 33 R
12 1 33 R
12 33 33 R
12 65 33 R
12 97 33 R
12 129 33 R
12 161 33 R
12 193 33 R
12 225 33 R
12 257 33 R
12 289 33 R
12 321 33 R
12 353 33 R
12 385 33 R
12 417 33 R
12 449 33 R
13 1 33 R
13 33 33 R
13 65 33 R
13 97 33 R
13 129 33 R
13 161 33 R
13 193 33 R
13 225 33 R
13 257 33 R
13 289 33 R
13 321 33 R
13 353 33 R
13 385 33 R
13 417 33 R
13 449 33 R
14 1 33 R
14 33 33 R
14 65 33 R
14 97 33 R
14 129 33 R
14 161 33 R
14 193 33 R
14 225 33 R
14 257 33 R
14 289 33 R
14 321 33 R
14 353 33 R
14 385 33 R
14 417 33 R
14 449 33 R
15 1 33 R
15 33 33 R
15 65 33 R
15 97 33 R
15 129 33 R
15 161 33 R
15 193 33 R
15 225 33 R
15 257 33 R
15 289 33 R
15 321 33 R
15 353 33 R
15 385 33 R
15 417 33 R
15 449 33 R
16 1 33 R
16 33 33 R
16 65 33 R
16 97 33 R
16 129 33 R
16 161 33 R
16 193 33 R
16 225 33 R
16 257 33 R
16 289 33 R
16 321 33 R
16 353 33 R
16 385 33 R
16 417 33 R
16 449 33 R
17 1 33 R
17 33 33 R
17 65 33 R
17 97 33 R
17 129 33 R
17 161 33 R
17 193 33 R
17 225 33 R
17 257 33 R
17 289 33 R
17 321 33 R
17 353 33 R
17 385 33 R
17 417 33 R
17 449 33 R
18 1 33 R
18 33 33 R
18 65 33 R
18 97 33 R
18 129 33 R
18 161 33 R
18 193 33 R
18 225 33 R
18 257 33 R
18 289 33 R
18 321 33 R
18 353 33 R
18 385 33 R
18 417 33 R
18 449 33 R
19 1 33 R
19 33 33 R
19 65 33 R
19 97 33 R
19 129 33 R
19 161 33 R
19 193 33 R
19 225 33 R
19 257 33 R
19 289 33 R
19 321 33 R
19 353 33 R
19 385 33 R
19 417 33 R
19 449 33 R
20 1 33 R
20 33 33 R
20 65 33 R
20 97 33 R
20 129 33 R
20 161 33 R
20 193 33 R
20 225 33 R
20 257 33 R
20 289 33 R
20 321 33 R
20 353 33 R
20 385 33 R
20 417 33 R
20 449 33 R
21 1 33 R
21 33 33 R
21 65 33 R
21 97 33 R
21 129 33 R
21 161 33 R
21 193 33 R
21 225 33 R
21 257 33 R
21 289 33 R
21 321 33 R
21 353 33 R
21 385 33 R
21 417 33 R
21 449 33 R
22 1 33 R
22 33 33 R
22 65 33 R
22 97 33 R
22 129 33 R
22 161 33 R
22 193 33 R
22 225 33 R
22 257 33 R
22 289 33 R
22 321 33 R
22 353 33 R
22 385 33 R
22 417 33 R
22 449 33 R
23 1 33 R
23 33 33 R
23 65 33 R
23 97 33 R
23 129 33 R
23 161 33 R
23 193 33 R
23 225 33 R
23 257 33 R
23 289 33 R
23 321 33 R
23 353 33 R
23 385 33 R
23 417 33 R
23 449 33 R
24 1 33 R
24 33 33 R
24 65 33 R
24 97 33 R
24 129 33 R
24 161 33 R
24 193 33 R
24 225 33 R
24 257 33 R
24 289 33 R
24 321 33 R
24 353 33 R
24 385 33 R
24 417 33 R
24 449 33 R
25 1 33 R
25 33 33 R
25 65 33 R
25 97 33 R
25 129 33 R
25 161 33 R
25 193 33 R
25 225 33 R
25 257 33 R
25 289 33 R
25 321 33 R
25 353 33 R
25 385 33 R
25 417 33 R
25 449 33 R
26 1 33 R
26 33 33 R
26 65 33 R
26 97 33 R
26 129 33 R
26 161 33 R
26 193 33 R
26 225 33 R
26 257 33 R
26 289 33 R
26 321 33 R
26 353 33 R
26 385 33 R
26 417 33 R
26 449 33 R
27 1 33 R
27 33 33 R
27 65 33 R
27 97 33 R
27 129 33 R
27 161 33 R
27 193 33 R
27 225 33 R
27 257 33 R
27 289 33 R
27 321 33 R
27 353 33 R
27 385 33 R
27 417 33 R
27 449 33 R
28 1 33 R
28 33 33 R
28 65 33 R
28 97 33 R
28 129 33 R
28 161 33 R
28 193 33 R
28 225 33 R
28 257 33 R
28 289 33 R
28 321 33 R
28 353 33 R
28 385 33 R
28 417 33 R
28 449 33 R
29 1 33 R
29 33 33 R
29 65 33 R
29 97 33 R
29 129 33 R
29 161 33 R
29 193 33 R
29 225 33 R
29 257 33 R
29 289 33 R
29 321 33 R
29 353 33 R
29 385 33 R
29 417 33 R
29 449 33 R
30 1 33 R
30 33 33 R
30 65 33 R
30 97 33 R
30 129 33 R
30 161 33 R
30 193 33 R
30 225 33 R
30 257 33 R
30 289 33 R
30 321 33 R
30 353 33 R
30 385 33 R
30 417 33 R
30 449 33 R
31 1 33 R
31 33 33 R
31 65 33 R
31 97 33 R
31 129 33 R
31 161 33 R
31 193 33 R
31 225 33 R
31 257 33 R
31 289 33 R
31 321 33 R
31 353 33 R
31 385 33 R
31 417 33 R
31 449 33 R
32 1 33 R
32 33 33 R
32 65 33 R
32 97 33 R
32 129 33 R
32 161 33 R
32 193 33 R
32 225 33 R
32 257 33 R
32 289 33 R
32 321 33 R
32 353 33 R
32 385 33 R
32 417 33 R
32 449 33 R
33 1 33 R
33 33 33 R
33 65 33 R
33 97 33 R
33 129 33 R
33 161 33 R
33 193 33 R
33 225 33 R
33 257 33 R
33 289 33 R
33 321 33 R
33 353 33 R
33 385 33 R
33 417 33 R
33 449 33 R
34 1 33 R
34 33 33 R
34 65 33 R
34 97 33 R
34 129 33 R
34 161 33 R
34 193 33 R
34 225 33 R
34 257 33 R
34 289 33 R
34 321 33 R
34 353 33 R
34 385 33 R
34 417 33 R
34 449 33 R
35 1 33 R
35 33 33 R
35 65 33 R
35 97 33 R
35 129 33 R
35 161 33 R
35 193 33 R
35 225 33 R
35 257 33 R
35 289 33 R
35 321 33 R
35 353 33 R
35 385 33 R
35 417 33 R
35 449 33 R
36 1 33 R
36 33 33 R
36 65 33 R
36 97 33 R
36 129 33 R
36 161 33 R
36 193 33 R
36 225 33 R
36 257 33 R
36 289 33 R
36 321 33 R
36 353 33 R
36 385 33 R
36 417 33 R
36 449 33 R
37 1 33 R
37 33 33 R
37 65 33 R
37 97 33 R
37 129 33 R
37 161 33 R
37 193 33 R
37 225 33 R
37 257 33 R
37 289 33 R
37 321 33 R
37 353 33 R
37 385 33 R
37 417 33 R
37 449 33 R
38 1 33 R
38 33 33 R
38 65 33 R
38 97 33 R
38 129 33 R
38 161 33 R
38 193 33 R
38 225 33 R
38 257 33 R
38 289 33 R
38 321 33 R
38 353 33 R
38 385 33 R
38 417 33 R
38 449 33 R
39 1 33 R
39 33 33 R
39 65 33 R
39 97 33 R
39 129 33 R
39 161 33 R
39 193 33 R
39 225 33 R
39 257 33 R
39 289 33 R
39 321 33 R
39 353 33 R
39 385 33 R
39 417 33 R
39 449 33 R
40 1 33 R
40 33 33 R
40 65 33 R
40 97 33 R
40 129 33 R
40 161 33 R
40 193 33 R
40 225 33 R
40 257 33 R
40 289 33 R
40 321 33 R
40 353 33 R
40 385 33 R
40 417 33 R
40 449 33 R
41 1 33 R
41 33 33 R
41 65 33 R
41 97 33 R
41 129 33 R
41 161 33 R
41 193 33 R
41 225 33 R
41 257 33 R
41 289 33 R
41 321 33 R
41 353 33 R
41 385 33 R
41 417 33 R
41 449 33 R
42 1 33 R
42 33 33 R
42 65 33 R
42 97 33 R
42 129 33 R
42 161 33 R
42 193 33 R
42 225 33 R
42 257 33 R
42 289 33 R
42 321 33 R
42 353 33 R
42 385 33 R
42 417 33 R
42 449 33 R
43 1 33 R
43 33 33 R
43 65 33 R
43 97 33 R
43 129 33 R
43 161 33 R
43 193 33 R
43 225 33 R
43 257 33 R
43 289 33 R
43 321 33 R
43 353 33 R
43 385 33 R
43 417 33 R
43 449 33 R
44 1 33 R
44 33 33 R
44 65 33 R
44 97 33 R
44 129 33 R
44 161 33 R
44 193 33 R
44 225 33 R
44 257 33 R
44 289 33 R
44 321 33 R
44 353 33 R
44 385 33 R
44 417 33 R
44 449 33 R
45 1 33 R
45 33 33 R
45 65 33 R
45 97 33 R
45 129 33 R
45 161 33 R
45 193 33 R
45 225 33 R
45 257 33 R
45 289 33 R
45 321 33 R
45 353 33 R
45 385 33 R
45 417 33 R
45 449 33 R
46 1 33 R
46 33 33 R
46 65 33 R
46 97 33 R
46 129 33 R
46 161 33 R
46 193 33 R
46 225 33 R
46 257 33 R
46 289 33 R
46 321 33 R
46 353 33 R
46 385 33 R
46 417 33 R
46 449 33 R
47 1 33 R
47 33 33 R
47 65 33 R
47 97 33 R
47 129 33 R
47 161 33 R
47 193 33 R
47 225 33 R
47 257 33 R
47 289 33 R
47 321 33 R
47 353 33 R
47 385 33 R
47 417 33 R
47 449 33 R
48 1 33 R
48 33 33 R
48 65 33 R
48 97 33 R
48 129 33 R
48 161 33 R
48 193 33 R
48 225 33 R
48 257 33 R
48 289 33 R
48 321 33 R
48 353 33 R
48 385 33 R
48 417 33 R
48 449 33 R
49 1 33 R
49 33 33 R
49 65 33 R
49 97 33 R
49 129 33 R
49 161 33 R
49 193 33 R
49 225 33 R
49 257 33 R
49 289 33 R
49 321 33 R
49 353 33 R
49 385 33 R
49 417 33 R
49 449 33 R
50 1 33 R
50 33 33 R
50 65 33 R
50 97 33 R
50 129 33 R
50 161 33 R
50 193 33 R
50 225 33 R
50 257 33 R
50 289 33 R
50 321 33 R
50 353 33 R
50 385 33 R
50 417 33 R
50 449 33 R
51 1 33 R
51 33 33 R
51 65 33 R
51 97 33 R
51 129 33 R
51 161 33 R
51 193 33 R
51 225 33 R
51 257 33 R
51 289 33 R
51 321 33 R
51 353 33 R
51 385 33 R
51 417 33 R
51 449 33 R
52 1 33 R
52 33 33 R
52 65 33 R
52 97 33 R
52 129 33 R
52 161 33 R
52 193 33 R
52 225 33 R
52 257 33 R
52 289 33 R
52 321 33 R
52 353 33 R
52 385 33 R
52 417 33 R
52 449 33 R
53 1 33 R
53 33 33 R
53 65 33 R
53 97 33 R
53 129 33 R
53 161 33 R
53 193 33 R
53 225 33 R
53 257 33 R
53 289 33 R
53 321 33 R
53 353 33 R
53 385 33 R
53 417 33 R
53 449 33 R
54 1 33 R
54 33 33 R
54 65 33 R
54 97 33 R
54 129 33 R
54 161 33 R
54 193 33 R
54 225 33 R
54 257 33 R
54 289 33 R
54 321 33 R
54 353 33 R
54 385 33 R
54 417 33 R
54 449 33 R
55 1 33 R
55 33 33 R
55 65 33 R
55 97 33 R
55 129 33 R
55 161 33 R
55 193 33 R
55 225 33 R
55 257 33 R
55 289 33 R
55 321 33 R
55 353 33 R
55 385 33 R
55 417 33 R
55 449 33 R
56 1 33 R
56 33 33 R
56 65 33 R
56 97 33 R
56 129 33 R
56 161 33 R
56 193 33 R
56 225 33 R
56 257 33 R
56 289 33 R
56 321 33 R
56 353 33 R
56 385 33 R
56 417 33 R
56 449 33 R
57 1 33 R
57 33 33 R
57 65 33 R
57 97 33 R
57 129 33 R
57 161 33 R
57 193 33 R
57 225 33 R
57 257 33 R
57 289 33 R
57 321 33 R
57 353 33 R
57 385 33 R
57 417 33 R
57 449 33 R
58 1 33 R
58 33 33 R
58 65 33 R
58 97 33 R
58 129 33 R
58 161 33 R
58 193 33 R
58 225 33 R
58 257 33 R
58 289 33 R
58 321 33 R
58 353 33 R
58 385 33 R
58 417 33 R
58 449 33 R
59 1 33 R
59 33 33 R
59 65 33 R
59 97 33 R
59 129 33 R
59 161 33 R
59 193 33 R
59 225 33 R
59 257 33 R
59 289 33 R
59 321 33 R
59 353 33 R
59 385 33 R
59 417 33 R
59 449 33 R
60 1 33 R
60 33 33 R
60 65 33 R
60 97 33 R
60 129 33 R
60 161 33 R
60 193 33 R
60 225 33 R
60 257 33 R
60 289 33 R
60 321 33 R
60 353 33 R
60 385 33 R
60 417 33 R
60 449 33 R
61 1 33 R
61 33 33 R
61 65 33 R
61 97 33 R
61 129 33 R
61 161 33 R
61 193 33 R
61 225 33 R
61 257 33 R
61 289 33 R
61 321 33 R
61 353 33 R
61 385 33 R
61 417 33 R
61 449 33 R
62 1 33 R
62 33 33 R
62 65 33 R
62 97 33 R
62 129 33 R
62 161 33 R
62 193 33 R
62 225 33 R
62 257 33 R
62 289 33 R
62 321 33 R
62 353 33 R
62 385 33 R
62 417 33 R
62 449 33 R
63 1 33 R
63 33 33 R
63 65 33 R
63 97 33 R
63 129 33 R
63 161 33 R
63 193 33 R
63 225 33 R
63 257 33 R
63 289 33 R
63 321 33 R
63 353 33 R
63 385 33 R
63 417 33 R
63 449 33 R
64 1 33 R
64 33 33 R
64 65 33 R
64 97 33 R
64 129 33 R
64 161 33 R
64 193 33 R
64 225 33 R
64 257 33 R
64 289 33 R
64 321 33 R
64 353 33 R
64 385 33 R
64 417 33 R
64 449 33 R
65 1 33 R
65 33 33 R
65 65 33 R
65 97 33 R
65 129 33 R
65 161 33 R
65 193 33 R
65 225 33 R
65 257 33 R
65 289 33 R
65 321 33 R
65 353 33 R
65 385 33 R
65 417 33 R
65 449 33 R
66 1 33 R
66 33 33 R
66 65 33 R
66 97 33 R
66 129 33 R
66 161 33 R
66 193 33 R
66 225 33 R
66 257 33 R
66 289 33 R
66 321 33 R
66 353 33 R
66 385 33 R
66 417 33 R
66 449 33 R
67 1 33 R
67 33 33 R
67 65 33 R
67 97 33 R
67 129 33 R
67 161 33 R
67 193 33 R
67 225 33 R
67 257 33 R
67 289 33 R
67 321 33 R
67 353 33 R
67 385 33 R
67 417 33 R
67 449 33 R
68 1 33 R
68 33 33 R
68 65 33 R
68 97 33 R
68 129 33 R
68 161 33 R
68 193 33 R
68 225 33 R
68 257 33 R
68 289 33 R
68 321 33 R
68 353 33 R
68 385 33 R
68 417 33 R
68 449 33 R
69 1 33 R
69 33 33 R
69 65 33 R
69 97 33 R
69 129 33 R
69 161 33 R
69 193 33 R
69 225 33 R
69 257 33 R
69 289 33 R
69 321 33 R
69 353 33 R
69 385 33 R
69 417 33 R
69 449 33 R
70 1 33 R
70 33 33 R
70 65 33 R
70 97 33 R
70 129 33 R
70 161 33 R
70 193 33 R
70 225 33 R
70 257 33 R
70 289 33 R
70 321 33 R
70 353 33 R
70 385 33 R
70 417 33 R
70 449 33 R
71 1 33 R
71 33 33 R
71 65 33 R
71 97 33 R
71 129 33 R
71 161 33 R
71 193 33 R
71 225 33 R
71 257 33 R
71 289 33 R
71 321 33 R
71 353 33 R
71 385 33 R
71 417 33 R
71 449 33 R
72 1 33 R
72 33 33 R
72 65 33 R
72 97 33 R
72 129 33 R
72 161 33 R
72 193 33 R
72 225 33 R
72 257 33 R
72 289 33 R
72 321 33 R
72 353 33 R
72 385 33 R
72 417 33 R
72 449 33 R
73 1 33 R
73 33 33 R
73 65 33 R
73 97 33 R
73 129 33 R
73 161 33 R
73 193 33 R
73 225 33 R
73 257 33 R
73 289 33 R
73 321 33 R
73 353 33 R
73 385 33 R
73 417 33 R
73 449 33 R
74 1 33 R
74 33 33 R
74 65 33 R
74 97 33 R
74 129 33 R
74 161 33 R
74 193 33 R
74 225 33 R
74 257 33 R
74 289 33 R
74 321 33 R
74 353 33 R
74 385 33 R
74 417 33 R
74 449 33 R
75 1 33 R
75 33 33 R
75 65 33 R
75 97 33 R
75 129 33 R
75 161 33 R
75 193 33 R
75 225 33 R
75 257 33 R
75 289 33 R
75 321 33 R
75 353 33 R
75 385 33 R
75 417 33 R
75 449 33 R
76 1 33 R
76 33 33 R
76 65 33 R
76 97 33 R
76 129 33 R
76 161 33 R
76 193 33 R
76 225 33 R
76 257 33 R
76 289 33 R
76 321 33 R
76 353 33 R
76 385 33 R
76 417 33 R
76 449 33 R
77 1 33 R
77 33 33 R
77 65 33 R
77 97 33 R
77 129 33 R
77 161 33 R
77 193 33 R
77 225 33 R
77 257 33 R
77 289 33 R
77 321 33 R
77 353 33 R
77 385 33 R
77 417 33 R
77 449 33 R
78 1 33 R
78 33 33 R
78 65 33 R
78 97 33 R
78 129 33 R
78 161 33 R
78 193 33 R
78 225 33 R
78 257 33 R
78 289 33 R
78 321 33 R
78 353 33 R
78 385 33 R
78 417 33 R
78 449 33 R
79 1 33 R
79 33 33 R
79 65 33 R
79 97 33 R
79 129 33 R
79 161 33 R
79 193 33 R
79 225 33 R
79 257 33 R
79 289 33 R
79 321 33 R
79 353 33 R
79 385 33 R
79 417 33 R
79 449 33 R
80 1 33 R
80 33 33 R
80 65 33 R
80 97 33 R
80 129 33 R
80 161 33 R
80 193 33 R
80 225 33 R
80 257 33 R
80 289 33 R
80 321 33 R
80 353 33 R
80 385 33 R
80 417 33 R
80 449 33 R
81 1 33 R
81 33 33 R
81 65 33 R
81 97 33 R
81 129 33 R
81 161 33 R
81 193 33 R
81 225 33 R
81 257 33 R
81 289 33 R
81 321 33 R
81 353 33 R
81 385 33 R
81 417 33 R
81 449 33 R
82 1 33 R
82 33 33 R
82 65 33 R
82 97 33 R
82 129 33 R
82 161 33 R
82 193 33 R
82 225 33 R
82 257 33 R
82 289 33 R
82 321 33 R
82 353 33 R
82 385 33 R
82 417 33 R
82 449 33 R
83 1 33 R
83 33 33 R
83 65 33 R
83 97 33 R
83 129 33 R
83 161 33 R
83 193 33 R
83 225 33 R
83 257 33 R
83 289 33 R
83 321 33 R
83 353 33 R
83 385 33 R
83 417 33 R
83 449 33 R
84 1 33 R
84 33 33 R
84 65 33 R
84 97 33 R
84 129 33 R
84 161 33 R
84 193 33 R
84 225 33 R
84 257 33 R
84 289 33 R
84 321 33 R
84 353 33 R
84 385 33 R
84 417 33 R
84 449 33 R
85 1 33 R
85 33 33 R
85 65 33 R
85 97 33 R
85 129 33 R
85 161 33 R
85 193 33 R
85 225 33 R
85 257 33 R
85 289 33 R
85 321 33 R
85 353 33 R
85 385 33 R
85 417 33 R
85 449 33 R
86 1 33 R
86 33 33 R
86 65 33 R
86 97 33 R
86 129 33 R
86 161 33 R
86 193 33 R
86 225 33 R
86 257 33 R
86 289 33 R
86 321 33 R
86 353 33 R
86 385 33 R
86 417 33 R
86 449 33 R
87 1 33 R
87 33 33 R
87 65 33 R
87 97 33 R
87 129 33 R
87 161 33 R
87 193 33 R
87 225 33 R
87 257 33 R
87 289 33 R
87 321 33 R
87 353 33 R
87 385 33 R
87 417 33 R
87 449 33 R
88 1 33 R
88 33 33 R
88 65 33 R
88 97 33 R
88 129 33 R
88 161 33 R
88 193 33 R
88 225 33 R
88 257 33 R
88 289 33 R
88 321 33 R
88 353 33 R
88 385 33 R
88 417 33 R
88 449 33 R
89 1 33 R
89 33 33 R
89 65 33 R
89 97 33 R
89 129 33 R
89 161 33 R
89 193 33 R
89 225 33 R
89 257 33 R
89 289 33 R
89 321 33 R
89 353 33 R
89 385 33 R
89 417 33 R
89 449 33 R
90 1 33 R
90 33 33 R
90 65 33 R
90 97 33 R
90 129 33 R
90 161 33 R
90 193 33 R
90 225 33 R
90 257 33 R
90 289 33 R
90 321 33 R
90 353 33 R
90 385 33 R
90 417 33 R
90 449 33 R
91 1 33 R
91 33 33 R
91 65 33 R
91 97 33 R
91 129 33 R
91 161 33 R
91 193 33 R
91 225 33 R
91 257 33 R
91 289 33 R
91 321 33 R
91 353 33 R
91 385 33 R
91 417 33 R
91 449 33 R
92 1 33 R
92 33 33 R
92 65 33 R
92 97 33 R
92 129 33 R
92 161 33 R
92 193 33 R
92 225 33 R
92 257 33 R
92 289 33 R
92 321 33 R
92 353 33 R
92 385 33 R
92 417 33 R
92 449 33 R
93 1 33 R
93 33 33 R
93 65 33 R
93 97 33 R
93 129 33 R
93 161 33 R
93 193 33 R
93 225 33 R
93 257 33 R
93 289 33 R
93 321 33 R
93 353 33 R
93 385 33 R
93 417 33 R
93 449 33 R
94 1 33 R
94 33 33 R
94 65 33 R
94 97 33 R
94 129 33 R
94 161 33 R
94 193 33 R
94 225 33 R
94 257 33 R
94 289 33 R
94 321 33 R
94 353 33 R
94 385 33 R
94 417 33 R
94 449 33 R
95 1 33 R
95 33 33 R
95 65 33 R
95 97 33 R
95 129 33 R
95 161 33 R
95 193 33 R
95 225 33 R
95 257 33 R
95 289 33 R
95 321 33 R
95 353 33 R
95 385 33 R
95 417 33 R
95 449 33 R
96 1 33 R
96 33 33 R
96 65 33 R
96 97 33 R
96 129 33 R
96 161 33 R
96 193 33 R
96 225 33 R
96 257 33 R
96 289 33 R
96 321 33 R
96 353 33 R
96 385 33 R
96 417 33 R
96 449 33 R
97 1 33 R
97 33 33 R
97 65 33 R
97 97 33 R
97 129 33 R
97 161 33 R
97 193 33 R
97 225 33 R
97 257 33 R
97 289 33 R
97 321 33 R
97 353 33 R
97 385 33 R
97 417 33 R
97 449 33 R
98 1 33 R
98 33 33 R
98 65 33 R
98 97 33 R
98 129 33 R
98 161 33 R
98 193 33 R
98 225 33 R
98 257 33 R
98 289 33 R
98 321 33 R
98 353 33 R
98 385 33 R
98 417 33 R
98 449 33 R
99 1 33 R
99 33 33 R
99 65 33 R
99 97 33 R
99 129 33 R
99 161 33 R
99 193 33 R
99 225 33 R
99 257 33 R
99 289 33 R
99 321 33 R
99 353 33 R
99 385 33 R
99 417 33 R
99 449 33 R
100 1 33 R
100 33 33 R
100 65 33 R
100 97 33 R
100 129 33 R
100 161 33 R
100 193 33 R
100 225 33 R
100 257 33 R
100 289 33 R
100 321 33 R
100 353 33 R
100 385 33 R
100 417 33 R
100 449 33 R
101 1 33 R
101 33 33 R
101 65 33 R
101 97 33 R
101 129 33 R
101 161 33 R
101 193 33 R
101 225 33 R
101 257 33 R
101 289 33 R
101 321 33 R
101 353 33 R
101 385 33 R
101 417 33 R
101 449 33 R
102 1 33 R
102 33 33 R
102 65 33 R
102 97 33 R
102 129 33 R
102 161 33 R
102 193 33 R
102 225 33 R
102 257 33 R
102 289 33 R
102 321 33 R
102 353 33 R
102 385 33 R
102 417 33 R
102 449 33 R
103 1 33 R
103 33 33 R
103 65 33 R
103 97 33 R
103 129 33 R
103 161 33 R
103 193 33 R
103 225 33 R
103 257 33 R
103 289 33 R
103 321 33 R
103 353 33 R
103 385 33 R
103 417 33 R
103 449 33 R
104 1 33 R
104 33 33 R
104 65 33 R
104 97 33 R
104 129 33 R
104 161 33 R
104 193 33 R
104 225 33 R
104 257 33 R
104 289 33 R
104 321 33 R
104 353 33 R
104 385 33 R
104 417 33 R
104 449 33 R
105 1 33 R
105 33 33 R
105 65 33 R
105 97 33 R
105 129 33 R
105 161 33 R
105 193 33 R
105 225 33 R
105 257 33 R
105 289 33 R
105 321 33 R
105 353 33 R
105 385 33 R
105 417 33 R
105 449 33 R
106 1 33 R
106 33 33 R
106 65 33 R
106 97 33 R
106 129 33 R
106 161 33 R
106 193 33 R
106 225 33 R
106 257 33 R
106 289 33 R
106 321 33 R
106 353 33 R
106 385 33 R
106 417 33 R
106 449 33 R
107 1 33 R
107 33 33 R
107 65 33 R
107 97 33 R
107 129 33 R
107 161 33 R
107 193 33 R
107 225 33 R
107 257 33 R
107 289 33 R
107 321 33 R
107 353 33 R
107 385 33 R
107 417 33 R
107 449 33 R
108 1 33 R
108 33 33 R
108 65 33 R
108 97 33 R
108 129 33 R
108 161 33 R
108 193 33 R
108 225 33 R
108 257 33 R
108 289 33 R
108 321 33 R
108 353 33 R
108 385 33 R
108 417 33 R
108 449 33 R
109 1 33 R
109 33 33 R
109 65 33 R
109 97 33 R
109 129 33 R
109 161 33 R
109 193 33 R
109 225 33 R
109 257 33 R
109 289 33 R
109 321 33 R
109 353 33 R
109 385 33 R
109 417 33 R
109 449 33 R
110 1 33 R
110 33 33 R
110 65 33 R
110 97 33 R
110 129 33 R
110 161 33 R
110 193 33 R
110 225 33 R
110 257 33 R
110 289 33 R
110 321 33 R
110 353 33 R
110 385 33 R
110 417 33 R
110 449 33 R
111 1 33 R
111 33 33 R
111 65 33 R
111 97 33 R
111 129 33 R
111 161 33 R
111 193 33 R
111 225 33 R
111 257 33 R
111 289 33 R
111 321 33 R
111 353 33 R
111 385 33 R
111 417 33 R
111 449 33 R
112 1 33 R
112 33 33 R
112 65 33 R
112 97 33 R
112 129 33 R
112 161 33 R
112 193 33 R
112 225 33 R
112 257 33 R
112 289 33 R
112 321 33 R
112 353 33 R
112 385 33 R
112 417 33 R
112 449 33 R
113 1 33 R
113 33 33 R
113 65 33 R
113 97 33 R
113 129 33 R
113 161 33 R
113 193 33 R
113 225 33 R
113 257 33 R
113 289 33 R
113 321 33 R
113 353 33 R
113 385 33 R
113 417 33 R
113 449 33 R
114 1 33 R
114 33 33 R
114 65 33 R
114 97 33 R
114 129 33 R
114 161 33 R
114 193 33 R
114 225 33 R
114 257 33 R
114 289 33 R
114 321 33 R
114 353 33 R
114 385 33 R
114 417 33 R
114 449 33 R
115 1 33 R
115 33 33 R
115 65 33 R
115 97 33 R
115 129 33 R
115 161 33 R
115 193 33 R
115 225 33 R
115 257 33 R
115 289 33 R
115 321 33 R
115 353 33 R
115 385 33 R
115 417 33 R
115 449 33 R
116 1 33 R
116 33 33 R
116 65 33 R
116 97 33 R
116 129 33 R
116 161 33 R
116 193 33 R
116 225 33 R
116 257 33 R
116 289 33 R
116 321 33 R
116 353 33 R
116 385 33 R
116 417 33 R
116 449 33 R
117 1 33 R
117 33 33 R
117 65 33 R
117 97 33 R
117 129 33 R
117 161 33 R
117 193 33 R
117 225 33 R
117 257 33 R
117 289 33 R
117 321 33 R
117 353 33 R
117 385 33 R
117 417 33 R
117 449 33 R
118 1 33 R
118 33 33 R
118 65 33 R
118 97 33 R
118 129 33 R
118 161 33 R
118 193 33 R
118 225 33 R
118 257 33 R
118 289 33 R
118 321 33 R
118 353 33 R
118 385 33 R
118 417 33 R
118 449 33 R
119 1 33 R
119 33 33 R
119 65 33 R
119 97 33 R
119 129 33 R
119 161 33 R
119 193 33 R
119 225 33 R
119 257 33 R
119 289 33 R
119 321 33 R
119 353 33 R
119 385 33 R
119 417 33 R
119 449 33 R
120 1 33 R
120 33 33 R
120 65 33 R
120 97 33 R
120 129 33 R
120 161 33 R
120 193 33 R
120 225 33 R
120 257 33 R
120 289 33 R
120 321 33 R
120 353 33 R
120 385 33 R
120 417 33 R
120 449 33 R
121 1 33 R
121 33 33 R
121 65 33 R
121 97 33 R
121 129 33 R
121 161 33 R
121 193 33 R
121 225 33 R
121 257 33 R
121 289 33 R
121 321 33 R
121 353 33 R
121 385 33 R
121 417 33 R
121 449 33 R
122 1 33 R
122 33 33 R
122 65 33 R
122 97 33 R
122 129 33 R
122 161 33 R
122 193 33 R
122 225 33 R
122 257 33 R
122 289 33 R
122 321 33 R
122 353 33 R
122 385 33 R
122 417 33 R
122 449 33 R
123 1 33 R
123 33 33 R
123 65 33 R
123 97 33 R
123 129 33 R
123 161 33 R
123 193 33 R
123 225 33 R
123 257 33 R
123 289 33 R
123 321 33 R
123 353 33 R
123 385 33 R
123 417 33 R
123 449 33 R
124 1 33 R
124 33 33 R
124 65 33 R
124 97 33 R
124 129 33 R
124 161 33 R
124 193 33 R
124 225 33 R
124 257 33 R
124 289 33 R
124 321 33 R
124 353 33 R
124 385 33 R
124 417 33 R
124 449 33 R
125 1 33 R
125 33 33 R
125 65 33 R
125 97 33 R
125 129 33 R
125 161 33 R
125 193 33 R
125 225 33 R
125 257 33 R
125 289 33 R
125 321 33 R
125 353 33 R
125 385 33 R
125 417 33 R
125 449 33 R
126 1 33 R
126 33 33 R
126 65 33 R
126 97 33 R
126 129 33 R
126 161 33 R
126 193 33 R
126 225 33 R
126 257 33 R
126 289 33 R
126 321 33 R
126 353 33 R
126 385 33 R
126 417 33 R
126 449 33 R
127 1 33 R
127 33 33 R
127 65 33 R
127 97 33 R
127 129 33 R
127 161 33 R
127 193 33 R
127 225 33 R
127 257 33 R
127 289 33 R
127 321 33 R
127 353 33 R
127 385 33 R
127 417 33 R
127 449 33 R
128 1 33 R
128 33 33 R
128 65 33 R
128 97 33 R
128 129 33 R
128 161 33 R
128 193 33 R
128 225 33 R
128 257 33 R
128 289 33 R
128 321 33 R
128 353 33 R
128 385 33 R
128 417 33 R
128 449 33 R
129 1 33 R
129 33 33 R
129 65 33 R
129 97 33 R
129 129 33 R
129 161 33 R
129 193 33 R
129 225 33 R
129 257 33 R
129 289 33 R
129 321 33 R
129 353 33 R
129 385 33 R
129 417 33 R
129 449 33 R
130 1 33 R
130 33 33 R
130 65 33 R
130 97 33 R
130 129 33 R
130 161 33 R
130 193 33 R
130 225 33 R
130 257 33 R
130 289 33 R
130 321 33 R
130 353 33 R
130 385 33 R
130 417 33 R
130 449 33 R
131 1 33 R
131 33 33 R
131 65 33 R
131 97 33 R
131 129 33 R
131 161 33 R
131 193 33 R
131 225 33 R
131 257 33 R
131 289 33 R
131 321 33 R
131 353 33 R
131 385 33 R
131 417 33 R
131 449 33 R
132 1 33 R
132 33 33 R
132 65 33 R
132 97 33 R
132 129 33 R
132 161 33 R
132 193 33 R
132 225 33 R
132 257 33 R
132 289 33 R
132 321 33 R
132 353 33 R
132 385 33 R
132 417 33 R
132 449 33 R
133 1 33 R
133 33 33 R
133 65 33 R
133 97 33 R
133 129 33 R
133 161 33 R
133 193 33 R
133 225 33 R
133 257 33 R
133 289 33 R
133 321 33 R
133 353 33 R
133 385 33 R
133 417 33 R
133 449 33 R
134 1 33 R
134 33 33 R
134 65 33 R
134 97 33 R
134 129 33 R
134 161 33 R
134 193 33 R
134 225 33 R
134 257 33 R
134 289 33 R
134 321 33 R
134 353 33 R
134 385 33 R
134 417 33 R
134 449 33 R
135 1 33 R
135 33 33 R
135 65 33 R
135 97 33 R
135 129 33 R
135 161 33 R
135 193 33 R
135 225 33 R
135 257 33 R
135 289 33 R
135 321 33 R
135 353 33 R
135 385 33 R
135 417 33 R
135 449 33 R
136 1 33 R
136 33 33 R
136 65 33 R
136 97 33 R
136 129 33 R
136 161 33 R
136 193 33 R
136 225 33 R
136 257 33 R
136 289 33 R
136 321 33 R
136 353 33 R
136 385 33 R
136 417 33 R
136 449 33 R
137 1 33 R
137 33 33 R
137 65 33 R
137 97 33 R
137 129 33 R
137 161 33 R
137 193 33 R
137 225 33 R
137 257 33 R
137 289 33 R
137 321 33 R
137 353 33 R
137 385 33 R
137 417 33 R
137 449 33 R
138 1 33 R
138 33 33 R
138 65 33 R
138 97 33 R
138 129 33 R
138 161 33 R
138 193 33 R
138 225 33 R
138 257 33 R
138 289 33 R
138 321 33 R
138 353 33 R
138 385 33 R
138 417 33 R
138 449 33 R
139 1 33 R
139 33 33 R
139 65 33 R
139 97 33 R
139 129 33 R
139 161 33 R
139 193 33 R
139 225 33 R
139 257 33 R
139 289 33 R
139 321 33 R
139 353 33 R
139 385 33 R
139 417 33 R
139 449 33 R
140 1 33 R
140 33 33 R
140 65 33 R
140 97 33 R
140 129 33 R
140 161 33 R
140 193 33 R
140 225 33 R
140 257 33 R
140 289 33 R
140 321 33 R
140 353 33 R
140 385 33 R
140 417 33 R
140 449 33 R
141 1 33 R
141 33 33 R
141 65 33 R
141 97 33 R
141 129 33 R
141 161 33 R
141 193 33 R
141 225 33 R
141 257 33 R
141 289 33 R
141 321 33 R
141 353 33 R
141 385 33 R
141 417 33 R
141 449 33 R
142 1 33 R
142 33 33 R
142 65 33 R
142 97 33 R
142 129 33 R
142 161 33 R
142 193 33 R
142 225 33 R
142 257 33 R
142 289 33 R
142 321 33 R
142 353 33 R
142 385 33 R
142 417 33 R
142 449 33 R
143 1 33 R
143 33 33 R
143 65 33 R
143 97 33 R
143 129 33 R
143 161 33 R
143 193 33 R
143 225 33 R
143 257 33 R
143 289 33 R
143 321 33 R
143 353 33 R
143 385 33 R
143 417 33 R
143 449 33 R
144 1 33 R
144 33 33 R
144 65 33 R
144 97 33 R
144 129 33 R
144 161 33 R
144 193 33 R
144 225 33 R
144 257 33 R
144 289 33 R
144 321 33 R
144 353 33 R
144 385 33 R
144 417 33 R
144 449 33 R
145 1 33 R
145 33 33 R
145 65 33 R
145 97 33 R
145 129 33 R
145 161 33 R
145 193 33 R
145 225 33 R
145 257 33 R
145 289 33 R
145 321 33 R
145 353 33 R
145 385 33 R
145 417 33 R
145 449 33 R
146 1 33 R
146 33 33 R
146 65 33 R
146 97 33 R
146 129 33 R
146 161 33 R
146 193 33 R
146 225 33 R
146 257 33 R
146 289 33 R
146 321 33 R
146 353 33 R
146 385 33 R
146 417 33 R
146 449 33 R
147 1 33 R
147 33 33 R
147 65 33 R
147 97 33 R
147 129 33 R
147 161 33 R
147 193 33 R
147 225 33 R
147 257 33 R
147 289 33 R
147 321 33 R
147 353 33 R
147 385 33 R
147 417 33 R
147 449 33 R
148 1 33 R
148 33 33 R
148 65 33 R
148 97 33 R
148 129 33 R
148 161 33 R
148 193 33 R
148 225 33 R
148 257 33 R
148 289 33 R
148 321 33 R
148 353 33 R
148 385 33 R
148 417 33 R
148 449 33 R
149 1 33 R
149 33 33 R
149 65 33 R
149 97 33 R
149 129 33 R
149 161 33 R
149 193 33 R
149 225 33 R
149 257 33 R
149 289 33 R
149 321 33 R
149 353 33 R
149 385 33 R
149 417 33 R
149 449 33 R
150 1 33 R
150 33 33 R
150 65 33 R
150 97 33 R
150 129 33 R
150 161 33 R
150 193 33 R
150 225 33 R
150 257 33 R
150 289 33 R
150 321 33 R
150 353 33 R
150 385 33 R
150 417 33 R
150 449 33 R
151 1 33 R
151 33 33 R
151 65 33 R
151 97 33 R
151 129 33 R
151 161 33 R
151 193 33 R
151 225 33 R
151 257 33 R
151 289 33 R
151 321 33 R
151 353 33 R
151 385 33 R
151 417 33 R
151 449 33 R
152 1 33 R
152 33 33 R
152 65 33 R
152 97 33 R
152 129 33 R
152 161 33 R
152 193 33 R
152 225 33 R
152 257 33 R
152 289 33 R
152 321 33 R
152 353 33 R
152 385 33 R
152 417 33 R
152 449 33 R
153 1 33 R
153 33 33 R
153 65 33 R
153 97 33 R
153 129 33 R
153 161 33 R
153 193 33 R
153 225 33 R
153 257 33 R
153 289 33 R
153 321 33 R
153 353 33 R
153 385 33 R
153 417 33 R
153 449 33 R
154 1 33 R
154 33 33 R
154 65 33 R
154 97 33 R
154 129 33 R
154 161 33 R
154 193 33 R
154 225 33 R
154 257 33 R
154 289 33 R
154 321 33 R
154 353 33 R
154 385 33 R
154 417 33 R
154 449 33 R
155 1 33 R
155 33 33 R
155 65 33 R
155 97 33 R
155 129 33 R
155 161 33 R
155 193 33 R
155 225 33 R
155 257 33 R
155 289 33 R
155 321 33 R
155 353 33 R
155 385 33 R
155 417 33 R
155 449 33 R
156 1 33 R
156 33 33 R
156 65 33 R
156 97 33 R
156 129 33 R
156 161 33 R
156 193 33 R
156 225 33 R
156 257 33 R
156 289 33 R
156 321 33 R
156 353 33 R
156 385 33 R
156 417 33 R
156 449 33 R
157 1 33 R
157 33 33 R
157 65 33 R
157 97 33 R
157 129 33 R
157 161 33 R
157 193 33 R
157 225 33 R
157 257 33 R
157 289 33 R
157 321 33 R
157 353 33 R
157 385 33 R
157 417 33 R
157 449 33 R
158 1 33 R
158 33 33 R
158 65 33 R
158 97 33 R
158 129 33 R
158 161 33 R
158 193 33 R
158 225 33 R
158 257 33 R
158 289 33 R
158 321 33 R
158 353 33 R
158 385 33 R
158 417 33 R
158 449 33 R
159 1 33 R
159 33 33 R
159 65 33 R
159 97 33 R
159 129 33 R
159 161 33 R
159 193 33 R
159 225 33 R
159 257 33 R
159 289 33 R
159 321 33 R
159 353 33 R
159 385 33 R
159 417 33 R
159 449 33 R
160 1 33 R
160 33 33 R
160 65 33 R
160 97 33 R
160 129 33 R
160 161 33 R
160 193 33 R
160 225 33 R
160 257 33 R
160 289 33 R
160 321 33 R
160 353 33 R
160 385 33 R
160 417 33 R
160 449 33 R
161 1 33 R
161 33 33 R
161 65 33 R
161 97 33 R
161 129 33 R
161 161 33 R
161 193 33 R
161 225 33 R
161 257 33 R
161 289 33 R
161 321 33 R
161 353 33 R
161 385 33 R
161 417 33 R
161 449 33 R
162 1 33 R
162 33 33 R
162 65 33 R
162 97 33 R
162 129 33 R
162 161 33 R
162 193 33 R
162 225 33 R
162 257 33 R
162 289 33 R
162 321 33 R
162 353 33 R
162 385 33 R
162 417 33 R
162 449 33 R
163 1 33 R
163 33 33 R
163 65 33 R
163 97 33 R
163 129 33 R
163 161 33 R
163 193 33 R
163 225 33 R
163 257 33 R
163 289 33 R
163 321 33 R
163 353 33 R
163 385 33 R
163 417 33 R
163 449 33 R
164 1 33 R
164 33 33 R
164 65 33 R
164 97 33 R
164 129 33 R
164 161 33 R
164 193 33 R
164 225 33 R
164 257 33 R
164 289 33 R
164 321 33 R
164 353 33 R
164 385 33 R
164 417 33 R
164 449 33 R
165 1 33 R
165 33 33 R
165 65 33 R
165 97 33 R
165 129 33 R
165 161 33 R
165 193 33 R
165 225 33 R
165 257 33 R
165 289 33 R
165 321 33 R
165 353 33 R
165 385 33 R
165 417 33 R
165 449 33 R
166 1 33 R
166 33 33 R
166 65 33 R
166 97 33 R
166 129 33 R
166 161 33 R
166 193 33 R
166 225 33 R
166 257 33 R
166 289 33 R
166 321 33 R
166 353 33 R
166 385 33 R
166 417 33 R
166 449 33 R
167 1 33 R
167 33 33 R
167 65 33 R
167 97 33 R
167 129 33 R
167 161 33 R
167 193 33 R
167 225 33 R
167 257 33 R
167 289 33 R
167 321 33 R
167 353 33 R
167 385 33 R
167 417 33 R
167 449 33 R
168 1 33 R
168 33 33 R
168 65 33 R
168 97 33 R
168 129 33 R
168 161 33 R
168 193 33 R
168 225 33 R
168 257 33 R
168 289 33 R
168 321 33 R
168 353 33 R
168 385 33 R
168 417 33 R
168 449 33 R
169 1 33 R
169 33 33 R
169 65 33 R
169 97 33 R
169 129 33 R
169 161 33 R
169 193 33 R
169 225 33 R
169 257 33 R
169 289 33 R
169 321 33 R
169 353 33 R
169 385 33 R
169 417 33 R
169 449 33 R
170 1 33 R
170 33 33 R
170 65 33 R
170 97 33 R
170 129 33 R
170 161 33 R
170 193 33 R
170 225 33 R
170 257 33 R
170 289 33 R
170 321 33 R
170 353 33 R
170 385 33 R
170 417 33 R
170 449 33 R
171 1 33 R
171 33 33 R
171 65 33 R
171 97 33 R
171 129 33 R
171 161 33 R
171 193 33 R
171 225 33 R
171 257 33 R
171 289 33 R
171 321 33 R
171 353 33 R
171 385 33 R
171 417 33 R
171 449 33 R
172 1 33 R
172 33 33 R
172 65 33 R
172 97 33 R
172 129 33 R
172 161 33 R
172 193 33 R
172 225 33 R
172 257 33 R
172 289 33 R
172 321 33 R
172 353 33 R
172 385 33 R
172 417 33 R
172 449 33 R
173 1 33 R
173 33 33 R
173 65 33 R
173 97 33 R
173 129 33 R
173 161 33 R
173 193 33 R
173 225 33 R
173 257 33 R
173 289 33 R
173 321 33 R
173 353 33 R
173 385 33 R
173 417 33 R
173 449 33 R
174 1 33 R
174 33 33 R
174 65 33 R
174 97 33 R
174 129 33 R
174 161 33 R
174 193 33 R
174 225 33 R
174 257 33 R
174 289 33 R
174 321 33 R
174 353 33 R
174 385 33 R
174 417 33 R
174 449 33 R
175 1 33 R
175 33 33 R
175 65 33 R
175 97 33 R
175 129 33 R
175 161 33 R
175 193 33 R
175 225 33 R
175 257 33 R
175 289 33 R
175 321 33 R
175 353 33 R
175 385 33 R
175 417 33 R
175 449 33 R
176 1 33 R
176 33 33 R
176 65 33 R
176 97 33 R
176 129 33 R
176 161 33 R
176 193 33 R
176 225 33 R
176 257 33 R
176 289 33 R
176 321 33 R
176 353 33 R
176 385 33 R
176 417 33 R
176 449 33 R
177 1 33 R
177 33 33 R
177 65 33 R
177 97 33 R
177 129 33 R
177 161 33 R
177 193 33 R
177 225 33 R
177 257 33 R
177 289 33 R
177 321 33 R
177 353 33 R
177 385 33 R
177 417 33 R
177 449 33 R
178 1 33 R
178 33 33 R
178 65 33 R
178 97 33 R
178 129 33 R
178 161 33 R
178 193 33 R
178 225 33 R
178 257 33 R
178 289 33 R
178 321 33 R
178 353 33 R
178 385 33 R
178 417 33 R
178 449 33 R
179 1 33 R
179 33 33 R
179 65 33 R
179 97 33 R
179 129 33 R
179 161 33 R
179 193 33 R
179 225 33 R
179 257 33 R
179 289 33 R
179 321 33 R
179 353 33 R
179 385 33 R
179 417 33 R
179 449 33 R
180 1 33 R
180 33 33 R
180 65 33 R
180 97 33 R
180 129 33 R
180 161 33 R
180 193 33 R
180 225 33 R
180 257 33 R
180 289 33 R
180 321 33 R
180 353 33 R
180 385 33 R
180 417 33 R
180 449 33 R
181 1 33 R
181 33 33 R
181 65 33 R
181 97 33 R
181 129 33 R
181 161 33 R
181 193 33 R
181 225 33 R
181 257 33 R
181 289 33 R
181 321 33 R
181 353 33 R
181 385 33 R
181 417 33 R
181 449 33 R
182 1 33 R
182 33 33 R
182 65 33 R
182 97 33 R
182 129 33 R
182 161 33 R
182 193 33 R
182 225 33 R
182 257 33 R
182 289 33 R
182 321 33 R
182 353 33 R
182 385 33 R
182 417 33 R
182 449 33 R
183 1 33 R
183 33 33 R
183 65 33 R
183 97 33 R
183 129 33 R
183 161 33 R
183 193 33 R
183 225 33 R
183 257 33 R
183 289 33 R
183 321 33 R
183 353 33 R
183 385 33 R
183 417 33 R
183 449 33 R
184 1 33 R
184 33 33 R
184 65 33 R
184 97 33 R
184 129 33 R
184 161 33 R
184 193 33 R
184 225 33 R
184 257 33 R
184 289 33 R
184 321 33 R
184 353 33 R
184 385 33 R
184 417 33 R
184 449 33 R
185 1 33 R
185 33 33 R
185 65 33 R
185 97 33 R
185 129 33 R
185 161 33 R
185 193 33 R
185 225 33 R
185 257 33 R
185 289 33 R
185 321 33 R
185 353 33 R
185 385 33 R
185 417 33 R
185 449 33 R
186 1 33 R
186 33 33 R
186 65 33 R
186 97 33 R
186 129 33 R
186 161 33 R
186 193 33 R
186 225 33 R
186 257 33 R
186 289 33 R
186 321 33 R
186 353 33 R
186 385 33 R
186 417 33 R
186 449 33 R
187 1 33 R
187 33 33 R
187 65 33 R
187 97 33 R
187 129 33 R
187 161 33 R
187 193 33 R
187 225 33 R
187 257 33 R
187 289 33 R
187 321 33 R
187 353 33 R
187 385 33 R
187 417 33 R
187 449 33 R
188 1 33 R
188 33 33 R
188 65 33 R
188 97 33 R
188 129 33 R
188 161 33 R
188 193 33 R
188 225 33 R
188 257 33 R
188 289 33 R
188 321 33 R
188 353 33 R
188 385 33 R
188 417 33 R
188 449 33 R
189 1 33 R
189 33 33 R
189 65 33 R
189 97 33 R
189 129 33 R
189 161 33 R
189 193 33 R
189 225 33 R
189 257 33 R
189 289 33 R
189 321 33 R
189 353 33 R
189 385 33 R
189 417 33 R
189 449 33 R
190 1 33 R
190 33 33 R
190 65 33 R
190 97 33 R
190 129 33 R
190 161 33 R
190 193 33 R
190 225 33 R
190 257 33 R
190 289 33 R
190 321 33 R
190 353 33 R
190 385 33 R
190 417 33 R
190 449 33 R
191 1 33 R
191 33 33 R
191 65 33 R
191 97 33 R
191 129 33 R
191 161 33 R
191 193 33 R
191 225 33 R
191 257 33 R
191 289 33 R
191 321 33 R
191 353 33 R
191 385 33 R
191 417 33 R
191 449 33 R
192 1 33 R
192 33 33 R
192 65 33 R
192 97 33 R
192 129 33 R
192 161 33 R
192 193 33 R
192 225 33 R
192 257 33 R
192 289 33 R
192 321 33 R
192 353 33 R
192 385 33 R
192 417 33 R
192 449 33 R
193 1 33 R
193 33 33 R
193 65 33 R
193 97 33 R
193 129 33 R
193 161 33 R
193 193 33 R
193 225 33 R
193 257 33 R
193 289 33 R
193 321 33 R
193 353 33 R
193 385 33 R
193 417 33 R
193 449 33 R
194 1 33 R
194 33 33 R
194 65 33 R
194 97 33 R
194 129 33 R
194 161 33 R
194 193 33 R
194 225 33 R
194 257 33 R
194 289 33 R
194 321 33 R
194 353 33 R
194 385 33 R
194 417 33 R
194 449 33 R
195 1 33 R
195 33 33 R
195 65 33 R
195 97 33 R
195 129 33 R
195 161 33 R
195 193 33 R
195 225 33 R
195 257 33 R
195 289 33 R
195 321 33 R
195 353 33 R
195 385 33 R
195 417 33 R
195 449 33 R
196 1 33 R
196 33 33 R
196 65 33 R
196 97 33 R
196 129 33 R
196 161 33 R
196 193 33 R
196 225 33 R
196 257 33 R
196 289 33 R
196 321 33 R
196 353 33 R
196 385 33 R
196 417 33 R
196 449 33 R
197 1 33 R
197 33 33 R
197 65 33 R
197 97 33 R
197 129 33 R
197 161 33 R
197 193 33 R
197 225 33 R
197 257 33 R
197 289 33 R
197 321 33 R
197 353 33 R
197 385 33 R
197 417 33 R
197 449 33 R
198 1 33 R
198 33 33 R
198 65 33 R
198 97 33 R
198 129 33 R
198 161 33 R
198 193 33 R
198 225 33 R
198 257 33 R
198 289 33 R
198 321 33 R
198 353 33 R
198 385 33 R
198 417 33 R
198 449 33 R
199 1 33 R
199 33 33 R
199 65 33 R
199 97 33 R
199 129 33 R
199 161 33 R
199 193 33 R
199 225 33 R
199 257 33 R
199 289 33 R
199 321 33 R
199 353 33 R
199 385 33 R
199 417 33 R
199 449 33 R
200 1 33 R
200 33 33 R
200 65 33 R
200 97 33 R
200 129 33 R
200 161 33 R
200 193 33 R
200 225 33 R
200 257 33 R
200 289 33 R
200 321 33 R
200 353 33 R
200 385 33 R
200 417 33 R
200 449 33 R
201 1 33 R
201 33 33 R
201 65 33 R
201 97 33 R
201 129 33 R
201 161 33 R
201 193 33 R
201 225 33 R
201 257 33 R
201 289 33 R
201 321 33 R
201 353 33 R
201 385 33 R
201 417 33 R
201 449 33 R
202 1 33 R
202 33 33 R
202 65 33 R
202 97 33 R
202 129 33 R
202 161 33 R
202 193 33 R
202 225 33 R
202 257 33 R
202 289 33 R
202 321 33 R
202 353 33 R
202 385 33 R
202 417 33 R
202 449 33 R
203 1 33 R
203 33 33 R
203 65 33 R
203 97 33 R
203 129 33 R
203 161 33 R
203 193 33 R
203 225 33 R
203 257 33 R
203 289 33 R
203 321 33 R
203 353 33 R
203 385 33 R
203 417 33 R
203 449 33 R
204 1 33 R
204 33 33 R
204 65 33 R
204 97 33 R
204 129 33 R
204 161 33 R
204 193 33 R
204 225 33 R
204 257 33 R
204 289 33 R
204 321 33 R
204 353 33 R
204 385 33 R
204 417 33 R
204 449 33 R
205 1 33 R
205 33 33 R
205 65 33 R
205 97 33 R
205 129 33 R
205 161 33 R
205 193 33 R
205 225 33 R
205 257 33 R
205 289 33 R
205 321 33 R
205 353 33 R
205 385 33 R
205 417 33 R
205 449 33 R
206 1 33 R
206 33 33 R
206 65 33 R
206 97 33 R
206 129 33 R
206 161 33 R
206 193 33 R
206 225 33 R
206 257 33 R
206 289 33 R
206 321 33 R
206 353 33 R
206 385 33 R
206 417 33 R
206 449 33 R
207 1 33 R
207 33 33 R
207 65 33 R
207 97 33 R
207 129 33 R
207 161 33 R
207 193 33 R
207 225 33 R
207 257 33 R
207 289 33 R
207 321 33 R
207 353 33 R
207 385 33 R
207 417 33 R
207 449 33 R
208 1 33 R
208 33 33 R
208 65 33 R
208 97 33 R
208 129 33 R
208 161 33 R
208 193 33 R
208 225 33 R
208 257 33 R
208 289 33 R
208 321 33 R
208 353 33 R
208 385 33 R
208 417 33 R
208 449 33 R
209 1 33 R
209 33 33 R
209 65 33 R
209 97 33 R
209 129 33 R
209 161 33 R
209 193 33 R
209 225 33 R
209 257 33 R
209 289 33 R
209 321 33 R
209 353 33 R
209 385 33 R
209 417 33 R
209 449 33 R
210 1 33 R
210 33 33 R
210 65 33 R
210 97 33 R
210 129 33 R
210 161 33 R
210 193 33 R
210 225 33 R
210 257 33 R
210 289 33 R
210 321 33 R
210 353 33 R
210 385 33 R
210 417 33 R
210 449 33 R
211 1 33 R
211 33 33 R
211 65 33 R
211 97 33 R
211 129 33 R
211 161 33 R
211 193 33 R
211 225 33 R
211 257 33 R
211 289 33 R
211 321 33 R
211 353 33 R
211 385 33 R
211 417 33 R
211 449 33 R
212 1 33 R
212 33 33 R
212 65 33 R
212 97 33 R
212 129 33 R
212 161 33 R
212 193 33 R
212 225 33 R
212 257 33 R
212 289 33 R
212 321 33 R
212 353 33 R
212 385 33 R
212 417 33 R
212 449 33 R
213 1 33 R
213 33 33 R
213 65 33 R
213 97 33 R
213 129 33 R
213 161 33 R
213 193 33 R
213 225 33 R
213 257 33 R
213 289 33 R
213 321 33 R
213 353 33 R
213 385 33 R
213 417 33 R
213 449 33 R
214 1 33 R
214 33 33 R
214 65 33 R
214 97 33 R
214 129 33 R
214 161 33 R
214 193 33 R
214 225 33 R
214 257 33 R
214 289 33 R
214 321 33 R
214 353 33 R
214 385 33 R
214 417 33 R
214 449 33 R
215 1 33 R
215 33 33 R
215 65 33 R
215 97 33 R
215 129 33 R
215 161 33 R
215 193 33 R
215 225 33 R
215 257 33 R
215 289 33 R
215 321 33 R
215 353 33 R
215 385 33 R
215 417 33 R
215 449 33 R
216 1 33 R
216 33 33 R
216 65 33 R
216 97 33 R
216 129 33 R
216 161 33 R
216 193 33 R
216 225 33 R
216 257 33 R
216 289 33 R
216 321 33 R
216 353 33 R
216 385 33 R
216 417 33 R
216 449 33 R
217 1 33 R
217 33 33 R
217 65 33 R
217 97 33 R
217 129 33 R
217 161 33 R
217 193 33 R
217 225 33 R
217 257 33 R
217 289 33 R
217 321 33 R
217 353 33 R
217 385 33 R
217 417 33 R
217 449 33 R
218 1 33 R
218 33 33 R
218 65 33 R
218 97 33 R
218 129 33 R
218 161 33 R
218 193 33 R
218 225 33 R
218 257 33 R
218 289 33 R
218 321 33 R
218 353 33 R
218 385 33 R
218 417 33 R
218 449 33 R
219 1 33 R
219 33 33 R
219 65 33 R
219 97 33 R
219 129 33 R
219 161 33 R
219 193 33 R
219 225 33 R
219 257 33 R
219 289 33 R
219 321 33 R
219 353 33 R
219 385 33 R
219 417 33 R
219 449 33 R
220 1 33 R
220 33 33 R
220 65 33 R
220 97 33 R
220 129 33 R
220 161 33 R
220 193 33 R
220 225 33 R
220 257 33 R
220 289 33 R
220 321 33 R
220 353 33 R
220 385 33 R
220 417 33 R
220 449 33 R
221 1 33 R
221 33 33 R
221 65 33 R
221 97 33 R
221 129 33 R
221 161 33 R
221 193 33 R
221 225 33 R
221 257 33 R
221 289 33 R
221 321 33 R
221 353 33 R
221 385 33 R
221 417 33 R
221 449 33 R
222 1 33 R
222 33 33 R
222 65 33 R
222 97 33 R
222 129 33 R
222 161 33 R
222 193 33 R
222 225 33 R
222 257 33 R
222 289 33 R
222 321 33 R
222 353 33 R
222 385 33 R
222 417 33 R
222 449 33 R
223 1 33 R
223 33 33 R
223 65 33 R
223 97 33 R
223 129 33 R
223 161 33 R
223 193 33 R
223 225 33 R
223 257 33 R
223 289 33 R
223 321 33 R
223 353 33 R
223 385 33 R
223 417 33 R
223 449 33 R
224 1 33 R
224 33 33 R
224 65 33 R
224 97 33 R
224 129 33 R
224 161 33 R
224 193 33 R
224 225 33 R
224 257 33 R
224 289 33 R
224 321 33 R
224 353 33 R
224 385 33 R
224 417 33 R
224 449 33 R
225 1 33 R
225 33 33 R
225 65 33 R
225 97 33 R
225 129 33 R
225 161 33 R
225 193 33 R
225 225 33 R
225 257 33 R
225 289 33 R
225 321 33 R
225 353 33 R
225 385 33 R
225 417 33 R
225 449 33 R
226 1 33 R
226 33 33 R
226 65 33 R
226 97 33 R
226 129 33 R
226 161 33 R
226 193 33 R
226 225 33 R
226 257 33 R
226 289 33 R
226 321 33 R
226 353 33 R
226 385 33 R
226 417 33 R
226 449 33 R
227 1 33 R
227 33 33 R
227 65 33 R
227 97 33 R
227 129 33 R
227 161 33 R
227 193 33 R
227 225 33 R
227 257 33 R
227 289 33 R
227 321 33 R
227 353 33 R
227 385 33 R
227 417 33 R
227 449 33 R
228 1 33 R
228 33 33 R
228 65 33 R
228 97 33 R
228 129 33 R
228 161 33 R
228 193 33 R
228 225 33 R
228 257 33 R
228 289 33 R
228 321 33 R
228 353 33 R
228 385 33 R
228 417 33 R
228 449 33 R
229 1 33 R
229 33 33 R
229 65 33 R
229 97 33 R
229 129 33 R
229 161 33 R
229 193 33 R
229 225 33 R
229 257 33 R
229 289 33 R
229 321 33 R
229 353 33 R
229 385 33 R
229 417 33 R
229 449 33 R
230 1 33 R
230 33 33 R
230 65 33 R
230 97 33 R
230 129 33 R
230 161 33 R
230 193 33 R
230 225 33 R
230 257 33 R
230 289 33 R
230 321 33 R
230 353 33 R
230 385 33 R
230 417 33 R
230 449 33 R
231 1 33 R
231 33 33 R
231 65 33 R
231 97 33 R
231 129 33 R
231 161 33 R
231 193 33 R
231 225 33 R
231 257 33 R
231 289 33 R
231 321 33 R
231 353 33 R
231 385 33 R
231 417 33 R
231 449 33 R
232 1 33 R
232 33 33 R
232 65 33 R
232 97 33 R
232 129 33 R
232 161 33 R
232 193 33 R
232 225 33 R
232 257 33 R
232 289 33 R
232 321 33 R
232 353 33 R
232 385 33 R
232 417 33 R
232 449 33 R
233 1 33 R
233 33 33 R
233 65 33 R
233 97 33 R
233 129 33 R
233 161 33 R
233 193 33 R
233 225 33 R
233 257 33 R
233 289 33 R
233 321 33 R
233 353 33 R
233 385 33 R
233 417 33 R
233 449 33 R
234 1 33 R
234 33 33 R
234 65 33 R
234 97 33 R
234 129 33 R
234 161 33 R
234 193 33 R
234 225 33 R
234 257 33 R
234 289 33 R
234 321 33 R
234 353 33 R
234 385 33 R
234 417 33 R
234 449 33 R
235 1 33 R
235 33 33 R
235 65 33 R
235 97 33 R
235 129 33 R
235 161 33 R
235 193 33 R
235 225 33 R
235 257 33 R
235 289 33 R
235 321 33 R
235 353 33 R
235 385 33 R
235 417 33 R
235 449 33 R
236 1 33 R
236 33 33 R
236 65 33 R
236 97 33 R
236 129 33 R
236 161 33 R
236 193 33 R
236 225 33 R
236 257 33 R
236 289 33 R
236 321 33 R
236 353 33 R
236 385 33 R
236 417 33 R
236 449 33 R
237 1 33 R
237 33 33 R
237 65 33 R
237 97 33 R
237 129 33 R
237 161 33 R
237 193 33 R
237 225 33 R
237 257 33 R
237 289 33 R
237 321 33 R
237 353 33 R
237 385 33 R
237 417 33 R
237 449 33 R
238 1 33 R
238 33 33 R
238 65 33 R
238 97 33 R
238 129 33 R
238 161 33 R
238 193 33 R
238 225 33 R
238 257 33 R
238 289 33 R
238 321 33 R
238 353 33 R
238 385 33 R
238 417 33 R
238 449 33 R
239 1 33 R
239 33 33 R
239 65 33 R
239 97 33 R
239 129 33 R
239 161 33 R
239 193 33 R
239 225 33 R
239 257 33 R
239 289 33 R
239 321 33 R
239 353 33 R
239 385 33 R
239 417 33 R
239 449 33 R
240 1 33 R
240 33 33 R
240 65 33 R
240 97 33 R
240 129 33 R
240 161 33 R
240 193 33 R
240 225 33 R
240 257 33 R
240 289 33 R
240 321 33 R
240 353 33 R
240 385 33 R
240 417 33 R
240 449 33 R
241 1 33 R
241 33 33 R
241 65 33 R
241 97 33 R
241 129 33 R
241 161 33 R
241 193 33 R
241 225 33 R
241 257 33 R
241 289 33 R
241 321 33 R
241 353 33 R
241 385 33 R
241 417 33 R
241 449 33 R
242 1 33 R
242 33 33 R
242 65 33 R
242 97 33 R
242 129 33 R
242 161 33 R
242 193 33 R
242 225 33 R
242 257 33 R
242 289 33 R
242 321 33 R
242 353 33 R
242 385 33 R
242 417 33 R
242 449 33 R
243 1 33 R
243 33 33 R
243 65 33 R
243 97 33 R
243 129 33 R
243 161 33 R
243 193 33 R
243 225 33 R
243 257 33 R
243 289 33 R
243 321 33 R
243 353 33 R
243 385 33 R
243 417 33 R
243 449 33 R
244 1 33 R
244 33 33 R
244 65 33 R
244 97 33 R
244 129 33 R
244 161 33 R
244 193 33 R
244 225 33 R
244 257 33 R
244 289 33 R
244 321 33 R
244 353 33 R
244 385 33 R
244 417 33 R
244 449 33 R
245 1 33 R
245 33 33 R
245 65 33 R
245 97 33 R
245 129 33 R
245 161 33 R
245 193 33 R
245 225 33 R
245 257 33 R
245 289 33 R
245 321 33 R
245 353 33 R
245 385 33 R
245 417 33 R
245 449 33 R
246 1 33 R
246 33 33 R
246 65 33 R
246 97 33 R
246 129 33 R
246 161 33 R
246 193 33 R
246 225 33 R
246 257 33 R
246 289 33 R
246 321 33 R
246 353 33 R
246 385 33 R
246 417 33 R
246 449 33 R
247 1 33 R
247 33 33 R
247 65 33 R
247 97 33 R
247 129 33 R
247 161 33 R
247 193 33 R
247 225 33 R
247 257 33 R
247 289 33 R
247 321 33 R
247 353 33 R
247 385 33 R
247 417 33 R
247 449 33 R
248 1 33 R
248 33 33 R
248 65 33 R
248 97 33 R
248 129 33 R
248 161 33 R
248 193 33 R
248 225 33 R
248 257 33 R
248 289 33 R
248 321 33 R
248 353 33 R
248 385 33 R
248 417 33 R
248 449 33 R
249 1 33 R
249 33 33 R
249 65 33 R
249 97 33 R
249 129 33 R
249 161 33 R
249 193 33 R
249 225 33 R
249 257 33 R
249 289 33 R
249 321 33 R
249 353 33 R
249 385 33 R
249 417 33 R
249 449 33 R
250 1 33 R
250 33 33 R
250 65 33 R
250 97 33 R
250 129 33 R
250 161 33 R
250 193 33 R
250 225 33 R
250 257 33 R
250 289 33 R
250 321 33 R
250 353 33 R
250 385 33 R
250 417 33 R
250 449 33 R
251 1 33 R
251 33 33 R
251 65 33 R
251 97 33 R
251 129 33 R
251 161 33 R
251 193 33 R
251 225 33 R
251 257 33 R
251 289 33 R
251 321 33 R
251 353 33 R
251 385 33 R
251 417 33 R
251 449 33 R
252 1 33 R
252 33 33 R
252 65 33 R
252 97 33 R
252 129 33 R
252 161 33 R
252 193 33 R
252 225 33 R
252 257 33 R
252 289 33 R
252 321 33 R
252 353 33 R
252 385 33 R
252 417 33 R
252 449 33 R
253 1 33 R
253 33 33 R
253 65 33 R
253 97 33 R
253 129 33 R
253 161 33 R
253 193 33 R
253 225 33 R
253 257 33 R
253 289 33 R
253 321 33 R
253 353 33 R
253 385 33 R
253 417 33 R
253 449 33 R
254 1 33 R
254 33 33 R
254 65 33 R
254 97 33 R
254 129 33 R
254 161 33 R
254 193 33 R
254 225 33 R
254 257 33 R
254 289 33 R
254 321 33 R
254 353 33 R
254 385 33 R
254 417 33 R
254 449 33 R
255 1 33 R
255 33 33 R
255 65 33 R
255 97 33 R
255 129 33 R
255 161 33 R
255 193 33 R
255 225 33 R
255 257 33 R
255 289 33 R
255 321 33 R
255 353 33 R
255 385 33 R
255 417 33 R
255 449 33 R
256 1 33 R
256 33 33 R
256 65 33 R
256 97 33 R
256 129 33 R
256 161 33 R
256 193 33 R
256 225 33 R
256 257 33 R
256 289 33 R
256 321 33 R
256 353 33 R
256 385 33 R
256 417 33 R
256 449 33 R
257 1 33 R
257 33 33 R
257 65 33 R
257 97 33 R
257 129 33 R
257 161 33 R
257 193 33 R
257 225 33 R
257 257 33 R
257 289 33 R
257 321 33 R
257 353 33 R
257 385 33 R
257 417 33 R
257 449 33 R
258 1 33 R
258 33 33 R
258 65 33 R
258 97 33 R
258 129 33 R
258 161 33 R
258 193 33 R
258 225 33 R
258 257 33 R
258 289 33 R
258 321 33 R
258 353 33 R
258 385 33 R
258 417 33 R
258 449 33 R
259 1 33 R
259 33 33 R
259 65 33 R
259 97 33 R
259 129 33 R
259 161 33 R
259 193 33 R
259 225 33 R
259 257 33 R
259 289 33 R
259 321 33 R
259 353 33 R
259 385 33 R
259 417 33 R
259 449 33 R
260 1 33 R
260 33 33 R
260 65 33 R
260 97 33 R
260 129 33 R
260 161 33 R
260 193 33 R
260 225 33 R
260 257 33 R
260 289 33 R
260 321 33 R
260 353 33 R
260 385 33 R
260 417 33 R
260 449 33 R
261 1 33 R
261 33 33 R
261 65 33 R
261 97 33 R
261 129 33 R
261 161 33 R
261 193 33 R
261 225 33 R
261 257 33 R
261 289 33 R
261 321 33 R
261 353 33 R
261 385 33 R
261 417 33 R
261 449 33 R
262 1 33 R
262 33 33 R
262 65 33 R
262 97 33 R
262 129 33 R
262 161 33 R
262 193 33 R
262 225 33 R
262 257 33 R
262 289 33 R
262 321 33 R
262 353 33 R
262 385 33 R
262 417 33 R
262 449 33 R
263 1 33 R
263 33 33 R
263 65 33 R
263 97 33 R
263 129 33 R
263 161 33 R
263 193 33 R
263 225 33 R
263 257 33 R
263 289 33 R
263 321 33 R
263 353 33 R
263 385 33 R
263 417 33 R
263 449 33 R
264 1 33 R
264 33 33 R
264 65 33 R
264 97 33 R
264 129 33 R
264 161 33 R
264 193 33 R
264 225 33 R
264 257 33 R
264 289 33 R
264 321 33 R
264 353 33 R
264 385 33 R
264 417 33 R
264 449 33 R
265 1 33 R
265 33 33 R
265 65 33 R
265 97 33 R
265 129 33 R
265 161 33 R
265 193 33 R
265 225 33 R
265 257 33 R
265 289 33 R
265 321 33 R
265 353 33 R
265 385 33 R
265 417 33 R
265 449 33 R
266 1 33 R
266 33 33 R
266 65 33 R
266 97 33 R
266 129 33 R
266 161 33 R
266 193 33 R
266 225 33 R
266 257 33 R
266 289 33 R
266 321 33 R
266 353 33 R
266 385 33 R
266 417 33 R
266 449 33 R
267 1 33 R
267 33 33 R
267 65 33 R
267 97 33 R
267 129 33 R
267 161 33 R
267 193 33 R
267 225 33 R
267 257 33 R
267 289 33 R
267 321 33 R
267 353 33 R
267 385 33 R
267 417 33 R
267 449 33 R
268 1 33 R
268 33 33 R
268 65 33 R
268 97 33 R
268 129 33 R
268 161 33 R
268 193 33 R
268 225 33 R
268 257 33 R
268 289 33 R
268 321 33 R
268 353 33 R
268 385 33 R
268 417 33 R
268 449 33 R
269 1 33 R
269 33 33 R
269 65 33 R
269 97 33 R
269 129 33 R
269 161 33 R
269 193 33 R
269 225 33 R
269 257 33 R
269 289 33 R
269 321 33 R
269 353 33 R
269 385 33 R
269 417 33 R
269 449 33 R
270 1 33 R
270 33 33 R
270 65 33 R
270 97 33 R
270 129 33 R
270 161 33 R
270 193 33 R
270 225 33 R
270 257 33 R
270 289 33 R
270 321 33 R
270 353 33 R
270 385 33 R
270 417 33 R
270 449 33 R
271 1 33 R
271 33 33 R
271 65 33 R
271 97 33 R
271 129 33 R
271 161 33 R
271 193 33 R
271 225 33 R
271 257 33 R
271 289 33 R
271 321 33 R
271 353 33 R
271 385 33 R
271 417 33 R
271 449 33 R
272 1 33 R
272 33 33 R
272 65 33 R
272 97 33 R
272 129 33 R
272 161 33 R
272 193 33 R
272 225 33 R
272 257 33 R
272 289 33 R
272 321 33 R
272 353 33 R
272 385 33 R
272 417 33 R
272 449 33 R
273 1 33 R
273 33 33 R
273 65 33 R
273 97 33 R
273 129 33 R
273 161 33 R
273 193 33 R
273 225 33 R
273 257 33 R
273 289 33 R
273 321 33 R
273 353 33 R
273 385 33 R
273 417 33 R
273 449 33 R
274 1 33 R
274 33 33 R
274 65 33 R
274 97 33 R
274 129 33 R
274 161 33 R
274 193 33 R
274 225 33 R
274 257 33 R
274 289 33 R
274 321 33 R
274 353 33 R
274 385 33 R
274 417 33 R
274 449 33 R
275 1 33 R
275 33 33 R
275 65 33 R
275 97 33 R
275 129 33 R
275 161 33 R
275 193 33 R
275 225 33 R
275 257 33 R
275 289 33 R
275 321 33 R
275 353 33 R
275 385 33 R
275 417 33 R
275 449 33 R
276 1 33 R
276 33 33 R
276 65 33 R
276 97 33 R
276 129 33 R
276 161 33 R
276 193 33 R
276 225 33 R
276 257 33 R
276 289 33 R
276 321 33 R
276 353 33 R
276 385 33 R
276 417 33 R
276 449 33 R
277 1 33 R
277 33 33 R
277 65 33 R
277 97 33 R
277 129 33 R
277 161 33 R
277 193 33 R
277 225 33 R
277 257 33 R
277 289 33 R
277 321 33 R
277 353 33 R
277 385 33 R
277 417 33 R
277 449 33 R
278 1 33 R
278 33 33 R
278 65 33 R
278 97 33 R
278 129 33 R
278 161 33 R
278 193 33 R
278 225 33 R
278 257 33 R
278 289 33 R
278 321 33 R
278 353 33 R
278 385 33 R
278 417 33 R
278 449 33 R
279 1 33 R
279 33 33 R
279 65 33 R
279 97 33 R
279 129 33 R
279 161 33 R
279 193 33 R
279 225 33 R
279 257 33 R
279 289 33 R
279 321 33 R
279 353 33 R
279 385 33 R
279 417 33 R
279 449 33 R
280 1 33 R
280 33 33 R
280 65 33 R
280 97 33 R
280 129 33 R
280 161 33 R
280 193 33 R
280 225 33 R
280 257 33 R
280 289 33 R
280 321 33 R
280 353 33 R
280 385 33 R
280 417 33 R
280 449 33 R
281 1 33 R
281 33 33 R
281 65 33 R
281 97 33 R
281 129 33 R
281 161 33 R
281 193 33 R
281 225 33 R
281 257 33 R
281 289 33 R
281 321 33 R
281 353 33 R
281 385 33 R
281 417 33 R
281 449 33 R
282 1 33 R
282 33 33 R
282 65 33 R
282 97 33 R
282 129 33 R
282 161 33 R
282 193 33 R
282 225 33 R
282 257 33 R
282 289 33 R
282 321 33 R
282 353 33 R
282 385 33 R
282 417 33 R
282 449 33 R
283 1 33 R
283 33 33 R
283 65 33 R
283 97 33 R
283 129 33 R
283 161 33 R
283 193 33 R
283 225 33 R
283 257 33 R
283 289 33 R
283 321 33 R
283 353 33 R
283 385 33 R
283 417 33 R
283 449 33 R
284 1 33 R
284 33 33 R
284 65 33 R
284 97 33 R
284 129 33 R
284 161 33 R
284 193 33 R
284 225 33 R
284 257 33 R
284 289 33 R
284 321 33 R
284 353 33 R
284 385 33 R
284 417 33 R
284 449 33 R
285 1 33 R
285 33 33 R
285 65 33 R
285 97 33 R
285 129 33 R
285 161 33 R
285 193 33 R
285 225 33 R
285 257 33 R
285 289 33 R
285 321 33 R
285 353 33 R
285 385 33 R
285 417 33 R
285 449 33 R
286 1 33 R
286 33 33 R
286 65 33 R
286 97 33 R
286 129 33 R
286 161 33 R
286 193 33 R
286 225 33 R
286 257 33 R
286 289 33 R
286 321 33 R
286 353 33 R
286 385 33 R
286 417 33 R
286 449 33 R
287 1 33 R
287 33 33 R
287 65 33 R
287 97 33 R
287 129 33 R
287 161 33 R
287 193 33 R
287 225 33 R
287 257 33 R
287 289 33 R
287 321 33 R
287 353 33 R
287 385 33 R
287 417 33 R
287 449 33 R
288 1 33 R
288 33 33 R
288 65 33 R
288 97 33 R
288 129 33 R
288 161 33 R
288 193 33 R
288 225 33 R
288 257 33 R
288 289 33 R
288 321 33 R
288 353 33 R
288 385 33 R
288 417 33 R
288 449 33 R
289 1 33 R
289 33 33 R
289 65 33 R
289 97 33 R
289 129 33 R
289 161 33 R
289 193 33 R
289 225 33 R
289 257 33 R
289 289 33 R
289 321 33 R
289 353 33 R
289 385 33 R
289 417 33 R
289 449 33 R
290 1 33 R
290 33 33 R
290 65 33 R
290 97 33 R
290 129 33 R
290 161 33 R
290 193 33 R
290 225 33 R
290 257 33 R
290 289 33 R
290 321 33 R
290 353 33 R
290 385 33 R
290 417 33 R
290 449 33 R
291 1 33 R
291 33 33 R
291 65 33 R
291 97 33 R
291 129 33 R
291 161 33 R
291 193 33 R
291 225 33 R
291 257 33 R
291 289 33 R
291 321 33 R
291 353 33 R
291 385 33 R
291 417 33 R
291 449 33 R
292 1 33 R
292 33 33 R
292 65 33 R
292 97 33 R
292 129 33 R
292 161 33 R
292 193 33 R
292 225 33 R
292 257 33 R
292 289 33 R
292 321 33 R
292 353 33 R
292 385 33 R
292 417 33 R
292 449 33 R
293 1 33 R
293 33 33 R
293 65 33 R
293 97 33 R
293 129 33 R
293 161 33 R
293 193 33 R
293 225 33 R
293 257 33 R
293 289 33 R
293 321 33 R
293 353 33 R
293 385 33 R
293 417 33 R
293 449 33 R
294 1 33 R
294 33 33 R
294 65 33 R
294 97 33 R
294 129 33 R
294 161 33 R
294 193 33 R
294 225 33 R
294 257 33 R
294 289 33 R
294 321 33 R
294 353 33 R
294 385 33 R
294 417 33 R
294 449 33 R
295 1 33 R
295 33 33 R
295 65 33 R
295 97 33 R
295 129 33 R
295 161 33 R
295 193 33 R
295 225 33 R
295 257 33 R
295 289 33 R
295 321 33 R
295 353 33 R
295 385 33 R
295 417 33 R
295 449 33 R
296 1 33 R
296 33 33 R
296 65 33 R
296 97 33 R
296 129 33 R
296 161 33 R
296 193 33 R
296 225 33 R
296 257 33 R
296 289 33 R
296 321 33 R
296 353 33 R
296 385 33 R
296 417 33 R
296 449 33 R
297 1 33 R
297 33 33 R
297 65 33 R
297 97 33 R
297 129 33 R
297 161 33 R
297 193 33 R
297 225 33 R
297 257 33 R
297 289 33 R
297 321 33 R
297 353 33 R
297 385 33 R
297 417 33 R
297 449 33 R
298 1 33 R
298 33 33 R
298 65 33 R
298 97 33 R
298 129 33 R
298 161 33 R
298 193 33 R
298 225 33 R
298 257 33 R
298 289 33 R
298 321 33 R
298 353 33 R
298 385 33 R
298 417 33 R
298 449 33 R
299 1 33 R
299 33 33 R
299 65 33 R
299 97 33 R
299 129 33 R
299 161 33 R
299 193 33 R
299 225 33 R
299 257 33 R
299 289 33 R
299 321 33 R
299 353 33 R
299 385 33 R
299 417 33 R
299 449 33 R
300 1 33 R
300 33 33 R
300 65 33 R
300 97 33 R
300 129 33 R
300 161 33 R
300 193 33 R
300 225 33 R
300 257 33 R
300 289 33 R
300 321 33 R
300 353 33 R
300 385 33 R
300 417 33 R
300 449 33 R
301 1 33 R
301 33 33 R
301 65 33 R
301 97 33 R
301 129 33 R
301 161 33 R
301 193 33 R
301 225 33 R
301 257 33 R
301 289 33 R
301 321 33 R
301 353 33 R
301 385 33 R
301 417 33 R
301 449 33 R
302 1 33 R
302 33 33 R
302 65 33 R
302 97 33 R
302 129 33 R
302 161 33 R
302 193 33 R
302 225 33 R
302 257 33 R
302 289 33 R
302 321 33 R
302 353 33 R
302 385 33 R
302 417 33 R
302 449 33 R
303 1 33 R
303 33 33 R
303 65 33 R
303 97 33 R
303 129 33 R
303 161 33 R
303 193 33 R
303 225 33 R
303 257 33 R
303 289 33 R
303 321 33 R
303 353 33 R
303 385 33 R
303 417 33 R
303 449 33 R
304 1 33 R
304 33 33 R
304 65 33 R
304 97 33 R
304 129 33 R
304 161 33 R
304 193 33 R
304 225 33 R
304 257 33 R
304 289 33 R
304 321 33 R
304 353 33 R
304 385 33 R
304 417 33 R
304 449 33 R
305 1 33 R
305 33 33 R
305 65 33 R
305 97 33 R
305 129 33 R
305 161 33 R
305 193 33 R
305 225 33 R
305 257 33 R
305 289 33 R
305 321 33 R
305 353 33 R
305 385 33 R
305 417 33 R
305 449 33 R
306 1 33 R
306 33 33 R
306 65 33 R
306 97 33 R
306 129 33 R
306 161 33 R
306 193 33 R
306 225 33 R
306 257 33 R
306 289 33 R
306 321 33 R
306 353 33 R
306 385 33 R
306 417 33 R
306 449 33 R
307 1 33 R
307 33 33 R
307 65 33 R
307 97 33 R
307 129 33 R
307 161 33 R
307 193 33 R
307 225 33 R
307 257 33 R
307 289 33 R
307 321 33 R
307 353 33 R
307 385 33 R
307 417 33 R
307 449 33 R
308 1 33 R
308 33 33 R
308 65 33 R
308 97 33 R
308 129 33 R
308 161 33 R
308 193 33 R
308 225 33 R
308 257 33 R
308 289 33 R
308 321 33 R
308 353 33 R
308 385 33 R
308 417 33 R
308 449 33 R
309 1 33 R
309 33 33 R
309 65 33 R
309 97 33 R
309 129 33 R
309 161 33 R
309 193 33 R
309 225 33 R
309 257 33 R
309 289 33 R
309 321 33 R
309 353 33 R
309 385 33 R
309 417 33 R
309 449 33 R
310 1 33 R
310 33 33 R
310 65 33 R
310 97 33 R
310 129 33 R
310 161 33 R
310 193 33 R
310 225 33 R
310 257 33 R
310 289 33 R
310 321 33 R
310 353 33 R
310 385 33 R
310 417 33 R
310 449 33 R
311 1 33 R
311 33 33 R
311 65 33 R
311 97 33 R
311 129 33 R
311 161 33 R
311 193 33 R
311 225 33 R
311 257 33 R
311 289 33 R
311 321 33 R
311 353 33 R
311 385 33 R
311 417 33 R
311 449 33 R
312 1 33 R
312 33 33 R
312 65 33 R
312 97 33 R
312 129 33 R
312 161 33 R
312 193 33 R
312 225 33 R
312 257 33 R
312 289 33 R
312 321 33 R
312 353 33 R
312 385 33 R
312 417 33 R
312 449 33 R
313 1 33 R
313 33 33 R
313 65 33 R
313 97 33 R
313 129 33 R
313 161 33 R
313 193 33 R
313 225 33 R
313 257 33 R
313 289 33 R
313 321 33 R
313 353 33 R
313 385 33 R
313 417 33 R
313 449 33 R
314 1 33 R
314 33 33 R
314 65 33 R
314 97 33 R
314 129 33 R
314 161 33 R
314 193 33 R
314 225 33 R
314 257 33 R
314 289 33 R
314 321 33 R
314 353 33 R
314 385 33 R
314 417 33 R
314 449 33 R
315 1 33 R
315 33 33 R
315 65 33 R
315 97 33 R
315 129 33 R
315 161 33 R
315 193 33 R
315 225 33 R
315 257 33 R
315 289 33 R
315 321 33 R
315 353 33 R
315 385 33 R
315 417 33 R
315 449 33 R
316 1 33 R
316 33 33 R
316 65 33 R
316 97 33 R
316 129 33 R
316 161 33 R
316 193 33 R
316 225 33 R
316 257 33 R
316 289 33 R
316 321 33 R
316 353 33 R
316 385 33 R
316 417 33 R
316 449 33 R
317 1 33 R
317 33 33 R
317 65 33 R
317 97 33 R
317 129 33 R
317 161 33 R
317 193 33 R
317 225 33 R
317 257 33 R
317 289 33 R
317 321 33 R
317 353 33 R
317 385 33 R
317 417 33 R
317 449 33 R
318 1 33 R
318 33 33 R
318 65 33 R
318 97 33 R
318 129 33 R
318 161 33 R
318 193 33 R
318 225 33 R
318 257 33 R
318 289 33 R
318 321 33 R
318 353 33 R
318 385 33 R
318 417 33 R
318 449 33 R
319 1 33 R
319 33 33 R
319 65 33 R
319 97 33 R
319 129 33 R
319 161 33 R
319 193 33 R
319 225 33 R
319 257 33 R
319 289 33 R
319 321 33 R
319 353 33 R
319 385 33 R
319 417 33 R
319 449 33 R
320 1 33 R
320 33 33 R
320 65 33 R
320 97 33 R
320 129 33 R
320 161 33 R
320 193 33 R
320 225 33 R
320 257 33 R
320 289 33 R
320 321 33 R
320 353 33 R
320 385 33 R
320 417 33 R
320 449 33 R
321 1 33 R
321 33 33 R
321 65 33 R
321 97 33 R
321 129 33 R
321 161 33 R
321 193 33 R
321 225 33 R
321 257 33 R
321 289 33 R
321 321 33 R
321 353 33 R
321 385 33 R
321 417 33 R
321 449 33 R
322 1 33 R
322 33 33 R
322 65 33 R
322 97 33 R
322 129 33 R
322 161 33 R
322 193 33 R
322 225 33 R
322 257 33 R
322 289 33 R
322 321 33 R
322 353 33 R
322 385 33 R
322 417 33 R
322 449 33 R
323 1 33 R
323 33 33 R
323 65 33 R
323 97 33 R
323 129 33 R
323 161 33 R
323 193 33 R
323 225 33 R
323 257 33 R
323 289 33 R
323 321 33 R
323 353 33 R
323 385 33 R
323 417 33 R
323 449 33 R
324 1 33 R
324 33 33 R
324 65 33 R
324 97 33 R
324 129 33 R
324 161 33 R
324 193 33 R
324 225 33 R
324 257 33 R
324 289 33 R
324 321 33 R
324 353 33 R
324 385 33 R
324 417 33 R
324 449 33 R
325 1 33 R
325 33 33 R
325 65 33 R
325 97 33 R
325 129 33 R
325 161 33 R
325 193 33 R
325 225 33 R
325 257 33 R
325 289 33 R
325 321 33 R
325 353 33 R
325 385 33 R
325 417 33 R
325 449 33 R
326 1 33 R
326 33 33 R
326 65 33 R
326 97 33 R
326 129 33 R
326 161 33 R
326 193 33 R
326 225 33 R
326 257 33 R
326 289 33 R
326 321 33 R
326 353 33 R
326 385 33 R
326 417 33 R
326 449 33 R
327 1 33 R
327 33 33 R
327 65 33 R
327 97 33 R
327 129 33 R
327 161 33 R
327 193 33 R
327 225 33 R
327 257 33 R
327 289 33 R
327 321 33 R
327 353 33 R
327 385 33 R
327 417 33 R
327 449 33 R
328 1 33 R
328 33 33 R
328 65 33 R
328 97 33 R
328 129 33 R
328 161 33 R
328 193 33 R
328 225 33 R
328 257 33 R
328 289 33 R
328 321 33 R
328 353 33 R
328 385 33 R
328 417 33 R
328 449 33 R
329 1 33 R
329 33 33 R
329 65 33 R
329 97 33 R
329 129 33 R
329 161 33 R
329 193 33 R
329 225 33 R
329 257 33 R
329 289 33 R
329 321 33 R
329 353 33 R
329 385 33 R
329 417 33 R
329 449 33 R
330 1 33 R
330 33 33 R
330 65 33 R
330 97 33 R
330 129 33 R
330 161 33 R
330 193 33 R
330 225 33 R
330 257 33 R
330 289 33 R
330 321 33 R
330 353 33 R
330 385 33 R
330 417 33 R
330 449 33 R
331 1 33 R
331 33 33 R
331 65 33 R
331 97 33 R
331 129 33 R
331 161 33 R
331 193 33 R
331 225 33 R
331 257 33 R
331 289 33 R
331 321 33 R
331 353 33 R
331 385 33 R
331 417 33 R
331 449 33 R
332 1 33 R
332 33 33 R
332 65 33 R
332 97 33 R
332 129 33 R
332 161 33 R
332 193 33 R
332 225 33 R
332 257 33 R
332 289 33 R
332 321 33 R
332 353 33 R
332 385 33 R
332 417 33 R
332 449 33 R
333 1 33 R
333 33 33 R
333 65 33 R
333 97 33 R
333 129 33 R
333 161 33 R
333 193 33 R
333 225 33 R
333 257 33 R
333 289 33 R
333 321 33 R
333 353 33 R
333 385 33 R
333 417 33 R
333 449 33 R
334 1 33 R
334 33 33 R
334 65 33 R
334 97 33 R
334 129 33 R
334 161 33 R
334 193 33 R
334 225 33 R
334 257 33 R
334 289 33 R
334 321 33 R
334 353 33 R
334 385 33 R
334 417 33 R
334 449 33 R
335 1 33 R
335 33 33 R
335 65 33 R
335 97 33 R
335 129 33 R
335 161 33 R
335 193 33 R
335 225 33 R
335 257 33 R
335 289 33 R
335 321 33 R
335 353 33 R
335 385 33 R
335 417 33 R
335 449 33 R
336 1 33 R
336 33 33 R
336 65 33 R
336 97 33 R
336 129 33 R
336 161 33 R
336 193 33 R
336 225 33 R
336 257 33 R
336 289 33 R
336 321 33 R
336 353 33 R
336 385 33 R
336 417 33 R
336 449 33 R
337 1 33 R
337 33 33 R
337 65 33 R
337 97 33 R
337 129 33 R
337 161 33 R
337 193 33 R
337 225 33 R
337 257 33 R
337 289 33 R
337 321 33 R
337 353 33 R
337 385 33 R
337 417 33 R
337 449 33 R
338 1 33 R
338 33 33 R
338 65 33 R
338 97 33 R
338 129 33 R
338 161 33 R
338 193 33 R
338 225 33 R
338 257 33 R
338 289 33 R
338 321 33 R
338 353 33 R
338 385 33 R
338 417 33 R
338 449 33 R
339 1 33 R
339 33 33 R
339 65 33 R
339 97 33 R
339 129 33 R
339 161 33 R
339 193 33 R
339 225 33 R
339 257 33 R
339 289 33 R
339 321 33 R
339 353 33 R
339 385 33 R
339 417 33 R
339 449 33 R
340 1 33 R
340 33 33 R
340 65 33 R
340 97 33 R
340 129 33 R
340 161 33 R
340 193 33 R
340 225 33 R
340 257 33 R
340 289 33 R
340 321 33 R
340 353 33 R
340 385 33 R
340 417 33 R
340 449 33 R
341 1 33 R
341 33 33 R
341 65 33 R
341 97 33 R
341 129 33 R
341 161 33 R
341 193 33 R
341 225 33 R
341 257 33 R
341 289 33 R
341 321 33 R
341 353 33 R
341 385 33 R
341 417 33 R
341 449 33 R
342 1 33 R
342 33 33 R
342 65 33 R
342 97 33 R
342 129 33 R
342 161 33 R
342 193 33 R
342 225 33 R
342 257 33 R
342 289 33 R
342 321 33 R
342 353 33 R
342 385 33 R
342 417 33 R
342 449 33 R
343 1 33 R
343 33 33 R
343 65 33 R
343 97 33 R
343 129 33 R
343 161 33 R
343 193 33 R
343 225 33 R
343 257 33 R
343 289 33 R
343 321 33 R
343 353 33 R
343 385 33 R
343 417 33 R
343 449 33 R
344 1 33 R
344 33 33 R
344 65 33 R
344 97 33 R
344 129 33 R
344 161 33 R
344 193 33 R
344 225 33 R
344 257 33 R
344 289 33 R
344 321 33 R
344 353 33 R
344 385 33 R
344 417 33 R
344 449 33 R
345 1 33 R
345 33 33 R
345 65 33 R
345 97 33 R
345 129 33 R
345 161 33 R
345 193 33 R
345 225 33 R
345 257 33 R
345 289 33 R
345 321 33 R
345 353 33 R
345 385 33 R
345 417 33 R
345 449 33 R
346 1 33 R
346 33 33 R
346 65 33 R
346 97 33 R
346 129 33 R
346 161 33 R
346 193 33 R
346 225 33 R
346 257 33 R
346 289 33 R
346 321 33 R
346 353 33 R
346 385 33 R
346 417 33 R
346 449 33 R
347 1 33 R
347 33 33 R
347 65 33 R
347 97 33 R
347 129 33 R
347 161 33 R
347 193 33 R
347 225 33 R
347 257 33 R
347 289 33 R
347 321 33 R
347 353 33 R
347 385 33 R
347 417 33 R
347 449 33 R
348 1 33 R
348 33 33 R
348 65 33 R
348 97 33 R
348 129 33 R
348 161 33 R
348 193 33 R
348 225 33 R
348 257 33 R
348 289 33 R
348 321 33 R
348 353 33 R
348 385 33 R
348 417 33 R
348 449 33 R
349 1 33 R
349 33 33 R
349 65 33 R
349 97 33 R
349 129 33 R
349 161 33 R
349 193 33 R
349 225 33 R
349 257 33 R
349 289 33 R
349 321 33 R
349 353 33 R
349 385 33 R
349 417 33 R
349 449 33 R
350 1 33 R
350 33 33 R
350 65 33 R
350 97 33 R
350 129 33 R
350 161 33 R
350 193 33 R
350 225 33 R
350 257 33 R
350 289 33 R
350 321 33 R
350 353 33 R
350 385 33 R
350 417 33 R
350 449 33 R
351 1 33 R
351 33 33 R
351 65 33 R
351 97 33 R
351 129 33 R
351 161 33 R
351 193 33 R
351 225 33 R
351 257 33 R
351 289 33 R
351 321 33 R
351 353 33 R
351 385 33 R
351 417 33 R
351 449 33 R
352 1 33 R
352 33 33 R
352 65 33 R
352 97 33 R
352 129 33 R
352 161 33 R
352 193 33 R
352 225 33 R
352 257 33 R
352 289 33 R
352 321 33 R
352 353 33 R
352 385 33 R
352 417 33 R
352 449 33 R
353 1 33 R
353 33 33 R
353 65 33 R
353 97 33 R
353 129 33 R
353 161 33 R
353 193 33 R
353 225 33 R
353 257 33 R
353 289 33 R
353 321 33 R
353 353 33 R
353 385 33 R
353 417 33 R
353 449 33 R
354 1 33 R
354 33 33 R
354 65 33 R
354 97 33 R
354 129 33 R
354 161 33 R
354 193 33 R
354 225 33 R
354 257 33 R
354 289 33 R
354 321 33 R
354 353 33 R
354 385 33 R
354 417 33 R
354 449 33 R
355 1 33 R
355 33 33 R
355 65 33 R
355 97 33 R
355 129 33 R
355 161 33 R
355 193 33 R
355 225 33 R
355 257 33 R
355 289 33 R
355 321 33 R
355 353 33 R
355 385 33 R
355 417 33 R
355 449 33 R
356 1 33 R
356 33 33 R
356 65 33 R
356 97 33 R
356 129 33 R
356 161 33 R
356 193 33 R
356 225 33 R
356 257 33 R
356 289 33 R
356 321 33 R
356 353 33 R
356 385 33 R
356 417 33 R
356 449 33 R
357 1 33 R
357 33 33 R
357 65 33 R
357 97 33 R
357 129 33 R
357 161 33 R
357 193 33 R
357 225 33 R
357 257 33 R
357 289 33 R
357 321 33 R
357 353 33 R
357 385 33 R
357 417 33 R
357 449 33 R
358 1 33 R
358 33 33 R
358 65 33 R
358 97 33 R
358 129 33 R
358 161 33 R
358 193 33 R
358 225 33 R
358 257 33 R
358 289 33 R
358 321 33 R
358 353 33 R
358 385 33 R
358 417 33 R
358 449 33 R
359 1 33 R
359 33 33 R
359 65 33 R
359 97 33 R
359 129 33 R
359 161 33 R
359 193 33 R
359 225 33 R
359 257 33 R
359 289 33 R
359 321 33 R
359 353 33 R
359 385 33 R
359 417 33 R
359 449 33 R
360 1 33 R
360 33 33 R
360 65 33 R
360 97 33 R
360 129 33 R
360 161 33 R
360 193 33 R
360 225 33 R
360 257 33 R
360 289 33 R
360 321 33 R
360 353 33 R
360 385 33 R
360 417 33 R
360 449 33 R
361 1 33 R
361 33 33 R
361 65 33 R
361 97 33 R
361 129 33 R
361 161 33 R
361 193 33 R
361 225 33 R
361 257 33 R
361 289 33 R
361 321 33 R
361 353 33 R
361 385 33 R
361 417 33 R
361 449 33 R
362 1 33 R
362 33 33 R
362 65 33 R
362 97 33 R
362 129 33 R
362 161 33 R
362 193 33 R
362 225 33 R
362 257 33 R
362 289 33 R
362 321 33 R
362 353 33 R
362 385 33 R
362 417 33 R
362 449 33 R
363 1 33 R
363 33 33 R
363 65 33 R
363 97 33 R
363 129 33 R
363 161 33 R
363 193 33 R
363 225 33 R
363 257 33 R
363 289 33 R
363 321 33 R
363 353 33 R
363 385 33 R
363 417 33 R
363 449 33 R
364 1 33 R
364 33 33 R
364 65 33 R
364 97 33 R
364 129 33 R
364 161 33 R
364 193 33 R
364 225 33 R
364 257 33 R
364 289 33 R
364 321 33 R
364 353 33 R
364 385 33 R
364 417 33 R
364 449 33 R
365 1 33 R
365 33 33 R
365 65 33 R
365 97 33 R
365 129 33 R
365 161 33 R
365 193 33 R
365 225 33 R
365 257 33 R
365 289 33 R
365 321 33 R
365 353 33 R
365 385 33 R
365 417 33 R
365 449 33 R
366 1 33 R
366 33 33 R
366 65 33 R
366 97 33 R
366 129 33 R
366 161 33 R
366 193 33 R
366 225 33 R
366 257 33 R
366 289 33 R
366 321 33 R
366 353 33 R
366 385 33 R
366 417 33 R
366 449 33 R
367 1 33 R
367 33 33 R
367 65 33 R
367 97 33 R
367 129 33 R
367 161 33 R
367 193 33 R
367 225 33 R
367 257 33 R
367 289 33 R
367 321 33 R
367 353 33 R
367 385 33 R
367 417 33 R
367 449 33 R
368 1 33 R
368 33 33 R
368 65 33 R
368 97 33 R
368 129 33 R
368 161 33 R
368 193 33 R
368 225 33 R
368 257 33 R
368 289 33 R
368 321 33 R
368 353 33 R
368 385 33 R
368 417 33 R
368 449 33 R
369 1 33 R
369 33 33 R
369 65 33 R
369 97 33 R
369 129 33 R
369 161 33 R
369 193 33 R
369 225 33 R
369 257 33 R
369 289 33 R
369 321 33 R
369 353 33 R
369 385 33 R
369 417 33 R
369 449 33 R
370 1 33 R
370 33 33 R
370 65 33 R
370 97 33 R
370 129 33 R
370 161 33 R
370 193 33 R
370 225 33 R
370 257 33 R
370 289 33 R
370 321 33 R
370 353 33 R
370 385 33 R
370 417 33 R
370 449 33 R
371 1 33 R
371 33 33 R
371 65 33 R
371 97 33 R
371 129 33 R
371 161 33 R
371 193 33 R
371 225 33 R
371 257 33 R
371 289 33 R
371 321 33 R
371 353 33 R
371 385 33 R
371 417 33 R
371 449 33 R
372 1 33 R
372 33 33 R
372 65 33 R
372 97 33 R
372 129 33 R
372 161 33 R
372 193 33 R
372 225 33 R
372 257 33 R
372 289 33 R
372 321 33 R
372 353 33 R
372 385 33 R
372 417 33 R
372 449 33 R
373 1 33 R
373 33 33 R
373 65 33 R
373 97 33 R
373 129 33 R
373 161 33 R
373 193 33 R
373 225 33 R
373 257 33 R
373 289 33 R
373 321 33 R
373 353 33 R
373 385 33 R
373 417 33 R
373 449 33 R
374 1 33 R
374 33 33 R
374 65 33 R
374 97 33 R
374 129 33 R
374 161 33 R
374 193 33 R
374 225 33 R
374 257 33 R
374 289 33 R
374 321 33 R
374 353 33 R
374 385 33 R
374 417 33 R
374 449 33 R
375 1 33 R
375 33 33 R
375 65 33 R
375 97 33 R
375 129 33 R
375 161 33 R
375 193 33 R
375 225 33 R
375 257 33 R
375 289 33 R
375 321 33 R
375 353 33 R
375 385 33 R
375 417 33 R
375 449 33 R
376 1 33 R
376 33 33 R
376 65 33 R
376 97 33 R
376 129 33 R
376 161 33 R
376 193 33 R
376 225 33 R
376 257 33 R
376 289 33 R
376 321 33 R
376 353 33 R
376 385 33 R
376 417 33 R
376 449 33 R
377 1 33 R
377 33 33 R
377 65 33 R
377 97 33 R
377 129 33 R
377 161 33 R
377 193 33 R
377 225 33 R
377 257 33 R
377 289 33 R
377 321 33 R
377 353 33 R
377 385 33 R
377 417 33 R
377 449 33 R
378 1 33 R
378 33 33 R
378 65 33 R
378 97 33 R
378 129 33 R
378 161 33 R
378 193 33 R
378 225 33 R
378 257 33 R
378 289 33 R
378 321 33 R
378 353 33 R
378 385 33 R
378 417 33 R
378 449 33 R
379 1 33 R
379 33 33 R
379 65 33 R
379 97 33 R
379 129 33 R
379 161 33 R
379 193 33 R
379 225 33 R
379 257 33 R
379 289 33 R
379 321 33 R
379 353 33 R
379 385 33 R
379 417 33 R
379 449 33 R
380 1 33 R
380 33 33 R
380 65 33 R
380 97 33 R
380 129 33 R
380 161 33 R
380 193 33 R
380 225 33 R
380 257 33 R
380 289 33 R
380 321 33 R
380 353 33 R
380 385 33 R
380 417 33 R
380 449 33 R
381 1 33 R
381 33 33 R
381 65 33 R
381 97 33 R
381 129 33 R
381 161 33 R
381 193 33 R
381 225 33 R
381 257 33 R
381 289 33 R
381 321 33 R
381 353 33 R
381 385 33 R
381 417 33 R
381 449 33 R
382 1 33 R
382 33 33 R
382 65 33 R
382 97 33 R
382 129 33 R
382 161 33 R
382 193 33 R
382 225 33 R
382 257 33 R
382 289 33 R
382 321 33 R
382 353 33 R
382 385 33 R
382 417 33 R
382 449 33 R
383 1 33 R
383 33 33 R
383 65 33 R
383 97 33 R
383 129 33 R
383 161 33 R
383 193 33 R
383 225 33 R
383 257 33 R
383 289 33 R
383 321 33 R
383 353 33 R
383 385 33 R
383 417 33 R
383 449 33 R
384 1 33 R
384 33 33 R
384 65 33 R
384 97 33 R
384 129 33 R
384 161 33 R
384 193 33 R
384 225 33 R
384 257 33 R
384 289 33 R
384 321 33 R
384 353 33 R
384 385 33 R
384 417 33 R
384 449 33 R
385 1 33 R
385 33 33 R
385 65 33 R
385 97 33 R
385 129 33 R
385 161 33 R
385 193 33 R
385 225 33 R
385 257 33 R
385 289 33 R
385 321 33 R
385 353 33 R
385 385 33 R
385 417 33 R
385 449 33 R
386 1 33 R
386 33 33 R
386 65 33 R
386 97 33 R
386 129 33 R
386 161 33 R
386 193 33 R
386 225 33 R
386 257 33 R
386 289 33 R
386 321 33 R
386 353 33 R
386 385 33 R
386 417 33 R
386 449 33 R
387 1 33 R
387 33 33 R
387 65 33 R
387 97 33 R
387 129 33 R
387 161 33 R
387 193 33 R
387 225 33 R
387 257 33 R
387 289 33 R
387 321 33 R
387 353 33 R
387 385 33 R
387 417 33 R
387 449 33 R
388 1 33 R
388 33 33 R
388 65 33 R
388 97 33 R
388 129 33 R
388 161 33 R
388 193 33 R
388 225 33 R
388 257 33 R
388 289 33 R
388 321 33 R
388 353 33 R
388 385 33 R
388 417 33 R
388 449 33 R
389 1 33 R
389 33 33 R
389 65 33 R
389 97 33 R
389 129 33 R
389 161 33 R
389 193 33 R
389 225 33 R
389 257 33 R
389 289 33 R
389 321 33 R
389 353 33 R
389 385 33 R
389 417 33 R
389 449 33 R
390 1 33 R
390 33 33 R
390 65 33 R
390 97 33 R
390 129 33 R
390 161 33 R
390 193 33 R
390 225 33 R
390 257 33 R
390 289 33 R
390 321 33 R
390 353 33 R
390 385 33 R
390 417 33 R
390 449 33 R
391 1 33 R
391 33 33 R
391 65 33 R
391 97 33 R
391 129 33 R
391 161 33 R
391 193 33 R
391 225 33 R
391 257 33 R
391 289 33 R
391 321 33 R
391 353 33 R
391 385 33 R
391 417 33 R
391 449 33 R
392 1 33 R
392 33 33 R
392 65 33 R
392 97 33 R
392 129 33 R
392 161 33 R
392 193 33 R
392 225 33 R
392 257 33 R
392 289 33 R
392 321 33 R
392 353 33 R
392 385 33 R
392 417 33 R
392 449 33 R
393 1 33 R
393 33 33 R
393 65 33 R
393 97 33 R
393 129 33 R
393 161 33 R
393 193 33 R
393 225 33 R
393 257 33 R
393 289 33 R
393 321 33 R
393 353 33 R
393 385 33 R
393 417 33 R
393 449 33 R
394 1 33 R
394 33 33 R
394 65 33 R
394 97 33 R
394 129 33 R
394 161 33 R
394 193 33 R
394 225 33 R
394 257 33 R
394 289 33 R
394 321 33 R
394 353 33 R
394 385 33 R
394 417 33 R
394 449 33 R
395 1 33 R
395 33 33 R
395 65 33 R
395 97 33 R
395 129 33 R
395 161 33 R
395 193 33 R
395 225 33 R
395 257 33 R
395 289 33 R
395 321 33 R
395 353 33 R
395 385 33 R
395 417 33 R
395 449 33 R
396 1 33 R
396 33 33 R
396 65 33 R
396 97 33 R
396 129 33 R
396 161 33 R
396 193 33 R
396 225 33 R
396 257 33 R
396 289 33 R
396 321 33 R
396 353 33 R
396 385 33 R
396 417 33 R
396 449 33 R
397 1 33 R
397 33 33 R
397 65 33 R
397 97 33 R
397 129 33 R
397 161 33 R
397 193 33 R
397 225 33 R
397 257 33 R
397 289 33 R
397 321 33 R
397 353 33 R
397 385 33 R
397 417 33 R
397 449 33 R
398 1 33 R
398 33 33 R
398 65 33 R
398 97 33 R
398 129 33 R
398 161 33 R
398 193 33 R
398 225 33 R
398 257 33 R
398 289 33 R
398 321 33 R
398 353 33 R
398 385 33 R
398 417 33 R
398 449 33 R
399 1 33 R
399 33 33 R
399 65 33 R
399 97 33 R
399 129 33 R
399 161 33 R
399 193 33 R
399 225 33 R
399 257 33 R
399 289 33 R
399 321 33 R
399 353 33 R
399 385 33 R
399 417 33 R
399 449 33 R
400 1 33 R
400 33 33 R
400 65 33 R
400 97 33 R
400 129 33 R
400 161 33 R
400 193 33 R
400 225 33 R
400 257 33 R
400 289 33 R
400 321 33 R
400 353 33 R
400 385 33 R
400 417 33 R
400 449 33 R
401 1 33 R
401 33 33 R
401 65 33 R
401 97 33 R
401 129 33 R
401 161 33 R
401 193 33 R
401 225 33 R
401 257 33 R
401 289 33 R
401 321 33 R
401 353 33 R
401 385 33 R
401 417 33 R
401 449 33 R
402 1 33 R
402 33 33 R
402 65 33 R
402 97 33 R
402 129 33 R
402 161 33 R
402 193 33 R
402 225 33 R
402 257 33 R
402 289 33 R
402 321 33 R
402 353 33 R
402 385 33 R
402 417 33 R
402 449 33 R
403 1 33 R
403 33 33 R
403 65 33 R
403 97 33 R
403 129 33 R
403 161 33 R
403 193 33 R
403 225 33 R
403 257 33 R
403 289 33 R
403 321 33 R
403 353 33 R
403 385 33 R
403 417 33 R
403 449 33 R
404 1 33 R
404 33 33 R
404 65 33 R
404 97 33 R
404 129 33 R
404 161 33 R
404 193 33 R
404 225 33 R
404 257 33 R
404 289 33 R
404 321 33 R
404 353 33 R
404 385 33 R
404 417 33 R
404 449 33 R
405 1 33 R
405 33 33 R
405 65 33 R
405 97 33 R
405 129 33 R
405 161 33 R
405 193 33 R
405 225 33 R
405 257 33 R
405 289 33 R
405 321 33 R
405 353 33 R
405 385 33 R
405 417 33 R
405 449 33 R
406 1 33 R
406 33 33 R
406 65 33 R
406 97 33 R
406 129 33 R
406 161 33 R
406 193 33 R
406 225 33 R
406 257 33 R
406 289 33 R
406 321 33 R
406 353 33 R
406 385 33 R
406 417 33 R
406 449 33 R
407 1 33 R
407 33 33 R
407 65 33 R
407 97 33 R
407 129 33 R
407 161 33 R
407 193 33 R
407 225 33 R
407 257 33 R
407 289 33 R
407 321 33 R
407 353 33 R
407 385 33 R
407 417 33 R
407 449 33 R
408 1 33 R
408 33 33 R
408 65 33 R
408 97 33 R
408 129 33 R
408 161 33 R
408 193 33 R
408 225 33 R
408 257 33 R
408 289 33 R
408 321 33 R
408 353 33 R
408 385 33 R
408 417 33 R
408 449 33 R
409 1 33 R
409 33 33 R
409 65 33 R
409 97 33 R
409 129 33 R
409 161 33 R
409 193 33 R
409 225 33 R
409 257 33 R
409 289 33 R
409 321 33 R
409 353 33 R
409 385 33 R
409 417 33 R
409 449 33 R
410 1 33 R
410 33 33 R
410 65 33 R
410 97 33 R
410 129 33 R
410 161 33 R
410 193 33 R
410 225 33 R
410 257 33 R
410 289 33 R
410 321 33 R
410 353 33 R
410 385 33 R
410 417 33 R
410 449 33 R
411 1 33 R
411 33 33 R
411 65 33 R
411 97 33 R
411 129 33 R
411 161 33 R
411 193 33 R
411 225 33 R
411 257 33 R
411 289 33 R
411 321 33 R
411 353 33 R
411 385 33 R
411 417 33 R
411 449 33 R
412 1 33 R
412 33 33 R
412 65 33 R
412 97 33 R
412 129 33 R
412 161 33 R
412 193 33 R
412 225 33 R
412 257 33 R
412 289 33 R
412 321 33 R
412 353 33 R
412 385 33 R
412 417 33 R
412 449 33 R
413 1 33 R
413 33 33 R
413 65 33 R
413 97 33 R
413 129 33 R
413 161 33 R
413 193 33 R
413 225 33 R
413 257 33 R
413 289 33 R
413 321 33 R
413 353 33 R
413 385 33 R
413 417 33 R
413 449 33 R
414 1 33 R
414 33 33 R
414 65 33 R
414 97 33 R
414 129 33 R
414 161 33 R
414 193 33 R
414 225 33 R
414 257 33 R
414 289 33 R
414 321 33 R
414 353 33 R
414 385 33 R
414 417 33 R
414 449 33 R
415 1 33 R
415 33 33 R
415 65 33 R
415 97 33 R
415 129 33 R
415 161 33 R
415 193 33 R
415 225 33 R
415 257 33 R
415 289 33 R
415 321 33 R
415 353 33 R
415 385 33 R
415 417 33 R
415 449 33 R
416 1 33 R
416 33 33 R
416 65 33 R
416 97 33 R
416 129 33 R
416 161 33 R
416 193 33 R
416 225 33 R
416 257 33 R
416 289 33 R
416 321 33 R
416 353 33 R
416 385 33 R
416 417 33 R
416 449 33 R
417 1 33 R
417 33 33 R
417 65 33 R
417 97 33 R
417 129 33 R
417 161 33 R
417 193 33 R
417 225 33 R
417 257 33 R
417 289 33 R
417 321 33 R
417 353 33 R
417 385 33 R
417 417 33 R
417 449 33 R
418 1 33 R
418 33 33 R
418 65 33 R
418 97 33 R
418 129 33 R
418 161 33 R
418 193 33 R
418 225 33 R
418 257 33 R
418 289 33 R
418 321 33 R
418 353 33 R
418 385 33 R
418 417 33 R
418 449 33 R
419 1 33 R
419 33 33 R
419 65 33 R
419 97 33 R
419 129 33 R
419 161 33 R
419 193 33 R
419 225 33 R
419 257 33 R
419 289 33 R
419 321 33 R
419 353 33 R
419 385 33 R
419 417 33 R
419 449 33 R
420 1 33 R
420 33 33 R
420 65 33 R
420 97 33 R
420 129 33 R
420 161 33 R
420 193 33 R
420 225 33 R
420 257 33 R
420 289 33 R
420 321 33 R
420 353 33 R
420 385 33 R
420 417 33 R
420 449 33 R
421 1 33 R
421 33 33 R
421 65 33 R
421 97 33 R
421 129 33 R
421 161 33 R
421 193 33 R
421 225 33 R
421 257 33 R
421 289 33 R
421 321 33 R
421 353 33 R
421 385 33 R
421 417 33 R
421 449 33 R
422 1 33 R
422 33 33 R
422 65 33 R
422 97 33 R
422 129 33 R
422 161 33 R
422 193 33 R
422 225 33 R
422 257 33 R
422 289 33 R
422 321 33 R
422 353 33 R
422 385 33 R
422 417 33 R
422 449 33 R
423 1 33 R
423 33 33 R
423 65 33 R
423 97 33 R
423 129 33 R
423 161 33 R
423 193 33 R
423 225 33 R
423 257 33 R
423 289 33 R
423 321 33 R
423 353 33 R
423 385 33 R
423 417 33 R
423 449 33 R
424 1 33 R
424 33 33 R
424 65 33 R
424 97 33 R
424 129 33 R
424 161 33 R
424 193 33 R
424 225 33 R
424 257 33 R
424 289 33 R
424 321 33 R
424 353 33 R
424 385 33 R
424 417 33 R
424 449 33 R
425 1 33 R
425 33 33 R
425 65 33 R
425 97 33 R
425 129 33 R
425 161 33 R
425 193 33 R
425 225 33 R
425 257 33 R
425 289 33 R
425 321 33 R
425 353 33 R
425 385 33 R
425 417 33 R
425 449 33 R
426 1 33 R
426 33 33 R
426 65 33 R
426 97 33 R
426 129 33 R
426 161 33 R
426 193 33 R
426 225 33 R
426 257 33 R
426 289 33 R
426 321 33 R
426 353 33 R
426 385 33 R
426 417 33 R
426 449 33 R
427 1 33 R
427 33 33 R
427 65 33 R
427 97 33 R
427 129 33 R
427 161 33 R
427 193 33 R
427 225 33 R
427 257 33 R
427 289 33 R
427 321 33 R
427 353 33 R
427 385 33 R
427 417 33 R
427 449 33 R
428 1 33 R
428 33 33 R
428 65 33 R
428 97 33 R
428 129 33 R
428 161 33 R
428 193 33 R
428 225 33 R
428 257 33 R
428 289 33 R
428 321 33 R
428 353 33 R
428 385 33 R
428 417 33 R
428 449 33 R
429 1 33 R
429 33 33 R
429 65 33 R
429 97 33 R
429 129 33 R
429 161 33 R
429 193 33 R
429 225 33 R
429 257 33 R
429 289 33 R
429 321 33 R
429 353 33 R
429 385 33 R
429 417 33 R
429 449 33 R
430 1 33 R
430 33 33 R
430 65 33 R
430 97 33 R
430 129 33 R
430 161 33 R
430 193 33 R
430 225 33 R
430 257 33 R
430 289 33 R
430 321 33 R
430 353 33 R
430 385 33 R
430 417 33 R
430 449 33 R
431 1 33 R
431 33 33 R
431 65 33 R
431 97 33 R
431 129 33 R
431 161 33 R
431 193 33 R
431 225 33 R
431 257 33 R
431 289 33 R
431 321 33 R
431 353 33 R
431 385 33 R
431 417 33 R
431 449 33 R
432 1 33 R
432 33 33 R
432 65 33 R
432 97 33 R
432 129 33 R
432 161 33 R
432 193 33 R
432 225 33 R
432 257 33 R
432 289 33 R
432 321 33 R
432 353 33 R
432 385 33 R
432 417 33 R
432 449 33 R
433 1 33 R
433 33 33 R
433 65 33 R
433 97 33 R
433 129 33 R
433 161 33 R
433 193 33 R
433 225 33 R
433 257 33 R
433 289 33 R
433 321 33 R
433 353 33 R
433 385 33 R
433 417 33 R
433 449 33 R
434 1 33 R
434 33 33 R
434 65 33 R
434 97 33 R
434 129 33 R
434 161 33 R
434 193 33 R
434 225 33 R
434 257 33 R
434 289 33 R
434 321 33 R
434 353 33 R
434 385 33 R
434 417 33 R
434 449 33 R
435 1 33 R
435 33 33 R
435 65 33 R
435 97 33 R
435 129 33 R
435 161 33 R
435 193 33 R
435 225 33 R
435 257 33 R
435 289 33 R
435 321 33 R
435 353 33 R
435 385 33 R
435 417 33 R
435 449 33 R
436 1 33 R
436 33 33 R
436 65 33 R
436 97 33 R
436 129 33 R
436 161 33 R
436 193 33 R
436 225 33 R
436 257 33 R
436 289 33 R
436 321 33 R
436 353 33 R
436 385 33 R
436 417 33 R
436 449 33 R
437 1 33 R
437 33 33 R
437 65 33 R
437 97 33 R
437 129 33 R
437 161 33 R
437 193 33 R
437 225 33 R
437 257 33 R
437 289 33 R
437 321 33 R
437 353 33 R
437 385 33 R
437 417 33 R
437 449 33 R
438 1 33 R
438 33 33 R
438 65 33 R
438 97 33 R
438 129 33 R
438 161 33 R
438 193 33 R
438 225 33 R
438 257 33 R
438 289 33 R
438 321 33 R
438 353 33 R
438 385 33 R
438 417 33 R
438 449 33 R
439 1 33 R
439 33 33 R
439 65 33 R
439 97 33 R
439 129 33 R
439 161 33 R
439 193 33 R
439 225 33 R
439 257 33 R
439 289 33 R
439 321 33 R
439 353 33 R
439 385 33 R
439 417 33 R
439 449 33 R
440 1 33 R
440 33 33 R
440 65 33 R
440 97 33 R
440 129 33 R
440 161 33 R
440 193 33 R
440 225 33 R
440 257 33 R
440 289 33 R
440 321 33 R
440 353 33 R
440 385 33 R
440 417 33 R
440 449 33 R
441 1 33 R
441 33 33 R
441 65 33 R
441 97 33 R
441 129 33 R
441 161 33 R
441 193 33 R
441 225 33 R
441 257 33 R
441 289 33 R
441 321 33 R
441 353 33 R
441 385 33 R
441 417 33 R
441 449 33 R
442 1 33 R
442 33 33 R
442 65 33 R
442 97 33 R
442 129 33 R
442 161 33 R
442 193 33 R
442 225 33 R
442 257 33 R
442 289 33 R
442 321 33 R
442 353 33 R
442 385 33 R
442 417 33 R
442 449 33 R
443 1 33 R
443 33 33 R
443 65 33 R
443 97 33 R
443 129 33 R
443 161 33 R
443 193 33 R
443 225 33 R
443 257 33 R
443 289 33 R
443 321 33 R
443 353 33 R
443 385 33 R
443 417 33 R
443 449 33 R
444 1 33 R
444 33 33 R
444 65 33 R
444 97 33 R
444 129 33 R
444 161 33 R
444 193 33 R
444 225 33 R
444 257 33 R
444 289 33 R
444 321 33 R
444 353 33 R
444 385 33 R
444 417 33 R
444 449 33 R
445 1 33 R
445 33 33 R
445 65 33 R
445 97 33 R
445 129 33 R
445 161 33 R
445 193 33 R
445 225 33 R
445 257 33 R
445 289 33 R
445 321 33 R
445 353 33 R
445 385 33 R
445 417 33 R
445 449 33 R
446 1 33 R
446 33 33 R
446 65 33 R
446 97 33 R
446 129 33 R
446 161 33 R
446 193 33 R
446 225 33 R
446 257 33 R
446 289 33 R
446 321 33 R
446 353 33 R
446 385 33 R
446 417 33 R
446 449 33 R
447 1 33 R
447 33 33 R
447 65 33 R
447 97 33 R
447 129 33 R
447 161 33 R
447 193 33 R
447 225 33 R
447 257 33 R
447 289 33 R
447 321 33 R
447 353 33 R
447 385 33 R
447 417 33 R
447 449 33 R
448 1 33 R
448 33 33 R
448 65 33 R
448 97 33 R
448 129 33 R
448 161 33 R
448 193 33 R
448 225 33 R
448 257 33 R
448 289 33 R
448 321 33 R
448 353 33 R
448 385 33 R
448 417 33 R
448 449 33 R
449 1 33 R
449 33 33 R
449 65 33 R
449 97 33 R
449 129 33 R
449 161 33 R
449 193 33 R
449 225 33 R
449 257 33 R
449 289 33 R
449 321 33 R
449 353 33 R
449 385 33 R
449 417 33 R
449 449 33 R
450 1 33 R
450 33 33 R
450 65 33 R
450 97 33 R
450 129 33 R
450 161 33 R
450 193 33 R
450 225 33 R
450 257 33 R
450 289 33 R
450 321 33 R
450 353 33 R
450 385 33 R
450 417 33 R
450 449 33 R
451 1 33 R
451 33 33 R
451 65 33 R
451 97 33 R
451 129 33 R
451 161 33 R
451 193 33 R
451 225 33 R
451 257 33 R
451 289 33 R
451 321 33 R
451 353 33 R
451 385 33 R
451 417 33 R
451 449 33 R
452 1 33 R
452 33 33 R
452 65 33 R
452 97 33 R
452 129 33 R
452 161 33 R
452 193 33 R
452 225 33 R
452 257 33 R
452 289 33 R
452 321 33 R
452 353 33 R
452 385 33 R
452 417 33 R
452 449 33 R
453 1 33 R
453 33 33 R
453 65 33 R
453 97 33 R
453 129 33 R
453 161 33 R
453 193 33 R
453 225 33 R
453 257 33 R
453 289 33 R
453 321 33 R
453 353 33 R
453 385 33 R
453 417 33 R
453 449 33 R
454 1 33 R
454 33 33 R
454 65 33 R
454 97 33 R
454 129 33 R
454 161 33 R
454 193 33 R
454 225 33 R
454 257 33 R
454 289 33 R
454 321 33 R
454 353 33 R
454 385 33 R
454 417 33 R
454 449 33 R
455 1 33 R
455 33 33 R
455 65 33 R
455 97 33 R
455 129 33 R
455 161 33 R
455 193 33 R
455 225 33 R
455 257 33 R
455 289 33 R
455 321 33 R
455 353 33 R
455 385 33 R
455 417 33 R
455 449 33 R
456 1 33 R
456 33 33 R
456 65 33 R
456 97 33 R
456 129 33 R
456 161 33 R
456 193 33 R
456 225 33 R
456 257 33 R
456 289 33 R
456 321 33 R
456 353 33 R
456 385 33 R
456 417 33 R
456 449 33 R
457 1 33 R
457 33 33 R
457 65 33 R
457 97 33 R
457 129 33 R
457 161 33 R
457 193 33 R
457 225 33 R
457 257 33 R
457 289 33 R
457 321 33 R
457 353 33 R
457 385 33 R
457 417 33 R
457 449 33 R
458 1 33 R
458 33 33 R
458 65 33 R
458 97 33 R
458 129 33 R
458 161 33 R
458 193 33 R
458 225 33 R
458 257 33 R
458 289 33 R
458 321 33 R
458 353 33 R
458 385 33 R
458 417 33 R
458 449 33 R
459 1 33 R
459 33 33 R
459 65 33 R
459 97 33 R
459 129 33 R
459 161 33 R
459 193 33 R
459 225 33 R
459 257 33 R
459 289 33 R
459 321 33 R
459 353 33 R
459 385 33 R
459 417 33 R
459 449 33 R
460 1 33 R
460 33 33 R
460 65 33 R
460 97 33 R
460 129 33 R
460 161 33 R
460 193 33 R
460 225 33 R
460 257 33 R
460 289 33 R
460 321 33 R
460 353 33 R
460 385 33 R
460 417 33 R
460 449 33 R
461 1 33 R
461 33 33 R
461 65 33 R
461 97 33 R
461 129 33 R
461 161 33 R
461 193 33 R
461 225 33 R
461 257 33 R
461 289 33 R
461 321 33 R
461 353 33 R
461 385 33 R
461 417 33 R
461 449 33 R
462 1 33 R
462 33 33 R
462 65 33 R
462 97 33 R
462 129 33 R
462 161 33 R
462 193 33 R
462 225 33 R
462 257 33 R
462 289 33 R
462 321 33 R
462 353 33 R
462 385 33 R
462 417 33 R
462 449 33 R
463 1 33 R
463 33 33 R
463 65 33 R
463 97 33 R
463 129 33 R
463 161 33 R
463 193 33 R
463 225 33 R
463 257 33 R
463 289 33 R
463 321 33 R
463 353 33 R
463 385 33 R
463 417 33 R
463 449 33 R
464 1 33 R
464 33 33 R
464 65 33 R
464 97 33 R
464 129 33 R
464 161 33 R
464 193 33 R
464 225 33 R
464 257 33 R
464 289 33 R
464 321 33 R
464 353 33 R
464 385 33 R
464 417 33 R
464 449 33 R
465 1 33 R
465 33 33 R
465 65 33 R
465 97 33 R
465 129 33 R
465 161 33 R
465 193 33 R
465 225 33 R
465 257 33 R
465 289 33 R
465 321 33 R
465 353 33 R
465 385 33 R
465 417 33 R
465 449 33 R
466 1 33 R
466 33 33 R
466 65 33 R
466 97 33 R
466 129 33 R
466 161 33 R
466 193 33 R
466 225 33 R
466 257 33 R
466 289 33 R
466 321 33 R
466 353 33 R
466 385 33 R
466 417 33 R
466 449 33 R
467 1 33 R
467 33 33 R
467 65 33 R
467 97 33 R
467 129 33 R
467 161 33 R
467 193 33 R
467 225 33 R
467 257 33 R
467 289 33 R
467 321 33 R
467 353 33 R
467 385 33 R
467 417 33 R
467 449 33 R
468 1 33 R
468 33 33 R
468 65 33 R
468 97 33 R
468 129 33 R
468 161 33 R
468 193 33 R
468 225 33 R
468 257 33 R
468 289 33 R
468 321 33 R
468 353 33 R
468 385 33 R
468 417 33 R
468 449 33 R
469 1 33 R
469 33 33 R
469 65 33 R
469 97 33 R
469 129 33 R
469 161 33 R
469 193 33 R
469 225 33 R
469 257 33 R
469 289 33 R
469 321 33 R
469 353 33 R
469 385 33 R
469 417 33 R
469 449 33 R
470 1 33 R
470 33 33 R
470 65 33 R
470 97 33 R
470 129 33 R
470 161 33 R
470 193 33 R
470 225 33 R
470 257 33 R
470 289 33 R
470 321 33 R
470 353 33 R
470 385 33 R
470 417 33 R
470 449 33 R
471 1 33 R
471 33 33 R
471 65 33 R
471 97 33 R
471 129 33 R
471 161 33 R
471 193 33 R
471 225 33 R
471 257 33 R
471 289 33 R
471 321 33 R
471 353 33 R
471 385 33 R
471 417 33 R
471 449 33 R
472 1 33 R
472 33 33 R
472 65 33 R
472 97 33 R
472 129 33 R
472 161 33 R
472 193 33 R
472 225 33 R
472 257 33 R
472 289 33 R
472 321 33 R
472 353 33 R
472 385 33 R
472 417 33 R
472 449 33 R
473 1 33 R
473 33 33 R
473 65 33 R
473 97 33 R
473 129 33 R
473 161 33 R
473 193 33 R
473 225 33 R
473 257 33 R
473 289 33 R
473 321 33 R
473 353 33 R
473 385 33 R
473 417 33 R
473 449 33 R
474 1 33 R
474 33 33 R
474 65 33 R
474 97 33 R
474 129 33 R
474 161 33 R
474 193 33 R
474 225 33 R
474 257 33 R
474 289 33 R
474 321 33 R
474 353 33 R
474 385 33 R
474 417 33 R
474 449 33 R
475 1 33 R
475 33 33 R
475 65 33 R
475 97 33 R
475 129 33 R
475 161 33 R
475 193 33 R
475 225 33 R
475 257 33 R
475 289 33 R
475 321 33 R
475 353 33 R
475 385 33 R
475 417 33 R
475 449 33 R
476 1 33 R
476 33 33 R
476 65 33 R
476 97 33 R
476 129 33 R
476 161 33 R
476 193 33 R
476 225 33 R
476 257 33 R
476 289 33 R
476 321 33 R
476 353 33 R
476 385 33 R
476 417 33 R
476 449 33 R
477 1 33 R
477 33 33 R
477 65 33 R
477 97 33 R
477 129 33 R
477 161 33 R
477 193 33 R
477 225 33 R
477 257 33 R
477 289 33 R
477 321 33 R
477 353 33 R
477 385 33 R
477 417 33 R
477 449 33 R
478 1 33 R
478 33 33 R
478 65 33 R
478 97 33 R
478 129 33 R
478 161 33 R
478 193 33 R
478 225 33 R
478 257 33 R
478 289 33 R
478 321 33 R
478 353 33 R
478 385 33 R
478 417 33 R
478 449 33 R
479 1 33 R
479 33 33 R
479 65 33 R
479 97 33 R
479 129 33 R
479 161 33 R
479 193 33 R
479 225 33 R
479 257 33 R
479 289 33 R
479 321 33 R
479 353 33 R
479 385 33 R
479 417 33 R
479 449 33 R
480 1 33 R
480 33 33 R
480 65 33 R
480 97 33 R
480 129 33 R
480 161 33 R
480 193 33 R
480 225 33 R
480 257 33 R
480 289 33 R
480 321 33 R
480 353 33 R
480 385 33 R
480 417 33 R
480 449 33 R
481 1 33 R
481 33 33 R
481 65 33 R
481 97 33 R
481 129 33 R
481 161 33 R
481 193 33 R
481 225 33 R
481 257 33 R
481 289 33 R
481 321 33 R
481 353 33 R
481 385 33 R
481 417 33 R
481 449 33 R
482 1 33 R
482 33 33 R
482 65 33 R
482 97 33 R
482 129 33 R
482 161 33 R
482 193 33 R
482 225 33 R
482 257 33 R
482 289 33 R
482 321 33 R
482 353 33 R
482 385 33 R
482 417 33 R
482 449 33 R
483 1 33 R
483 33 33 R
483 65 33 R
483 97 33 R
483 129 33 R
483 161 33 R
483 193 33 R
483 225 33 R
483 257 33 R
483 289 33 R
483 321 33 R
483 353 33 R
483 385 33 R
483 417 33 R
483 449 33 R
484 1 33 R
484 33 33 R
484 65 33 R
484 97 33 R
484 129 33 R
484 161 33 R
484 193 33 R
484 225 33 R
484 257 33 R
484 289 33 R
484 321 33 R
484 353 33 R
484 385 33 R
484 417 33 R
484 449 33 R
485 1 33 R
485 33 33 R
485 65 33 R
485 97 33 R
485 129 33 R
485 161 33 R
485 193 33 R
485 225 33 R
485 257 33 R
485 289 33 R
485 321 33 R
485 353 33 R
485 385 33 R
485 417 33 R
485 449 33 R
486 1 33 R
486 33 33 R
486 65 33 R
486 97 33 R
486 129 33 R
486 161 33 R
486 193 33 R
486 225 33 R
486 257 33 R
486 289 33 R
486 321 33 R
486 353 33 R
486 385 33 R
486 417 33 R
486 449 33 R
487 1 33 R
487 33 33 R
487 65 33 R
487 97 33 R
487 129 33 R
487 161 33 R
487 193 33 R
487 225 33 R
487 257 33 R
487 289 33 R
487 321 33 R
487 353 33 R
487 385 33 R
487 417 33 R
487 449 33 R
488 1 33 R
488 33 33 R
488 65 33 R
488 97 33 R
488 129 33 R
488 161 33 R
488 193 33 R
488 225 33 R
488 257 33 R
488 289 33 R
488 321 33 R
488 353 33 R
488 385 33 R
488 417 33 R
488 449 33 R
489 1 33 R
489 33 33 R
489 65 33 R
489 97 33 R
489 129 33 R
489 161 33 R
489 193 33 R
489 225 33 R
489 257 33 R
489 289 33 R
489 321 33 R
489 353 33 R
489 385 33 R
489 417 33 R
489 449 33 R
490 1 33 R
490 33 33 R
490 65 33 R
490 97 33 R
490 129 33 R
490 161 33 R
490 193 33 R
490 225 33 R
490 257 33 R
490 289 33 R
490 321 33 R
490 353 33 R
490 385 33 R
490 417 33 R
490 449 33 R
491 1 33 R
491 33 33 R
491 65 33 R
491 97 33 R
491 129 33 R
491 161 33 R
491 193 33 R
491 225 33 R
491 257 33 R
491 289 33 R
491 321 33 R
491 353 33 R
491 385 33 R
491 417 33 R
491 449 33 R
492 1 33 R
492 33 33 R
492 65 33 R
492 97 33 R
492 129 33 R
492 161 33 R
492 193 33 R
492 225 33 R
492 257 33 R
492 289 33 R
492 321 33 R
492 353 33 R
492 385 33 R
492 417 33 R
492 449 33 R
493 1 33 R
493 33 33 R
493 65 33 R
493 97 33 R
493 129 33 R
493 161 33 R
493 193 33 R
493 225 33 R
493 257 33 R
493 289 33 R
493 321 33 R
493 353 33 R
493 385 33 R
493 417 33 R
493 449 33 R
494 1 33 R
494 33 33 R
494 65 33 R
494 97 33 R
494 129 33 R
494 161 33 R
494 193 33 R
494 225 33 R
494 257 33 R
494 289 33 R
494 321 33 R
494 353 33 R
494 385 33 R
494 417 33 R
494 449 33 R
495 1 33 R
495 33 33 R
495 65 33 R
495 97 33 R
495 129 33 R
495 161 33 R
495 193 33 R
495 225 33 R
495 257 33 R
495 289 33 R
495 321 33 R
495 353 33 R
495 385 33 R
495 417 33 R
495 449 33 R
496 1 33 R
496 33 33 R
496 65 33 R
496 97 33 R
496 129 33 R
496 161 33 R
496 193 33 R
496 225 33 R
496 257 33 R
496 289 33 R
496 321 33 R
496 353 33 R
496 385 33 R
496 417 33 R
496 449 33 R
497 1 33 R
497 33 33 R
497 65 33 R
497 97 33 R
497 129 33 R
497 161 33 R
497 193 33 R
497 225 33 R
497 257 33 R
497 289 33 R
497 321 33 R
497 353 33 R
497 385 33 R
497 417 33 R
497 449 33 R
498 1 33 R
498 33 33 R
498 65 33 R
498 97 33 R
498 129 33 R
498 161 33 R
498 193 33 R
498 225 33 R
498 257 33 R
498 289 33 R
498 321 33 R
498 353 33 R
498 385 33 R
498 417 33 R
498 449 33 R
499 1 33 R
499 33 33 R
499 65 33 R
499 97 33 R
499 129 33 R
499 161 33 R
499 193 33 R
499 225 33 R
499 257 33 R
499 289 33 R
499 321 33 R
499 353 33 R
499 385 33 R
499 417 33 R
499 449 33 R
500 1 33 R
500 33 33 R
500 65 33 R
500 97 33 R
500 129 33 R
500 161 33 R
500 193 33 R
500 225 33 R
500 257 33 R
500 289 33 R
500 321 33 R
500 353 33 R
500 385 33 R
500 417 33 R
500 449 33 R
