10000 9999 533 542 6933
4461 6886
4461 725
4461 6249
4461 5461
4461 9682
4461 526
4461 2079
4461 4055
4461 5005
4461 5407
4461 5258
6886 3866
6886 9440
6886 407
6886 1461
6886 3853
6886 8381
6886 3530
6886 5066
6886 4859
6886 772
6886 6429
3866 5413
3866 6193
3866 7355
3866 7459
3866 2953
3866 3334
3866 7363
3866 5914
3866 1763
3866 1030
3866 7324
725 9609
725 2695
725 7713
725 5865
725 7653
6249 8733
6249 5792
6249 5596
6249 7118
6249 8336
6249 6820
6249 799
9609 4250
9609 8708
9609 4144
9609 1383
9609 3382
9609 2527
9609 3535
9440 908
9440 6879
9440 2629
9440 3173
8733 47
8733 2528
8733 6661
8733 9010
8733 4246
407 1140
407 780
407 4708
407 2713
407 3247
5413 2028
5413 6292
5413 4846
5413 1851
5413 2526
5413 7462
5413 6143
5413 4573
5413 5033
5413 9265
2028 4324
2028 5370
2028 9862
2028 1352
2028 5864
6292 9229
6292 2008
6292 4279
6292 7632
6292 3669
6193 2982
6193 8966
6193 7846
6193 3296
6193 8747
6193 5049
6193 5749
6193 8695
2982 1064
2982 3729
2982 6638
2982 3540
2982 1859
2982 9869
5461 1964
5461 9178
5461 8580
5461 5183
7355 6049
7355 9140
7355 2803
7355 7958
8966 6417
8966 711
8966 891
8966 6523
9682 962
9682 5841
9682 5448
9682 2569
9682 4773
9682 2338
1140 1892
1140 4416
1140 3680
1140 7390
908 3494
908 4130
908 1052
908 9148
908 6528
908 3263
7846 9827
7846 3508
7846 6812
7846 1329
7846 9438
7846 1271
6879 5437
6879 2507
6879 3046
6879 4693
7459 8674
7459 9654
7459 7480
7459 720
7459 579
7459 633
7459 3534
3494 2797
3494 854
3494 3884
3494 834
3494 8863
3494 4383
1892 8845
1892 8473
1892 3936
1892 284
1892 408
1892 886
1892 9972
1892 4623
4130 4764
4130 8001
4130 2414
4130 9221
4130 3773
4130 5669
4130 41
4130 499
4130 7357
4130 9238
4130 2279
4130 6977
4130 7369
4130 5769
6049 8960
6049 2232
6049 6206
6049 3552
6049 1917
2953 4706
2953 1966
2953 7482
2953 6619
2953 8718
2953 5377
2953 273
4764 1125
4764 3942
4764 7393
4764 637
4764 7615
47 7638
47 9036
47 4216
47 6741
47 5340
4846 1991
4846 348
4846 7232
4846 1086
4846 6608
4846 8945
4846 8361
4846 3716
2528 5283
2528 5194
2528 7148
2528 7285
526 4795
526 7377
526 8274
526 9338
526 9836
526 9300
526 2788
526 4578
8674 3542
8674 5184
8674 2346
8674 8840
8674 6662
4416 3652
4416 9374
4416 6287
4416 8470
4416 1296
2695 2641
2695 362
2695 5530
2695 4086
2695 6751
2695 6615
2695 3714
2695 6115
2695 4149
3680 4879
3680 7288
3680 8879
2079 5899
2079 5531
2079 4468
2079 6233
2079 7706
2079 1366
9229 6132
9229 5016
9229 3894
9229 7339
9229 2171
9229 8723
9229 3533
9229 9173
9229 5052
9229 477
9229 49
8845 246
8845 6922
8845 251
8845 5352
8845 7604
8845 9904
8845 3157
8845 9772
8845 1239
4706 9223
6132 7584
6132 4419
6132 5849
8001 9533
8001 1647
8001 9822
5792 7046
5792 3332
5792 4367
5792 8259
5792 7734
5792 7073
5792 4397
5792 4287
5792 224
5792 3387
5792 1560
1964 4058
1964 8185
3542 1248
3542 9037
7046 9403
7046 6466
7046 6327
7046 5831
7046 4887
1991 7314
1991 428
1991 293
1991 5387
1991 2325
1991 2720
5596 4968
5596 3656
5596 1830
5596 8090
5596 3044
5899 733
246 6869
246 2722
246 7538
246 8329
246 2141
246 3543
246 2285
5016 1722
5016 3577
5016 223
4879 7759
4879 2121
4879 9844
9140 5210
9140 1126
9140 3095
9140 2738
9140 3364
348 1118
348 6169
348 5695
348 4927
348 4910
8960 32
8960 286
1248 8567
1248 5560
1248 6285
1248 8544
1248 3987
1248 3392
1248 1904
1248 5779
8473 904
8473 9797
8473 8562
8473 512
8473 5517
8473 8749
8473 2021
4968 9168
4968 8525
4968 578
4968 3449
4968 3593
4968 2948
4968 9660
4968 3520
9827 2109
9827 8785
9827 8197
9827 4202
9827 8961
4795 777
4795 7193
4795 7201
4795 4926
4795 2822
4795 1663
4795 7526
4795 99
4795 8074
4795 3715
9223 1040
9223 3896
9223 4390
7314 5121
7314 2820
7314 7432
7314 6356
7314 5479
7314 2345
7759 915
7759 4073
7759 202
7759 6974
7759 7747
7759 111
7759 2782
7759 2521
7584 2081
7584 4238
777 3984
777 9250
777 7667
777 7867
777 2023
7638 7446
7638 9936
6922 4483
6922 6499
6922 1723
6922 1092
6922 9222
6922 9150
6922 3349
4419 5563
4419 8651
4419 5765
4419 4677
4419 2449
4419 7993
428 9956
3508 8506
3508 4410
3508 5227
3508 5390
3508 8956
3508 4369
3508 1489
3508 6370
3508 7345
3508 4294
32 5389
32 3983
32 3877
32 7513
5210 5204
5210 6957
5283 4374
5283 7227
5283 1691
5283 5369
5283 9801
5283 2252
5283 1418
5283 7455
780 3479
780 5636
780 2053
780 1261
780 5125
1461 6713
1461 2178
1461 8829
1461 1858
3853 9706
3853 625
3853 2200
3853 2401
3853 4263
3853 8805
3853 2846
5389 1277
5389 1649
5389 587
5389 8793
5389 7019
5389 569
5389 5311
5389 4421
5389 7244
1966 308
1966 8820
3479 1514
251 2076
251 2581
251 1912
3983 469
3983 2069
3983 8444
3983 6289
3983 6805
3983 5060
3983 9164
3894 2794
3894 7534
3894 9214
3894 7518
3894 9043
2641 6493
2641 4312
2641 6832
2641 5346
3334 1805
3334 4321
3334 5206
3334 7994
3334 8130
3334 5272
3334 9846
3334 7982
4374 3309
4374 2837
4374 6972
4374 1138
5194 3989
5194 7944
5194 9824
2008 9922
2008 8568
2008 8412
2008 4460
2008 1027
9706 7405
9706 8738
9706 6406
9706 586
9706 8836
9706 4432
7405 6811
7405 5800
7405 3323
7405 4605
7405 1161
7405 4077
7232 15
7232 4566
7227 7082
7227 3788
7227 645
7227 5099
7227 2333
6661 2994
6661 5174
1722 4796
1722 7298
1722 9575
1722 1263
1722 3967
1722 8304
362 2350
362 8781
362 3190
5184 2744
5184 382
5184 7843
5184 3638
5184 544
5184 9933
1691 3975
1691 3460
1691 1662
7363 5289
7363 1501
7363 1549
7363 808
7363 7768
7363 5641
1851 998
1851 7056
1851 5878
1851 1660
1851 4414
1851 5342
1851 7303
2414 1229
2414 8868
2414 678
2414 3854
9178 5982
9178 7442
9178 7969
9178 9577
9178 9051
8381 3114
8381 7306
8381 8081
8381 6762
8381 8389
3296 3335
3296 2561
3296 1591
3296 1498
3296 594
3296 7510
3296 8264
3296 8927
3296 4988
2744 9944
2744 7469
904 5142
904 9888
904 9700
904 2397
904 7401
904 1613
904 9053
3975 980
3975 2231
3975 9097
3975 9035
8567 6092
8567 3626
8567 7263
2526 5604
2526 2981
2526 2791
2526 4035
2526 6569
2526 595
2526 5055
2526 8883
2794 8655
2794 1202
2794 9143
2794 9671
5437 2640
5437 5538
7462 8619
7462 3250
7462 1091
7462 7609
5560 8890
5560 3504
5560 376
5121 3904
5121 5533
5121 8881
5121 5887
5121 8330
5121 6652
5121 8322
9797 8882
9797 6119
9797 7287
9797 1088
7339 6583
7339 9560
7339 8334
7339 1989
7339 9450
7339 9698
7339 3681
7339 330
5530 4456
8506 7000
8506 4295
8506 3201
8506 9412
8506 4096
7377 8360
7377 2150
7377 5105
7377 7176
7377 460
6713 4495
6713 3610
6713 1106
6713 7504
3332 64
3332 8172
3332 5097
3332 8543
3332 9579
4058 3558
4058 3889
4058 4876
4058 5215
5352 3961
5352 6857
1805 337
1805 136
1805 4843
1805 3621
9221 8572
9221 509
9221 3489
9221 1630
9221 5536
5563 5721
5563 4818
5563 4443
5563 2203
5563 8263
5563 5467
469 6379
469 510
469 2784
469 256
469 790
469 396
469 8367
4324 7670
4324 4935
8360 2020
8360 8985
9168 9475
962 1784
6869 1235
6869 978
6869 832
6869 4537
6869 4938
6869 6456
6869 1167
6869 2661
2076 5422
2076 9696
2076 6066
2076 8201
3114 7950
3114 29
3114 2815
3114 5832
5142 8762
5142 2254
5142 9761
5142 2080
5142 3589
5142 2376
7082 515
7082 4288
7082 3039
7082 2388
7082 561
7082 8191
7082 9434
3989 9703
3989 3215
3989 5365
3989 7444
3989 937
5604 7913
5604 2313
5604 8012
5604 419
5604 1212
5604 6128
5604 8889
5604 5404
7913 9526
7913 5693
7913 2969
4410 753
4410 2395
4410 7741
4410 2201
4410 865
7000 6961
7000 59
7000 6162
7000 7799
8882 6006
8882 1401
8882 4326
4367 8964
4367 5986
4367 7502
4367 2273
4367 7408
4367 1240
6583 8588
6583 5177
6583 3968
6583 3454
6417 5118
6417 1721
6417 4213
6417 5328
382 3311
7288 468
7288 1230
7288 2538
7288 7057
7288 8221
3936 1056
3936 7674
3936 933
7446 3050
7446 4855
7446 1768
7446 78
3984 585
3984 8309
3984 3159
3984 2106
6379 590
6379 1326
6379 6724
6379 7967
6379 1695
2121 3433
2121 7186
2121 1741
2121 2272
2121 2898
6961 2004
6961 427
6961 3221
6961 6354
6961 2959
6961 9721
4483 4331
4483 4599
4483 4511
4483 8110
9560 5103
9560 7024
4796 3037
4796 7486
4796 7141
4796 7827
4796 7620
5721 2208
5721 2796
5721 6744
5721 2961
5721 2740
5721 6202
7148 3331
7148 7119
7148 1363
7148 2735
7148 429
7118 1728
7118 1967
7118 3531
7118 2323
7118 4634
2232 3923
3656 9973
3656 323
3656 5696
3656 5802
9533 2366
9533 4160
9533 5799
9533 4002
2350 7882
2350 7284
2350 4756
7193 8017
7193 7381
7193 685
7193 2730
7193 9219
7193 106
7193 9792
8655 7387
8655 1638
8655 8414
8655 6227
1235 6958
1235 5630
1235 7204
1235 3780
1235 9189
1235 3858
8525 16
8525 5263
8525 6599
8525 4665
2171 7996
2171 1330
2171 1552
4495 9782
4495 7588
4495 292
4495 3302
980 9920
980 7500
3773 5470
3773 2728
3773 784
3773 3045
6006 3651
6006 4117
6006 8837
3037 5090
3037 9377
3037 326
6206 7992
6206 2175
286 9023
286 831
337 169
337 2259
337 5718
337 7984
337 9501
337 7230
8259 2562
8259 5330
8259 3566
8259 2523
8259 5332
8259 3132
8259 5654
8259 9639
7996 278
7996 2977
8017 892
8017 25
8017 1016
8017 3426
8017 8806
9654 1971
9654 7294
9654 9665
9654 489
4279 155
4279 207
4279 9971
4279 4182
4279 4207
5669 7553
5669 9076
5669 8111
5669 7099
5669 2712
8738 3370
8738 3279
8738 6002
8738 6449
1330 7770
1330 3906
1330 6589
3652 1073
3652 7568
3652 2292
3652 3774
3652 738
3652 7922
8562 3513
8562 4305
8562 4834
7843 1625
7843 2636
7843 7710
7843 8636
3530 5981
3530 5953
3530 9873
3530 6339
3530 726
3530 5754
3530 2066
2981 6315
2981 2940
2981 501
2981 4391
3433 298
3433 3362
3433 1247
3433 5078
59 9732
59 2871
59 8276
3904 6237
3904 636
3904 6383
3904 9676
3904 7264
3904 2874
3904 2696
7480 4972
7480 9773
7480 4215
7480 3549
7480 7077
7480 5537
7480 2263
2178 4603
2178 8594
2178 6369
2178 1823
2178 7006
2178 3346
5118 7460
6237 1617
6237 4231
7734 6472
7734 9287
7734 3298
7734 4643
7734 5856
1073 524
1073 9378
1073 4568
1073 4256
1073 5360
7460 3643
7460 2851
7460 9722
7460 2100
7460 2096
1971 6642
1971 7986
1971 6187
1971 7117
7604 4612
7604 2183
7604 6926
7604 6755
7604 1518
7604 7022
7604 4762
515 7676
515 2600
515 3425
515 1879
515 6448
515 4358
978 1667
978 5843
978 1332
978 5678
978 6601
978 5217
8747 4191
8747 3115
8781 6942
8781 7203
8781 4220
832 3065
832 9790
832 4249
832 9240
832 167
832 6223
832 4587
2313 4018
2313 3458
2313 5271
2313 619
2313 9213
2313 474
2313 7158
9888 3980
9888 2117
9888 6090
9888 2651
9888 6597
9888 5951
6642 6587
6642 1944
6642 6484
6642 9697
9250 3946
9250 1007
8723 2074
8723 9426
8723 6461
3923 7715
3923 9816
3923 757
5289 4115
5289 6393
5289 4941
5289 9279
5289 4501
5289 8147
5289 1233
5289 3219
5289 1063
5289 5724
5289 912
6958 3636
3643 3156
3643 728
2722 2950
2722 6736
2562 1324
2562 2479
2562 4551
169 4450
169 4892
7715 3846
7715 4638
7715 6031
7715 9928
7715 2861
6811 5979
6811 7409
6811 4221
6811 5292
6811 7318
9403 4811
9023 8954
9023 7450
9023 2266
9023 3642
2366 1817
2366 2856
3331 5108
3331 9227
7381 5954
7381 3249
7381 5104
7381 4541
7381 8061
7298 7308
7298 6129
7298 3882
7298 9686
7298 8965
7298 7493
7298 1405
7298 9720
41 3342
41 76
41 4942
8879 5853
8879 7466
8879 7665
8879 7026
8879 5666
8879 6273
8879 8393
6499 8864
6499 9489
6499 828
6499 8887
308 3802
308 3951
308 4329
308 9994
308 5747
3335 4412
3335 7712
3636 2497
3636 4127
3636 2590
3636 6660
2109 9817
2109 4746
2109 1558
2109 6903
2109 9605
2109 1708
2109 3695
5227 3800
5227 4285
2020 3222
2020 7240
2020 1505
2020 1679
8334 2541
8334 2734
8334 9583
8334 973
8334 6701
8334 9997
7482 8656
7482 490
7482 3748
7482 6510
7285 4139
7285 6200
7285 2467
7285 5761
7285 5741
7568 5438
7568 1147
5049 4142
5049 3507
5049 5803
5049 9275
5049 2098
5049 4211
5853 2648
5853 5723
5853 8909
5853 6153
8580 8659
8580 9927
2074 3160
2074 7819
2074 6477
2074 604
4288 3200
4288 343
4288 9574
4288 183
4288 7613
4288 2932
4288 6252
7294 5178
7294 1854
7294 2009
7294 3537
7294 3029
2259 5807
2259 2229
2259 248
2259 3064
7882 2270
7882 4469
7882 2645
7882 7912
9526 7146
9526 4874
9526 5546
9526 1997
9526 6014
9526 7813
7667 9246
7667 4255
7667 6458
7667 2330
7667 7155
6143 5870
6143 9278
6143 1048
6143 7891
4612 4770
4612 4442
4612 9798
4612 5626
5636 2783
5636 852
5636 7451
1830 2436
1830 1360
1830 9068
1830 4725
7992 2939
7992 9054
7992 2326
9036 1687
9036 4085
9036 4873
5982 401
5982 6198
5982 8649
5982 4959
5982 9024
8785 5392
3638 7726
3638 4167
3638 8262
3638 3092
3638 8438
3342 4259
3342 8109
3342 1082
9426 3329
9426 9149
9426 6621
9426 1685
9426 4690
9426 5980
5370 3954
5370 2502
5370 1174
5370 1022
5370 7627
5370 4951
5954 1563
5954 8070
915 9344
915 2613
915 7695
915 1898
1277 5830
1277 5939
1277 2265
1277 7977
1277 4462
7867 7235
7867 9484
7867 7226
7867 5941
7867 3152
2783 539
2783 299
2783 4393
2783 2682
8954 8526
8954 692
8954 5278
8762 1521
8762 9640
8762 8637
8185 7885
8185 7682
8185 127
8185 7360
8185 8547
7713 8876
7713 1901
7713 2287
7713 4217
2820 4212
2820 7943
2820 698
2820 6204
4573 5062
4573 4783
4573 3828
4573 7851
4573 1843
4573 4225
4573 9818
5066 8721
5066 1399
5066 7441
5066 9405
5066 3055
5066 4532
2004 4593
2004 9131
2004 4831
2004 3579
2004 9391
2541 7687
2541 1496
2541 8571
2541 7765
5749 8563
5749 7435
3800 7858
3800 7854
3800 6541
4537 9692
5390 3001
5390 9001
5390 7985
5390 3759
5390 4323
5390 758
3160 398
3160 9532
3160 727
3160 8465
3160 9073
3160 2931
3160 2450
5470 9518
5470 6602
5470 9741
636 3310
636 3875
636 5750
636 8045
636 9031
685 1554
685 1061
4018 3994
4018 5539
6942 5706
6942 5129
6942 5420
6942 8277
6942 13
539 5266
539 4105
7950 3034
7950 5995
7950 6578
7950 2702
8964 7784
8964 5232
8964 3881
9246 6096
9246 1629
9246 2342
9246 8209
9246 4290
9246 1664
9246 473
1649 5638
1649 5828
1617 8183
1617 632
1617 5400
1617 9687
1617 7354
1617 7380
427 8565
427 8022
427 8065
753 6806
753 92
753 2122
8721 6897
892 8497
892 596
3200 2090
3200 5911
587 3089
587 8629
587 4611
6383 6401
6383 1013
7308 6346
7308 6889
4593 8359
4593 7818
4593 7219
4593 3395
4593 7641
4593 2420
4593 8261
4115 5524
4115 2483
4115 5280
4115 7268
4115 2882
9703 8362
9703 5575
9703 9590
9703 9855
9703 8178
2023 7522
2023 4359
2023 731
1056 3658
1056 9616
499 1295
499 867
499 3554
8183 8215
8183 2534
9817 2164
9817 1603
9817 3455
9817 1458
5979 3848
5979 7125
278 9809
278 9190
278 2
278 9042
6393 3717
6393 1453
6393 6580
6393 7988
4321 681
4321 6402
4321 9674
4321 4206
3552 3594
3552 9340
2581 8051
2581 445
2581 1601
7146 9462
7146 1459
7146 2946
7146 2305
7235 7771
7235 3777
7235 1700
7235 4328
7235 9446
7235 8394
8497 9656
4055 838
4055 1961
4055 4102
4055 6585
8274 913
7201 3186
7201 2144
7201 1488
7201 5205
7201 6513
7201 4622
5369 7873
5369 9596
5369 9497
2208 8256
2208 6512
2208 5192
2208 8217
2208 1891
2208 708
2208 8989
2208 1641
7858 4385
7858 8250
2950 660
2950 6998
2950 9106
2950 9295
7986 8228
7986 9739
2164 5966
2164 626
2164 4155
2164 7131
2164 7433
2164 6005
2164 2354
2164 195
578 4193
578 4490
578 4652
578 1963
3594 7093
3594 9186
3594 7463
3594 6850
3594 3910
3594 1639
3594 6954
7687 9066
7687 8628
7687 7367
7687 26
7687 7499
7687 3698
7687 2624
298 8227
8568 221
8568 204
8568 3829
8568 568
2497 9914
2497 4245
2497 4362
2734 2145
2734 8207
7442 936
7442 4973
3533 1705
9665 839
9665 9503
9665 4699
9665 466
9665 3590
9665 5627
9676 7630
3309 7762
3309 8373
3309 4886
9862 8093
9862 7908
9862 2317
9862 4993
5178 365
5178 3103
8572 1293
8572 7280
6806 1372
6806 6197
6806 8079
6806 4173
1086 6373
1086 1589
1086 6663
1086 6013
1295 6279
1295 1947
1295 1669
1295 4641
1295 6372
6187 8424
6187 9630
6187 9780
6187 7061
1496 1714
1496 9061
1496 8982
1496 1582
1496 9025
1496 4556
5870 2426
5870 707
5718 8145
5718 7259
5718 4330
5718 5851
5718 1019
5718 8720
7264 3915
7264 8715
7264 1643
7264 6668
7264 4027
7264 9529
7264 2548
9656 1959
9656 4731
7432 2463
7432 8010
7432 4010
7432 9457
7538 8253
7538 3054
7538 2936
7538 916
7538 723
5524 2451
5524 1244
5524 6250
5524 6635
5524 6923
5524 9058
5524 5098
8256 9280
8256 1531
8256 6037
8256 1618
6129 9488
6129 8163
4818 6165
4818 5519
4818 8486
7885 7320
7885 5571
1625 6347
1625 6562
1625 4989
7630 6387
7630 7300
7630 2721
6092 4632
6092 9090
6092 7742
6092 7866
6092 2268
6092 8858
2145 39
2145 9556
2145 7548
2145 5444
5706 3394
5706 9154
5706 2454
5706 9215
5706 8621
5706 4991
1401 7755
1401 3617
1401 6763
1401 6042
9809 7187
9809 7971
9809 761
9190 6769
9190 9451
9190 3650
9190 1065
9190 7267
9190 6614
9190 2488
9190 8646
1603 6475
1603 580
1603 6017
1603 7189
1723 6239
9773 9125
9773 8346
9773 8994
1052 5620
1052 8809
1052 2095
1052 8606
8793 5794
5422 609
1687 602
1687 3886
3222 2147
3222 395
3222 7625
3222 1541
3222 5156
1064 4244
1064 7370
1064 5368
1064 5890
1064 9943
1064 1674
4073 9460
4073 4930
4073 8416
4073 6584
8588 6983
1202 9588
1202 5148
1202 9161
1202 6100
1202 3770
4443 1864
4443 1786
4443 2672
4443 7550
4443 7685
9462 4950
9462 1449
9462 6966
9462 9317
8329 5201
7534 588
7534 7421
7534 8819
7534 1564
9575 5418
9575 8761
9575 7900
9575 4008
2483 6374
2483 9711
2483 6950
2483 8943
3249 1438
3249 9195
3249 4741
3249 5968
720 8096
720 5700
2183 2566
2183 2398
2183 3678
2183 8089
2183 1755
7553 7313
7553 5186
7553 7164
7553 6803
3961 2573
3961 8570
3961 1345
3961 8653
3961 4828
2803 7978
2803 5541
1352 3640
1352 6048
1352 5521
1352 7305
8253 5824
8253 1863
509 5813
7073 4848
3065 6560
3065 1536
3065 8009
3065 8402
3065 6945
2254 8203
2254 1785
8563 2729
8563 9895
8563 8638
8563 7817
3513 5345
3513 8363
25 1135
25 332
64 8991
64 4351
64 6441
64 4209
64 2148
64 8060
9944 9383
9944 73
9944 3588
9944 629
9944 2768
4397 3654
4397 346
5533 9461
5533 5523
1501 562
9588 1497
9588 7001
9588 1614
9588 2808
9588 1132
155 5984
155 1402
155 5837
155 611
155 6303
155 3410
8881 4411
8881 2583
8881 686
5914 8349
4216 5398
4216 6216
4216 9207
7466 5293
5033 6571
5033 4386
5033 2228
7119 960
7119 1753
7119 742
6512 4766
6512 8000
6512 6473
9131 5221
9131 3708
9131 8369
8656 6760
8656 234
8656 2132
8656 9291
1126 1943
9066 2836
9066 9717
9066 6081
3001 7965
1263 4047
4259 7478
4259 563
4259 2531
4259 3104
4259 9239
2395 3736
2395 9471
6475 7896
6475 1636
998 2513
998 9810
998 2453
3788 2217
3788 1577
7284 9102
7284 4126
7284 1158
7284 7707
7284 3711
39 4104
39 1347
39 7610
9761 1495
9761 1414
9761 5783
9761 8139
838 7020
838 3586
838 2260
838 2649
838 6517
838 9701
590 8303
590 5417
5062 2261
5062 5481
5062 4982
5062 4668
5062 9198
3050 9564
3050 2437
3050 4635
3050 339
3050 4350
3050 1584
6472 6496
2261 5647
2836 7999
2836 28
3039 8768
5984 5046
6401 9830
6401 2332
6401 2087
5841 9179
5841 4230
5841 4015
5841 5425
5841 4687
7819 5179
7819 2033
7819 7490
7819 6504
7819 8701
7819 4955
5986 7342
5986 6960
5986 2565
580 4499
580 9949
580 3390
580 5025
580 4747
580 1742
7409 971
1438 7027
1438 6141
1438 8204
1438 2764
4160 9473
4160 691
2797 272
2797 9523
2797 3587
2797 4380
2797 3164
5192 3287
7854 3960
7854 1933
5481 760
5481 3818
5481 6050
5481 1457
221 7229
221 5015
221 1968
8217 6155
8217 6485
6608 648
6608 4997
6608 2505
6608 3172
6608 5220
6608 4719
299 1666
299 6997
4603 8305
4603 1412
1326 7664
1326 9218
1326 1154
1326 4062
3460 2029
2728 4698
5129 5667
5129 4119
7762 4317
7762 8777
7762 4869
7762 5391
7762 1869
7762 1485
4938 5905
4938 4864
4938 7617
579 9298
579 2405
3034 6702
4926 5119
4926 2293
4926 9995
4926 6114
4499 2575
9076 5852
9076 6873
9076 2845
9076 1853
3882 1055
3882 8173
3882 244
3848 3465
3848 5622
9374 967
8090 1375
8090 3682
8090 9527
8090 917
8090 3547
4317 4557
4317 1621
4317 2018
4317 5462
4317 4870
510 8660
6239 2223
6239 9332
6239 7403
4305 9589
4305 2992
4305 354
4305 3069
4305 2435
625 5229
625 3999
625 655
625 5466
625 1537
625 1928
3994 6179
3994 9664
3994 5228
3994 9965
3994 5974
3994 8003
588 9330
588 2745
588 1499
9914 7228
9914 4697
9330 1224
9330 5109
9330 8897
9686 822
8628 3409
8628 8741
8628 4900
8628 6442
3577 8273
3577 6468
3577 1648
4331 8503
4331 2858
4331 3438
4331 9089
4331 882
4331 3917
4331 5949
4331 5226
6741 5075
7019 7123
7320 6500
7320 6328
7320 2859
1667 1145
1667 3764
1667 6596
3458 391
3458 4340
3458 5059
4215 2139
4215 6767
4215 7952
4215 6775
4746 9702
4746 9312
9173 4906
9173 7915
9173 3850
7741 7415
7741 9680
7741 3097
4250 2737
4250 3480
1372 2944
1372 701
1372 1204
1372 4092
1372 8343
1399 699
1399 5624
2463 5925
2463 7680
2463 7464
7367 1098
7367 7519
7367 91
6096 1878
6096 2480
6096 4909
3915 2888
3915 498
3915 7037
3915 4174
3915 6337
7969 7920
7969 361
7969 2844
645 8703
645 5248
645 2322
645 1956
468 4854
839 1367
839 6912
2141 452
2141 349
1497 4177
1497 2043
1497 446
7502 4114
7502 8366
7441 8212
7441 9811
4834 9521
4834 546
4834 8867
4834 5491
4834 5880
4834 6674
8503 4714
8503 5659
8503 5414
8503 1807
8503 5826
8503 4148
8503 7101
8172 4123
8172 6298
8172 2177
7229 2241
4139 1653
4139 540
4139 3048
4139 4109
4139 5150
9475 1447
9475 5416
9475 8953
9844 3623
9844 6078
9844 9244
9844 749
9844 5347
9844 9678
7390 2181
2566 6112
2566 2257
1092 7424
1092 8527
1092 7836
1092 364
1092 1108
1224 5933
1224 8538
1224 8057
1224 4187
5119 5508
5119 6727
6500 7582
6500 9490
272 9397
272 1378
272 386
272 8604
272 527
5630 8584
5630 357
5630 305
5630 8422
398 173
398 3721
398 1196
854 3106
854 3226
854 1730
7117 5382
7117 1470
7117 9735
2293 3556
2293 1211
4874 1308
4874 8593
4874 4465
4874 381
4874 2394
4874 8306
4874 2444
8096 9194
8096 8542
2398 3744
3054 4161
3054 8662
3054 3468
3054 4404
3967 1689
3967 4425
3967 6649
3967 1084
3967 2307
8010 5516
8010 4730
8010 3131
8010 9270
8010 714
8010 40
8010 5435
4047 5007
4047 104
9564 1745
1854 7828
1854 6154
1854 7575
3717 3007
3717 6299
3717 5267
7424 470
7424 7635
7424 448
5221 1370
5221 4765
5221 4229
16 3817
1629 3214
1629 2804
1629 9929
1629 6316
3044 5463
3044 905
9298 7222
9298 6779
9298 4322
9298 6152
2346 2546
2346 7580
2346 7852
5418 3659
5418 617
7755 8077
760 6750
760 405
760 3732
760 6725
5271 4400
5271 1686
5271 7829
5271 9839
3095 4733
3095 5246
3095 1960
3095 4872
1402 528
1402 187
1402 9167
1402 1720
1402 2372
8651 5410
8651 5963
8651 5472
8651 258
4326 8509
4326 2427
4326 5093
470 8618
470 5599
470 7211
470 1469
8359 6506
8359 5885
8359 5490
8359 2471
9001 3553
4287 3757
4287 8176
4287 1468
4287 3965
4287 1318
4287 5163
2561 4476
2561 7591
2561 2214
8051 1779
8051 5282
2822 6055
2822 600
2822 8877
8761 4585
8761 3306
9338 4270
9338 6073
9338 9986
9338 9266
528 5730
528 2032
9732 7059
9732 8510
1521 8449
1521 5509
4086 3488
7771 9586
5830 2551
5830 3175
5830 7094
681 9127
681 3356
681 8807
7486 3093
7486 4709
7486 9413
8305 6228
8305 2816
7522 1316
7522 7684
5966 1349
5966 6789
5966 7200
5966 160
293 794
293 7675
293 8794
1912 4793
1912 9514
1549 242
1549 8522
1549 7981
609 2818
609 6627
609 196
609 8535
609 3712
8273 9898
8273 5354
8273 7256
5148 5633
5148 1872
5148 1099
5330 5927
5330 6199
5330 8029
5620 2013
5620 7096
5103 1910
5103 4609
5103 4264
224 3040
224 5242
224 5357
6812 4975
6812 8491
6812 431
6812 6225
6812 1993
1910 5589
1910 306
1910 7212
6402 5646
6402 2065
6402 6219
6402 3559
1308 2298
1308 2024
1308 1185
5531 1794
5531 3234
6587 4176
6587 9456
6587 5367
6587 2578
6179 8031
7676 6933
7676 2855
7676 9026
5843 5755
5843 5668
5843 7160
5843 3292
4783 1272
4783 2413
7020 543
7020 2778
7020 5784
7020 8752
7020 1114
7020 9155
7020 8707
3586 6566
3586 1116
3586 8289
3586 3338
3586 8828
1554 77
1554 7328
8956 7253
8956 8399
8956 6772
5646 7496
5646 9185
5646 1024
3214 9243
3214 6598
3214 2955
5007 986
5007 4953
391 551
391 5614
391 7414
391 5503
391 1633
3846 8420
5730 7470
5730 4106
5730 743
5981 5727
5981 4990
524 4647
1447 6195
1447 3061
1447 8195
1447 2126
2298 5290
1495 7038
1495 7301
1495 5359
490 3609
490 9439
490 2219
490 2227
7873 9749
7873 8427
7873 1821
7873 7127
1721 5973
1721 9157
1721 4509
1721 1940
6468 7445
6468 6821
6468 5415
8197 2771
8197 2637
6374 658
6374 5211
9702 6556
9702 8589
7985 3472
7985 9012
7985 6443
7985 1772
5229 1194
5229 8450
5229 7034
5229 7128
5229 4514
5229 7295
4714 8682
551 2739
551 7729
551 3202
551 6906
5614 612
5614 837
5614 2679
1194 8582
1194 8187
8703 4056
8703 5063
8703 3307
8703 1899
4632 9610
4632 1415
4632 842
4632 3555
4632 8434
3221 4610
3221 4606
3946 410
3946 6158
3946 9835
3946 4017
5266 9479
5266 7183
5266 6883
5266 2160
5266 9899
5266 5580
5266 2549
9037 2770
9037 763
9037 193
4557 5672
3558 2169
3558 815
5099 3832
5099 1913
8840 110
8840 5713
8840 6163
8840 3988
8840 2669
8840 4382
445 5817
445 8537
1558 7714
1558 1398
1558 4594
1558 5883
3566 7035
1864 8477
1864 6594
1864 7814
1375 1026
1375 8298
1375 6681
1375 8048
1689 6350
1689 7058
1689 6364
7670 2142
2451 9116
5807 3109
1728 1556
1728 3751
9700 4552
9700 4033
9700 979
9700 6902
2771 1712
2771 2073
2771 8592
2771 8395
2771 5611
2771 8849
5887 1713
5887 1319
5887 7532
5973 4116
5973 8786
5973 4562
4469 1183
1917 6671
1917 2336
1917 6274
1917 8167
8593 5628
8593 4794
8593 7947
6387 8358
6387 8244
6387 1588
223 1717
223 6322
223 8710
223 1587
223 1476
1363 5572
9589 5014
9589 4101
9589 8140
9589 6844
6119 2968
6119 4772
6119 5586
6119 845
8864 7224
6373 775
6373 492
6373 8248
7187 8008
7187 5241
6662 9284
6662 5562
6662 1809
6662 2297
2150 9599
2150 3068
2150 2701
2150 6678
3186 2105
3186 3080
1556 555
1556 573
1556 2115
3954 3205
3954 6980
8527 8102
6751 5816
365 7516
365 5570
365 3801
365 5544
365 9115
365 5908
7714 8663
7714 4275
7714 7728
7714 8776
2770 9561
2770 2657
2770 7816
2770 1384
2770 8327
9610 2667
9610 6398
9610 7075
9610 4588
9610 1512
2745 7842
1784 2174
1784 172
1784 4315
1784 9602
6619 0
6619 4597
6619 5650
6619 3970
2796 9645
2796 3177
2796 2503
2796 418
2796 1320
2796 7671
77 5047
77 8157
0 9137
8450 6283
8450 5457
8450 3921
8450 1201
7828 74
5398 2255
8777 8917
8777 132
4468 4516
4468 4667
9222 2935
9222 2985
9222 8942
9830 4799
9830 1887
2069 1220
1229 9607
1229 3786
1229 3230
3875 2026
3875 3239
2737 6291
2737 6511
2737 9307
2737 2849
9696 6848
9696 5772
9696 3471
1713 7208
1713 1946
3007 3492
1712 1559
1712 3647
9284 4849
9284 6798
9284 3014
8594 2063
8594 3606
8594 5671
8594 2340
5206 1409
5206 646
5206 9169
5206 7348
3329 2329
8444 3373
8444 6324
8444 6559
8444 9829
3205 4449
3205 2748
3205 6265
4191 7587
4191 7223
4191 3702
7141 17
5837 2425
5837 8697
5837 613
5837 4189
2437 1238
7204 6632
9460 5488
9460 5071
9460 3006
543 6516
6354 2765
6354 2119
544 4316
6200 7416
6200 3567
6200 3483
6200 8650
602 1471
4638 5585
4638 1097
4638 2180
4638 1222
4638 3893
3472 8056
3472 1439
3472 801
3472 6260
2147 1778
2147 3622
2147 2359
7001 9293
9523 5135
9523 7797
9523 6867
9523 2564
9523 6784
9523 2347
9523 4933
9523 2188
9293 3133
9293 4967
9293 8607
9293 9510
4708 9136
4708 1572
9574 7041
9574 1746
9574 4928
2265 800
2265 3852
2265 2878
2265 8127
3287 1416
3287 8735
3287 7076
4975 2443
4975 1609
4975 7527
1349 1811
5463 301
5463 1818
5463 1362
5463 8946
5463 958
5311 5489
5311 7346
5311 4924
6566 804
6566 7072
6566 2421
6566 3469
9157 5764
9157 8496
546 5480
546 3124
546 7352
2388 3350
2388 2140
612 8234
612 2869
648 7578
648 4679
2994 4891
2994 6633
6615 652
6615 1837
6615 1520
5546 9305
5546 8280
5546 7748
5546 2319
2090 3444
2090 3573
2090 5593
2090 2064
2090 5235
8424 4067
8424 517
8768 3267
8768 3442
8768 3731
7587 7560
7587 2958
7587 1838
5628 6446
26 4260
26 9775
7478 8853
2992 8838
2992 6338
3659 9326
3659 5726
3659 6251
3659 8757
3659 1155
5765 465
5765 486
8012 4481
8718 5889
8718 1193
5911 2755
5911 6296
6346 5070
6346 9310
6346 4903
9179 689
9179 485
5109 6340
5109 3883
5109 3641
5109 3187
5109 329
9012 3153
5177 7546
5177 9540
5177 4304
5177 1123
5177 7179
4509 4361
4509 9838
4509 8083
3708 9152
7041 6919
7416 4247
699 5153
699 2875
699 3972
9127 3011
9127 2716
6228 8975
6228 304
6228 5133
6228 4757
6228 2579
9749 2574
9749 4608
7896 6838
7896 3019
7896 5318
7896 5781
7896 7801
9397 8958
9397 6304
9397 9842
9995 5997
9995 8586
9995 3524
9473 4601
9473 7143
9473 4026
9473 7815
9898 8988
9898 5583
3729 2278
3729 8471
3729 1436
3729 3830
8584 9208
5585 249
5585 8106
3373 3978
7469 6574
7469 1734
7469 7767
7469 5275
7469 7833
5589 608
5589 6189
5589 9725
5589 6362
1589 8388
5953 2092
5953 8443
5953 8825
7978 1634
7978 2058
3543 7863
5005 7795
5005 9199
5005 3633
5005 152
5005 7033
5005 383
7414 7207
7414 3546
8358 930
8358 6008
1891 7800
1891 7691
242 4723
2648 835
2648 5321
4359 9860
4359 2239
4359 7678
626 4636
626 8665
2667 7239
2667 1474
9711 6703
9711 8440
9711 4716
9195 1974
9195 2754
9195 850
9195 67
4270 7092
6744 4128
6744 3066
6744 4276
6744 4890
1763 1127
1763 4720
1763 6242
7470 5906
7470 5928
7470 9796
7470 9057
7470 6171
7470 3475
8663 9941
8708 190
2241 9380
2241 1456
2241 9502
5410 4743
5410 7213
6769 2752
6769 575
6769 6435
4067 6146
4067 4239
9488 5738
6315 6455
6315 3136
7578 9447
3465 4686
5290 2801
5290 8141
633 9320
1026 8180
1026 1440
1026 8015
1634 2274
1634 1976
5488 3740
1061 4939
1061 5821
1061 1748
1061 6862
7795 309
2092 1769
2092 2893
2092 8429
9556 2773
9556 3057
8582 5704
2292 4496
2292 694
2292 5262
3449 6122
3449 4136
3449 9350
3449 8108
3449 4308
3449 3913
3350 262
3609 1553
8659 8076
8659 9729
8659 9210
2231 9813
2231 3511
2231 7044
2231 2807
2231 6851
7313 560
7313 4821
7313 8681
7313 3053
7313 9584
1786 7583
1786 6688
8890 3020
8890 2938
8890 5674
8890 3060
8890 9458
6289 2584
1244 8813
1244 9733
8975 6045
8975 1760
8975 3523
7726 1765
6197 117
6197 2185
3093 1932
3093 4591
3093 3236
3549 985
3549 377
3549 4083
3549 2919
5052 9743
5052 4527
5052 6711
5052 9174
5052 2652
2144 6734
2144 9652
9489 125
560 4019
410 8483
410 3821
410 96
410 2478
1097 3406
1097 3082
1940 1163
1940 2930
1940 6020
1940 1672
1940 6483
1717 503
9561 1750
9561 3925
9561 6776
9561 2678
2600 4342
3651 433
3651 955
2342 4100
2342 1049
9287 4550
9287 1855
9287 4574
6233 6425
6233 3108
6233 5431
4599 4309
6750 9854
6750 9515
6750 7214
6750 9123
2968 2715
5097 7236
4144 3835
4144 6399
6017 1001
6017 750
6017 140
2425 6083
6398 6647
6398 6415
4393 4437
4393 9982
5480 9144
5480 121
2329 4657
2329 8235
2329 4749
136 6167
4855 6723
4855 8266
5014 8969
9451 7199
9451 9459
9451 2918
9451 2612
9451 4045
4456 9693
4456 934
7287 4065
7287 4987
7287 8278
7287 9094
284 9096
284 7607
4635 356
4635 984
4635 5664
9503 7517
9503 4479
306 4639
2851 5703
2851 2509
2851 2877
2851 2647
8695 6534
8695 2387
1125 2749
2169 1673
2169 4625
2169 7655
2169 9176
2169 3330
4939 426
4939 3838
4939 8625
5852 7307
5852 4016
5852 5124
6031 9672
6031 2357
6031 1871
6324 9087
6324 9581
6324 1970
905 8080
7635 232
7635 3255
7635 1242
7635 2016
7635 4376
2573 3485
2573 5756
9873 3058
9873 4827
9873 6150
8443 8487
8443 6409
1238 9038
2672 2540
2672 7906
3394 5961
3394 6539
9090 639
2278 2187
2278 8124
8829 6558
8829 3324
8829 1137
3089 3907
6216 2370
6216 400
9854 2411
9854 2245
1714 7657
1714 1955
1714 5771
465 7788
465 2159
465 816
301 2905
301 513
8449 4293
8449 8765
2784 5959
6158 4234
6158 9778
6158 656
6158 9535
8227 5302
8227 3389
2874 6209
2874 9028
2874 1702
2874 1379
4756 8030
4756 9472
4756 2809
4756 7375
408 8365
408 4122
408 9493
408 2190
408 1054
408 9420
8365 6863
8365 3578
2791 6196
2791 2000
2791 3192
4340 1464
4340 4051
4340 9999
4340 1087
4340 830
9199 5424
9199 7754
4246 1640
6406 1829
6406 3664
5135 8128
5135 8546
2729 7688
2729 4598
2729 3041
2729 5349
2729 9762
2837 7439
2837 9821
2837 9823
4550 378
4550 7319
5293 8463
3980 6064
3980 435
3980 4604
3980 3348
3980 5401
9479 8021
6789 161
9599 9650
9599 108
9599 2670
9599 5640
5997 8947
4167 8842
8715 809
8715 8404
8715 8559
8715 2339
1398 142
1398 2634
1398 675
809 4711
809 3863
8662 6047
8662 3849
8662 2997
8662 3378
1769 6532
1769 7631
5905 4742
7239 8932
7239 7524
7239 6113
9664 1094
9664 9718
9664 7182
9664 6408
9664 5344
8076 4842
8076 3412
8076 6258
8076 3155
7075 1479
7075 956
2032 320
2032 6381
2032 2518
2032 8312
4450 6366
4450 7007
4450 844
9743 2983
9743 5106
9280 3028
9280 5169
7632 8918
7632 1159
4527 6094
4527 4885
4527 219
4821 5017
4821 982
4821 2886
4821 5677
204 2767
204 6353
204 5172
204 5739
1230 8224
1230 441
1230 7173
6983 168
4699 130
4699 3367
4412 881
4412 3096
395 9730
4935 1307
1316 1555
6250 4028
6250 638
1319 4273
378 3254
7665 3418
7665 7051
7665 138
2117 1948
4997 6825
4997 7250
4997 1077
4997 2056
4997 1231
320 9353
320 3662
6073 5752
6073 4949
7818 5214
5633 3016
5633 1310
2201 5649
2201 6479
74 5402
8209 5845
8209 7045
8209 9663
8209 294
8209 8020
9061 5403
9061 9435
183 668
7038 4292
7038 4877
7038 3502
9096 1635
9096 9522
4421 1847
7742 3811
7742 5494
7742 786
867 5116
867 6431
867 4721
867 1921
6848 2309
6848 7689
6848 456
6848 961
8876 1619
8876 1072
8876 3333
9813 7196
6556 56
6556 9980
6556 3359
6556 1051
4142 635
4142 4619
4142 9181
4142 5631
4142 8410
9782 2014
9782 1877
9782 7191
9782 8519
6574 3357
1127 1715
1127 2019
1127 9252
1127 1004
7588 9002
7588 6403
7588 271
9836 2984
9836 9776
3040 8247
8303 1003
8303 5758
8303 6631
7357 2974
7357 5100
7357 6787
8969 7939
8969 6657
8969 6161
8969 2731
452 5879
452 2756
5242 1747
5242 7080
5242 3522
125 5145
2935 6464
2935 360
2935 6208
2935 1176
1416 944
4799 9321
4799 8931
9949 2615
9949 2517
9949 8639
9949 2899
5382 4252
5382 7555
1944 3958
1944 6813
1944 957
4117 2638
4117 5629
8991 7512
8991 4798
5750 3151
5750 3722
401 6934
401 9788
401 5601
2436 7554
2436 5037
660 2798
660 3276
660 3843
7219 6538
7219 536
5575 4169
5575 2017
5575 7090
7684 2533
8093 5031
8093 1443
8093 7841
8093 7923
8093 5325
7866 6271
7866 7889
7866 215
7866 3144
763 5265
763 7220
7244 6588
7244 2071
8471 8151
8471 6927
6047 4689
6047 5902
6047 7966
6047 6519
6047 4004
6047 5306
6339 5776
6339 3833
6339 1177
6339 1164
886 2853
886 9325
886 9203
5845 8856
5845 4984
5845 8865
2940 2264
2940 2863
2940 2697
7421 1551
7421 3825
7421 9805
4950 9370
4950 774
7908 840
7908 5594
6122 2022
6122 9925
632 2445
632 3938
2640 9331
2640 7838
3617 8929
3617 5171
3650 5991
3650 9067
3650 3372
3650 4266
3650 605
3650 9361
3650 6170
2858 3787
2858 824
3802 7362
4028 621
4028 607
4028 5164
4028 3867
15 2848
15 6783
5145 3632
5145 9077
3418 6909
3418 2857
3418 2068
1065 4333
1065 8448
1065 1767
1872 7453
4594 7959
4594 9134
3124 6544
8681 4097
8681 3734
8681 693
8681 4840
8681 5603
5407 3012
5407 4168
5407 7910
5407 1173
5407 5994
5407 9390
5407 3635
9532 2688
9532 7465
9532 8254
4511 4682
2767 8529
2767 2312
2767 6127
4056 2664
4056 2595
4056 385
4056 5566
3849 4956
3849 4480
708 7629
708 4969
971 4081
971 8949
971 6310
7797 8551
7797 8498
5794 3466
339 6471
339 2258
3468 9509
3468 8382
5108 4917
8529 2559
8529 3790
5516 4866
5516 9868
8109 3814
8109 7335
8109 1875
8109 5473
2333 6700
2333 5295
6045 5970
9300 3937
9300 5213
6560 7933
6560 3171
130 9988
130 1578
130 6577
6155 7542
6155 3
6155 9834
6155 6625
5071 3741
5071 9870
5071 746
8483 9084
8483 6590
8586 7215
8586 8520
8917 8816
8917 4111
3886 7458
9378 9415
9378 7321
9378 3304
9378 6480
9378 3997
7203 821
5772 1336
5772 5613
5772 1799
5772 2356
9154 6377
9154 6545
9154 7551
4351 5436
4351 156
9321 8846
9321 1060
9321 7746
9672 2374
9672 3268
4689 9998
4689 9315
2523 4769
2523 7177
2523 7471
2523 8460
6516 921
9102 4036
9102 8
3106 2186
555 4580
555 6572
555 3145
555 2240
3103 8451
304 2238
304 38
6291 6759
6291 5429
6291 6444
4657 3677
4657 8575
4657 9917
5489 6138
5489 5574
5755 8911
5755 5938
1536 9180
4230 8508
4230 7975
4230 8027
936 9786
936 1682
9415 3391
9415 9636
4136 8505
4136 2790
4741 7132
2053 2965
2053 8857
4682 7559
7939 263
7939 5085
9208 4052
7072 6982
5090 2061
5090 5442
540 5859
540 7434
426 6278
573 2296
573 4694
4122 3746
4122 6015
4122 9276
1643 1675
3682 6211
3511 7869
2584 6758
2584 1982
2584 2458
2584 8153
5017 8647
5017 3713
8988 9303
8988 5540
8988 1568
8988 894
8988 8731
9097 7949
4411 145
4411 6038
4411 3512
4411 8454
3391 9856
3391 3760
3444 6172
3444 8323
3444 558
3444 965
3444 8169
3444 6326
2818 7738
2818 8401
3425 8922
3425 6666
3425 1820
3425 131
2426 8552
5723 5259
5723 977
5723 5188
9790 5748
2200 6082
2200 421
7224 2352
3740 487
3740 9689
5436 9182
5436 344
6506 3931
6506 3248
6506 3182
1163 5326
1163 7659
9973 289
9973 8782
9973 2246
3780 8970
3780 4823
3156 9544
3156 9342
3156 6191
5377 6620
5377 6434
1094 6489
7045 3220
711 1694
711 4871
711 4884
1001 8610
1001 1368
7664 5745
7664 3939
1488 6380
2229 4282
2229 3595
8212 7603
8212 8539
4568 5912
4568 2706
4568 6139
4568 9022
4290 7855
2551 1313
2551 8038
2551 3117
9544 3025
9544 5811
9544 4063
4709 208
4709 1338
4709 3272
6287 8482
6287 4497
4956 8605
8330 2852
8330 5161
8330 1227
7415 6707
7415 2310
4369 2800
4369 5559
4369 7776
4369 888
3889 2304
3889 7326
3889 2623
3889 2995
202 9263
2063 2243
2063 4197
2063 8992
2063 1110
3012 5423
4329 5430
2664 1546
2664 6001
2664 7299
2664 285
6455 1442
6455 2972
9305 1707
3942 3660
2411 6689
2411 3470
3471 1032
3471 6391
3471 139
3471 4226
3471 9981
1489 8320
6532 81
7554 2742
7554 5793
1453 50
1453 2291
1414 1677
1414 4163
1414 8489
4234 856
4234 530
4234 2925
1734 8981
1734 9098
1734 7570
1734 6600
3504 9677
3504 1350
3504 1254
1514 9100
1514 8006
1514 7085
8647 3671
8647 3125
8647 1306
8647 7344
8619 6785
8619 2434
6703 9638
6703 2842
6703 6546
6926 3072
6926 6646
6926 1594
5649 6948
4772 1096
7253 6232
7253 7286
7253 2351
7827 4451
8349 3015
8349 7338
8349 5676
8349 8242
1313 496
1313 4145
1313 1129
1313 9163
9035 1752
9035 1886
9035 6617
9035 9085
4244 3655
4244 3094
5031 6634
5031 4152
5031 3605
6635 9226
4588 614
4588 4791
8868 1448
8868 4474
8868 4995
8868 6773
8868 5137
8298 1526
8298 114
7346 1259
9182 627
9182 4278
9182 6071
9182 9233
9182 5094
207 61
3025 3582
3025 200
7439 9464
7439 796
7439 7761
2513 3784
2513 6416
7321 3562
2505 5021
3356 3743
7800 341
7800 9688
7800 9014
5538 9800
4609 5487
8463 9103
8463 2041
7607 8240
7607 4214
2752 5732
6838 9409
6838 3979
2546 7309
2546 3539
2546 3585
4793 7017
7123 55
7123 8230
7123 6624
7123 3750
9238 8417
512 5399
4350 8906
4350 3620
3818 9467
3818 3371
3818 1813
3818 1385
3818 2302
3818 8019
6903 2489
6903 8122
6903 4673
1116 5556
1116 2603
5991 8724
5991 6099
2405 5020
2405 4320
3267 3218
3267 1918
3267 7402
4168 8905
2180 5652
2180 7281
9780 280
9780 4512
9780 1179
1967 4199
1967 7373
8509 4980
8509 9719
8509 5529
8509 3223
1591 5876
1591 1358
1591 8002
6919 4826
6919 5553
6919 8120
6919 7979
4052 9978
2273 6823
2273 871
8440 4038
8440 2691
4212 5605
4212 748
4212 1801
9380 7785
9380 7087
9380 9611
7093 5518
4116 3948
4116 7378
4202 628
4202 2251
7222 2937
7222 7249
7222 2331
7222 9685
7546 4544
7546 5592
5811 8270
5811 665
5811 9483
1378 506
5933 7571
5933 6732
5933 4224
8856 1586
8856 5072
3406 7832
5883 4079
5883 2774
1336 7429
5799 9257
5799 2718
5799 1207
9149 2810
9149 2568
4255 966
9860 1602
9860 7364
9860 771
9860 2455
5927 3383
1750 4792
1750 7293
1750 3170
1750 6603
1750 8811
506 7750
7516 2567
7516 6276
6350 2230
6350 5840
6350 8386
3948 3902
2142 5814
3311 4576
3311 3210
3311 8860
1997 6810
7512 900
7512 9366
7512 7897
7512 6509
2583 9258
2583 1225
6196 9520
6196 700
9596 4129
5508 4964
4309 6692
4309 9531
4309 9425
4309 1407
4309 2210
4309 7544
1664 4889
1664 9598
2427 672
2427 7561
2427 9495
2427 5648
7631 7501
689 8115
2058 303
2058 1988
2058 6272
5613 5091
9638 9477
9638 1924
9638 9309
8697 5685
8697 5034
8697 4175
8115 3179
8115 4423
1847 697
1847 1812
1847 3557
4859 5775
4792 5615
4792 9507
4792 6245
4792 2424
1974 3161
1974 7983
1974 793
1974 7133
1974 6801
9125 6536
563 2793
563 5922
5015 157
3593 8132
3593 8750
3507 2485
3507 3807
3507 8798
3587 6716
3587 8823
1448 4428
6014 6802
6014 1287
5133 4001
3409 8310
3409 7489
7196 9109
7196 7753
1247 1281
1247 6764
1247 8657
1247 4023
61 6357
61 1797
61 6333
8388 9712
8388 3737
6458 62
6638 4506
6638 1631
9067 8371
9067 5159
4647 1835
4647 1038
4647 3022
8571 5224
496 5029
496 5719
4794 6495
2730 1189
2730 101
2730 4050
2730 4976
2730 2693
1961 5720
9370 5510
9370 7557
9994 1914
9994 7723
9994 3142
4864 8517
728 1
3058 7225
3058 8644
3058 1079
3058 87
1546 3198
6279 9913
6279 7654
4891 5111
8909 5316
3777 6550
3777 7673
3777 592
3068 6735
3068 4738
614 363
1811 9681
1811 1827
9186 2104
2454 2303
2454 1562
7017 259
7017 6856
303 8184
303 5835
8546 4658
8546 8548
3640 2582
4733 8502
5280 6259
5280 1395
5280 8189
5280 9787
5280 981
5280 8053
3774 7837
6381 4905
6381 7639
837 868
837 5623
3480 1327
3480 8419
3480 9079
3480 3690
9681 6676
2629 4839
835 7440
835 409
835 2802
835 6131
3658 2430
3658 5355
3658 3532
3179 6177
2533 874
2533 4543
2533 9191
1614 7824
9467 6294
9467 3189
613 479
7933 4750
7933 4569
7933 2827
9331 851
9331 3993
9331 7406
9331 5804
9189 5048
9189 102
9189 6342
6357 7865
6357 3955
6357 6804
4597 3929
7788 7368
7788 3123
7788 9302
7788 9220
2637 7054
2637 7114
9167 6687
9167 3521
5448 359
3714 7634
3714 2045
3714 3583
5509 9482
5509 9877
9677 5926
9677 3448
5800 1894
5800 3352
4930 6989
1829 2500
3072 5515
3072 1658
3072 556
3072 9048
4750 6107
8056 2237
8056 5871
8184 3548
8184 3765
7051 158
7051 6973
6724 9296
6724 6752
6724 451
7977 766
5803 6656
7342 4488
7342 8626
7550 2628
7550 2828
9484 4899
9484 3597
9484 7886
2485 6133
2485 9013
5248 1507
5248 4137
2657 5607
6064 2684
6064 9443
6064 6994
6064 8533
6652 1511
6652 1716
6652 8214
6652 5343
6652 1683
7560 9591
9895 7531
9895 6932
9895 5976
9895 8952
173 2945
9645 8745
5784 3345
5784 8848
5784 3242
5784 5445
2401 2194
2401 8318
9778 7536
1464 9631
5020 9360
5020 6788
5020 478
2684 7095
611 3146
611 4726
9477 295
9477 7804
9477 641
9477 5511
5889 4786
5720 6173
5720 6210
8741 6487
8741 1252
868 3368
2264 1646
3741 647
3741 1166
9607 7693
7131 3888
7131 2288
7131 6673
9722 5653
9722 9478
9722 9086
2081 2409
2081 2247
3829 3794
3829 1080
3829 4218
856 6555
856 5160
9360 9537
2893 5371
2893 8290
5204 4913
5204 3165
2502 6203
2502 1045
2223 5512
2223 5584
2223 7648
2223 4954
9087 4037
9087 23
9087 2368
9087 6009
9087 5464
9087 5763
8151 5557
73 3952
1673 2890
5906 9081
5906 550
1647 1701
1647 8255
6825 5923
6825 712
9515 8069
9515 1775
2682 500
2682 128
7445 7600
3201 9416
3201 4059
7268 2717
7268 9833
2230 5130
7061 7039
1715 5023
1715 8935
1715 3385
3540 8005
3540 3699
772 4405
1705 100
1705 9375
3632 1410
3632 3401
3632 159
9514 1849
9514 4302
6443 3674
6443 6306
6443 8560
6443 2537
7767 2172
7767 4669
9527 1050
3721 3969
3721 3871
5902 8513
7947 860
405 2123
405 6110
6259 3675
6259 7210
4720 6985
1436 3797
1436 2750
1436 2703
1436 9418
3832 3043
6758 4590
5539 7930
5539 5107
9988 4627
9988 6142
9988 8333
4569 948
4569 5028
3821 5082
3821 7775
3821 2872
6857 8791
5228 1736
5228 9034
5228 1850
9350 4701
9350 5762
354 1302
354 2362
2029 9962
2852 9661
2852 5397
2569 9795
2569 1267
4220 8467
4220 2806
4220 8150
4220 7391
4249 19
4249 6117
4249 9799
4249 2473
6550 1776
7531 8893
7531 4881
1818 3457
1818 5561
1818 5931
1818 4471
1818 4433
9447 6770
9447 1182
1498 8223
3020 7901
3020 4845
3172 8587
3172 1927
7571 7325
7571 932
1189 9774
1189 818
9279 6035
9279 1803
9279 4692
6369 841
3931 2034
3931 9352
2965 6188
8276 3928
8276 9707
9263 9571
9263 9828
9263 1276
1362 2428
7675 3720
7675 6884
5174 9890
5174 5067
600 9362
600 2131
3671 1571
3671 412
3671 855
5703 6410
7816 2314
7816 3447
9971 4162
6559 11
7463 9617
7306 3686
4501 2262
9978 5600
9978 7015
1577 9052
1577 8955
1577 4482
9180 33
5745 3056
4982 7598
6620 6088
6620 1066
6620 4918
6620 2267
6620 7358
4480 3631
4480 7876
4480 6097
3655 2290
3655 3141
5085 3341
5085 6490
2938 5040
2938 4082
1040 8059
1040 4626
3902 797
323 9335
323 3036
5517 3753
5517 8904
3125 2386
913 4044
6867 1200
6867 4233
5371 317
5371 4489
4769 3683
5214 8348
8465 88
8465 6302
1602 7292
1602 6467
6711 5929
2159 3644
2159 7081
2159 2493
4906 1214
4906 807
4906 3707
6923 3899
6923 5543
7293 1860
3675 9485
1200 5446
5685 86
5685 6870
5685 4947
5685 5244
621 6314
621 6313
5570 2817
5570 58
5570 5364
5647 8967
5647 7004
2374 7175
2374 9992
2374 4882
7975 3607
7975 6244
7975 1120
8247 9668
1913 7382
1913 7468
1439 1386
1439 1547
1439 2195
1439 1513
1225 345
1225 1034
1225 7651
161 1612
161 4902
161 1280
161 2146
7225 3431
7225 7520
7225 9915
7225 3439
7225 2598
7225 8796
8710 4908
8710 2167
3556 4013
3556 5657
6133 467
6133 6877
6133 3290
8081 9884
8081 5850
8081 8713
3028 3281
4831 9620
4831 9737
8816 1085
6366 8199
6366 9292
4051 2005
4051 3167
4051 7322
9821 1986
96 1160
96 7789
96 4656
6340 8121
6340 2499
6340 7702
4773 5610
2478 436
2478 5317
2478 7265
6115 6130
3660 4534
3660 8583
6657 9709
6657 7679
6657 1288
6657 8479
6657 5284
2507 266
2507 887
4601 7864
5420 2621
5420 399
5420 2862
1096 849
1096 1773
7542 2184
5400 9967
1350 7740
1350 5757
8947 2781
8947 6453
1088 4042
1088 2617
1088 1473
7183 8293
7183 7964
594 1622
594 2911
594 1825
594 7273
594 2501
594 1172
8724 5396
840 1298
840 3213
784 1406
784 3976
8059 4500
8059 5901
6094 1218
6094 5823
6489 6722
6489 4513
6489 5744
6489 6194
5928 3612
5928 1148
5928 7097
5928 7120
5928 2179
5928 1800
5928 5588
3177 7452
6850 3462
6850 8457
4042 3611
4042 83
4042 657
4042 3771
8005 2726
8005 994
132 2686
132 3890
132 3432
5438 5019
5438 3005
4036 4409
3748 5299
3748 9853
1849 519
6177 5565
6177 4684
5912 8192
101 552
9038 7780
9038 8907
4623 5441
9729 8767
9729 717
9729 1842
9729 7618
9729 1208
4209 9991
3669 2199
3669 9547
3669 3437
3669 1331
3669 3232
3669 6459
3669 9041
1879 8068
1879 6257
436 6548
5629 4584
5629 7347
5629 9906
5629 1954
5629 505
9801 6308
9801 6266
9801 1856
9801 8884
3736 1251
3736 9755
3736 5427
3736 8699
8068 414
8068 9237
808 8335
808 8669
808 9327
808 7806
1306 6650
9439 1301
1003 9633
1003 8532
1003 3070
1003 902
2184 5251
7837 5132
4766 336
4766 9670
4766 2097
7450 572
5246 751
5246 4707
9058 7333
9058 1626
9058 5962
9058 5482
2268 4402
9464 1791
9464 318
9464 3769
6707 9371
6707 6795
6707 6358
3686 7990
3686 5250
3686 464
3686 5768
3686 9626
8145 2491
3588 5074
3588 991
1032 1209
1032 3914
1032 277
1032 4781
1032 2854
6456 702
6456 2280
6456 4459
627 1897
1114 6040
1114 9455
1114 1477
6932 1292
6932 107
8505 44
8505 875
8505 1430
8505 3630
1947 7696
6173 7781
6173 9015
7653 164
7653 6361
7653 4271
9577 321
3454 5790
3454 3098
8867 312
8867 253
881 1934
881 3405
881 883
881 8803
2370 2920
2370 2383
1612 5331
1612 7163
1612 9536
9471 926
9471 7145
1261 4712
1261 3464
1261 3033
7325 7552
9986 6655
9986 624
8147 6140
8147 6463
6172 6946
3674 5682
1470 923
1470 371
1307 2976
8825 6749
8825 9931
608 9251
608 9202
2279 2153
2279 8585
2279 7420
8538 3413
8538 7289
8538 6488
8538 3868
1324 5361
1324 5009
1324 8755
1324 8292
273 6084
273 8340
4591 6331
3753 2361
3753 457
3612 4542
3612 4974
1406 2163
1406 8206
1406 1656
6974 9558
7682 4235
7682 148
9856 2416
9856 4670
6647 893
6647 1616
6647 1941
2518 9082
2274 9242
2274 6781
2274 4518
3579 3233
3830 2554
6692 8815
6692 8211
6692 8114
9581 6248
9581 662
8038 9261
8038 9691
916 4
8031 2515
4770 5526
4770 4060
3611 4680
3611 4815
3611 6106
2538 6629
2538 313
9531 9879
9531 3862
9531 9608
9531 5766
9531 2601
9531 2256
6257 2371
6257 2419
6257 6384
6257 5892
9631 420
9631 4824
9631 7757
1914 2956
1914 710
1914 4356
3567 4418
2303 8834
2303 3719
2706 7844
208 367
1959 3851
5034 8225
5034 8116
5034 4398
5034 5386
5034 520
5034 1493
3746 8161
3048 7822
4245 7735
874 2321
874 4952
874 4531
500 4524
500 8612
500 6963
985 3500
985 9946
985 2656
8735 48
4476 7694
4476 3416
4476 5848
7634 884
7634 1754
5430 5681
9136 4046
8404 5222
8404 7
8404 768
4380 9424
4380 9065
4380 2908
5816 6264
5556 5505
5556 3919
5556 9979
6681 2933
6681 9649
6681 6075
6681 9892
6195 1876
6195 3284
1765 403
1765 4375
1765 6123
1765 8810
1765 8753
8121 4615
8121 6586
3390 5942
3390 2929
3390 4011
3390 4896
6188 9376
7824 9966
7824 9974
9226 5395
9226 5808
9226 5688
4584 9916
4584 3083
4584 5030
4584 6830
4584 5291
891 2031
891 7252
891 3402
891 4538
8277 8413
8277 2558
8277 5092
8277 6951
8277 5139
5025 5376
4127 2198
4127 8258
2636 4936
2636 858
2636 8839
2636 3964
2636 9286
2636 5705
4490 4434
4490 2308
4490 2510
4490 6693
9966 166
4079 688
4079 8566
2199 4195
6477 5819
2726 5471
2726 4547
3304 2727
3304 7642
3304 4702
8794 2059
3438 217
4449 6628
4449 6341
1563 8131
5653 2078
5653 3602
7966 347
7966 8352
3524 805
3524 7372
3524 2787
501 9196
501 1984
6982 3879
8477 706
8477 4654
4320 5716
4320 2529
1443 2904
1443 4313
9174 1269
5104 7139
5104 2138
5104 9628
2956 1043
2956 2248
2956 2166
2956 9166
9497 3404
9497 6424
8629 1262
8629 8445
5674 6808
5674 7178
8929 4268
8929 4696
2800 7428
2800 8384
7999 3657
5942 5181
5942 5558
5942 2495
5942 2532
9144 4911
5559 1579
4980 162
4980 6921
4980 5439
4980 3701
6487 765
6487 3225
738 1130
738 9905
738 311
8791 4440
7784 1387
1776 9406
4964 9120
4964 1923
4964 6183
2104 6134
2290 4478
3 3628
4686 9192
4892 8912
4892 6439
4892 1199
4679 3878
7240 5362
7240 5998
7240 744
7240 6231
1660 3351
1660 4700
4590 670
4590 6033
4233 7392
4233 2461
3218 3459
3218 4600
9459 9454
7510 75
7510 4447
7510 4999
7510 7330
9002 1413
9002 6029
4580 8921
4580 6984
4580 9277
6271 7881
6271 6975
6271 9541
6271 7880
6271 3962
6271 8129
6271 2589
1878 9538
9424 5710
9424 4134
9424 1068
9424 4929
280 3991
280 7251
280 8915
280 8903
280 4389
6511 8252
6511 4196
688 5486
3457 1433
3457 7699
3457 1951
3457 6611
3757 9513
3757 3679
3757 9395
4304 4678
1360 6914
2304 7194
2304 5301
4063 1339
4063 1283
4063 7423
8965 8400
100 5432
4266 8998
4266 811
5263 4776
5263 3576
8413 8740
8413 2542
8820 9658
982 2690
982 4039
982 6840
1118 8886
1118 3752
1118 3262
7865 7662
7865 8117
2445 8112
6621 3804
6621 9170
6621 6025
6621 7475
775 5057
775 9627
4114 7296
4911 1031
4911 897
4911 2134
4911 7581
2181 8754
2181 2614
4639 9570
4639 2843
4639 5846
4639 476
2026 7098
2026 1996
7433 9020
7433 1802
7433 5858
2933 5460
2933 1610
1701 3128
1701 1192
8998 8403
8998 6715
8998 2143
9266 8036
4611 3945
4611 8049
4611 3062
4611 3147
4611 327
492 1266
4065 6537
4065 1223
4065 1354
4065 1426
2033 6336
2033 2785
3236 3032
3236 4436
3236 2795
5205 538
5205 3723
5205 2780
5205 1219
7128 7576
7026 5767
697 9444
2765 4265
2765 2941
2765 3343
9218 6605
9218 1597
3582 5686
3582 8347
2564 1543
2564 4650
7215 4492
7215 6931
232 9128
232 5740
1587 9948
1587 5027
6562 7916
6562 5199
7901 7725
7901 3091
7901 3434
7901 6881
6534 1733
6534 713
6534 4171
6534 1977
9251 6955
2330 5972
2330 2572
2239 7474
2239 4120
8255 716
8255 734
88 5798
88 6609
88 9407
88 9585
4015 9184
2929 4800
2929 338
2929 8004
2929 3026
8575 4925
8575 5960
5672 901
8807 7349
8807 6368
9161 7624
9161 7031
9161 2910
9161 3317
5622 6137
1387 3515
7267 8705
2773 2438
3610 6043
1367 1374
955 7948
955 9358
955 792
3623 6505
2013 8226
893 7528
4085 741
4085 6465
7725 5257
7725 7925
419 5496
4177 7777
4177 7394
9583 6547
9583 7572
9583 1481
3161 8866
3161 6871
3161 4586
3161 5405
5040 8827
5040 3793
3573 210
3573 2129
3573 8999
5317 7316
5317 4296
5317 3653
1174 9228
1174 9072
2409 7156
4626 5079
4626 415
9649 2093
9649 463
9649 8824
9649 8428
321 2301
2615 3860
6998 2759
6998 1504
4197 4070
4197 1935
4197 3258
9879 6268
7613 5498
7613 3526
4924 6286
4924 5182
4924 1665
4924 7535
1474 1739
164 8916
164 7558
164 5110
217 5114
217 7400
6759 7060
6759 8936
5362 1983
5362 7149
5362 1866
8618 7722
8618 267
4800 8675
5813 1257
5813 3581
5813 9641
5365 2392
5365 7456
647 5606
1433 8085
1433 4300
1433 2055
289 8200
289 6991
289 514
289 7809
289 9381
1395 4020
1395 9009
1395 3604
5976 3591
127 70
4260 1006
4260 6144
9326 3456
5331 7065
3860 6733
3860 7798
3860 2530
3860 7515
7770 2903
7770 5372
5561 1105
5561 1981
702 5294
2920 1570
2920 3224
2920 9793
2920 8171
2920 176
2920 7758
2461 8407
2461 8938
6569 2512
6569 319
6569 7013
6569 2711
6569 9746
6656 7162
6656 358
6656 9765
3389 6135
3389 2884
3389 1217
3389 4170
5416 5661
5416 7663
5416 8852
5416 6389
9054 6742
9054 511
9409 1599
9547 6185
9547 5809
8905 928
8905 1743
4333 2585
4333 1058
4333 7491
2793 4298
441 6644
4827 8098
4827 3271
4827 5313
7685 1844
7685 3452
8897 2400
6283 397
1640 8744
1640 1356
3862 1053
8918 8783
8918 6659
5512 1191
5512 7170
7098 4998
726 9091
7249 5746
7249 5069
7249 1315
9663 7359
6308 9771
6308 6436
5486 5384
2810 9826
7603 5307
2585 4349
3838 9162
3838 5348
930 6952
930 5350
930 7968
7429 1455
1191 2630
1191 7069
6763 6876
6873 3616
6873 7048
7173 174
7173 2007
8290 7483
8290 9576
8290 2707
8290 7778
5923 9267
6663 8722
9162 2626
607 2830
731 3227
731 6074
2014 4966
3298 2103
9307 9572
9307 2835
3787 2663
2238 1883
292 9016
6755 1826
6755 1992
9795 2975
9795 3738
5510 2606
5510 4940
9518 8484
9518 1025
4869 6430
4342 4286
1409 1581
4500 6220
1386 52
1476 6743
1543 3206
2310 5056
2310 4099
4129 8260
5783 4332
5783 8706
3437 650
3437 4141
6629 3859
6629 4817
9674 7255
7582 2067
7582 8481
7582 7709
6415 4131
3431 4810
4652 3075
1666 2724
1666 4539
530 789
9916 7826
9916 4729
9916 8238
1733 2927
1733 3035
1733 7010
8180 3199
8180 7254
8180 7590
498 3421
498 2482
5605 5895
8098 9566
9456 3481
1272 8164
1272 5862
1272 6563
5817 7190
8904 8300
8904 7161
8102 2967
8102 5921
5019 4310
5019 9364
6646 4571
6646 4912
5540 9534
5540 9512
5540 3839
5299 5587
5299 4146
7841 4223
7841 6321
7841 2665
9443 2433
9443 1950
6966 9593
6966 5618
8754 1467
8754 214
9572 6526
9572 724
4414 9032
4414 5358
4414 2484
6377 7266
6377 1451
6015 5165
4050 9
4050 9468
4050 3735
6048 3568
6048 7332
6048 7327
9098 6168
9098 8198
9353 2987
9353 8119
2621 1738
5849 4617
5849 3572
1459 5642
1459 1421
1459 2960
1459 3403
9913 9893
9913 919
9913 2311
9913 7449
658 3273
658 4057
658 6263
658 3847
6328 7633
6328 4797
7702 6085
1716 3834
4598 8569
6519 1704
6519 4041
396 6533
396 8727
8030 3782
6294 3845
6294 9205
6294 7011
6294 254
6294 6853
8491 4183
8491 7448
8491 1693
8491 6768
9816 7422
9816 2616
8336 6070
8336 8664
3794 4807
5642 3981
5642 4477
9796 2733
9593 3196
55 8974
55 7649
55 2441
55 1832
55 8437
7994 8295
7994 9887
7994 2037
6040 1041
6040 6898
6040 8125
2626 2847
9999 7417
9999 355
2727 5320
4310 4396
4310 8694
6138 8439
6138 8557
121 7859
121 9597
121 6054
3345 4503
6303 6375
6303 3251
1292 2249
1292 8041
6078 1400
6078 9394
6078 2355
5995 6971
5995 7997
4128 5818
4128 7825
4128 9224
9454 440
9454 7197
3500 7116
3500 6679
3500 1777
3500 1998
2093 5751
2093 9139
2093 2866
2093 9603
8675 4642
7076 2776
1043 3004
2252 8458
4385 3422
4385 7245
8108 1852
8108 1445
1022 9437
1022 6670
5320 5796
5320 4438
486 1104
1572 9573
1619 1885
7910 7184
9920 4943
9920 6791
9920 4417
7881 4752
2163 1314
1267 1465
1267 3831
1267 3810
1267 6557
4625 802
86 6565
86 8630
86 1824
8487 4066
8487 8668
5659 533
5659 6116
1301 6178
1301 3665
1301 6309
7750 8364
7750 1475
477 1323
477 9551
477 857
7944 1241
7944 2335
6210 9159
6210 9759
3133 461
713 9912
713 3898
5376 7130
8419 1070
8419 7756
2031 9567
2031 6507
2219 5380
2219 8667
2219 620
2219 8101
5615 9453
5615 9635
7710 5378
7710 9954
1989 843
1989 6953
3413 2215
3413 9938
3413 5196
2467 5655
2690 6147
2690 736
5446 423
5446 1654
5446 8611
158 8237
158 9548
158 6754
158 7506
158 79
158 5699
1622 9147
1622 7050
5125 6320
5125 7718
1218 4934
1218 9105
3807 5956
8214 7803
8214 5778
8214 7700
8214 1908
8214 3901
4478 454
7490 2101
7490 425
1551 1915
2927 3778
2927 1522
2927 8344
2927 4767
7699 8353
4807 4054
1700 7848
1700 4662
6571 663
6571 6215
6571 4666
8958 438
8958 954
7722 482
9082 4888
9082 4089
9082 3649
5074 8210
5074 185
7307 4076
7971 6729
7971 7025
7971 1428
8206 1766
6820 6222
6820 4237
4873 1486
4873 5504
7735 3002
7735 1642
7735 2283
5164 8996
110 8084
110 6684
538 9983
5796 4281
5796 4112
5796 3314
5796 2979
5796 6026
8565 3724
2817 7243
2817 2673
2817 9130
2817 9769
6784 6068
6784 7487
928 9690
928 5122
8310 3274
2248 8759
2248 9132
2248 3517
2248 1046
2248 752
7058 7398
5391 7247
5391 1819
7838 6522
2198 3505
2198 2213
4811 8862
4811 6685
4811 3162
9103 1519
341 3150
7747 8040
3466 4453
7641 2829
7641 4986
8740 3344
8293 6929
8293 6186
8293 7972
6742 3627
454 9845
7338 1632
1821 2343
1821 759
1080 7248
1080 1017
1080 8142
1080 8175
1844 133
1844 3603
1844 7425
1467 3417
9276 240
575 3288
575 5863
575 4159
575 5189
851 324
851 6440
7923 537
843 5003
843 9546
843 4868
748 7151
748 6392
748 3768
3631 9268
6883 7467
6883 8478
2739 6928
2739 878
2739 5940
2739 3408
2343 4005
6356 1029
6356 5088
7248 6124
1451 1740
1451 3516
1451 7850
1531 5548
4465 5077
4465 8832
4465 6936
3797 7089
3797 2604
3797 812
8559 6121
2000 1949
2000 3763
2000 6669
7559 622
7559 4895
7559 820
7848 6270
5395 9770
5395 5044
5395 8835
5395 443
5395 6149
3877 2168
4396 6793
312 9404
312 2152
312 4825
6189 9996
6189 1780
4300 3473
4300 3320
4300 8411
7458 8993
7458 5065
5003 7989
2688 2611
2688 903
2688 3922
2688 1962
8783 2660
595 8341
595 9976
2503 5335
1233 1136
1233 9910
1233 7961
9120 5729
9120 3911
7151 2116
7151 6011
7151 8831
4636 4236
7044 6277
7212 4373
6299 1028
8080 2358
8080 4784
8080 437
9275 2805
9275 9740
8382 9600
8382 2112
8382 72
5998 3134
6863 1724
2679 6606
3539 4138
572 2683
1421 567
1421 2375
1421 8490
9513 453
6788 3322
2237 9494
2237 7543
2237 9382
4680 3013
4976 4914
5460 7291
5460 1253
7468 4188
7037 7032
7037 7494
3016 1427
3016 9387
3016 6007
345 7812
345 1186
345 2705
294 1037
3633 6329
3633 3519
3633 6450
3633 4280
3633 6118
7943 5279
7943 1422
7943 1770
7943 7656
1852 4878
1852 6845
1852 5988
2260 89
8985 1958
8985 1237
2428 3038
4175 616
8176 8851
7785 2349
7785 3538
3607 4851
3607 14
7694 6136
7694 8711
7694 6256
3170 6288
3170 8844
7289 3749
5055 1678
8373 495
622 3836
622 5673
734 2907
8496 667
3150 9204
2073 9614
3896 4458
8589 5861
8589 8158
1901 5134
5335 6990
1331 7379
2509 6907
2509 5692
2509 7597
8346 671
1072 5000
1072 1557
5505 6016
1621 6890
4182 6433
4182 6348
9478 5964
2361 7334
2361 6235
1951 8357
6770 6979
6770 3855
6770 9249
3351 66
4854 8024
5776 2556
4126 6999
4126 9260
4126 480
4126 8800
6971 8983
6971 4318
6971 143
1468 7566
1468 184
8592 6363
3852 8736
1183 4084
1183 328
4434 5236
4434 8691
8993 5684
8993 7383
8993 4370
9567 1732
9567 7834
7333 8914
440 404
440 4963
3981 9634
1963 7716
9770 6753
9770 6799
9899 8822
7983 9960
9109 9959
9109 6683
667 7708
667 5568
667 5127
667 4583
667 1798
1738 7637
336 9666
336 7055
7197 5683
1442 6432
1442 6176
1442 3316
6266 1806
6266 8055
6266 6880
926 9392
7208 2276
7208 673
2715 4422
2715 1142
2153 6067
2153 450
2153 2789
3004 413
3993 9961
1934 3490
1934 3574
9788 5552
7836 3709
5056 2633
6306 6645
5565 4577
5565 1303
5565 9699
2172 9760
2172 1454
2172 1902
6114 1390
6288 9727
6288 8351
4842 129
2387 2811
2387 4530
8264 4862
8264 1289
6099 4467
4730 918
9155 7567
9155 990
8300 3634
7243 7074
7243 1995
3925 989
3925 8042
4362 5469
4362 3529
706 3700
3997 2382
3997 4401
7803 3259
6199 6699
4731 4897
4731 4078
4731 4180
7680 3949
7680 553
8945 8821
8945 325
8532 8770
56 5715
2276 2692
7060 7138
262 1939
9302 8390
9302 747
8079 9271
8403 4760
1518 8246
1518 9235
1518 2763
4925 9989
4925 216
1212 2870
1212 5567
1946 6345
1946 7672
4174 4563
717 5136
8395 4003
8395 4232
8395 6267
6037 6835
6037 5888
6037 8941
6037 5857
5683 8511
5683 1180
5683 9864
5683 229
5683 7911
2321 6939
2985 8972
1960 2207
3452 6561
3452 9449
4571 2133
4571 983
5082 8804
7301 8859
7301 8285
7301 5985
3189 5993
5257 6004
5257 7277
5257 7608
5257 2588
7649 6041
7649 1873
9215 565
9215 9723
4877 3706
4877 8631
4877 2389
2148 3491
2148 6059
8886 5608
5818 5018
6671 7719
6671 1861
3938 525
3938 3086
2308 7586
2308 1234
6088 6531
6088 9319
7483 8182
3884 4262
8270 5484
6082 7310
4001 8850
4001 7198
3232 7395
3232 4841
3232 767
2101 8433
2512 9624
2512 5474
2512 3102
9425 8409
9425 6229
9425 3478
9425 2868
7916 7658
7916 4628
7916 642
6128 6696
5384 2299
7184 6904
7184 6212
3969 1333
3969 8550
3969 7108
4011 3321
3036 1002
6364 3379
23 9351
6150 2662
5471 9848
5471 9273
4757 422
9730 3986
9730 2864
487 5714
7116 7150
5220 8268
7598 8408
7598 813
4003 6103
4003 35
4003 1434
4003 4822
9416 5989
2853 4272
463 7914
463 1300
463 5336
463 2173
5057 1925
6353 5579
3379 2218
319 9281
319 9831
5496 119
3032 7904
4275 3880
4275 7907
4275 4803
4349 6595
4349 7903
4349 3113
1345 4640
1345 1107
6038 9750
7624 6065
1581 2099
4998 6412
4998 7752
1571 8218
2733 8600
9240 1510
1748 5456
1748 4753
3341 7810
3341 4486
5716 2412
5716 3619
5716 3204
1812 674
1812 7998
5601 2786
6345 8536
6345 7407
6345 3796
5823 8430
5823 8812
1302 8104
9666 2622
8280 9108
8280 8900
8280 1171
8280 7523
8280 3315
2649 6405
2649 5952
2649 239
2649 6317
723 3934
723 6737
1949 353
1949 4830
4332 2719
2805 6710
2805 7547
2805 1221
3273 8790
2489 5203
5368 9368
3921 785
8199 9256
8199 8095
4293 644
4173 7960
8399 3903
8399 6872
4488 6846
1626 4198
1626 8149
2397 3365
2397 7870
7176 4455
7176 3963
5771 63
5771 2642
5771 2619
9573 4354
672 7336
4810 3312
4810 113
4810 5919
8448 9328
8448 3003
2065 6672
81 8885
81 9508
1323 3000
1323 9039
7557 2193
7057 27
7057 2751
2811 9594
2811 6698
2811 8609
2811 5458
8323 1574
6139 1168
8258 1535
8258 9232
8258 1690
4658 6573
4658 481
8409 3685
8409 2006
4308 6731
4308 1903
4308 7304
6103 762
7900 5234
7900 2831
7900 8177
7900 3407
9079 7820
5116 2226
5116 2244
5668 7927
5668 3415
7143 6190
596 9248
3720 4494
3175 6413
3462 803
3462 8962
3312 3571
9890 2384
9890 1264
2218 2922
2218 3375
2218 5869
2218 8591
2368 1756
2368 946
2368 8063
3562 791
3562 7774
3562 4671
1456 4735
1456 9543
1456 4676
8335 7621
7316 8058
7316 7921
7316 1590
7316 6868
799 5096
1740 6554
5518 7261
5518 7521
750 4445
6733 4307
5487 2552
793 151
7292 885
4232 1975
4232 3733
3605 5665
3605 8641
9490 4736
9490 1466
8363 9129
8363 7484
7250 5842
7334 3897
7334 7883
7334 5239
6493 7760
4849 6761
5580 3240
5580 7012
1646 198
1646 5877
7904 9814
7904 848
1204 1530
1204 5476
2194 4644
1842 6395
1842 5820
2078 442
2078 3876
4455 535
1791 1833
1791 4705
552 9675
552 1907
552 3336
8848 976
6412 3067
3949 3327
28 4364
28 1274
28 4648
28 4898
28 8092
3019 876
3019 9486
3019 6967
5790 7023
5790 3974
5790 1075
511 8678
6595 8833
1579 1583
1579 3857
8536 4338
8536 1057
4467 8288
663 5687
663 7698
663 7053
9548 4021
9548 1670
485 2221
1440 3042
7914 82
6267 7692
2807 9843
6372 4135
6372 6108
7194 1198
3220 1341
6084 2952
309 6325
309 2812
3888 7830
3888 1771
4097 3355
9600 5144
9600 9554
404 8561
8866 9653
8866 1569
8866 5936
8744 7278
8744 5990
399 9865
399 5157
4019 7895
4019 5882
4019 6551
1983 8990
4256 5064
4256 197
8877 3244
8877 3959
1584 6077
1584 1023
882 1090
4719 8645
5726 1517
5726 5013
4736 8652
6776 8113
6776 9119
6776 1113
6776 7703
3879 9216
3879 8676
3879 8018
9 2576
9 1952
6558 7677
6558 8452
6558 5454
2433 5773
803 564
803 8326
803 1115
5211 2222
5211 5795
1632 5728
1632 1657
5584 866
2362 275
5824 4208
2576 4069
2576 3646
1223 4808
6846 2892
4375 8919
6285 3791
6285 8193
9261 1706
8850 9764
1049 9695
1049 6044
1049 2039
6565 9757
6565 8159
6565 7169
3412 3443
2019 9399
2019 7737
2019 9274
8122 6243
8122 3428
1077 9559
1077 1344
533 7660
533 5690
533 1751
533 3842
5064 5930
5064 3484
5064 8854
6136 2834
2606 4565
2606 9550
3706 4614
3706 4253
3706 2813
9051 1804
5700 2753
4516 134
4516 8516
4516 8688
4516 3580
4743 7103
4743 3361
4743 5102
9870 3229
9980 8923
9980 2486
6590 3399
7139 4311
2056 491
2056 3982
5425 2535
2755 2525
3244 8808
7663 3008
7663 4525
7663 861
7663 6916
7663 9907
7663 8374
4512 5468
4512 7365
356 4659
1066 1655
1066 8087
2325 2344
2325 9056
6979 227
6979 6367
6979 2189
6979 9742
4576 5532
4576 4093
805 1432
6754 368
960 2891
960 9175
960 825
960 2040
960 1576
3387 1015
3387 260
3387 7337
4207 7724
4207 8700
4207 9753
4207 4633
8813 8578
8813 5374
7417 3943
4070 8387
2948 1181
2948 9400
2948 7454
2948 4806
7031 6864
3199 3563
3199 549
3199 7661
3199 1727
3417 1814
3417 4852
3417 8302
4084 4751
3743 7511
6405 7849
3784 5195
7156 6079
1814 6782
1814 9987
9244 1931
7990 2337
4298 7537
4298 8033
2856 7936
2856 5500
6161 1502
6161 7565
5687 7853
5687 243
4566 9637
6005 5983
5181 7549
5181 7592
9576 3766
2613 5735
7580 9442
7580 2271
9689 7237
6929 5120
4316 3181
8430 3260
6071 5855
7372 5917
8544 9525
2673 836
2673 8406
5607 4802
3763 4704
3763 2393
7844 9230
7844 7871
7127 6641
8537 9595
7251 7209
7251 6352
6041 8435
6041 9613
5195 1346
5926 618
5885 3668
2123 3944
6147 8165
7259 5112
7259 1865
6165 8746
6165 1789
6165 9952
8520 1190
8520 5337
8520 8968
6464 5708
2870 9763
2974 3727
2974 8011
2974 3183
2974 2777
8669 9121
1530 7218
1530 5440
9412 8174
9412 7427
9660 4907
5476 9088
5476 2077
751 9958
751 3135
751 3596
751 8683
2925 4739
2925 9466
1562 1870
2742 228
3224 8702
3224 2704
7674 8670
7674 3856
7674 7888
7674 7192
5150 2779
6112 781
977 4072
977 1321
6370 8732
6370 8773
698 9724
698 9745
1209 9647
8522 3687
4707 7902
8438 1709
7629 9289
2959 5612
1767 4424
4605 9896
4605 9160
5234 2762
5840 2653
5840 6295
5840 8219
5840 3120
2203 7875
4059 1089
4059 6861
4059 4523
3489 5742
3489 8078
6065 1328
1522 165
6505 4025
3307 4154
564 6481
564 9767
466 9423
3502 4306
3516 1534
3516 7783
765 2481
765 4992
765 1020
1145 9033
5250 9984
7133 649
2299 6924
2299 975
2299 9623
2299 8756
1823 9197
240 3266
240 6021
6077 3374
3534 2659
1977 5873
1977 1671
7948 2448
1924 3163
2309 4971
2309 3347
7855 3194
4123 9876
4123 8769
8204 331
353 94
353 5455
108 9071
63 8661
63 1735
8858 2235
4458 4734
4552 9517
2540 6422
6835 1834
6835 1515
228 3265
228 1425
2262 3927
9399 9047
4896 8573
4896 402
4896 1012
1465 9138
1465 6111
1465 4508
1465 3673
7781 6460
6004 9903
6004 7430
4131 6796
1098 1580
9108 534
9108 8016
9077 654
9077 1039
6403 8504
5292 9045
6488 1311
4749 146
4749 1620
4282 302
4282 8624
4282 9018
749 2225
5600 589
4338 6151
8340 4103
944 374
944 7623
944 9858
9775 9794
4092 1492
8612 6918
8612 8616
8164 2487
8164 8267
139 9505
6286 5225
6729 1624
6729 4068
2371 2404
2371 7142
7760 2466
1741 5252
3259 4125
3259 5947
3259 1111
2975 9891
2975 37
5456 920
5456 1265
5456 810
671 4540
671 2901
671 2557
671 8579
1454 5459
376 5180
376 787
1825 4778
1825 9445
6731 9187
7776 8032
7776 7437
7776 9367
7776 8385
5728 7418
5728 9806
5728 2038
6533 9346
6533 9480
172 7202
172 5200
172 2341
2215 5276
2215 2643
2215 406
2215 2102
6907 8957
6907 6648
6907 9646
4373 3696
4908 6592
8234 4031
5112 6780
6952 6843
6107 1527
3786 9110
9278 150
9278 4186
9517 2050
9517 8680
9517 3217
7202 6800
9391 9363
9391 9133
7658 4074
6392 7341
1704 9619
1704 9612
8364 8632
8364 1122
8009 9172
9362 6319
1873 7606
1873 3772
1873 2440
4057 4554
1834 4053
2738 1790
741 695
741 5385
8451 7062
5469 322
8215 1035
8322 3300
8322 7935
8322 8764
3597 1335
7920 566
7920 2736
7920 8091
5100 5089
5403 9107
5403 147
3096 8094
6251 4413
193 8071
193 3973
3484 5977
1130 2253
1130 6593
842 3078
842 3107
842 3264
7055 9808
2701 4327
4668 4222
2087 8317
3226 4185
605 2971
3825 5170
3825 3293
3999 206
3999 4579
260 4140
1455 7525
1455 2294
3053 6003
4952 8485
7189 6454
7189 696
2931 3551
4547 964
4547 5274
9617 1124
9617 1450
9617 8997
9617 9337
9617 3169
9594 3241
9594 6019
1618 4522
386 715
386 3021
585 1304
585 6086
464 7690
2843 1206
4400 1228
2869 5329
2905 1698
2905 8137
2905 6355
9786 8313
9810 3865
9810 5409
6678 7134
6678 3779
646 6234
9265 7574
9265 548
4223 7918
162 8500
4004 71
4004 4107
6609 6344
6609 4915
1663 3892
4522 8598
4522 7562
4522 7928
7673 4043
9342 6576
7627 4403
4312 5024
8833 4007
8833 4431
438 4805
4765 3077
8670 5555
1582 1128
1582 3208
2891 6520
2891 2353
6725 1010
6186 3087
6186 1893
7254 653
7254 9832
9640 5836
6029 2644
6029 6497
4229 7047
4229 1841
8104 7036
8104 3756
8104 3625
1903 3166
1903 7485
11 5269
558 5999
558 9234
8161 8634
412 4836
412 4335
3914 1711
3492 4475
8736 1888
5846 8603
5846 3956
5846 3369
6153 1652
6153 5351
3255 4353
948 9323
5024 722
5024 4194
7853 2277
7853 6213
7853 4363
5667 9329
5667 507
8916 9852
6813 5844
6813 6654
8838 4032
8838 6618
8513 6643
771 3916
771 4457
3606 5312
3606 6807
3606 5253
8268 9651
3488 2410
302 7878
964 245
8846 4814
8846 1359
5484 116
5484 682
2603 4646
4442 9017
1658 6280
6425 3451
9998 8869
6588 6680
6588 6388
6085 5834
1534 1309
1534 9804
1976 951
6921 631
9983 3544
9983 4504
9983 5632
4614 300
5773 7763
9214 8973
9214 6636
9219 3122
3544 4392
3544 2916
1281 7821
1281 969
9946 5702
9946 6987
9946 3957
4425 1157
7820 8937
4876 6254
4876 4863
6668 6542
6668 7165
6668 4663
1207 9306
7501 274
7501 5036
3858 7168
3122 8976
4701 5315
4701 5394
4701 6293
4330 2646
7737 9883
4808 5660
4808 6157
4540 4745
4540 7976
44 8205
7537 9398
3696 7040
2043 8901
5044 7374
5044 8817
5044 8196
5044 8135
1048 5691
8990 9055
8990 623
9636 7744
9636 7963
9636 7929
8353 1245
8621 6447
8621 7991
8621 2760
1885 1792
6628 942
7677 4937
7677 5483
7677 2698
7677 123
4268 3872
4268 6378
4268 7890
7362 2107
1698 2954
1698 4664
6481 8398
7768 4919
7768 4946
7768 1282
7768 9354
2095 7276
1060 5231
686 3450
686 5806
2611 3140
2611 1188
2611 3570
9558 4487
245 9063
245 69
245 4427
2808 8555
8782 5411
8782 9511
4987 1144
2034 7503
2034 1525
4496 4838
4496 3613
4496 9369
9438 6896
7566 2062
7566 231
1445 2204
1445 5419
5638 8878
8511 6224
8511 3767
7698 4790
7698 9255
5678 5300
7775 6335
7775 493
714 4768
2930 4691
2930 1845
2930 4546
94 6797
94 2821
4753 8026
2404 9553
2404 6318
2404 7790
7074 5450
7074 2924
7074 9285
9450 2607
9450 1906
9450 8843
167 9812
167 5542
2653 7956
2918 5256
6676 6579
567 1290
567 4724
7440 8144
7440 6076
5199 7356
5199 972
9116 5590
4907 6941
4907 3235
7586 8501
7586 2320
7586 5207
2686 1681
6220 6063
9852 7941
9520 9301
9520 2928
9520 6051
2535 7704
2535 2758
2116 9075
2875 8902
2875 8847
1636 3689
1636 7113
6178 2900
6178 9975
360 9008
360 3195
801 8469
801 7773
801 2973
6232 2460
6783 1598
6783 4661
1057 8232
9057 1141
8598 9313
8598 203
3685 8518
3685 5273
7642 5193
7748 5140
7748 1831
3210 4944
3478 7021
9846 7180
9846 7599
5332 9881
9541 269
9541 8875
5863 1397
7842 7905
7842 4205
7842 4334
5562 8043
5562 8418
4917 6920
2693 1494
2693 2094
2693 1078
2693 2233
62 5081
7228 7233
7228 8345
7228 6527
5215 4384
5215 8910
5215 9539
1686 9206
2549 5285
2549 5198
3910 8423
305 7279
6928 8143
2662 53
7395 9847
5691 3476
5691 192
7207 8301
7207 1246
7207 4713
7207 2385
1859 4061
1859 2964
8301 270
9828 1737
1314 7650
888 180
4010 6691
6050 7540
6050 8729
5060 2887
6702 2658
1792 9683
9252 6166
9252 6591
5306 8913
7428 4243
6344 6418
8906 9622
8906 1929
8906 1938
7277 7246
6465 1839
8369 5822
8369 3487
6802 6996
6802 6482
1568 9601
7006 5303
6696 4674
6696 9427
6696 6160
6696 8672
1656 5774
2863 2072
5186 3648
3906 6098
3906 7926
3906 8925
5075 9592
295 6582
277 7585
277 6986
9068 7396
1794 7216
4074 3495
4074 9710
4074 3908
134 817
134 7917
134 5218
9692 8316
4101 4261
5650 235
5650 9734
5650 2212
2531 2996
2531 4075
6067 2747
6067 2381
9687 6382
9687 9355
8435 7616
8435 2492
629 5916
3804 9343
2246 8072
3782 4388
3782 4613
3782 2406
6166 5884
3759 6665
2568 3377
2568 7545
4413 2867
9332 9004
9332 1044
932 3550
3422 1644
6785 8779
2607 1757
5714 6745
5714 5264
3067 1351
6522 7112
7660 7426
4089 5434
5552 4572
3476 4515
2322 9878
2322 5753
2322 9580
4185 5126
4185 7068
3399 494
4027 5143
4027 2399
7422 6925
1123 9807
9407 8368
1029 1774
6382 9705
6382 8472
7561 5662
5439 8073
5439 4040
2345 9334
2345 7331
9896 7879
9896 6695
7540 7666
7540 4621
6460 9241
3316 6738
3316 6965
3678 640
4236 7371
561 5514
2717 8138
2717 3101
2717 1393
7804 9341
7804 8692
9346 7732
8835 7005
5472 4166
5472 7109
5472 1441
665 4860
9233 1729
4422 36
3473 5308
3473 220
5455 9113
3668 2327
6779 7970
9590 9060
9590 4289
8026 8654
8026 6766
8900 8166
8900 5247
3225 6093
8073 2135
7356 2990
6627 7647
8326 6875
8326 6697
2167 2085
8919 237
8919 7411
2872 6159
9334 6949
9334 1529
409 8281
6100 7705
5200 5433
5729 5619
5729 6833
8137 3325
2266 144
2266 5731
2932 4371
9718 4582
8 6000
2335 4192
2335 1151
8226 8037
6875 8892
6875 2396
6875 8924
5972 6720
6573 9000
9194 7167
8542 5777
8542 1149
4296 739
4296 6888
4296 1437
6832 7079
6823 6246
4506 924
9807 4575
9855 7937
9855 1380
9855 21
9855 5323
1986 2431
4826 870
4826 2723
4826 8581
8516 9714
8516 5155
8516 2951
9755 6721
9755 1021
894 6947
9740 2136
1136 2947
1136 4748
5822 2689
5822 389
6603 3052
6603 5
556 5197
6320 5527
6320 2275
1161 1573
5690 2165
7889 6841
338 3427
3868 4755
196 5875
2344 2902
8883 8297
7903 3308
5172 3289
5172 1258
8131 2592
9735 9272
1948 5791
9013 7932
7574 9519
7574 4675
9608 7386
1063 4133
5871 7447
6996 2508
5558 9766
5558 205
5558 9937
6079 2111
6079 6709
3365 5634
3365 1540
3365 8099
3365 9432
3365 8743
1709 5550
9328 9083
9328 9372
9328 5260
6466 6828
6466 3295
849 9006
7732 8734
8469 8332
1492 9694
5835 7577
5835 181
5835 2879
5835 9820
3913 2586
2112 265
331 8338
331 2447
3392 2840
265 819
265 8933
653 6613
2249 6476
2249 3762
5610 5087
9052 3823
9052 3639
9052 795
6304 7172
6304 1593
7164 2962
7164 8287
7164 9422
7164 46
5065 2708
4263 1121
3649 6771
3649 3180
3649 310
3308 634
8927 5202
6009 7792
1058 9283
5555 276
1004 6018
1004 2909
215 177
215 2942
215 5185
215 2044
5285 2594
9910 3398
9910 411
2977 3285
6655 4029
8501 3301
8501 9953
5180 3337
1407 8405
274 4190
8702 3384
6159 3598
6159 6360
6159 9524
6159 8742
8776 9411
4401 4655
8069 3441
8069 8421
1030 7736
3801 6419
2392 9318
8055 6400
5808 5893
4751 2284
4751 2070
5572 7495
933 6901
4323 5191
7437 5969
40 4153
5126 2539
3091 4143
3091 9336
4742 3666
8915 6109
2907 3118
33 7166
3702 3158
2495 6814
1809 1483
1809 9934
8653 8296
2135 8307
2135 5760
6063 910
1707 8730
1707 2671
3871 6940
3871 2390
9371 9604
4327 4365
4327 7711
3598 1342
3598 504
3598 4394
7570 8050
9698 7563
4940 4978
4940 2025
519 3207
6670 3827
6670 8826
1654 8627
1654 4430
1654 9059
7959 6943
3928 170
3928 3789
6749 2632
9325 9947
9325 7016
8045 4200
8045 5920
8357 4744
6699 4251
4039 2498
2842 6032
2842 9359
2842 9357
2842 6956
5665 2224
8901 9114
7210 497
1935 5334
1935 1156
1935 3726
3519 3243
9318 718
6680 8475
2441 7556
2441 4965
655 737
758 8789
9175 4681
7373 3396
5009 5304
6909 2475
7182 1881
3094 3388
3094 1565
8338 3840
6761 6995
6761 3514
6761 8474
6761 6690
7690 7856
7690 2555
1860 5934
5735 7100
5735 4355
5761 4267
5761 5576
5251 8162
5251 3536
5251 5860
4646 3953
7032 4683
2131 1788
9605 6822
9605 6792
9904 5146
9904 6827
9904 5039
9904 4977
850 384
850 9099
443 5534
7374 1423
7374 9969
7471 5319
7471 5675
7548 2082
1773 4620
4691 2120
4691 773
4691 135
7852 8233
2758 4649
2758 6386
6168 788
9534 823
8912 2543
8936 4219
7678 4240
5134 9324
1819 1916
1819 7106
3934 3017
5312 7064
9604 6882
6375 6091
973 1317
2253 9859
460 1429
460 8679
7922 6262
4677 1353
7336 8062
8191 8704
8191 2620
4112 4012
5671 9606
3865 9506
3865 394
3865 5872
537 1900
537 2732
537 5426
2617 3191
2617 9124
4815 1816
9721 869
2072 2373
7949 2086
3485 4804
3770 5943
361 3918
4082 7353
6018 54
6018 6218
5078 7686
3434 2677
66 4787
66 2052
1430 9365
9878 8355
9878 8725
9878 6508
9878 7221
991 2075
7273 6145
9434 2446
3737 4883
3737 1611
1257 999
1257 6937
6313 1922
7179 4717
7179 182
7179 3493
3554 4545
3554 6181
6939 3885
6939 9294
3398 5573
3398 2402
3398 7317
3398 3393
3398 5948
7738 6915
6538 6893
8207 2761
8207 6913
8207 8772
8207 51
9559 8971
4895 6332
4895 4529
8042 3467
8042 8455
6260 4121
2488 458
2488 1312
8649 9679
8649 8376
8649 3781
2297 1170
2297 2989
9766 7492
69 4981
2781 9837
2781 7083
4226 4110
9196 8984
9196 1131
9196 7643
2466 1203
2466 721
4099 7751
4099 8321
8700 7645
8700 4695
3069 5582
4053 6323
4053 9871
9891 2220
8704 4387
3768 4357
3768 2596
3768 2824
3300 6616
5340 9304
5340 9857
2204 8601
9028 9555
8387 9923
8387 997
6914 3051
8585 9388
7354 8044
7354 6612
7354 846
7936 3354
9453 1862
9453 4718
4384 9064
4897 939
2320 8978
4105 5554
4105 5639
4105 5305
4105 8872
739 3499
8665 3601
9936 307
9936 4336
6798 8951
3769 6610
2827 5187
5956 9498
3070 9262
3070 2825
2884 7126
2884 8934
5977 5421
4200 8873
8660 1676
8660 8035
8467 7102
8467 1884
5739 3453
6185 7868
7693 1651
7693 5581
1956 8696
8790 8243
8790 2137
811 8328
811 9582
7645 2618
7645 2468
8853 314
4717 9021
5231 6451
5231 9201
6032 9470
9148 2757
3760 7323
3760 9209
3760 484
6337 3747
5557 5978
8361 1604
7220 4378
7826 3624
7826 6777
4424 7271
4424 9990
4424 268
8732 1696
8732 8799
8732 8275
8732 4858
7556 6917
7556 3084
7556 6549
106 4526
2798 5935
2798 3085
476 2520
476 9977
9343 2192
9343 1731
4364 5095
4364 1404
4364 7931
3083 7533
3083 3930
3083 5233
6782 5854
3845 3819
3845 7899
8971 6836
2373 5041
2373 1153
7013 7129
7114 9402
19 577
5747 5408
9170 375
7552 6981
7552 6992
9651 1382
9651 5032
9651 2429
6335 3256
198 7457
3581 5388
2740 8331
2558 8039
2558 6175
2558 1692
5468 3119
5468 2367
1827 3112
5929 6535
5929 7995
1583 6658
3266 909
3266 6653
8113 4844
6222 8088
6222 84
2663 7086
2663 9095
7783 416
3963 8014
5094 516
9750 732
6295 9657
6295 5645
3038 4179
3038 6087
3038 2666
3962 2894
6258 3071
6258 233
3897 211
3897 282
3897 6518
9006 1150
374 1472
9289 4983
9289 3785
8765 5937
3295 1600
5146 225
5146 4536
6448 7477
6448 2876
6827 5495
6827 3813
6827 8642
3198 6706
5315 9311
347 315
7371 372
7982 4314
7982 2170
8057 8737
8057 9005
8057 7721
3738 20
8984 7601
9055 529
8407 287
8407 9308
2857 5789
2857 2912
924 1334
924 4444
924 9784
924 9431
924 798
7815 1482
5789 8677
7347 6305
8174 3527
8605 1719
2515 8895
9138 7472
7706 4961
7706 8709
6602 1930
6363 7262
6363 3143
1342 7796
4989 6968
7532 7507
9923 6469
9923 4857
5851 3742
5851 5026
5851 9322
5417 459
5417 1187
5417 1822
3917 4463
5519 6120
5519 5502
8343 7002
4187 7745
8510 9003
8510 6421
8510 7934
8510 949
8510 6525
9411 5166
9411 8271
9411 3049
1918 523
5842 9040
5095 1361
8111 7188
2287 4630
6528 5168
225 8220
225 9911
225 1895
225 2205
1559 153
1559 8456
9268 189
1124 2980
8678 6046
8678 661
8317 9662
210 2988
885 6978
885 1566
7533 1880
2634 1781
3495 9985
9670 6470
9670 9684
9670 3031
2009 764
2 1545
9317 7874
6578 6910
6578 3755
3026 6552
2166 9840
2166 8766
2443 5281
9536 4227
8994 3212
8994 5812
9163 4228
2644 9779
1181 9476
7937 2128
6321 5722
6321 5900
5169 5616
3325 8397
8071 4303
7812 6101
7812 2379
6001 5525
6001 5356
1473 8726
1473 9126
2438 1487
8639 5867
4428 9955
8220 9900
8220 1463
8220 4420
6793 4113
6793 6816
1779 7436
287 5965
5474 290
5474 2348
5107 3761
9653 3940
1344 4703
4474 1102
5030 3637
1382 4685
1382 1726
4913 5507
4642 3816
2416 103
2416 3912
5274 8311
986 7857
8989 7622
8417 8453
1685 2472
1685 8028
71 9393
8355 8558
7447 8658
7447 9752
7447 5785
7447 7376
7447 2685
9679 6521
9679 8524
2612 6039
2612 6748
5079 3280
5079 472
8439 2587
8439 3446
3250 141
3250 3861
2696 2514
2696 1868
8412 6312
8412 1627
6685 8372
2280 5987
1696 1524
1696 3873
6654 5152
6507 5131
7921 1810
7921 5499
7921 2897
7935 9568
7935 4352
7935 7071
7935 2725
9595 2833
2514 2570
6771 5694
2816 3328
1242 3693
6171 2089
3135 8160
3135 5333
737 1435
6225 5786
6225 3358
4900 373
4110 3414
4110 8154
6701 3185
7299 4533
3045 3815
7211 570
7211 7154
3944 8314
8341 864
8341 2769
1524 5689
1524 2300
5583 6411
5583 1109
7345 5736
2786 7498
6544 4771
6544 4570
6544 9177
5319 2286
5611 7938
5611 1484
2479 5270
3885 7611
2111 5261
2111 5924
2111 735
4033 8034
4033 1255
4033 1846
5462 643
5941 4505
5143 6790
6924 8315
1609 7311
9359 261
9359 8615
6083 684
9367 5725
9367 1596
4640 1095
4640 6478
4640 6834
5688 7541
3744 120
5702 3739
5702 105
6734 8788
6734 8687
6734 1539
2005 1882
2005 8523
7077 4651
9695 7749
1310 5175
7036 2714
7036 4549
7036 2049
8210 8792
8210 4094
2326 2625
2326 5001
9310 8299
9310 6794
4418 599
1639 7862
1639 6438
3475 3745
3475 7404
6978 5309
9022 5379
5429 8269
5429 7766
9759 1337
9759 2914
9759 9851
3851 1178
3851 5477
3851 940
8884 8488
1736 2378
53 6564
9793 5465
6111 3887
8819 9050
9472 7769
999 2439
999 6993
4778 350
4778 291
4778 9078
3051 6515
1038 4754
9243 5838
8627 7791
1578 8236
9274 297
9274 5296
7897 3837
307 1294
2556 6089
1746 4812
1746 1165
1746 3672
9003 9487
9003 911
4133 8391
6606 5113
6606 7028
8624 7845
8624 1509
8037 2609
7528 5839
7528 2838
4812 7443
4812 677
1751 1452
2082 7105
2082 1840
6419 6359
6419 6184
9094 2306
7149 2608
7149 1408
4934 4819
2487 6404
8178 194
8178 1249
8178 1119
1638 3691
76 8105
4776 3803
3268 7088
7906 9615
1353 6765
2962 4553
5573 4484
1366 1905
9622 7727
3119 2234
4619 3824
4619 5617
4995 9756
4995 4080
3563 6623
3416 5944
35 9247
3158 6826
3158 5829
117 9356
117 502
6610 2676
9387 4774
9387 1796
6447 3525
3078 8758
9368 1710
9393 3278
1552 571
1552 9562
1642 5913
1642 896
7576 9940
6123 2934
6123 2522
4703 5240
6327 6297
6898 6855
9203 3299
8932 4688
8932 2544
5367 3905
9710 8156
883 3545
3157 2895
9256 8284
9256 3947
9256 6651
8470 7476
6910 2060
6476 4637
4460 4132
2100 3282
5681 3231
923 8146
6051 2002
6917 2130
6917 4932
6917 4181
6999 8441
2708 1268
5760 9429
5337 3009
1574 9993
1574 1291
7145 4958
7145 9894
3856 8751
7125 5162
174 1490
7868 9386
8921 5076
4451 222
2402 5478
5777 6728
5777 4022
5777 6311
7862 1508
7862 7831
8677 2680
8177 1980
2812 5341
6075 3575
6075 1972
2864 3667
2864 6174
761 2571
1148 9909
1148 4009
1148 9074
5032 1042
1644 4429
5076 7681
206 4448
7230 4095
7230 3137
967 7860
2119 8950
1334 9863
4662 8802
4662 9212
8957 9545
1803 863
1246 9889
1246 9333
1246 3076
7769 3775
7769 9542
7769 5223
4371 4090
4390 6445
4760 7596
5634 8007
5634 7488
4978 5547
4978 3116
4021 3126
377 7121
5282 9587
5282 6012
3747 9469
3242 5955
3247 7030
3247 2687
1405 8476
9794 1699
8236 393
946 9673
1799 8930
9192 2605
133 931
133 2010
3327 7479
4563 5447
4563 9667
4563 988
4563 8898
4912 1243
8489 3501
8489 5827
8489 8272
8489 7361
3207 4006
6665 8462
6665 6962
7773 4210
2868 9625
9034 3228
6242 417
4752 4472
5693 6739
4354 6247
4354 4994
4508 5815
4508 993
2314 2391
1923 3503
4386 3629
9004 5353
4565 6148
9468 2921
9206 6371
5411 8378
8799 8493
4013 7297
4013 7274
4013 8541
3017 4337
4944 7413
5862 3211
6684 1548
6684 9379
8302 4454
4825 6241
6753 4616
6753 6568
8007 8251
4729 7793
4572 3795
4572 1392
4219 5886
9400 7668
9072 880
5820 3445
1813 680
5751 1857
5751 4291
9693 4014
7895 7042
7895 4000
7337 3618
7875 7614
2901 3812
4844 5881
9694 5635
7662 7302
5276 1506
5276 5932
3857 90
3857 6530
3357 1117
2394 5522
8941 6095
1089 5591
1099 2156
7237 705
5275 941
5222 8380
5222 5501
6780 1419
2097 9897
2097 1146
1598 5219
1598 3874
1939 4284
6003 7919
6003 5625
5092 6858
8729 3269
3000 5697
3000 1500
1837 5449
1837 5008
3795 2422
1958 3099
4889 1764
8792 3257
6904 8896
6904 1357
7161 2054
7161 5428
7161 8086
4915 8855
624 5245
2399 1909
1450 6730
807 5896
6421 8830
3834 5759
6247 4777
1053 2113
3432 8464
5281 3592
4823 6
7513 2970
6120 6023
6120 783
4313 1782
36 8553
36 149
1678 9049
1678 6908
5537 8716
6808 8442
7295 6105
7295 9644
9673 9044
9673 4493
168 4592
5550 3694
3939 2281
5219 8648
1274 5797
7042 1815
7891 2597
7633 8047
4698 2506
4698 1011
1600 2766
1600 9408
1600 288
3791 2639
3791 4833
3077 9104
6572 7107
5162 9433
5326 342
2902 1226
5696 10
5696 2011
6274 8231
5732 4372
5732 8136
1201 9465
1201 8908
8517 9029
9386 12
1304 9754
2375 4381
2375 1381
1166 3380
8406 8689
656 2474
4830 7894
637 3030
9455 3252
7081 8492
5855 5412
5855 31
5525 1420
6280 2057
6469 9165
675 5712
4681 1270
4681 7892
6953 424
6323 4880
8116 7008
2750 4535
2731 4519
2475 209
2475 4164
7413 522
2633 9339
8006 4780
2554 557
2554 1062
3585 7508
2692 8446
5408 9349
194 8494
194 6865
7793 8515
7793 6462
2659 9861
2659 5957
2448 7579
7988 7640
5098 2476
1764 6976
495 8640
8955 5123
8955 1533
8955 5950
8955 2635
7524 4916
7524 9448
7524 3841
1400 7171
249 7140
3402 914
3491 3253
3491 4520
8132 3286
8132 7052
7106 1793
2086 1403
313 8545
313 4203
6799 2799
3426 3710
7010 8216
4444 2084
4444 7835
1157 9648
7601 7473
4542 953
3453 7366
3453 7115
9627 8046
9627 118
9627 9062
5875 1783
448 2083
4190 9430
5922 6253
5922 2161
9402 9254
6490 7636
8070 2563
8070 9474
1010 6686
8281 3203
9032 7861
9757 7078
9757 171
9047 4269
9047 4528
4959 252
4959 3990
4959 9183
4585 2415
9685 3081
9685 4498
7963 877
9376 5073
1017 1561
1017 1215
3265 30
3265 5310
6710 3844
6710 5058
8821 6887
2386 9726
8606 968
4102 7282
2574 6221
4192 4931
1706 7091
1770 601
1770 4283
5815 4147
5815 4254
5815 5254
4713 9463
7919 4922
4398 9802
2601 439
6738 3138
8088 4098
8088 4441
8088 9030
9324 1937
3575 9715
1155 7731
7905 6474
8545 9957
3333 606
3333 542
3165 7589
9909 4118
9260 4867
1627 7153
7213 6024
7213 9027
7492 9384
9166 5549
642 4258
1142 65
8518 7231
5346 4274
2235 447
2235 6503
9114 7343
9114 4763
8852 93
8852 1285
8852 5551
6521 3105
6521 6756
6521 8294
6137 770
1165 8690
1347 316
9213 4960
5754 3178
5754 1595
4883 2999
4883 3895
8548 250
5325 2269
5325 6061
7282 1256
1270 2182
1270 7569
6648 3614
2790 7351
9049 4850
2050 6452
3367 3509
3823 2196
571 6866
4961 9373
6986 9118
4747 9950
4747 3318
6253 8239
6253 8739
8494 5597
2099 1134
3503 9282
4768 5237
1186 3148
141 6667
141 392
8553 6747
82 8064
82 191
3723 3400
1641 5782
7886 1143
7886 6911
5435 598
5435 236
1095 2363
1095 709
3196 7340
3196 7275
934 3297
6980 3497
7097 7272
7097 8870
1815 4452
1815 5176
1815 4559
8976 5101
269 9401
4916 5915
4916 8375
3749 6677
657 9112
7154 9783
2192 201
3289 4847
2895 7269
694 6053
8737 4470
8267 6718
2972 5577
2972 8795
5523 5363
3648 4366
3648 6746
3648 9618
1240 6501
1240 2149
5503 754
5503 2823
5970 2906
2969 5788
2969 1101
1970 9970
7723 827
7723 1953
954 5149
954 6969
3211 2315
6053 2650
6723 2674
2971 340
2971 8540
9688 1550
2942 5243
8978 3237
6367 6817
6367 7509
6367 4325
3286 7646
3450 6437
3450 2157
3450 679
5597 9902
8759 6217
3057 1431
3057 6502
975 6694
7398 2364
6871 5158
3756 1216
8433 7136
8433 5209
505 630
5921 115
5921 4165
8144 8319
6605 8977
8893 8633
4387 2700
4387 388
1895 1000
3145 379
3145 9231
3145 9499
7716 6824
3667 4710
9128 2158
3687 3661
4463 3560
4463 1169
422 6201
422 8499
1772 2418
2774 576
2774 122
9756 8282
9756 5637
9756 9901
2296 5656
2296 9643
5041 5167
5882 3704
1883 1033
9619 1275
3905 3326
3905 9528
5378 664
6202 9578
5500 3397
5500 43
5500 4091
5500 9092
4787 3090
4787 8431
4787 7924
6535 7217
7749 2318
6039 8325
4005 2377
4005 7389
2347 2889
529 2536
670 387
670 3275
2632 1979
2632 929
1710 9141
8727 3758
8727 5406
2779 597
8903 1205
2570 2211
4684 7940
4991 4510
4166 2027
5949 5825
9050 4156
3642 4049
1128 8148
1604 5452
1293 7234
2272 3510
792 5339
9444 756
9444 2328
5913 1987
3952 7953
2780 1744
2780 432
9020 1762
8299 8126
6163 4835
6319 4624
9031 4108
9031 5707
1708 2496
7103 584
7340 8495
7340 8614
4274 5012
479 5268
7088 175
180 230
7654 2012
8931 9789
2970 3870
2040 7397
1590 7174
8246 9151
8246 4415
5188 1411
1138 4737
1138 2114
1905 9919
9762 3935
638 5054
638 7794
3344 5945
1980 8100
1979 2998
4622 992
3241 6988
4867 1985
9202 8283
9202 8324
9202 3808
1268 2110
1268 8693
2429 7973
4504 1480
8601 6704
7888 449
2886 7185
340 5443
7443 7384
7443 7945
7443 3353
523 7909
523 9093
8824 6207
9132 4439
9132 9886
3639 9436
7500 5173
2835 2417
2835 1919
5951 7009
7503 8396
631 5327
631 547
2608 9659
5341 3461
5341 8339
5722 6891
9113 4618
6845 8778
5412 8861
5412 7807
4352 42
4352 3985
3745 9951
4781 5314
2277 5996
1290 8673
1290 4344
1290 1236
3664 776
3664 1836
7495 6757
9701 1325
8770 2681
3844 7730
6341 3561
5258 8714
7518 9964
7518 938
355 9188
6796 186
822 124
822 7733
1237 1376
3082 5787
3082 3924
3082 6028
3765 2380
3765 7438
6752 2993
3653 3059
7591 1969
3271 238
4868 257
6117 8686
6117 4299
6943 6839
1283 2408
1283 7619
3509 5698
3509 7497
1269 5975
8250 247
8250 9410
8560 6970
8142 8771
7833 5621
9185 1607
8746 2860
372 366
372 582
7200 390
7200 8447
7200 6349
2103 3184
2103 7181
3560 9142
3560 2469
6716 3826
6716 6894
9511 4360
4687 950
4687 5918
4687 2741
1158 255
1810 8229
1810 3303
9562 5277
491 60
491 2943
491 3998
394 279
5553 1305
2903 8622
8060 2880
5431 545
6686 3541
3164 6282
649 3130
649 1848
649 7258
5394 3319
6384 7564
2520 6895
8050 9751
9060 4297
9060 6269
5196 3496
884 4064
884 4865
9124 1608
3568 8023
3568 7595
7650 6351
4267 1069
270 5801
7217 778
7217 6581
7217 9158
6669 3420
8120 1371
9493 9428
7404 6847
7404 5595
7404 6182
7491 9942
7491 8379
3673 1990
3144 2699
7096 7840
4526 8987
3712 6540
3712 9552
9597 2162
3230 2627
7878 7283
7878 7847
4665 945
9262 3615
2084 3018
4243 2775
4243 3900
4243 3705
8475 4567
8446 8265
8446 80
5046 45
4337 1973
5232 8899
5232 6859
4716 6944
4716 3261
6906 22
940 34
9537 370
4147 4277
1050 2465
7427 1250
9436 1994
6918 7539
6918 6492
9375 8939
9970 9504
366 5286
8229 3376
5655 2850
497 6426
497 2963
497 1462
785 2403
3257 9225
7870 97
9065 333
1801 5373
1423 4426
5401 943
3280 5022
3615 112
3615 2511
7608 4962
3006 1920
7967 5297
5360 9156
5360 2881
393 1093
3138 5117
3138 18
5207 8774
744 666
744 3024
4213 5907
5307 264
5307 1957
3299 4607
3707 853
7543 6236
7543 6575
4705 9492
3972 719
1782 8597
1782 9935
4477 6385
8306 2088
577 4979
6890 8841
8282 5894
3146 7238
3761 5770
3761 2772
7120 2176
7120 2459
4969 5004
9894 1659
9948 8425
8640 7893
8640 6514
2113 2369
1466 4782
3184 554
7544 3806
4525 8719
4525 6959
1533 9200
1108 7270
8252 1232
7352 5644
7352 8613
7048 7419
5624 8549
5624 1005
3514 6938
3514 4645
58 3995
8002 5324
9465 9880
3843 9299
3843 163
8687 7808
7291 5958
8764 2524
9637 5086
7991 1926
1899 444
1548 5578
1548 1544
5829 1532
8839 9146
1724 5322
7080 5053
3009 85
4253 7029
4253 5569
4253 8426
4253 9569
4253 3697
8159 8728
3731 3429
3731 6281
3731 6069
9446 9713
5959 7242
863 2360
8693 1661
9967 4408
2980 3730
6473 8383
368 2668
368 6365
9772 5084
115 9785
115 1759
2889 8920
2889 745
8099 3600
9156 806
9156 9908
5187 8671
2351 3822
9483 9758
1170 6664
2196 5810
4994 3966
9789 5651
5328 5658
5328 9968
1793 7612
1793 2250
1793 1567
1793 3339
8482 7884
5768 7399
5768 9882
5768 704
2412 2108
7721 6034
6408 3703
8817 1067
8817 1697
2642 3933
8015 3805
8062 6334
3421 9253
3421 1162
8160 7743
8160 5298
6105 3799
6105 4820
6105 9481
2390 8880
2390 9939
2420 7043
5873 1585
9880 5366
9880 826
6378 4853
2724 683
3907 2151
3907 5910
2352 7388
5544 4672
5544 3023
7420 895
7160 2591
8899 5643
545 8202
9764 873
5880 9259
5880 3111
3973 6284
3973 8643
3973 4631
3397 7084
8029 833
8029 4502
3447 3188
2894 2577
9928 4945
1275 8963
1275 8459
7317 5147
6422 9236
4045 4985
6446 9046
6446 98
3672 2432
5832 1260
5832 3569
7941 1424
9767 603
6445 7877
1726 4446
8963 3692
5309 2923
1744 1890
7258 2814
8664 898
7527 2091
2473 3891
6564 8013
138 6230
9408 335
4452 9945
4452 2917
7814 5734
7814 659
5396 6675
3839 8188
3839 2957
4966 4319
5697 9629
8371 1523
7323 1795
181 3477
181 8590
1783 3216
1783 1978
2618 7764
9925 7974
7454 2118
9147 4861
5689 5208
1507 7385
1507 178
3155 4948
5631 3864
5322 8308
2824 6427
3117 2883
3117 3423
7835 6494
6617 8354
9675 4379
8162 2334
6310 4124
9644 2553
1154 6301
1154 6712
5366 5711
7399 687
7399 4034
6859 9080
9719 4377
291 6837
6152 6818
7666 3992
1739 57
1739 1688
7940 8213
4075 3121
4075 2423
4675 7312
4675 7980
9625 2191
9625 3474
7890 2547
7890 9396
1156 380
599 2915
5884 755
6756 283
8682 6486
7695 2046
7090 2826
6025 4491
6019 9738
1561 8596
1561 6058
3126 1749
5854 8530
1458 5128
1780 9153
4388 1965
6097 6682
7029 6030
7029 7701
1480 7514
9738 6553
8416 8054
8416 5453
300 475
9188 4996
9188 6831
5201 2042
5217 4150
7791 7104
764 3482
6667 4595
1437 6300
1437 615
7407 1279
7407 3139
3141 4813
9487 2654
9487 5035
6236 2655
6416 1680
3090 4507
6598 8698
557 8666
9535 3073
243 9716
4150 434
6554 4473
7033 9414
5935 4048
5935 8763
5935 4581
5304 7461
3303 3176
9863 3498
2711 1278
2711 6126
2711 8760
3043 3381
3835 862
4836 9803
4836 6524
2702 5701
2702 4558
3420 1787
6988 8152
3775 4157
3775 6164
3775 483
2037 3270
2037 9193
2037 2015
7465 8123
2156 8717
6230 7872
9765 7063
3153 2216
2955 4339
3527 9632
3527 2743
4595 2494
5161 2710
8493 591
3368 213
9272 5338
5577 2462
5577 4775
5812 7594
4157 7652
5831 7431
8054 6885
8054 6543
4983 9621
6804 4789
3826 9419
7973 6457
5054 6056
2349 7205
3159 5383
3762 4829
148 4395
1975 6892
8324 9269
8324 593
8316 3360
7753 4785
2165 7887
9690 4241
9690 5492
8140 4406
4280 5045
4872 4347
1994 7152
1994 6255
8271 8576
5676 6307
1580 471
766 872
9869 5068
6540 5780
2883 5679
9941 996
8285 5451
6773 2202
8040 2986
5176 4856
9726 4602
9954 3193
2915 8780
2915 9867
9792 8623
3819 8685
586 1460
9486 8052
9486 1184
9486 6778
4554 8986
4554 8168
4377 7957
2698 8436
6551 9932
5793 6607
4264 7811
9542 508
1988 8245
4064 8370
8849 7839
8849 8249
6732 4348
5226 1286
5226 1008
6745 8617
6442 3518
6442 5520
8431 3283
8431 5375
1610 9069
1610 6156
8690 4466
6002 8241
105 8564
3947 1284
7071 2991
6576 2477
7700 9669
2500 7720
7926 3366
7448 9875
6650 5805
6650 6570
4974 690
9069 4204
9069 3725
6066 6640
710 6394
4124 9145
1006 9655
5240 9557
4845 9385
8052 8574
8052 740
3187 1623
6056 7257
6056 6935
3822 6104
961 5190
7084 925
1593 6852
1593 3127
7778 8818
1143 212
8896 1197
1185 6027
7549 2282
3269 3435
3269 4970
9209 2580
3216 8194
8230 7772
7989 1605
6762 8208
30 3932
2377 3754
4214 8801
3388 779
2951 5038
1754 6899
549 2631
3021 4172
9697 1388
5759 8466
4562 6726
5160 1083
1084 1394
2532 8279
4020 7329
4020 9872
6772 2127
6772 1999
5893 5493
1798 9348
2999 8748
662 1703
9832 352
9429 9768
2833 6343
6726 188
640 4561
3237 3584
2720 4740
5305 2602
1217 5506
3384 6705
5068 199
3121 2873
1972 109
453 9217
2468 3027
6404 9963
8836 9791
5919 2694
1651 4779
996 2490
8014 9748
5364 9744
4043 1018
461 6815
3661 5868
2823 2206
2823 9728
290 1348
8574 4184
310 9708
7349 3565
2924 1103
2635 7260
2635 5598
5386 2316
6496 1942
1965 1542
9667 3798
6807 1615
283 1645
5168 6192
9861 6036
9861 7946
2256 3100
2256 8181
6727 7626
7970 9297
1046 3977
1046 8894
6546 8891
2990 2048
853 4346
9908 6275
773 1355
9741 5709
5358 952
5358 3305
1278 7018
1288 3291
7425 9549
1978 7070
1978 8118
7477 2456
4520 5733
3624 8534
5239 9565
9008 5080
1285 1867
5344 6604
5344 7290
7809 241
3764 4399
4549 5011
4549 3564
2809 8377
7411 4564
8952 4407
8952 5535
1348 1945
1348 6829
5809 7195
2055 5497
9555 3920
9555 462
8878 1009
5347 6397
8261 829
9877 4548
472 1592
7109 6630
4272 1650
3270 6376
7960 9117
7960 9101
6036 6330
6882 1014
6882 5564
3532 2610
3532 5737
2408 6860
2408 5393
9802 2913
778 6290
3439 7951
3439 4242
3439 3154
9430 7529
3912 4758
2973 8507
5656 8066
9621 6786
8173 889
8173 5717
2307 8468
1999 7779
1999 3776
7746 4761
5333 7014
5892 3869
5617 2896
2821 2003
437 9825
9613 6637
9613 455
1009 9452
7822 1478
7956 8784
2898 7823
7166 6423
7166 6900
8478 7782
4022 1364
5208 1718
8934 7111
4556 4158
4739 4816
666 4088
8714 1273
325 769
9641 2675
9641 7410
3735 1936
2660 9850
1315 5891
8500 3440
1196 3411
6360 7955
2580 4071
4048 3079
4887 4024
4664 9500
6552 9011
288 5051
6495 4660
8763 3209
5514 8814
1611 1396
8549 1808
8683 6708
988 9731
7242 4904
190 859
5569 1373
5569 5287
9009 6060
1234 4920
1271 7898
2244 6719
9191 7628
457 5663
2012 4257
79 8133
4740 9747
8447 7530
4318 8928
3293 1896
8910 3926
1592 2035
1592 3149
7707 1491
7707 1074
5198 8190
1253 574
8694 5680
8101 5475
5465 5043
5465 8067
7238 7683
3252 531
3252 1100
6687 2457
484 6819
2064 4435
6046 2155
606 2545
606 1417
606 6740
4241 3294
7808 4517
6705 907
9839 2030
9139 4485
9139 4521
9432 1369
5907 729
1790 2197
6336 9007
8898 6396
1491 1059
7419 8980
7419 4715
7419 6714
9634 5141
6840 2885
8192 814
2627 5528
2627 9874
8167 8620
9193 676
2814 1444
2814 6809
2337 3792
2337 6639
2316 8103
1012 5874
1012 3670
3487 9885
4179 9264
4613 4801
6719 995
4586 9921
4586 1538
9428 1391
9428 3419
7276 7144
2206 3277
8827 5904
258 8097
4487 5010
5458 9314
471 7786
889 2550
8092 1684
704 2560
704 1299
6570 9171
229 7481
67 2470
788 3088
6397 2516
1289 4722
8490 8797
8999 7135
4098 9926
6126 5670
8331 5115
8331 7739
4137 1297
2993 9211
4676 137
968 2819
8411 8350
2665 8787
5363 9111
9985 7573
520 4653
5043 3599
6976 2407
582 8712
8195 4728
846 1758
2046 9930
1391 8134
1287 2154
2655 703
6993 488
6993 963
411 581
411 6226
1388 8959
6423 8512
6175 68
6175 1389
4942 3110
4942 3340
9951 5230
9046 9815
2157 1628
3977 847
3195 9070
6413 518
3079 7110
7911 7067
4829 5903
7761 8684
2240 8286
5086 1516
8383 3463
9545 24
2247 8874
329 4151
9313 3238
3584 3486
7774 899
7104 6717
3176 4589
8211 6622
5648 8082
3446 1377
3446 9288
5704 7241
6683 7602
9273 5602
4840 3063
8987 2593
8717 9345
4672 5545
3796 7942
7152 2036
54 4894
8232 1133
8684 3909
1566 7137
9875 5485
8377 6854
7514 9496
8895 6774
574 226
4659 9290
3147 8461
1616 9736
9164 5061
6604 3718
1758 6498
6089 5609
8066 7315
9011 1365
6270 541
3024 7066
6474 6420
7756 3663
4835 9491
1945 1036
2527 5002
8421 4809
5504 782
7931 8528
3957 2841
2470 669
3099 9777
6218 1210
1264 651
8611 5381
2036 9781
2036 5212
4083 3676
3766 1911
508 1874
9491 959
9491 6180
9491 2978
5467 7412
2610 4343
6317 5898
9311 4087
3243 9347
8642 9841
4040 6567
5724 5288
5724 2289
119 9417
3956 6849
2560 4957
3482 8554
8498 4727
680 2926
680 1637
4813 8979
8778 5743
752 3047
2923 5042
9091 1152
3182 2966
8814 3386
2661 6390
5454 2051
3115 7805
6622 1575
7951 2452
8980 730
5336 6072
5336 8155
5336 4629
8676 3971
8806 4301
8806 6080
5940 4921
4721 5006
4721 6842
7979 4875
518 9563
38 9866
8861 6261
5037 1446
31 3424
3920 1503
1005 9849
3572 8337
3572 5946
6720 3996
6720 9704
8118 2519
1133 2001
1133 5833
122 532
2725 974
4408 8948
9333 3168
7617 8995
5943 6874
9211 2709
2705 9924
7130 296
335 3430
650 6062
282 2125
432 2242
432 8926
9945 3506
9945 8521
5209 4555
5093 8602
3726 8480
4771 8415
2490 7644
4857 4832
4172 3363
7832 2865
7810 6238
2885 7717
2151 1828
68 7987
6326 8356
4438 5255
3982 3728
5903 126
2597 9530
3076 1340
5770 4923
9635 7505
8626 6010
6124 5847
3694 7954
9937 8222
8914 6428
4360 8775
231 9918
2622 3313
1328 5513
1328 8514
8760 2236
6959 9019
7782 351
9629 1112
3510 6964
6831 8107
175 1195
175 1606
5712 5138
5712 154
4645 4560
5891 987
3690 1076
3690 8432
6936 8342
8019 2365
6824 8888
1875 906
1493 6878
7241 4368
8074 3950
4344 3197
3521 5154
6268 3809
2593 4248
9662 6102
2328 4464
6849 5866
8018 8940
581 935
712 6052
5737 6529
2291 8635
687 5083
3892 8531
7839 2504
7839 8291
7646 7124
5990 3688
6180 559
945 2599
9866 4341
7563 4201
9720 179
2423 947
8643 4596
6449 927
4560 2324
3625 3436
8208 6905
4029 218
1475 5992
6774 7157
9554 2047
4921 3783
8860 9245
6410 970
5255 4030
153 1213
5742 8871
6348 6240
8028 8075
3238 879
4093 3010
6420 6407
5640 7147
3547 8599
7091 3246
7872 4837
992 6022
974 3820
4618 1081
2494 4901
1213 5050
9876 6125
6579 5151
143 1175
143 5971
4208 1761
4208 7593
4208 6930
5381 9441
3995 1668
2407 2746
9458 922
4901 6491
4336 4893
91 8170
3042 1528
3820 4788
1898 2792
6691 4345
8874 3074
2365 6205
5975 95
6509 1322
7955 4759
2552 3528
1683 430
8743 3174
1697 281
5379 8577
6889 5967
6970 890
6794 9421
3014 9135
1018 7350
8350 7787
1731 9316
8823 8186
8823 8556
3570 9389
4453 3645
6690 5249
352 8944
9092 7802
233 3129
9474 7605
6307 2949
7311 9516
3722 2442
8590 8608
7365 583
5955 7697
6156 7122
9615 1139
3809 1071
9871 5238
1221 9122
8112 4178
8961 2839
2155 9819
8671 6057
7402 1725
8186 6214
7378 7962
8699 2295
3315 5897
4205 5216
7614 4732
2176 7206
6467 1047
9255 5909
7976 8257
1761 8025
6330 2209
7085 334
2553 3245
890 6626
890 1889
1865 610
4435 3608
7035 6414
2860 2464
7597 7003
8602 369
5513 1343
9123 7049
597 521
4283 2832
814 8179
6543 9642
3699 3941
2594 2124
4817 7159
1933 8392
7545 3684
4923 7669
2003 8595
