49998 0 5015
49036 1 0
14319 1 0
15574 0 0
1467 0 0
1645 0 0
39302 1 0
20503 0 0
23979 1 0
29900 0 0
29448 0 0
43613 1 0
31083 1 0
24301 0 0
4910 1 0
5105 0 0
11222 0 0
48760 1 0
19990 1 0
14894 1 0
17345 1 0
37795 0 0
26117 0 0
7118 1 0
20366 0 0
47184 1 0
34194 1 0
15534 0 0
17404 0 0
45810 0 0
48595 0 0
43488 1 0
19307 0 0
32740 1 0
29809 1 0
46191 0 0
48928 0 0
20083 0 0
5162 0 0
5060 1 0
48628 1 0
46454 1 0
46907 0 0
26328 0 0
12984 1 0
14287 1 0
13517 0 0
15013 1 0
31990 1 0
38191 0 0
27346 0 0
16037 0 0
37673 1 0
45300 1 0
31685 0 0
21104 0 0
936 1 0
25931 1 0
7051 0 0
47360 0 0
29456 1 0
22695 0 0
33481 1 0
34578 1 0
22265 1 0
41000 0 0
28869 0 0
18958 1 0
27585 1 0
11071 1 0
19230 0 0
45127 1 0
6628 0 0
5257 0 0
36507 1 0
3402 1 0
23256 1 0
18787 1 0
6552 1 0
23907 1 0
37651 1 0
2211 1 0
11837 0 0
32598 0 0
15501 1 0
49833 1 0
8173 0 0
7804 1 0
48921 1 0
22996 0 0
8106 0 0
11375 1 0
5564 1 0
30537 0 0
912 1 0
43697 1 0
48470 0 0
7533 0 0
28579 0 0
6828 0 0
40776 1 0
3191 1 0
9895 0 0
31604 1 0
46121 1 0
38509 1 0
11573 1 0
418 1 0
16876 0 0
49466 0 0
10471 1 0
3096 1 0
31759 0 0
41920 1 0
6915 1 0
33826 1 0
13053 1 0
32040 1 0
47800 0 0
4619 1 0
39330 1 0
17115 0 0
18273 1 0
36607 1 0
41370 1 0
19820 1 0
39705 0 0
15742 1 0
15311 1 0
42113 1 0
10990 0 0
7631 0 0
465 1 0
31884 1 0
10345 1 0
22620 1 0
46938 0 0
8116 0 0
10320 0 0
447 0 0
5554 0 0
7068 0 0
1738 1 0
3583 1 0
16113 1 0
32719 1 0
18942 0 0
48452 0 0
32184 1 0
38005 1 0
33354 0 0
42285 0 0
35545 1 0
20575 1 0
21379 1 0
3894 0 0
22088 0 0
32337 0 0
36443 0 0
21826 1 0
34129 1 0
22724 1 0
26183 1 0
10420 1 0
46287 1 0
46881 0 0
23132 0 0
42776 0 0
22096 1 0
26794 1 0
41299 1 0
49053 0 0
9565 1 0
47091 1 0
8950 1 0
30514 0 0
13800 0 0
15889 0 0
1835 0 0
19532 1 0
14532 0 0
9878 1 0
47899 1 0
46763 1 0
10816 1 0
7674 1 0
42083 0 0
25154 1 0
19721 0 0
37235 1 0
2056 0 0
3390 1 0
6053 0 0
6999 1 0
32688 0 0
42177 0 0
10189 0 0
8461 0 0
46304 0 0
3877 0 0
33722 1 0
26393 0 0
19042 0 0
48382 1 0
31789 1 0
34125 0 0
12468 0 0
42581 1 0
16636 1 0
48912 1 0
4632 0 0
28150 1 0
11148 0 0
48364 1 0
48727 1 0
7284 1 0
13211 0 0
26590 0 0
49604 0 0
41525 1 0
21429 1 0
21023 0 0
23042 1 0
10329 0 0
844 1 0
31727 0 0
6 0 0
9503 1 0
38335 1 0
28876 0 0
18193 1 0
3559 1 0
31101 1 0
34464 0 0
4664 1 0
46353 1 0
11496 1 0
19767 1 0
5477 0 0
41543 1 0
39095 0 0
17237 0 0
49840 0 0
10913 1 0
42876 1 0
35257 1 0
540 1 0
15646 1 0
9150 1 0
32008 1 0
9454 0 0
11209 0 0
33930 1 0
16844 0 0
6451 1 0
20433 1 0
21132 1 0
6086 1 0
2187 0 0
7234 1 0
9812 0 0
43730 0 0
2913 0 0
20039 0 0
41052 1 0
20856 1 0
41088 0 0
23288 0 0
28810 1 0
23152 1 0
30298 1 0
27101 0 0
46333 1 0
39958 1 0
36895 1 0
12125 1 0
45688 0 0
36344 0 0
40235 0 0
48525 1 0
8168 1 0
16636 0 0
43632 0 0
12009 1 0
47541 1 0
30339 1 0
38810 0 0
19972 1 0
31784 0 0
4000 1 0
15848 1 0
40035 0 0
42669 0 0
20412 1 0
16153 0 0
23283 1 0
40163 0 0
26671 1 0
5227 0 0
6633 1 0
49329 0 0
37470 1 0
21188 1 0
25184 1 0
26439 1 0
364 1 0
13115 1 0
21603 0 0
6220 0 0
33644 1 0
28867 1 0
14738 0 0
40062 0 0
22470 0 0
49313 1 0
40473 0 0
11154 1 0
27624 0 0
36340 1 0
1757 1 0
5076 1 0
6032 1 0
6030 0 0
28279 0 0
1632 1 0
14473 0 0
8757 1 0
16765 1 0
20312 1 0
20387 0 0
34292 0 0
48351 0 0
37659 0 0
37761 0 0
11931 1 0
15024 1 0
40788 0 0
13934 1 0
3253 1 0
26382 0 0
30950 0 0
27105 1 0
25579 1 0
44056 1 0
38770 1 0
46640 0 0
7964 0 0
9091 0 0
47300 0 0
20933 1 0
6314 0 0
35477 1 0
8101 0 0
22513 1 0
3740 0 0
18682 0 0
4728 0 0
8581 1 0
35253 1 0
27074 0 0
27237 1 0
140 0 0
39150 1 0
40940 0 0
6717 1 0
34215 1 0
13896 0 0
18326 0 0
33312 0 0
43744 1 0
44726 1 0
36213 0 0
42473 0 0
23961 1 0
525 1 0
26687 1 0
43289 1 0
17874 1 0
12896 0 0
15391 1 0
24409 0 0
2697 1 0
47143 0 0
42106 0 0
14125 0 0
10065 1 0
40909 1 0
38787 0 0
32383 1 0
23722 0 0
49302 0 0
2763 1 0
42087 1 0
27151 0 0
33970 0 0
22001 1 0
1795 0 0
15903 1 0
28030 1 0
39755 1 0
21906 1 0
11046 0 0
9359 0 0
11040 0 0
1894 1 0
419 1 0
2424 0 0
35521 0 0
40294 1 0
49078 1 0
16956 0 0
17799 0 0
15901 0 0
15611 1 0
29818 1 0
13915 1 0
28461 0 0
44062 1 0
19111 0 0
48232 0 0
25824 1 0
11886 1 0
34430 1 0
27746 1 0
5113 1 0
46499 1 0
3698 0 0
37296 0 0
41081 1 0
7054 0 0
31934 1 0
34094 1 0
20160 1 0
36161 1 0
30460 0 0
35070 0 0
35173 1 0
35425 0 0
9890 1 0
2596 1 0
24081 1 0
43733 0 0
39918 1 0
35443 0 0
29756 1 0
12356 1 0
46213 1 0
18184 1 0
44519 0 0
20963 0 0
47850 0 0
30530 1 0
22268 0 0
4114 0 0
22564 0 0
28364 1 0
16860 1 0
39997 0 0
24104 1 0
9293 0 0
10712 1 0
39136 1 0
44321 1 0
9498 1 0
10592 1 0
10234 0 0
29038 0 0
42575 1 0
42114 1 0
6269 0 0
48174 1 0
31301 0 0
44090 1 0
33787 1 0
10702 1 0
9453 1 0
27272 1 0
38941 0 0
26747 0 0
37554 0 0
47699 0 0
42794 0 0
20557 0 0
33099 0 0
43785 1 0
22097 0 0
10674 0 0
36592 0 0
30371 0 0
31520 1 0
7816 1 0
19792 0 0
24699 1 0
24116 1 0
40604 0 0
21791 0 0
21326 0 0
10523 1 0
47614 1 0
10174 0 0
23932 1 0
18486 0 0
17695 0 0
28001 1 0
9284 0 0
31544 1 0
8869 0 0
27044 0 0
33149 0 0
48921 0 0
16513 1 0
19735 1 0
3598 1 0
33630 1 0
44884 1 0
42666 0 0
4652 0 0
40499 0 0
1457 0 0
29780 1 0
12911 0 0
11825 0 0
37644 0 0
4534 0 0
17867 0 0
13135 1 0
12042 0 0
6842 0 0
3024 1 0
15170 1 0
10666 1 0
11098 1 0
26962 0 0
28565 0 0
22743 0 0
1393 0 0
1288 0 0
26620 0 0
28380 0 0
28435 0 0
36048 1 0
46749 1 0
11789 0 0
37656 0 0
6408 0 0
42273 0 0
47415 1 0
26148 1 0
11871 1 0
9340 1 0
19761 1 0
24410 1 0
29458 0 0
31427 0 0
44441 0 0
49159 1 0
5712 0 0
10163 1 0
30887 1 0
47036 0 0
5384 1 0
9696 0 0
47766 1 0
11976 1 0
37862 1 0
11637 1 0
16365 0 0
28877 0 0
20419 0 0
12 0 0
10425 1 0
40712 0 0
45254 0 0
29570 0 0
26065 0 0
1922 0 0
6271 0 0
26539 0 0
24795 1 0
36836 1 0
36669 0 0
22978 0 0
35706 1 0
28129 1 0
14601 0 0
3465 0 0
39156 0 0
18173 0 0
24284 0 0
18586 1 0
116 0 0
8520 0 0
6762 0 0
45109 1 0
38323 0 0
16823 0 0
3964 1 0
1373 1 0
15222 1 0
4853 0 0
30777 1 0
7882 1 0
7609 1 0
9464 1 0
31785 1 0
36197 1 0
31921 0 0
14699 0 0
14626 1 0
11436 0 0
10980 0 0
11202 1 0
15297 0 0
13 1 0
39596 0 0
49355 1 0
6303 0 0
27732 0 0
35528 1 0
12878 1 0
45684 1 0
27893 0 0
41884 1 0
20592 0 0
46210 1 0
17359 1 0
27534 1 0
33208 0 0
6117 0 0
31804 0 0
16662 0 0
26020 1 0
13121 1 0
31986 0 0
18142 1 0
22862 0 0
2301 1 0
29687 0 0
6594 1 0
9580 1 0
28696 0 0
3759 1 0
32900 1 0
15761 0 0
11100 0 0
35433 1 0
9537 0 0
22682 1 0
10041 0 0
7084 1 0
20593 1 0
7925 0 0
39221 0 0
47723 0 0
8951 0 0
30885 0 0
35297 0 0
43067 0 0
47957 1 0
3831 0 0
48699 0 0
43471 1 0
30628 1 0
24953 0 0
20150 1 0
1165 1 0
23271 1 0
37108 0 0
13345 0 0
17930 0 0
46581 0 0
36610 1 0
35214 0 0
44186 0 0
44285 1 0
39792 0 0
20621 1 0
35506 0 0
42572 1 0
11945 1 0
33488 0 0
16953 1 0
8708 0 0
38223 1 0
4822 0 0
7757 1 0
3510 0 0
48460 0 0
32215 0 0
20372 0 0
23021 1 0
24878 0 0
37815 1 0
8142 0 0
2946 1 0
35410 0 0
49705 1 0
39442 1 0
17123 1 0
15708 0 0
26257 1 0
13084 0 0
21916 0 0
25058 0 0
49442 0 0
15168 1 0
15119 1 0
777 0 0
10829 0 0
43022 1 0
40356 1 0
17216 0 0
3452 1 0
43220 1 0
3073 0 0
45031 0 0
856 0 0
14771 0 0
32128 0 0
30517 0 0
1954 1 0
5297 1 0
47696 0 0
36817 0 0
12362 1 0
32282 1 0
7229 0 0
23690 1 0
940 0 0
5433 0 0
8095 0 0
43501 0 0
27519 1 0
7918 1 0
40009 0 0
29298 1 0
22749 0 0
24472 0 0
47557 0 0
10640 1 0
35747 0 0
49874 0 0
39992 0 0
43603 0 0
39048 0 0
26908 0 0
18369 0 0
1583 0 0
5626 0 0
11838 1 0
42602 1 0
7716 1 0
15020 0 0
28626 1 0
37612 0 0
24272 0 0
48383 0 0
19430 1 0
2428 0 0
25921 1 0
1837 1 0
11497 1 0
37967 1 0
17663 0 0
12879 0 0
27345 0 0
43200 1 0
17329 0 0
48819 1 0
20651 0 0
20880 0 0
11899 1 0
35662 1 0
6197 0 0
45199 1 0
32306 1 0
32269 1 0
25286 1 0
15179 1 0
34548 0 0
6997 0 0
24523 0 0
37729 1 0
5751 1 0
29978 0 0
34434 0 0
19586 0 0
44134 1 0
49901 0 0
5709 0 0
13045 0 0
18296 1 0
23797 0 0
28500 1 0
42630 0 0
839 0 0
2588 0 0
3676 1 0
14285 1 0
7183 1 0
13275 1 0
27849 1 0
141 1 0
11997 1 0
18967 1 0
41833 1 0
26409 1 0
38551 0 0
30962 0 0
36006 1 0
22570 0 0
43185 1 0
20444 0 0
35170 0 0
17993 0 0
17717 1 0
36566 1 0
10337 1 0
28289 0 0
1285 0 0
1137 0 0
45510 0 0
41340 1 0
20390 0 0
3588 0 0
15589 1 0
25584 0 0
20256 0 0
29528 0 0
15462 1 0
28032 0 0
35620 1 0
19712 0 0
29085 0 0
39697 0 0
6618 1 0
18787 0 0
35584 1 0
36192 0 0
24193 1 0
19190 1 0
35303 0 0
39708 1 0
819 0 0
15936 1 0
43141 1 0
13031 1 0
38258 1 0
45217 1 0
9576 0 0
23635 0 0
1663 0 0
29218 1 0
5135 0 0
34425 0 0
34744 0 0
32329 1 0
23610 1 0
39798 0 0
33310 0 0
49456 1 0
9548 1 0
49138 0 0
36517 0 0
32614 0 0
49248 1 0
41996 0 0
10053 1 0
27570 1 0
86 0 0
1341 1 0
8181 0 0
48105 1 0
43647 0 0
43703 1 0
34500 0 0
49212 1 0
37076 0 0
27212 0 0
37295 0 0
18592 1 0
34045 0 0
7064 1 0
44244 1 0
37023 1 0
23037 0 0
33415 1 0
4776 1 0
38915 0 0
46571 0 0
10034 0 0
26978 1 0
34014 0 0
1776 0 0
34793 1 0
13607 0 0
33477 0 0
14978 0 0
36951 0 0
43146 1 0
49401 0 0
35080 0 0
1628 1 0
4954 1 0
46848 0 0
13712 0 0
37227 1 0
25932 0 0
42013 1 0
44346 0 0
1945 1 0
15429 1 0
9605 0 0
42525 1 0
20452 0 0
546 1 0
27500 0 0
35232 0 0
28764 0 0
17336 1 0
42303 0 0
47834 0 0
35778 1 0
28119 0 0
31901 1 0
8180 1 0
43118 0 0
37601 1 0
28234 0 0
6704 1 0
13324 0 0
20384 0 0
44729 1 0
30458 1 0
28007 1 0
39415 0 0
42014 0 0
19906 0 0
48118 0 0
19166 1 0
34183 1 0
43211 1 0
841 1 0
39447 0 0
30246 0 0
7953 1 0
21275 1 0
9102 1 0
27785 0 0
30166 1 0
25768 0 0
2766 0 0
27772 1 0
37665 0 0
26995 1 0
49740 0 0
38151 1 0
5981 1 0
5019 0 0
8464 0 0
18430 0 0
47452 0 0
38535 1 0
33475 1 0
27832 1 0
41733 1 0
11504 0 0
21536 0 0
17774 1 0
11587 0 0
15903 0 0
45592 1 0
44536 0 0
6001 0 0
1627 0 0
44610 1 0
7815 0 0
14010 1 0
34376 1 0
41026 0 0
10895 0 0
31845 1 0
45585 0 0
46465 1 0
43254 0 0
32081 0 0
15819 1 0
7750 0 0
1820 1 0
23522 1 0
16449 1 0
41386 1 0
10658 1 0
42595 0 0
3603 0 0
45583 0 0
24648 1 0
24526 0 0
45967 1 0
23227 1 0
16077 0 0
43322 1 0
19516 0 0
48681 0 0
42719 0 0
35047 0 0
17560 1 0
26560 0 0
38204 1 0
38520 1 0
13846 0 0
28603 0 0
16256 1 0
20380 0 0
43515 1 0
18065 1 0
42478 0 0
21878 1 0
43511 1 0
23916 0 0
18008 1 0
2841 0 0
13290 1 0
47640 0 0
1786 1 0
20478 1 0
22940 0 0
880 0 0
29803 0 0
41560 1 0
11770 1 0
12346 0 0
47324 0 0
34966 1 0
34273 0 0
30094 0 0
46698 1 0
26916 1 0
28660 0 0
12490 1 0
45950 0 0
16881 1 0
28672 0 0
1197 0 0
37547 1 0
39641 1 0
16647 0 0
21434 0 0
34329 0 0
42600 0 0
32395 1 0
19364 0 0
4440 1 0
38432 1 0
4868 1 0
3148 0 0
26106 1 0
23150 0 0
16007 1 0
18429 0 0
9458 0 0
13398 1 0
31121 1 0
7847 0 0
33991 0 0
9133 0 0
33132 1 0
44640 0 0
17334 1 0
4100 0 0
28638 1 0
13306 1 0
20669 0 0
24896 1 0
27961 0 0
20283 0 0
21915 1 0
12689 1 0
21982 1 0
3259 1 0
14373 1 0
11189 1 0
30082 0 0
43197 1 0
3948 0 0
3295 1 0
21651 0 0
28431 0 0
36310 1 0
30559 1 0
10246 1 0
11812 1 0
13824 0 0
25868 1 0
27399 0 0
17698 0 0
21985 0 0
33602 1 0
44490 1 0
38948 1 0
38369 1 0
15719 0 0
14083 0 0
35217 0 0
13473 1 0
13286 0 0
42557 1 0
33362 1 0
7168 1 0
1237 0 0
32907 1 0
47663 1 0
36015 1 0
13208 1 0
12862 1 0
21144 1 0
29045 1 0
16301 1 0
22017 0 0
9180 1 0
9328 1 0
9448 0 0
49691 1 0
2537 1 0
39110 1 0
9687 0 0
21920 1 0
20671 1 0
5439 0 0
19670 0 0
48636 0 0
14851 0 0
9343 1 0
4467 1 0
30914 0 0
45626 0 0
16689 0 0
114 1 0
23858 0 0
40578 0 0
763 0 0
6785 0 0
7421 1 0
49654 0 0
38102 0 0
34104 0 0
9155 1 0
41921 1 0
9316 1 0
32241 1 0
3803 0 0
11467 1 0
37984 1 0
5352 0 0
41752 0 0
27478 1 0
39743 1 0
11350 1 0
19777 0 0
20920 1 0
7458 0 0
12093 0 0
4757 0 0
24914 0 0
25723 1 0
7908 0 0
6739 1 0
39937 0 0
2044 0 0
42011 0 0
16727 0 0
17565 1 0
27367 0 0
15202 0 0
10581 0 0
15112 0 0
30231 0 0
37421 0 0
20401 1 0
33133 1 0
12513 0 0
43297 1 0
44052 0 0
30943 1 0
47412 1 0
43780 1 0
7065 1 0
45070 1 0
24644 0 0
8524 1 0
21869 0 0
14273 0 0
19577 1 0
11701 0 0
14952 0 0
32881 0 0
25282 1 0
43956 0 0
31484 1 0
17887 0 0
42732 1 0
13703 0 0
43165 0 0
15377 0 0
9775 0 0
36078 1 0
23312 1 0
25745 0 0
29088 0 0
37842 1 0
30222 0 0
23165 0 0
45268 0 0
26146 0 0
34629 1 0
46475 1 0
35453 1 0
16423 1 0
33901 0 0
8302 1 0
3860 1 0
8806 0 0
16557 1 0
48311 1 0
1084 1 0
35880 0 0
4452 1 0
1330 0 0
11273 1 0
39499 1 0
19559 0 0
36110 0 0
36727 0 0
26987 1 0
28024 0 0
5265 1 0
44080 1 0
40700 1 0
8463 0 0
47780 0 0
41668 1 0
26482 1 0
29621 0 0
36767 0 0
38422 1 0
6072 0 0
33548 0 0
15198 0 0
29372 1 0
40834 0 0
24190 1 0
43833 1 0
9901 0 0
37604 1 0
28165 1 0
8587 1 0
38971 0 0
29676 1 0
5968 0 0
32312 1 0
27433 1 0
24823 1 0
40494 0 0
24798 1 0
28066 1 0
32564 1 0
28291 0 0
8040 1 0
2419 0 0
47350 1 0
4602 0 0
46982 0 0
29882 0 0
13263 1 0
47393 0 0
32720 0 0
26404 1 0
4391 0 0
7238 0 0
16781 0 0
36353 0 0
27269 1 0
40965 1 0
26056 1 0
2364 1 0
26181 1 0
39042 0 0
8851 0 0
18435 0 0
17082 0 0
39556 1 0
25144 0 0
30706 1 0
6207 1 0
20224 0 0
8153 1 0
21015 0 0
43398 0 0
31517 1 0
7734 1 0
42640 0 0
13149 0 0
43797 0 0
48207 0 0
16897 0 0
48278 1 0
37886 1 0
23970 1 0
18048 1 0
9543 1 0
28588 1 0
43524 1 0
26449 0 0
30882 0 0
42729 0 0
7106 1 0
16047 0 0
585 1 0
1260 1 0
6251 1 0
33322 0 0
6700 0 0
5892 1 0
19136 1 0
24872 1 0
32438 0 0
42351 0 0
31111 0 0
13270 1 0
19753 0 0
13803 0 0
44450 1 0
23919 1 0
14503 1 0
10668 0 0
13103 1 0
19741 0 0
40866 0 0
40929 0 0
35334 1 0
4449 1 0
1784 1 0
8274 1 0
48714 1 0
10358 1 0
22923 1 0
7934 0 0
42750 1 0
42993 0 0
38267 1 0
46381 0 0
4634 1 0
28659 0 0
24782 1 0
38860 1 0
32880 1 0
15411 1 0
25705 1 0
27956 1 0
3682 1 0
5346 0 0
2468 1 0
35597 0 0
40113 0 0
23382 0 0
10587 0 0
7618 0 0
22412 0 0
100 1 0
43712 0 0
579 1 0
9170 1 0
7195 1 0
25037 0 0
45902 0 0
46472 1 0
25714 1 0
40809 0 0
2456 1 0
28133 0 0
29920 1 0
37520 1 0
6664 0 0
47430 1 0
38669 1 0
38253 1 0
20899 0 0
16866 1 0
20500 0 0
14665 1 0
13288 0 0
21006 0 0
29059 0 0
22028 1 0
454 1 0
31266 0 0
35853 0 0
4806 1 0
32448 0 0
30863 1 0
14870 1 0
37262 1 0
29824 1 0
14801 1 0
24269 0 0
43271 1 0
33080 1 0
48617 1 0
21200 0 0
26823 1 0
39585 1 0
44946 1 0
23894 0 0
24747 0 0
15824 0 0
38744 1 0
27563 0 0
34568 0 0
503 0 0
46679 0 0
19511 1 0
18260 0 0
33524 0 0
32894 1 0
48020 0 0
7077 0 0
46783 0 0
40452 0 0
40603 0 0
7583 0 0
11133 0 0
20095 1 0
49057 1 0
24608 0 0
8493 0 0
21689 1 0
2017 0 0
3961 1 0
44705 1 0
5230 0 0
6760 1 0
40446 0 0
14670 0 0
10236 0 0
5755 1 0
3692 0 0
29680 0 0
37545 1 0
9608 1 0
4493 1 0
36958 1 0
32010 0 0
13118 1 0
26733 0 0
37640 0 0
38105 0 0
30454 0 0
32120 0 0
17373 0 0
36826 0 0
49024 0 0
14785 0 0
23094 0 0
33113 0 0
46593 0 0
40760 1 0
48468 1 0
10032 0 0
42207 1 0
23270 0 0
10814 0 0
4197 0 0
24830 1 0
37720 1 0
40968 1 0
15972 0 0
48177 1 0
9424 0 0
22219 0 0
42656 0 0
22467 1 0
22460 0 0
26430 1 0
38011 1 0
29843 1 0
36109 0 0
37594 0 0
34573 1 0
30566 0 0
29762 1 0
48302 1 0
28287 1 0
4070 0 0
43009 1 0
3089 1 0
36658 1 0
6000 1 0
38846 0 0
30343 0 0
22459 1 0
42953 1 0
45986 0 0
44789 1 0
28041 0 0
42636 0 0
22615 0 0
42205 0 0
44543 0 0
43993 0 0
16968 0 0
3328 1 0
38741 1 0
34958 0 0
13107 1 0
13968 0 0
33784 1 0
222 1 0
26432 0 0
29897 0 0
19783 0 0
12874 1 0
45450 0 0
15050 0 0
2926 1 0
14546 1 0
7209 0 0
12388 0 0
47732 0 0
25117 0 0
46587 0 0
9659 0 0
12953 0 0
44627 1 0
47581 1 0
20989 1 0
30531 0 0
8325 0 0
9445 0 0
23759 1 0
45919 1 0
23822 0 0
20026 0 0
43344 0 0
31388 0 0
6607 1 0
37056 1 0
46424 1 0
2855 1 0
31332 0 0
32556 1 0
1007 1 0
43894 0 0
38708 1 0
19898 1 0
49152 1 0
1845 0 0
3553 1 0
9205 0 0
3810 1 0
42592 1 0
21732 0 0
49743 0 0
20893 0 0
26276 1 0
2443 1 0
10630 0 0
3984 0 0
22747 1 0
42384 1 0
43616 1 0
3015 1 0
49896 1 0
44822 0 0
33052 0 0
30519 0 0
37706 0 0
35348 0 0
49586 0 0
4886 1 0
46438 0 0
29195 0 0
44423 0 0
18811 1 0
24457 0 0
44493 0 0
4519 0 0
36945 0 0
35834 1 0
38786 0 0
34747 0 0
39358 0 0
14218 1 0
34681 0 0
39865 1 0
13187 1 0
16804 1 0
29317 1 0
23202 1 0
34589 0 0
7766 1 0
23815 1 0
18466 1 0
22563 1 0
9787 0 0
38709 0 0
22694 1 0
49604 1 0
41489 1 0
17208 1 0
13279 1 0
38333 1 0
3132 1 0
106 1 0
28292 0 0
1458 0 0
2502 0 0
37062 1 0
48392 0 0
8765 0 0
33253 0 0
47908 0 0
12004 0 0
2307 1 0
693 0 0
39405 0 0
47241 0 0
35287 1 0
24753 1 0
46204 1 0
33087 0 0
21765 0 0
25297 1 0
45529 1 0
39306 1 0
35817 0 0
3763 0 0
47521 0 0
12047 1 0
33963 1 0
12886 1 0
29819 1 0
23632 0 0
24735 1 0
28034 1 0
28842 0 0
4381 1 0
9286 1 0
9764 0 0
25028 0 0
44801 0 0
47955 0 0
3702 1 0
47624 1 0
32638 1 0
1406 1 0
49201 0 0
2158 1 0
4928 1 0
28334 1 0
31414 0 0
2021 0 0
43824 1 0
26327 1 0
45234 1 0
15080 0 0
16315 0 0
9166 0 0
24831 0 0
10275 0 0
24994 1 0
38071 1 0
46646 0 0
47697 1 0
6574 0 0
17809 1 0
46284 1 0
10307 0 0
25896 1 0
46511 1 0
22522 1 0
23180 0 0
11233 0 0
41114 1 0
14294 1 0
26713 1 0
37605 1 0
26755 0 0
32932 0 0
3689 0 0
48222 0 0
28311 0 0
23169 0 0
33393 0 0
15457 0 0
37788 0 0
39346 0 0
41922 0 0
7413 1 0
4966 1 0
37132 0 0
3874 0 0
7000 0 0
48871 0 0
1730 1 0
12676 0 0
42736 0 0
6342 0 0
23034 1 0
6274 0 0
26781 1 0
48306 0 0
35077 0 0
18165 0 0
40977 1 0
37884 1 0
12892 1 0
44878 1 0
7099 1 0
31052 0 0
49017 0 0
2918 1 0
15581 1 0
28175 0 0
34429 1 0
8369 0 0
27886 1 0
1570 0 0
30667 0 0
35695 1 0
19312 0 0
33989 1 0
39834 1 0
41606 1 0
19838 1 0
37347 0 0
19527 0 0
14816 0 0
41777 1 0
29596 1 0
28587 1 0
23100 0 0
28259 1 0
276 1 0
22670 1 0
41378 0 0
9500 1 0
39268 0 0
42739 1 0
45359 1 0
20481 1 0
21102 1 0
33459 1 0
33321 1 0
39578 0 0
16129 1 0
49233 1 0
8323 1 0
33424 1 0
34960 0 0
15767 0 0
28396 1 0
47257 1 0
9765 1 0
39379 1 0
22818 0 0
4423 0 0
13971 1 0
47940 0 0
45898 1 0
40946 0 0
44910 1 0
16111 1 0
36008 0 0
6223 1 0
13182 0 0
19005 1 0
7196 0 0
34784 1 0
1539 0 0
41696 0 0
34327 0 0
11021 1 0
21938 0 0
14641 1 0
26885 1 0
5250 0 0
9755 0 0
17144 0 0
44860 1 0
47812 0 0
12057 0 0
34742 1 0
47869 0 0
38187 1 0
41508 1 0
46229 0 0
32358 0 0
39510 0 0
16358 1 0
34342 0 0
37666 1 0
18140 0 0
14732 0 0
17303 1 0
40868 1 0
28074 0 0
42255 0 0
49579 0 0
32739 0 0
36813 0 0
20292 0 0
15599 1 0
46006 1 0
49653 0 0
5303 1 0
16358 0 0
28707 1 0
20116 0 0
17274 1 0
48717 0 0
32753 1 0
35893 1 0
22133 0 0
17878 1 0
13240 1 0
9007 1 0
10153 0 0
21614 1 0
6893 0 0
36330 1 0
39971 1 0
17775 0 0
39022 1 0
8755 0 0
31601 1 0
9134 1 0
47472 1 0
26860 0 0
37191 0 0
12302 1 0
16418 0 0
46735 0 0
43134 1 0
6201 1 0
13749 1 0
38724 0 0
14123 0 0
33152 0 0
44612 0 0
32810 0 0
12139 1 0
2711 0 0
44531 0 0
38040 0 0
48272 1 0
12640 0 0
37723 1 0
12486 0 0
9001 1 0
4419 1 0
40918 1 0
34678 0 0
44221 1 0
2492 1 0
31932 0 0
26695 1 0
43297 0 0
1207 1 0
42955 1 0
5478 1 0
21457 1 0
49511 0 0
43526 0 0
34663 0 0
14751 1 0
29905 1 0
3666 1 0
19986 0 0
31788 1 0
33092 0 0
31492 0 0
23896 1 0
32859 1 0
43751 0 0
24588 0 0
40644 1 0
26827 1 0
15749 0 0
9411 1 0
9015 1 0
38742 0 0
42744 1 0
42265 1 0
20469 1 0
34559 0 0
5151 1 0
9769 0 0
41717 0 0
35197 1 0
23221 1 0
13387 0 0
36715 1 0
13294 0 0
24122 1 0
7825 1 0
13586 0 0
18875 0 0
2086 0 0
17708 1 0
47457 0 0
44916 1 0
15564 0 0
29492 1 0
27168 1 0
40841 0 0
44783 0 0
23432 1 0
49711 1 0
42041 0 0
7342 0 0
23521 1 0
30917 1 0
22683 1 0
27011 1 0
5810 0 0
20865 0 0
46369 0 0
2232 0 0
3527 1 0
7330 0 0
35844 0 0
11930 0 0
22559 0 0
40484 1 0
31840 0 0
20574 0 0
49646 1 0
18798 0 0
6151 1 0
40748 1 0
15123 1 0
16569 1 0
18436 1 0
25810 0 0
19 1 0
18024 0 0
16424 0 0
21704 0 0
38456 0 0
22765 1 0
18880 1 0
42510 0 0
26453 0 0
23790 0 0
20053 0 0
8369 1 0
42471 1 0
46364 0 0
27765 1 0
27134 0 0
21257 1 0
20938 1 0
2771 1 0
41312 0 0
40529 1 0
40733 1 0
31701 0 0
130 1 0
30170 1 0
4286 1 0
21311 1 0
22610 0 0
33079 1 0
38002 0 0
30645 1 0
11232 1 0
2351 0 0
10517 0 0
33285 0 0
42537 0 0
20542 0 0
17824 1 0
23393 1 0
3108 0 0
40742 0 0
12215 0 0
45017 1 0
29291 0 0
49187 0 0
8064 1 0
41771 1 0
43680 0 0
15713 0 0
32232 1 0
1873 1 0
13074 1 0
46262 0 0
45044 1 0
34060 0 0
17736 0 0
34685 1 0
40048 0 0
40582 1 0
12166 1 0
46297 1 0
37949 1 0
24449 1 0
16043 0 0
26458 1 0
42932 1 0
20484 1 0
12825 0 0
24459 0 0
1350 1 0
22992 1 0
40817 1 0
23685 1 0
35127 0 0
44664 0 0
37311 0 0
9641 0 0
44841 1 0
1832 0 0
32087 0 0
19659 1 0
31541 1 0
8485 0 0
46359 1 0
42977 1 0
11216 1 0
35318 0 0
8898 0 0
27203 1 0
9320 0 0
18314 0 0
25998 0 0
3398 0 0
25553 1 0
28434 0 0
36259 1 0
31650 0 0
10946 1 0
6613 0 0
23543 0 0
13698 1 0
14927 1 0
28943 0 0
21888 1 0
48321 0 0
21637 0 0
19234 1 0
40133 1 0
74 0 0
48740 0 0
7207 1 0
26794 0 0
7490 1 0
14049 1 0
17008 0 0
14995 1 0
29811 0 0
33712 0 0
26804 0 0
47659 1 0
17945 0 0
4277 1 0
41776 0 0
30739 0 0
28048 0 0
35289 1 0
14793 1 0
26629 0 0
36856 0 0
45808 1 0
34891 1 0
4003 1 0
20580 0 0
12371 1 0
16713 0 0
34978 1 0
2454 0 0
13209 0 0
28369 0 0
19092 1 0
20267 1 0
9212 1 0
5442 0 0
8995 1 0
16606 0 0
34505 0 0
56 0 0
42746 0 0
17323 0 0
5469 0 0
35832 1 0
13113 0 0
23742 0 0
31422 1 0
47316 1 0
12467 1 0
47542 1 0
12078 0 0
28257 1 0
17859 0 0
19924 0 0
28977 1 0
24481 0 0
29895 0 0
20825 1 0
20496 1 0
27789 1 0
32923 0 0
24316 1 0
42441 1 0
8479 1 0
26673 0 0
17888 0 0
26086 1 0
27730 0 0
36986 0 0
45832 1 0
46878 0 0
13865 1 0
4663 0 0
45122 1 0
31455 1 0
25700 0 0
33275 1 0
46761 0 0
49429 1 0
20300 1 0
30784 0 0
31997 1 0
18309 1 0
24621 1 0
10568 0 0
40186 1 0
14580 0 0
25221 0 0
6420 0 0
41674 1 0
30632 0 0
33567 1 0
11466 1 0
26032 1 0
2458 0 0
10357 1 0
43702 1 0
39495 0 0
9431 0 0
31315 1 0
3953 0 0
21095 0 0
41892 0 0
45785 1 0
28758 0 0
30227 0 0
24998 0 0
39350 1 0
23741 1 0
10810 1 0
45019 0 0
6501 1 0
7461 0 0
13073 1 0
38662 1 0
2887 1 0
3003 1 0
37045 1 0
28009 0 0
48944 1 0
34188 0 0
43828 0 0
49660 0 0
33303 1 0
22053 0 0
33601 0 0
27481 0 0
23939 0 0
21050 0 0
37396 1 0
28474 1 0
23273 1 0
40396 0 0
40980 1 0
23372 1 0
29242 1 0
19579 1 0
15712 1 0
49677 1 0
41317 1 0
35945 0 0
23336 0 0
25538 1 0
42770 0 0
45093 0 0
23804 0 0
32764 1 0
10663 0 0
42089 1 0
28731 1 0
16539 1 0
8873 1 0
2678 0 0
41404 0 0
21240 1 0
29198 0 0
13293 1 0
43887 1 0
6221 0 0
37224 0 0
21481 0 0
22490 0 0
3118 0 0
16152 1 0
17393 1 0
40374 1 0
35811 1 0
18168 1 0
43233 0 0
24397 0 0
3831 1 0
37749 0 0
2820 0 0
36873 0 0
9750 1 0
17284 0 0
31695 0 0
24389 0 0
43410 0 0
23909 0 0
19926 0 0
2599 1 0
44308 0 0
47063 0 0
46034 0 0
38205 1 0
26142 1 0
47358 1 0
5070 1 0
9946 0 0
31510 0 0
25245 0 0
46812 1 0
14863 0 0
38245 0 0
13501 1 0
32982 0 0
41518 0 0
48185 1 0
9296 0 0
32338 0 0
47563 1 0
34250 0 0
13395 0 0
28779 0 0
35299 0 0
21017 1 0
8548 1 0
7639 1 0
26960 1 0
5719 1 0
39902 0 0
40929 1 0
45178 1 0
15371 0 0
40008 1 0
37731 0 0
27524 0 0
11008 0 0
10887 1 0
14301 0 0
29341 0 0
30595 1 0
20200 0 0
19029 1 0
9111 1 0
13591 1 0
44988 1 0
45677 1 0
15370 1 0
46918 1 0
32861 0 0
27452 0 0
1591 0 0
46635 1 0
29806 1 0
47859 1 0
15237 1 0
46490 1 0
18832 1 0
3650 0 0
11174 0 0
7379 0 0
14719 0 0
24323 0 0
16374 0 0
7323 1 0
5763 0 0
37123 0 0
25030 1 0
32710 1 0
24194 0 0
7594 0 0
10867 1 0
44380 1 0
9783 1 0
21058 1 0
48255 0 0
34314 1 0
1017 0 0
11463 0 0
13917 0 0
43432 1 0
46079 1 0
17726 1 0
30955 1 0
20112 1 0
44097 1 0
28202 0 0
16864 1 0
16324 0 0
4059 1 0
31618 1 0
40156 1 0
46893 0 0
26762 0 0
7598 0 0
836 0 0
30186 0 0
10138 0 0
44442 0 0
17967 1 0
33596 1 0
23989 0 0
1429 0 0
39544 0 0
43934 0 0
28395 0 0
44753 1 0
46889 1 0
39970 0 0
19760 1 0
22580 1 0
22366 1 0
27244 0 0
21168 1 0
46812 0 0
984 1 0
4905 1 0
23120 0 0
11965 0 0
22041 0 0
10493 0 0
7700 1 0
24160 1 0
49565 0 0
1368 1 0
15378 0 0
10314 0 0
45305 0 0
13802 1 0
44062 0 0
1647 1 0
26874 0 0
10973 1 0
40813 0 0
20428 1 0
12588 1 0
16998 1 0
49563 1 0
4448 0 0
33205 0 0
25674 0 0
13921 1 0
4580 1 0
47018 0 0
523 1 0
49755 0 0
36050 0 0
36366 1 0
31035 1 0
24554 0 0
15984 0 0
4915 0 0
45535 1 0
40892 0 0
24421 0 0
42880 0 0
7917 1 0
18298 0 0
21211 0 0
49712 1 0
7307 0 0
47516 1 0
36545 1 0
37414 1 0
44243 0 0
955 0 0
23821 1 0
36380 0 0
35758 0 0
32583 1 0
35769 1 0
37126 0 0
19823 1 0
36300 0 0
17535 0 0
10519 0 0
4919 1 0
45955 1 0
47527 0 0
45008 1 0
1923 1 0
39382 1 0
3838 0 0
49433 0 0
7030 0 0
11052 0 0
19566 0 0
26816 1 0
22340 1 0
5409 0 0
42592 0 0
24954 0 0
15489 1 0
28428 0 0
28215 1 0
46144 1 0
2725 0 0
29643 1 0
36604 1 0
10415 0 0
48996 0 0
10593 0 0
30835 0 0
47009 0 0
44332 0 0
845 0 0
24297 1 0
13564 1 0
24840 0 0
23767 0 0
14133 0 0
45211 1 0
5028 0 0
11059 1 0
1529 0 0
41107 0 0
27976 0 0
13711 0 0
34300 0 0
28879 1 0
31106 1 0
13938 1 0
5703 0 0
14313 0 0
47259 0 0
48833 0 0
36455 0 0
20370 0 0
8746 0 0
43472 0 0
19157 1 0
17738 1 0
48465 1 0
40107 0 0
16862 0 0
43789 1 0
18403 0 0
6504 1 0
25741 0 0
3079 0 0
23133 1 0
44759 1 0
3294 0 0
48151 0 0
36824 1 0
46670 0 0
24736 0 0
22391 1 0
14148 0 0
23008 0 0
37370 1 0
3088 0 0
28541 0 0
755 1 0
2995 1 0
48040 1 0
49113 1 0
34181 0 0
45868 1 0
39980 0 0
27945 1 0
19908 0 0
16036 1 0
24332 1 0
36585 0 0
27133 1 0
14711 0 0
6885 1 0
39969 1 0
5484 1 0
27317 1 0
11501 0 0
14754 1 0
3640 1 0
24223 1 0
41531 1 0
30162 0 0
5749 1 0
18194 0 0
40122 0 0
10647 0 0
9290 1 0
43855 1 0
1537 1 0
34296 1 0
8118 1 0
3357 1 0
20752 0 0
40191 0 0
44858 0 0
16887 1 0
36191 1 0
2945 1 0
328 1 0
34526 0 0
48454 1 0
41997 0 0
4893 0 0
41249 1 0
8093 0 0
16280 1 0
18961 0 0
31774 0 0
21524 0 0
35040 1 0
22999 0 0
12195 1 0
14796 1 0
19994 0 0
39026 1 0
18468 0 0
6819 0 0
45712 0 0
5539 0 0
18831 0 0
32174 1 0
29382 1 0
21846 1 0
3362 0 0
47427 1 0
26719 1 0
31470 1 0
23936 0 0
45738 0 0
25804 0 0
49037 1 0
5502 1 0
37577 1 0
23937 1 0
46507 1 0
31117 0 0
10773 1 0
12401 1 0
40137 0 0
29849 1 0
1427 1 0
35696 0 0
41901 0 0
14187 0 0
6721 1 0
4133 1 0
46012 1 0
22914 1 0
6169 1 0
4944 0 0
5154 1 0
26972 1 0
28958 1 0
509 0 0
21690 0 0
37906 0 0
16095 0 0
4589 1 0
36846 1 0
5795 0 0
39861 1 0
14886 0 0
31002 1 0
49244 0 0
14234 0 0
6200 0 0
24852 0 0
40801 1 0
17606 1 0
33761 1 0
25087 0 0
29126 1 0
18278 0 0
9221 1 0
36432 1 0
40824 0 0
20946 0 0
41586 0 0
3501 0 0
170 0 0
47390 0 0
30309 1 0
5767 1 0
6264 1 0
16828 1 0
35009 0 0
17833 1 0
49132 1 0
15922 0 0
11423 1 0
8532 0 0
15112 1 0
20462 0 0
29407 0 0
12684 1 0
28600 1 0
1985 0 0
25153 1 0
4905 0 0
21442 1 0
7138 1 0
47137 0 0
13473 0 0
17140 1 0
33751 1 0
40366 0 0
24571 1 0
25973 0 0
45 0 0
29092 0 0
4199 1 0
26705 0 0
19139 1 0
28433 1 0
34536 1 0
338 1 0
43388 0 0
37077 1 0
20346 1 0
6419 1 0
42908 1 0
36479 1 0
26065 1 0
46373 1 0
40589 0 0
30563 1 0
5468 0 0
21572 1 0
24073 0 0
31322 1 0
47904 1 0
1846 1 0
14919 0 0
22455 0 0
10773 0 0
39340 0 0
13468 0 0
1571 0 0
39217 0 0
27085 1 0
38027 1 0
46042 0 0
3970 1 0
42480 1 0
49709 1 0
43227 1 0
48170 1 0
11265 1 0
48482 0 0
16526 0 0
38801 0 0
35350 1 0
31955 1 0
5476 1 0
8778 1 0
15536 1 0
34727 1 0
44004 0 0
20876 0 0
8340 0 0
19468 0 0
21686 1 0
34473 0 0
20505 1 0
47035 0 0
10358 0 0
37489 0 0
39690 0 0
33842 0 0
26789 0 0
6899 0 0
32416 1 0
32239 0 0
26171 1 0
25356 0 0
18063 0 0
14237 1 0
42996 0 0
1736 1 0
1043 1 0
25325 0 0
21685 1 0
27275 1 0
17273 0 0
2792 1 0
9370 0 0
16805 0 0
5123 0 0
11614 0 0
16351 0 0
26348 0 0
41308 1 0
9299 1 0
4953 0 0
46272 0 0
17589 1 0
37301 1 0
38929 0 0
8304 0 0
1342 0 0
5459 0 0
12124 1 0
31360 1 0
44718 1 0
25544 1 0
16377 0 0
42529 0 0
41947 1 0
42364 1 0
27180 1 0
16815 0 0
17092 1 0
44008 1 0
20973 0 0
11143 1 0
29408 1 0
650 1 0
14979 0 0
10389 1 0
44212 0 0
21490 0 0
49421 1 0
35785 0 0
10800 1 0
15285 0 0
45844 1 0
32317 1 0
40685 1 0
11694 0 0
23321 1 0
40386 0 0
28366 0 0
45601 1 0
2125 0 0
30089 1 0
32233 0 0
32959 0 0
27017 1 0
7089 0 0
45301 0 0
14883 0 0
47185 1 0
1743 0 0
38575 0 0
33656 1 0
10690 1 0
39979 0 0
23286 1 0
43099 1 0
29660 0 0
14286 1 0
35746 0 0
39214 1 0
30652 1 0
9180 0 0
46267 1 0
5697 0 0
33495 1 0
21859 1 0
40952 0 0
29914 1 0
3757 0 0
29399 1 0
31833 1 0
7616 0 0
11841 1 0
21138 1 0
42786 1 0
31695 1 0
523 0 0
37148 1 0
34219 0 0
14704 1 0
99 0 0
33771 0 0
18202 1 0
48303 0 0
26725 1 0
32523 1 0
42831 1 0
33942 1 0
25357 1 0
6507 0 0
40141 1 0
13090 0 0
45484 1 0
25285 1 0
2612 0 0
9851 1 0
2991 0 0
37261 0 0
6926 0 0
35973 0 0
32676 0 0
49151 0 0
42566 1 0
9741 1 0
19913 1 0
1808 0 0
36175 0 0
30429 1 0
1144 1 0
11649 0 0
23197 1 0
21409 1 0
7862 0 0
46310 0 0
6208 1 0
15919 0 0
22734 0 0
48862 0 0
10100 0 0
10294 1 0
20898 0 0
31095 1 0
17813 0 0
4613 1 0
39375 0 0
38635 0 0
818 0 0
20623 1 0
22692 0 0
32790 0 0
203 0 0
12480 0 0
49169 0 0
14008 1 0
3804 0 0
8634 1 0
8176 1 0
4456 0 0
1822 1 0
33732 0 0
10621 1 0
47598 0 0
29535 0 0
9049 0 0
9888 1 0
11073 0 0
25979 1 0
15074 0 0
22382 1 0
26110 1 0
30925 1 0
18678 1 0
616 0 0
44728 0 0
5387 1 0
10517 1 0
388 0 0
7620 1 0
21797 0 0
35265 1 0
32572 0 0
3069 1 0
10067 0 0
17531 0 0
42913 0 0
33172 1 0
4851 1 0
42703 1 0
20986 1 0
21189 1 0
48433 1 0
19654 1 0
38563 0 0
39123 0 0
46993 1 0
38247 1 0
42696 0 0
49099 1 0
36521 1 0
17555 0 0
4387 1 0
27363 0 0
5648 1 0
26241 0 0
46280 0 0
18970 1 0
1160 1 0
8392 0 0
9038 0 0
38643 1 0
17352 0 0
12609 1 0
23413 1 0
3387 1 0
31292 1 0
14244 0 0
49406 0 0
2043 1 0
23226 1 0
24222 0 0
46380 1 0
40258 0 0
4401 1 0
46182 0 0
43649 1 0
11035 0 0
370 1 0
22738 1 0
11125 1 0
17287 0 0
39338 1 0
46524 0 0
17320 0 0
13621 1 0
32772 0 0
10342 0 0
21806 0 0
8497 0 0
32708 1 0
35656 1 0
12833 0 0
32802 1 0
44289 1 0
48293 0 0
25742 0 0
41822 1 0
32684 1 0
18971 0 0
31255 1 0
17486 0 0
39920 0 0
5660 1 0
35615 0 0
41578 1 0
33128 0 0
8143 0 0
31749 1 0
42498 1 0
14975 1 0
40693 0 0
48342 0 0
1155 0 0
13991 0 0
10655 1 0
34694 0 0
24247 1 0
26049 0 0
41196 0 0
28938 1 0
23903 0 0
11539 0 0
34107 0 0
17081 1 0
42200 1 0
42818 0 0
27354 0 0
37012 1 0
33317 1 0
44937 1 0
6467 0 0
624 1 0
44743 1 0
21980 1 0
30368 0 0
36882 1 0
40194 0 0
8844 0 0
10783 1 0
1755 0 0
3076 0 0
3806 1 0
11751 0 0
29729 1 0
35429 1 0
46127 1 0
906 1 0
14100 1 0
699 0 0
44695 0 0
22707 0 0
36850 0 0
36080 1 0
3569 0 0
25703 0 0
34602 1 0
12924 0 0
33763 0 0
40601 0 0
207 1 0
28655 1 0
6041 1 0
34479 0 0
37534 0 0
29355 1 0
26456 0 0
29725 0 0
30877 1 0
41833 0 0
30070 0 0
47881 0 0
28905 1 0
644 1 0
7433 1 0
41939 1 0
15520 0 0
45434 1 0
14849 1 0
21805 0 0
38753 0 0
34604 0 0
9989 1 0
28475 0 0
30971 0 0
33436 1 0
14325 0 0
33839 0 0
49002 0 0
45035 1 0
9788 1 0
30796 0 0
48557 1 0
13865 0 0
14404 0 0
3709 1 0
24617 0 0
37112 0 0
13215 0 0
2293 1 0
25602 0 0
28818 0 0
45729 1 0
22493 0 0
7022 1 0
21619 0 0
7475 1 0
40389 0 0
16540 0 0
5334 0 0
3511 0 0
24075 0 0
14735 0 0
18075 1 0
45746 1 0
36901 1 0
44428 1 0
42893 1 0
47707 1 0
3857 1 0
16747 1 0
10757 0 0
25610 0 0
27201 1 0
234 1 0
11227 0 0
17791 1 0
44513 0 0
48243 0 0
47424 1 0
2438 1 0
48147 1 0
11980 0 0
47837 1 0
21148 1 0
34682 0 0
1766 1 0
3072 1 0
14199 0 0
45614 0 0
28491 0 0
4347 0 0
41506 0 0
29740 0 0
43276 0 0
40489 0 0
32144 0 0
30206 1 0
27115 1 0
8570 1 0
2273 0 0
13875 0 0
25559 1 0
25258 1 0
31937 1 0
11754 0 0
48662 1 0
48179 1 0
2460 0 0
28872 0 0
22244 0 0
16833 1 0
45432 0 0
38209 0 0
24346 1 0
8668 1 0
18617 0 0
37639 0 0
46946 0 0
20821 0 0
15397 1 0
9845 1 0
476 0 0
31362 0 0
27703 1 0
1103 1 0
4692 0 0
43016 1 0
37436 0 0
49468 1 0
31419 1 0
14355 0 0
6859 1 0
29421 0 0
9903 1 0
22678 0 0
7909 1 0
40282 1 0
15637 1 0
3011 0 0
6134 0 0
7500 0 0
12403 1 0
42822 1 0
8959 1 0
31081 0 0
20922 0 0
32375 0 0
19817 1 0
13924 1 0
20903 1 0
8030 1 0
24281 0 0
1183 1 0
34760 1 0
19973 0 0
6962 0 0
478 1 0
3230 1 0
7061 1 0
7008 1 0
37635 0 0
12377 1 0
44794 1 0
38853 1 0
46497 0 0
45584 0 0
41188 0 0
21375 0 0
2365 0 0
10716 0 0
22916 0 0
17119 1 0
30462 1 0
34063 0 0
21205 0 0
4378 1 0
8204 1 0
46227 1 0
12508 1 0
30809 1 0
43954 0 0
2479 0 0
37485 1 0
34424 1 0
42576 0 0
43865 1 0
44618 0 0
12936 1 0
40372 0 0
41672 0 0
9952 1 0
18306 1 0
16568 1 0
35515 1 0
47003 0 0
27250 0 0
274 0 0
49865 0 0
32318 1 0
44613 1 0
28621 0 0
26023 1 0
27118 1 0
37252 0 0
30651 0 0
41563 0 0
32036 0 0
456 1 0
23598 1 0
6090 0 0
43317 0 0
33971 1 0
23659 0 0
15448 0 0
44720 1 0
43464 1 0
40606 1 0
26651 1 0
34439 1 0
4026 0 0
2082 0 0
46051 0 0
34398 0 0
43235 0 0
16760 0 0
42959 1 0
7333 0 0
4461 1 0
35781 0 0
649 0 0
16990 0 0
29360 0 0
13340 0 0
37769 0 0
38584 0 0
1187 0 0
3206 1 0
31572 0 0
30235 1 0
13217 0 0
13869 0 0
24187 0 0
7955 0 0
16883 0 0
35112 0 0
39079 0 0
21894 1 0
6149 0 0
5282 1 0
35676 1 0
48469 0 0
43386 1 0
488 0 0
20459 0 0
41102 1 0
12941 0 0
40210 1 0
22577 1 0
23770 1 0
2627 0 0
16728 0 0
17423 1 0
23467 1 0
36582 0 0
44699 1 0
5246 1 0
22134 0 0
40758 0 0
25040 0 0
25441 0 0
12859 1 0
13465 0 0
27196 0 0
30464 1 0
14421 1 0
7854 0 0
18037 0 0
16952 1 0
18816 0 0
4601 1 0
27983 1 0
47160 1 0
44644 0 0
29 1 0
44994 0 0
19563 0 0
16329 0 0
18558 0 0
10077 1 0
26912 0 0
17452 1 0
30713 0 0
37198 0 0
41634 0 0
24522 0 0
13167 0 0
12438 0 0
14840 1 0
15551 1 0
3766 0 0
33338 1 0
36125 1 0
19060 0 0
9513 1 0
10902 1 0
7710 1 0
25989 0 0
24413 1 0
43846 1 0
17904 1 0
5881 0 0
43160 0 0
7735 0 0
9179 1 0
48366 0 0
19543 0 0
3891 0 0
8304 1 0
7211 0 0
39571 1 0
25025 0 0
32836 1 0
10741 1 0
36780 1 0
9509 1 0
48283 1 0
33721 1 0
32058 1 0
8769 1 0
32200 0 0
34410 0 0
26552 1 0
27844 1 0
19254 1 0
19699 0 0
33544 1 0
41276 1 0
19246 1 0
19202 1 0
29086 0 0
2905 1 0
39196 1 0
26213 1 0
39145 1 0
44734 0 0
2139 0 0
44329 0 0
8594 0 0
46928 0 0
12285 1 0
9861 1 0
39555 0 0
49229 0 0
37822 1 0
49582 0 0
25264 1 0
37552 0 0
31010 0 0
29100 0 0
14249 1 0
7761 0 0
29764 0 0
12421 0 0
48052 1 0
8771 1 0
8856 0 0
32046 0 0
42458 0 0
23016 0 0
20001 0 0
13741 0 0
42769 0 0
44036 0 0
9540 1 0
26842 0 0
36797 0 0
25958 1 0
30946 1 0
45632 0 0
18906 1 0
35365 0 0
30302 0 0
27450 1 0
18658 0 0
20428 0 0
14460 0 0
40899 1 0
49667 1 0
11421 0 0
40832 1 0
18147 0 0
45789 0 0
16004 1 0
40894 1 0
20270 0 0
25464 1 0
24902 0 0
5566 0 0
14413 1 0
43568 0 0
16084 1 0
3830 1 0
34078 1 0
13603 1 0
15671 0 0
14506 0 0
39322 0 0
41687 0 0
11647 0 0
25407 1 0
17384 1 0
20965 1 0
25920 0 0
14511 1 0
16541 0 0
33062 0 0
3494 1 0
19138 0 0
28018 1 0
8268 1 0
25272 0 0
20684 0 0
47397 1 0
12948 1 0
44775 0 0
39961 1 0
28410 0 0
49072 1 0
36813 1 0
40836 0 0
19007 0 0
11102 1 0
43038 0 0
25252 1 0
32626 0 0
25453 0 0
39994 0 0
49093 1 0
39858 0 0
25890 1 0
23136 0 0
10853 0 0
20126 0 0
7213 1 0
49519 0 0
16906 0 0
21177 1 0
11321 1 0
22748 1 0
40645 0 0
22024 1 0
34719 1 0
49708 0 0
14031 1 0
8716 0 0
41328 0 0
19680 1 0
19985 0 0
44654 1 0
44379 0 0
47500 0 0
6156 1 0
13348 0 0
25246 1 0
21358 1 0
49218 1 0
8519 1 0
34864 1 0
4968 0 0
39872 0 0
11814 1 0
23725 0 0
13556 1 0
9473 0 0
14182 0 0
16395 0 0
18240 0 0
25587 0 0
45187 1 0
8883 0 0
23720 1 0
14609 0 0
48403 1 0
45130 1 0
30986 1 0
9804 1 0
3749 0 0
16400 1 0
43644 0 0
21723 0 0
34898 0 0
41362 1 0
8201 0 0
90 0 0
30550 1 0
19475 1 0
19868 1 0
25063 0 0
38851 0 0
44439 0 0
10150 0 0
23251 0 0
27821 0 0
31689 1 0
30974 0 0
34 1 0
49460 0 0
16754 0 0
16432 1 0
1900 0 0
12927 1 0
13962 0 0
16462 1 0
23920 1 0
46759 0 0
33501 1 0
9053 0 0
45653 1 0
45689 1 0
36662 1 0
28861 1 0
29215 1 0
49619 1 0
34631 0 0
37391 0 0
27953 1 0
14096 1 0
12730 1 0
17027 1 0
17643 1 0
44499 1 0
25012 0 0
24676 0 0
47265 0 0
35825 1 0
33364 0 0
4741 1 0
47026 0 0
14065 0 0
36793 0 0
45098 1 0
38179 0 0
32918 0 0
22029 0 0
27266 1 0
20506 0 0
12258 1 0
31555 0 0
13413 1 0
28975 0 0
32672 1 0
11981 1 0
4547 1 0
47910 0 0
17513 0 0
36395 0 0
18720 1 0
25249 1 0
1270 0 0
45497 1 0
49876 1 0
31764 1 0
20442 1 0
39551 0 0
38746 1 0
26646 0 0
14330 0 0
36642 0 0
44225 0 0
16060 1 0
18872 0 0
43950 0 0
32709 0 0
45323 0 0
23881 1 0
47355 1 0
27416 0 0
20598 0 0
36564 0 0
6412 1 0
25477 0 0
46366 0 0
4688 1 0
46810 0 0
19639 1 0
12865 1 0
8439 1 0
6734 1 0
5993 1 0
15693 0 0
40071 1 0
49400 0 0
35932 1 0
5155 1 0
48281 1 0
35757 1 0
29391 1 0
22639 0 0
28072 1 0
36587 1 0
41635 1 0
19500 0 0
30214 1 0
35539 1 0
17300 1 0
37855 0 0
22343 1 0
266 1 0
7742 1 0
43392 0 0
18846 0 0
35170 1 0
33389 1 0
26930 1 0
48309 0 0
21423 0 0
39909 1 0
18333 1 0
47551 1 0
43760 0 0
37962 0 0
7039 0 0
31663 1 0
10589 1 0
47756 0 0
2633 0 0
9112 0 0
36011 0 0
11386 1 0
17957 0 0
28099 1 0
38265 1 0
10019 0 0
14299 1 0
13829 1 0
19386 1 0
13637 0 0
8931 0 0
29547 0 0
20152 0 0
40032 0 0
18284 0 0
19537 0 0
33960 1 0
948 1 0
36697 0 0
22429 1 0
8247 0 0
4956 0 0
14440 0 0
19728 1 0
34596 1 0
4913 1 0
34091 1 0
12539 0 0
16873 0 0
32205 1 0
10354 1 0
28586 0 0
38869 0 0
45182 0 0
37525 0 0
9080 0 0
23121 0 0
40284 1 0
27471 1 0
45369 1 0
6076 1 0
41620 1 0
48850 0 0
47870 1 0
19636 1 0
11824 1 0
20309 1 0
27421 1 0
41970 0 0
41129 1 0
24545 0 0
45917 0 0
38894 0 0
25619 0 0
15775 0 0
44662 0 0
30387 1 0
41456 1 0
18010 0 0
6365 1 0
8919 0 0
33243 1 0
12797 1 0
31441 0 0
35036 1 0
4479 1 0
28677 1 0
38988 1 0
40285 1 0
26726 1 0
41621 0 0
18026 1 0
16217 1 0
20955 0 0
2042 1 0
26342 0 0
22105 1 0
34922 0 0
5226 1 0
20159 0 0
28052 1 0
16794 0 0
33546 1 0
45013 0 0
13095 1 0
48093 1 0
31710 0 0
43567 0 0
47999 0 0
24600 0 0
10906 0 0
2227 1 0
20199 0 0
39336 1 0
46167 0 0
24884 1 0
4487 0 0
2068 0 0
18906 0 0
47953 0 0
7605 1 0
30901 1 0
11477 0 0
47438 1 0
42834 1 0
15477 1 0
17110 1 0
24911 1 0
8396 1 0
45305 1 0
22408 1 0
13514 1 0
49127 0 0
26866 0 0
15697 1 0
36445 0 0
28060 1 0
26481 1 0
339 0 0
30801 1 0
17885 0 0
38270 1 0
38839 1 0
37616 1 0
40408 0 0
27647 1 0
1385 1 0
8197 1 0
832 1 0
3283 1 0
46431 0 0
6441 0 0
2072 1 0
21263 1 0
609 1 0
41860 0 0
17559 1 0
14160 0 0
15505 0 0
30268 1 0
33059 1 0
2218 1 0
40723 0 0
40907 1 0
39236 0 0
49659 1 0
41861 1 0
36821 0 0
36999 0 0
35739 1 0
46440 1 0
22710 0 0
18907 1 0
22067 0 0
470 0 0
8703 1 0
20326 1 0
20485 0 0
4755 0 0
6907 1 0
36963 0 0
48117 1 0
27632 1 0
15354 1 0
28538 0 0
11809 1 0
47742 1 0
12248 0 0
49160 0 0
16502 0 0
36412 0 0
20088 1 0
3384 1 0
19805 1 0
45337 0 0
23026 1 0
15810 1 0
30238 1 0
41170 0 0
49227 1 0
46695 1 0
13481 1 0
35562 0 0
47235 0 0
5095 1 0
34368 0 0
10172 1 0
47195 1 0
33122 0 0
26744 0 0
30966 0 0
32585 1 0
31828 0 0
17213 0 0
27171 1 0
38128 1 0
21040 1 0
4240 1 0
16190 0 0
37576 0 0
2361 1 0
7118 0 0
2958 0 0
26975 1 0
43319 1 0
43691 1 0
40432 0 0
15654 0 0
36145 0 0
39684 0 0
13823 1 0
38246 1 0
17265 1 0
40924 1 0
37655 1 0
23420 1 0
9005 0 0
2176 1 0
7193 0 0
34498 1 0
44353 1 0
6093 0 0
32427 1 0
41701 1 0
34192 1 0
47089 0 0
24427 0 0
46829 1 0
17293 0 0
20841 1 0
25438 1 0
30570 0 0
42552 1 0
27162 1 0
15627 0 0
27112 1 0
19526 1 0
23736 0 0
1056 0 0
38185 1 0
39739 0 0
10994 1 0
48916 0 0
4382 0 0
6611 1 0
1540 1 0
24468 0 0
48033 0 0
33389 0 0
33343 1 0
11377 1 0
49633 0 0
43058 0 0
33443 1 0
38061 1 0
31529 1 0
4595 1 0
1055 1 0
36181 0 0
27924 1 0
39628 0 0
40498 1 0
41984 0 0
4095 1 0
2359 0 0
15667 1 0
9533 1 0
26214 0 0
32906 0 0
43721 0 0
7836 0 0
42813 1 0
7373 1 0
28384 1 0
12780 0 0
18996 1 0
36661 1 0
35600 0 0
20155 0 0
4153 0 0
18350 0 0
1764 0 0
35386 0 0
4718 0 0
26594 1 0
8849 1 0
24780 0 0
39577 0 0
32532 1 0
4662 0 0
18408 0 0
26163 1 0
2525 0 0
15352 1 0
19492 0 0
38760 0 0
9826 0 0
43751 1 0
4497 1 0
12066 0 0
33559 1 0
46107 0 0
36315 0 0
18421 0 0
33439 1 0
16341 0 0
28933 0 0
12365 1 0
29208 1 0
41640 0 0
2749 0 0
2811 0 0
8123 1 0
34637 0 0
25289 0 0
18128 1 0
21001 1 0
13360 0 0
31504 0 0
14036 0 0
45944 0 0
49844 0 0
44768 1 0
48747 0 0
32136 1 0
256 0 0
20727 1 0
34527 1 0
11379 0 0
19107 1 0
11127 0 0
34466 1 0
4777 0 0
44660 1 0
12145 1 0
17280 0 0
25431 1 0
29369 1 0
35969 0 0
42846 1 0
18248 0 0
32066 0 0
9123 1 0
12880 1 0
15099 1 0
40728 1 0
38825 0 0
22039 1 0
13659 1 0
18778 0 0
20450 1 0
16120 1 0
36492 1 0
2384 0 0
39821 0 0
27308 1 0
43140 1 0
49656 0 0
7983 1 0
48405 1 0
42685 1 0
43356 0 0
13443 1 0
44489 0 0
3438 1 0
1748 1 0
10013 1 0
29935 1 0
5931 1 0
38506 1 0
13360 1 0
26340 0 0
4247 1 0
11588 1 0
5379 0 0
46688 0 0
7809 0 0
13518 0 0
37624 0 0
47876 1 0
21478 0 0
34310 1 0
43683 0 0
43500 1 0
28456 1 0
15279 0 0
28895 0 0
38723 1 0
11078 1 0
38802 0 0
18762 0 0
9250 1 0
9642 0 0
8944 1 0
4351 1 0
30073 0 0
1976 0 0
44762 1 0
35882 1 0
49137 1 0
34937 0 0
48145 0 0
41469 0 0
26890 0 0
29303 0 0
7338 1 0
44445 1 0
33155 0 0
8244 1 0
30821 1 0
20947 1 0
14431 0 0
20599 1 0
24268 1 0
13809 0 0
30670 1 0
46717 1 0
37378 1 0
8351 0 0
1994 0 0
12686 1 0
5363 1 0
15539 1 0
17826 0 0
36634 1 0
47672 1 0
3272 0 0
8698 1 0
48363 0 0
20328 0 0
44377 1 0
35267 0 0
10873 0 0
26494 0 0
32987 1 0
46112 1 0
4226 1 0
39143 1 0
1978 1 0
28970 0 0
5988 0 0
15759 1 0
28560 1 0
36994 1 0
30174 0 0
2156 1 0
13689 1 0
8946 0 0
41012 0 0
28749 0 0
10595 1 0
36447 1 0
7584 1 0
45430 0 0
7859 1 0
40461 0 0
4918 0 0
791 0 0
12185 0 0
44760 0 0
2446 0 0
12368 1 0
41395 0 0
45051 0 0
34561 1 0
1112 1 0
40560 1 0
35068 0 0
17366 1 0
31961 1 0
49418 1 0
31885 0 0
32181 1 0
34973 0 0
11349 0 0
9816 1 0
40803 0 0
871 0 0
31854 0 0
44658 0 0
2164 1 0
29788 0 0
6470 1 0
8648 0 0
24824 1 0
34347 0 0
44156 0 0
48006 0 0
48794 0 0
677 1 0
7072 0 0
42910 0 0
31413 1 0
17176 1 0
21920 0 0
5834 0 0
49449 1 0
12188 0 0
44625 0 0
38908 0 0
8602 1 0
25177 1 0
38332 0 0
2030 0 0
27842 0 0
41361 1 0
20689 1 0
19613 0 0
37167 1 0
17522 0 0
39057 0 0
26003 0 0
44241 1 0
30096 1 0
46356 1 0
14189 1 0
11187 1 0
44855 0 0
4266 0 0
30075 1 0
46410 0 0
8349 1 0
42508 0 0
3131 1 0
42642 0 0
38236 0 0
4392 0 0
21230 1 0
32782 1 0
14077 0 0
47290 1 0
17578 0 0
9260 1 0
41437 0 0
10253 1 0
30664 1 0
26346 0 0
41120 1 0
39 0 0
43652 1 0
26082 1 0
19379 0 0
36337 1 0
11478 0 0
1626 1 0
39115 1 0
39517 1 0
10958 1 0
35416 0 0
35382 1 0
37491 1 0
34249 1 0
47366 0 0
8615 0 0
32404 1 0
30180 0 0
19884 0 0
42123 1 0
32220 1 0
32527 0 0
46327 1 0
13696 1 0
44025 0 0
41616 1 0
37909 0 0
49868 0 0
27654 0 0
150 0 0
11468 0 0
18796 0 0
27971 1 0
37990 0 0
36872 1 0
11973 1 0
13156 1 0
40147 1 0
22664 1 0
2083 0 0
35301 1 0
34281 1 0
46232 0 0
3974 0 0
26124 1 0
26599 0 0
34519 1 0
6947 0 0
33674 1 0
43915 0 0
8637 0 0
11126 0 0
3323 0 0
18528 0 0
2236 1 0
26066 0 0
22125 0 0
21599 1 0
20391 0 0
28338 0 0
36182 1 0
28768 1 0
29069 1 0
30911 1 0
5925 1 0
8678 0 0
36757 0 0
2086 1 0
22011 0 0
26264 1 0
542 0 0
41490 0 0
1146 0 0
29353 0 0
33457 1 0
31799 0 0
38448 0 0
17916 1 0
18530 0 0
27907 0 0
5504 0 0
4076 0 0
42056 0 0
6439 1 0
11387 1 0
286 0 0
49311 0 0
15082 1 0
29976 1 0
10556 1 0
40944 1 0
45343 0 0
22464 1 0
3998 1 0
2532 0 0
21354 0 0
49239 1 0
45142 1 0
20966 1 0
31219 1 0
786 0 0
18093 0 0
36096 1 0
25147 0 0
4895 1 0
42875 0 0
6542 0 0
6527 0 0
43135 0 0
27120 0 0
38603 1 0
778 1 0
23991 1 0
22976 1 0
29944 1 0
41201 1 0
17773 1 0
3586 1 0
30165 0 0
10628 1 0
34000 0 0
2010 1 0
24224 0 0
36057 1 0
42454 0 0
1326 1 0
8973 0 0
26015 0 0
22875 1 0
33593 0 0
21392 0 0
30445 0 0
37309 1 0
41559 0 0
38248 0 0
7326 1 0
20630 0 0
1116 0 0
11693 1 0
6012 1 0
5717 0 0
47511 1 0
19675 1 0
23335 0 0
1753 0 0
5238 0 0
856 1 0
36807 1 0
4186 0 0
30513 0 0
10625 1 0
4069 1 0
2645 0 0
7066 0 0
16269 0 0
34470 0 0
20604 0 0
9360 1 0
40721 0 0
2573 1 0
15402 1 0
16822 1 0
3627 0 0
48647 1 0
16434 1 0
20756 0 0
31611 0 0
26633 1 0
21991 0 0
42442 0 0
1400 1 0
26206 0 0
30477 0 0
2708 0 0
39813 0 0
23818 1 0
25163 1 0
30543 0 0
41709 1 0
16465 0 0
10765 1 0
24993 1 0
15323 1 0
3674 0 0
16248 1 0
27490 1 0
28503 1 0
46840 1 0
8547 0 0
34331 1 0
18797 1 0
22723 0 0
38564 0 0
330 1 0
32011 1 0
31746 0 0
37703 0 0
19196 1 0
39843 0 0
14449 0 0
15345 0 0
10602 1 0
41518 1 0
16918 0 0
18801 0 0
17691 1 0
34450 1 0
31888 0 0
16289 1 0
6715 0 0
43901 0 0
7744 0 0
26617 0 0
45797 1 0
2853 0 0
7189 1 0
7740 1 0
21865 0 0
36150 1 0
19481 1 0
2563 1 0
17768 1 0
18779 1 0
38357 0 0
5427 0 0
41410 0 0
35379 1 0
38781 1 0
34844 0 0
27057 0 0
1947 1 0
41957 0 0
14292 1 0
38923 0 0
9356 0 0
5873 0 0
47418 1 0
22386 0 0
8092 0 0
6956 0 0
10921 0 0
18364 0 0
49632 0 0
34896 1 0
21769 1 0
1152 0 0
24498 0 0
9372 0 0
32651 1 0
11060 0 0
9322 1 0
27703 0 0
15616 1 0
12416 1 0
33859 1 0
33663 1 0
20618 1 0
11939 1 0
20133 1 0
3091 0 0
16415 1 0
48125 0 0
15799 0 0
12083 0 0
37242 0 0
17223 1 0
49670 1 0
29395 0 0
27193 0 0
10346 1 0
23785 1 0
44581 0 0
37490 1 0
21481 1 0
30410 1 0
36303 1 0
31783 0 0
24422 1 0
48820 0 0
9681 1 0
10319 1 0
47465 0 0
44129 0 0
41958 0 0
48932 1 0
18304 0 0
19663 1 0
6587 0 0
28760 1 0
33986 0 0
34106 1 0
28533 0 0
49554 1 0
34553 0 0
7972 0 0
33655 0 0
4094 0 0
31745 0 0
8451 0 0
40162 1 0
24859 1 0
18012 1 0
9538 0 0
8421 1 0
22840 1 0
41252 0 0
36665 0 0
29284 1 0
35911 1 0
4398 1 0
783 0 0
44959 0 0
3381 1 0
41092 0 0
34397 1 0
22436 1 0
42328 1 0
4938 1 0
46533 0 0
27198 1 0
42976 1 0
12669 1 0
48587 1 0
48993 0 0
27001 1 0
12281 1 0
27896 0 0
14429 0 0
38505 1 0
41599 1 0
46437 0 0
36884 1 0
39693 1 0
30886 0 0
12904 1 0
3979 1 0
47090 0 0
675 1 0
32450 0 0
25280 1 0
14519 1 0
40202 0 0
11813 0 0
39671 1 0
26094 1 0
44830 1 0
42620 1 0
43448 0 0
5300 1 0
1819 1 0
42545 1 0
48733 1 0
39503 0 0
31261 0 0
19312 1 0
1918 0 0
43252 0 0
19371 1 0
30870 0 0
15034 1 0
10911 1 0
41834 1 0
49512 1 0
7708 0 0
24201 0 0
32977 1 0
28399 0 0
20373 0 0
16895 1 0
40421 1 0
5288 1 0
5793 0 0
19201 0 0
4944 1 0
6872 0 0
19850 1 0
38325 0 0
10792 1 0
30498 0 0
22073 1 0
4643 0 0
19248 1 0
20065 0 0
47173 0 0
23562 1 0
4599 1 0
34653 1 0
36690 1 0
930 1 0
42052 1 0
43428 0 0
1233 1 0
22184 0 0
12962 0 0
14085 1 0
20464 0 0
21861 1 0
30919 1 0
49596 1 0
12220 0 0
41409 1 0
40402 0 0
13258 1 0
41893 0 0
37147 0 0
49306 0 0
23745 0 0
3280 1 0
17540 0 0
10613 1 0
19724 0 0
2856 0 0
10580 1 0
2096 1 0
26165 1 0
35396 1 0
16620 1 0
34214 0 0
6966 1 0
44665 0 0
24258 1 0
7525 1 0
7170 1 0
19760 0 0
40808 1 0
9943 1 0
3097 0 0
1333 0 0
32470 1 0
44227 0 0
35000 0 0
36358 1 0
7102 0 0
3876 0 0
7314 1 0
12271 0 0
17583 1 0
13616 0 0
35186 1 0
19014 1 0
2210 0 0
34774 0 0
49979 0 0
48067 1 0
35374 0 0
11571 1 0
35649 1 0
850 1 0
694 0 0
14200 1 0
28213 0 0
618 0 0
26529 1 0
17923 1 0
9660 0 0
10842 1 0
42105 1 0
25301 0 0
43293 0 0
36747 1 0
20301 0 0
4843 0 0
45329 1 0
47864 1 0
27419 1 0
30134 1 0
34811 0 0
4269 0 0
26188 0 0
20744 0 0
41200 1 0
39333 0 0
12063 0 0
27682 0 0
6740 1 0
41389 1 0
3812 1 0
28322 1 0
21038 0 0
29274 1 0
37332 0 0
46970 0 0
48005 1 0
46914 0 0
5886 1 0
11027 1 0
28814 0 0
2241 0 0
44812 1 0
43847 0 0
43010 0 0
38100 0 0
5685 0 0
29063 1 0
34116 0 0
19914 0 0
19272 0 0
6918 1 0
3060 1 0
27084 0 0
34444 1 0
49514 0 0
18672 1 0
12820 1 0
6010 0 0
14206 0 0
48744 1 0
17604 1 0
37058 0 0
19363 1 0
6649 0 0
27003 0 0
31279 0 0
41277 0 0
4265 1 0
7578 0 0
35635 1 0
29773 0 0
12441 0 0
5360 1 0
970 0 0
2824 1 0
24797 1 0
6068 1 0
45864 0 0
38543 0 0
22090 1 0
23341 0 0
20552 1 0
47898 0 0
5611 0 0
34463 1 0
24321 1 0
44293 0 0
46629 0 0
33940 0 0
24352 0 0
9904 0 0
22621 0 0
43729 1 0
16411 1 0
10287 0 0
2544 0 0
6779 0 0
47911 0 0
40772 1 0
18349 0 0
16366 1 0
1452 0 0
45493 1 0
31739 0 0
29995 0 0
1646 1 0
16276 0 0
37409 0 0
36370 0 0
9385 0 0
36662 0 0
47184 0 0
39942 1 0
24087 0 0
9940 0 0
25335 1 0
25672 1 0
33224 0 0
25753 1 0
6410 1 0
22624 0 0
4896 0 0
42653 0 0
12576 1 0
24100 0 0
11317 0 0
48612 0 0
4103 0 0
582 1 0
8591 1 0
23117 1 0
14121 0 0
3183 0 0
34440 0 0
43178 0 0
35607 1 0
48035 0 0
43802 0 0
614 1 0
41566 1 0
23166 0 0
44128 1 0
44651 1 0
36355 1 0
26650 1 0
22603 0 0
18232 1 0
10665 0 0
38903 0 0
21262 0 0
7052 1 0
10326 0 0
18784 0 0
12243 1 0
10796 0 0
38093 0 0
5031 0 0
45225 0 0
18199 1 0
29739 1 0
21836 0 0
23253 1 0
15705 0 0
16878 1 0
44470 1 0
30405 1 0
19692 1 0
29556 1 0
43507 0 0
33793 1 0
44761 1 0
28050 0 0
42672 0 0
18379 0 0
21572 0 0
20974 0 0
41509 0 0
49764 0 0
46852 0 0
22095 0 0
13052 1 0
44362 0 0
17327 1 0
37272 0 0
711 0 0
30499 0 0
26982 0 0
15199 0 0
18035 1 0
1403 1 0
4090 0 0
45032 1 0
28630 0 0
47004 1 0
27126 1 0
39309 0 0
23280 1 0
45835 1 0
5164 0 0
25751 1 0
29191 1 0
1428 0 0
37454 0 0
39846 1 0
23868 0 0
34938 1 0
37696 1 0
47200 1 0
18463 1 0
38383 1 0
17676 1 0
17938 0 0
28915 1 0
41219 0 0
18136 1 0
5174 0 0
5515 0 0
17901 0 0
19828 0 0
32896 0 0
18954 1 0
8555 1 0
36268 1 0
29021 1 0
13064 1 0
3734 0 0
9627 0 0
38389 1 0
27501 1 0
1473 0 0
452 0 0
35698 1 0
28174 1 0
3019 0 0
26483 0 0
11389 1 0
49079 1 0
5049 0 0
7626 1 0
1942 0 0
43104 1 0
16930 0 0
6823 1 0
33045 0 0
2329 1 0
31615 1 0
26423 0 0
46672 1 0
10884 1 0
37614 0 0
1542 1 0
35898 0 0
34456 1 0
48006 1 0
24502 0 0
34189 1 0
40078 0 0
3980 0 0
6226 0 0
43400 1 0
38705 1 0
35450 1 0
12030 0 0
41258 0 0
17962 0 0
12628 0 0
20431 0 0
36118 0 0
6414 0 0
30858 0 0
47300 1 0
43782 0 0
24258 0 0
40474 1 0
30480 0 0
12491 0 0
6994 0 0
7520 1 0
27217 0 0
48022 1 0
47746 1 0
29953 1 0
15635 0 0
35508 0 0
24628 1 0
5222 0 0
16121 0 0
29450 1 0
47256 0 0
43221 1 0
38469 0 0
8902 1 0
40409 1 0
4537 0 0
41046 1 0
36481 0 0
41028 1 0
3347 0 0
20455 0 0
29505 0 0
32929 0 0
49752 0 0
48537 1 0
9235 1 0
19332 1 0
6135 0 0
31300 1 0
18780 1 0
49768 1 0
21713 0 0
21485 0 0
8015 0 0
33995 1 0
15858 1 0
13425 0 0
28517 0 0
27502 0 0
8117 1 0
47164 0 0
39809 0 0
34762 0 0
1421 1 0
47860 0 0
20024 0 0
28658 1 0
24996 1 0
34146 0 0
21273 1 0
46582 1 0
43250 1 0
20490 0 0
26150 1 0
10563 1 0
47577 0 0
48373 1 0
34150 1 0
28815 0 0
44888 0 0
20537 1 0
31270 1 0
30827 1 0
103 1 0
28608 1 0
36812 1 0
41781 1 0
4930 0 0
1276 0 0
12975 1 0
15629 1 0
20730 1 0
44228 0 0
23532 0 0
38726 1 0
31337 0 0
49444 1 0
30879 0 0
45994 0 0
40338 1 0
7132 1 0
26891 1 0
13300 1 0
5525 1 0
45409 1 0
7232 0 0
31809 1 0
7346 0 0
21048 0 0
3915 0 0
9023 0 0
25124 1 0
23009 1 0
45447 0 0
25732 0 0
45602 0 0
20877 0 0
33019 1 0
31562 1 0
5479 1 0
27014 1 0
30773 0 0
5962 0 0
458 0 0
1553 0 0
5064 0 0
24564 0 0
45500 1 0
26175 1 0
34835 0 0
19815 0 0
607 0 0
20075 0 0
45904 1 0
1884 1 0
47421 1 0
4050 1 0
49188 1 0
3733 0 0
41753 1 0
30148 0 0
11568 1 0
24902 1 0
48252 0 0
14057 1 0
18210 0 0
