66664 54 7376
28647 0 9
37299 1 9
1397 0 9
40138 0 9
39672 1 9
62864 1 9
25014 0 9
26721 1 9
7391 1 9
2513 1 9
45863 1 9
37698 0 9
49327 0 9
8358 0 9
57574 0 9
11803 1 9
45013 0 9
41784 0 9
65695 0 9
66046 1 9
57423 0 9
52127 1 9
44399 1 9
48065 1 9
62003 1 9
18065 0 9
14520 1 9
3306 1 9
12856 0 9
31292 0 9
20654 0 9
18587 0 9
34992 1 9
55335 1 9
21037 1 9
12298 0 9
46847 1 9
37654 0 9
54669 1 9
54171 0 9
4264 0 9
3638 0 9
65523 0 9
20777 0 9
23487 0 9
58009 1 9
11608 1 9
12255 1 9
6810 0 9
4358 1 9
55779 1 9
43990 1 9
29164 1 9
43441 0 9
61508 0 9
63557 0 9
27282 0 9
52727 0 9
63685 1 9
11512 0 9
29457 1 9
57136 1 9
25850 0 9
20166 0 9
47779 1 9
44934 0 9
39392 0 9
20787 1 9
18432 1 9
47876 0 9
6441 0 9
30872 0 9
46693 1 9
17019 1 9
1731 1 9
5975 1 9
61683 0 9
53774 0 9
136 0 9
1250 0 9
37914 1 9
50299 0 9
41567 0 9
14716 0 9
17639 0 9
65097 1 9
41242 1 9
26616 0 9
39712 0 9
62184 0 9
17316 1 9
50939 0 9
6228 0 9
31935 0 9
46683 0 9
34609 0 9
11497 1 9
59177 0 9
55619 0 9
37955 0 9
40654 0 9
15361 1 9
66490 1 9
52823 0 9
29112 1 9
38714 0 9
48817 0 9
51994 0 9
26589 1 9
58377 1 9
26810 0 9
61243 0 9
65595 0 9
7057 0 9
12695 1 9
13241 0 9
27074 1 9
48846 1 9
35147 1 9
30022 1 9
42177 0 9
11364 0 9
36740 1 9
1251 1 9
26425 0 9
43310 0 9
57802 1 9
63006 1 9
36634 1 9
54855 1 9
15900 1 9
25015 1 9
42222 1 9
3670 0 9
21593 1 9
16985 0 9
30304 0 9
44315 1 9
3168 1 9
14006 0 9
48617 1 9
57655 1 9
9029 0 9
14896 0 9
40007 0 9
21802 1 9
7931 1 9
26985 0 9
31195 1 9
63926 1 9
40972 1 9
48328 0 9
22638 0 9
57853 1 9
36598 1 9
13140 1 9
40300 0 9
59800 0 9
54237 1 9
59928 1 9
54630 1 9
19303 1 9
2605 1 9
60762 1 9
66447 0 9
47605 1 9
42553 0 9
66262 1 9
57625 1 9
48345 1 9
8250 0 9
41721 0 9
31120 1 9
36717 1 9
17102 1 9
41512 1 9
2504 0 9
63021 0 9
31964 0 9
9154 1 9
37065 1 9
19095 0 9
22197 0 9
43944 1 9
28872 0 9
15353 1 9
59594 0 9
37454 1 9
32611 1 9
18041 0 9
49585 1 9
30271 1 9
23388 0 9
19279 1 9
4695 1 9
43966 0 9
60133 0 9
11827 1 9
6281 1 9
27841 0 9
60860 1 9
5606 1 9
22439 0 9
17331 0 9
12330 1 9
22594 0 9
15957 1 9
37318 0 9
58885 1 9
35185 1 9
22907 0 9
65739 1 9
10018 1 9
35459 1 9
10215 0 9
24469 1 9
4727 1 9
56439 0 9
30649 0 9
3559 1 9
60125 0 9
11224 1 9
38205 0 9
14773 1 9
27733 1 9
15590 0 9
57142 0 9
54116 0 9
49226 0 9
15861 1 9
58780 0 9
13590 0 9
32494 0 9
42123 1 9
12336 0 9
48719 1 9
7626 1 9
58202 0 9
45809 0 9
22761 0 9
31078 0 9
14538 0 9
21566 0 9
39105 1 9
16672 0 9
19264 1 9
14732 0 9
49147 1 9
5387 0 9
36313 1 9
56950 1 9
46199 0 9
31350 1 9
1186 0 9
33214 1 9
39625 0 9
44714 0 9
66197 0 9
46764 1 9
42888 1 9
39934 1 9
16182 1 9
7504 1 9
46342 1 9
52084 1 9
37362 1 9
60500 1 9
4880 0 9
19727 0 9
461 0 9
49025 1 9
55054 1 9
39100 1 9
33966 0 9
17417 0 9
56136 1 9
7470 0 9
12070 0 9
36300 1 9
11882 1 9
12266 1 9
29444 0 9
43355 0 9
58043 0 9
32076 1 9
45042 1 9
43352 1 9
16042 1 9
31237 0 9
18039 0 9
58730 1 9
1876 1 9
41082 0 9
37141 1 9
34596 0 9
61585 0 9
38607 0 9
38522 0 9
40983 0 9
16517 0 9
20046 0 9
58988 1 9
30867 0 9
48177 0 9
49352 0 9
43640 0 9
37067 0 9
54081 0 9
42208 0 9
40380 0 9
33418 0 9
29791 1 9
2615 0 9
64734 0 9
61743 0 9
48736 1 9
16829 1 9
326 0 9
49195 1 9
41660 1 9
10933 0 9
1603 0 9
38756 1 9
38345 0 9
31832 0 9
32176 0 9
42016 1 9
30235 1 9
20906 1 9
19922 1 9
55688 1 9
23470 0 9
18542 1 9
57289 0 9
64093 1 9
8486 1 9
16843 0 9
57528 1 9
18671 0 9
24559 1 9
30823 1 9
65698 0 9
50856 0 9
23043 1 9
31179 1 9
12542 0 9
47498 1 9
29060 0 9
61090 0 9
60680 0 9
62258 0 9
36493 0 9
44986 1 9
45623 0 9
28110 0 9
45999 1 9
12260 0 9
47811 1 9
2428 0 9
54365 0 9
53534 1 9
44742 0 9
11554 0 9
11138 0 9
10159 0 9
1600 1 9
63225 1 9
30848 0 9
2315 1 9
60925 0 9
37950 1 9
22355 0 9
13254 1 9
54314 0 9
10274 0 9
7819 0 9
42268 0 9
7202 1 9
14182 1 9
53640 0 9
37142 1 9
27945 0 9
36566 1 9
5525 0 9
6799 0 9
46575 0 9
18145 1 9
42981 0 9
52307 0 9
3257 0 9
55707 0 9
38969 1 9
17211 0 9
50069 0 9
12294 1 9
53718 0 9
2581 1 9
14094 0 9
14753 0 9
5593 0 9
11805 0 9
56634 0 9
50482 0 9
11947 0 9
11008 0 9
38682 0 9
20283 1 9
56272 0 9
4982 0 9
31232 1 9
59585 0 9
48439 0 9
50419 0 9
27066 1 9
42943 0 9
25090 1 9
20780 0 9
53141 1 9
42980 1 9
54718 0 9
58581 0 9
50261 0 9
24730 1 9
8453 0 9
33471 1 9
6741 1 9
25700 0 9
24076 1 9
5780 0 9
7482 0 9
3432 0 9
51844 1 9
27614 1 9
42758 1 9
62817 1 9
39996 1 9
25400 1 9
31834 1 9
31554 0 9
7203 0 9
21531 0 9
6701 0 9
3835 1 9
24213 0 9
30505 1 9
40551 0 9
48723 1 9
6545 0 9
8629 1 9
33460 1 9
19613 1 9
61559 1 9
11248 1 9
50842 1 9
36069 1 9
42659 1 9
58062 0 9
15513 0 9
53811 0 9
32550 0 9
62092 0 9
7707 0 9
58813 0 9
24847 0 9
31678 1 9
15993 0 9
35603 0 9
35909 0 9
20210 0 9
15160 0 9
4812 0 9
43850 0 9
31456 0 9
15702 1 9
6548 1 9
41472 1 9
60698 1 9
56229 0 9
13135 1 9
38496 0 9
59833 1 9
45973 0 9
59925 1 9
43825 1 9
38879 0 9
38566 0 9
15502 0 9
18814 0 9
52805 1 9
28685 1 9
15868 1 9
61690 1 9
8896 1 9
42416 1 9
27296 1 9
55870 0 9
48643 1 9
65872 0 9
10078 1 9
30530 0 9
52975 1 9
60948 1 9
33278 1 9
26698 1 9
32563 1 9
3498 1 9
53298 0 9
66028 0 9
44849 1 9
51929 0 9
57943 0 9
52881 1 9
46281 0 9
6929 0 9
37921 0 9
45333 0 9
28019 1 9
10549 1 9
8665 1 9
36062 1 9
21320 0 9
22273 0 9
49590 0 9
60372 1 9
1460 0 9
64449 0 9
21731 1 9
35510 1 9
38078 0 9
16113 0 9
702 0 9
2886 1 9
19493 0 9
6358 1 9
43693 1 9
32676 0 9
8432 1 9
34874 0 9
3078 0 9
15362 1 9
87 1 9
57973 1 9
56987 0 9
42798 1 9
39207 1 9
52300 0 9
16002 0 9
2491 0 9
54381 0 9
6990 0 9
8584 0 9
64646 0 9
36931 1 9
63793 0 9
48843 1 9
3047 0 9
4057 1 9
13607 1 9
26766 0 9
25738 1 9
44879 1 9
63941 0 9
38895 1 9
49354 1 9
32406 0 9
33733 1 9
12181 1 9
48672 1 9
8740 1 9
15336 1 9
31461 1 9
20261 0 9
9320 1 9
45956 0 9
4517 1 9
42405 1 9
44335 1 9
21945 1 9
64060 0 9
60157 0 9
57831 0 9
35783 0 9
19060 0 9
33124 0 9
18167 0 9
66219 1 9
30177 0 9
3348 0 9
9771 1 9
60744 0 9
48721 0 9
10034 1 9
25487 1 9
36693 1 9
11341 0 9
38458 1 9
19520 0 9
36435 1 9
40100 1 9
34569 0 9
2533 1 9
29352 0 9
5098 0 9
7273 1 9
58694 1 9
41864 0 9
42747 0 9
35976 0 9
56816 0 9
6834 0 9
57993 1 9
46180 0 9
4070 0 9
11528 0 9
24475 0 9
2091 0 9
25911 0 9
40164 1 9
50275 1 9
22508 1 9
51774 1 9
47914 1 9
3133 0 9
28563 0 9
20398 1 9
31893 1 9
61193 1 9
50484 1 9
22747 1 9
31977 1 9
54791 1 9
41792 0 9
48137 0 9
46714 0 9
10901 0 9
33370 0 9
27300 1 9
52423 1 9
9186 1 9
43687 0 9
17235 0 9
24576 0 9
25109 0 9
28197 1 9
49890 1 9
4268 0 9
50138 0 9
1886 0 9
17456 1 9
13462 0 9
19633 1 9
19940 0 9
31549 1 9
42811 0 9
63708 1 9
26404 1 9
21132 1 9
39960 0 9
26818 0 9
20090 0 9
26562 1 9
4138 0 9
65732 1 9
13772 0 9
38591 0 9
2217 0 9
2026 1 9
49286 1 9
16443 1 9
23054 0 9
27115 0 9
59225 0 9
39436 0 9
52935 1 9
47871 1 9
55065 1 9
4529 1 9
34936 1 9
45187 0 9
51270 1 9
31289 0 9
39630 0 9
48386 1 9
39270 1 9
54478 1 9
6403 0 9
4511 0 9
16576 0 9
61843 0 9
51386 0 9
37152 1 9
19059 0 9
65276 1 9
57003 0 9
32683 1 9
63490 1 9
3737 0 9
8615 0 9
55747 1 9
43914 0 9
4375 0 9
9403 1 9
22418 0 9
39651 1 9
23392 0 9
50031 0 9
57697 0 9
43986 0 9
63842 1 9
16025 0 9
66349 1 9
56346 1 9
58761 0 9
62332 1 9
48912 0 9
29041 1 9
20466 1 9
27627 0 9
4648 1 9
12405 1 9
41992 1 9
17223 0 9
59511 1 9
8259 0 9
9588 0 9
59615 1 9
36651 0 9
6577 0 9
23770 1 9
15696 0 9
51431 0 9
17668 0 9
18726 0 9
65345 0 9
62271 0 9
61143 1 9
10367 1 9
39092 1 9
45265 1 9
9691 0 9
18049 1 9
24780 0 9
64557 1 9
21176 1 9
45753 0 9
40563 0 9
19173 1 9
14673 0 9
49482 0 9
55232 1 9
47636 1 9
20736 1 9
14418 0 9
8589 1 9
62161 1 9
16155 0 9
51883 0 9
66574 0 9
37480 0 9
62955 1 9
2998 1 9
545 1 9
18419 1 9
31298 1 9
49210 1 9
55161 1 9
22103 1 9
20228 1 9
58879 0 9
31601 0 9
54106 1 9
62149 0 9
61233 1 9
66309 0 9
43780 1 9
57029 1 9
3321 0 9
36441 0 9
20750 0 9
38074 0 9
38873 0 9
1499 0 9
12922 1 9
27536 0 9
8933 0 9
27650 1 9
18898 0 9
21196 1 9
13143 1 9
40861 1 9
16021 0 9
57210 0 9
6995 1 9
50231 1 9
30827 1 9
65185 1 9
65526 0 9
38767 1 9
29807 1 9
24341 1 9
42244 0 9
28350 1 9
4783 1 9
34743 0 9
57129 0 9
39799 1 9
39195 1 9
28210 0 9
2519 0 9
37636 0 9
47545 1 9
21673 0 9
9045 0 9
56331 1 9
48115 0 9
50167 1 9
23035 1 9
19237 0 9
30369 0 9
49239 1 9
27268 1 9
11245 0 9
32621 0 9
58552 1 9
48082 0 9
63009 0 9
7352 1 9
4385 1 9
28631 0 9
58834 1 9
59442 0 9
51381 1 9
25641 0 9
25631 1 9
47656 1 9
11864 0 9
66169 0 9
25617 1 9
18928 0 9
65746 0 9
1254 0 9
32253 0 9
15812 1 9
822 0 9
15114 1 9
38757 0 9
26857 1 9
57647 0 9
38653 1 9
50347 0 9
3269 0 9
6829 1 9
25572 0 9
19808 1 9
24175 1 9
41875 0 9
9249 1 9
48098 0 9
10120 1 9
59889 1 9
19605 1 9
21216 1 9
39888 0 9
32736 0 9
18348 1 9
63724 1 9
19695 0 9
12837 0 9
38051 0 9
42074 1 9
64465 1 9
16944 1 9
64903 1 9
42198 1 9
45910 1 9
25188 0 9
24743 0 9
342 0 9
57957 1 9
21794 1 9
1576 1 9
16444 1 9
37542 1 9
7199 1 9
30467 0 9
12079 0 9
8638 1 9
29001 1 9
4093 1 9
52720 0 9
6164 0 9
5542 0 9
35017 0 9
9399 1 9
34239 0 9
46228 1 9
58433 1 9
64971 1 9
29438 1 9
43189 0 9
27675 0 9
55631 0 9
48546 0 9
58736 1 9
12428 0 9
14677 0 9
9828 1 9
31139 1 9
41427 0 9
885 0 9
21005 1 9
6925 0 9
30658 0 9
10455 1 9
6929 1 9
16157 1 9
47294 0 9
14750 1 9
22160 1 9
28604 1 9
39173 0 9
4693 0 9
38469 1 9
11190 0 9
59118 0 9
36422 1 9
44202 1 9
36538 1 9
47714 0 9
18230 0 9
64165 1 9
24735 0 9
46155 0 9
33504 1 9
48881 1 9
57544 1 9
63815 1 9
63024 0 9
40694 1 9
26984 0 9
24331 0 9
35466 1 9
61104 0 9
24142 1 9
32603 1 9
5518 0 9
6795 0 9
51220 0 9
13650 0 9
64780 1 9
58947 0 9
35794 0 9
41966 0 9
33431 0 9
46772 1 9
20079 0 9
48105 1 9
33718 1 9
29620 1 9
14374 0 9
41653 0 9
47014 1 9
15131 1 9
65471 0 9
40897 1 9
59806 1 9
41532 1 9
37795 1 9
54098 1 9
40743 1 9
6998 0 9
8794 0 9
64566 1 9
20194 0 9
63161 1 9
37886 1 9
4461 1 9
5153 0 9
15528 1 9
55546 1 9
48624 1 9
20077 1 9
65826 1 9
20537 1 9
16344 1 9
63707 0 9
25697 1 9
38199 0 9
41270 1 9
28800 1 9
9843 1 9
23377 1 9
57001 1 9
2134 0 9
62444 1 9
44820 1 9
33760 0 9
10737 0 9
12429 1 9
7669 1 9
51329 1 9
703 0 9
17671 0 9
57496 0 9
28713 0 9
56705 0 9
7655 0 9
44042 1 9
56884 0 9
24868 1 9
46882 1 9
10224 1 9
35184 0 9
54842 0 9
29691 1 9
27714 0 9
25191 1 9
56710 0 9
33024 1 9
39836 0 9
36833 0 9
15364 1 9
66641 0 9
44648 0 9
5347 0 9
42380 1 9
48327 1 9
31794 1 9
17356 1 9
62796 1 9
8407 1 9
4644 1 9
54853 0 9
30989 1 9
58147 1 9
31423 0 9
16979 1 9
63738 0 9
30717 0 9
2663 0 9
30542 0 9
17995 1 9
18523 1 9
46718 0 9
58846 1 9
40209 0 9
2958 1 9
16477 0 9
18246 0 9
21921 1 9
19738 0 9
64718 0 9
26010 1 9
63564 0 9
3623 0 9
16654 1 9
42534 0 9
60535 1 9
14586 1 9
2744 1 9
4688 0 9
7599 1 9
2009 1 9
62144 0 9
27864 1 9
64866 1 9
12261 0 9
12696 1 9
57238 0 9
54604 0 9
62068 0 9
4862 1 9
40843 0 9
33865 1 9
65803 1 9
64459 0 9
32693 0 9
37086 1 9
18549 0 9
8652 0 9
28287 0 9
11606 0 9
40053 1 9
22108 1 9
64796 0 9
29877 1 9
45555 1 9
56626 0 9
9539 0 9
48642 0 9
5306 1 9
53999 1 9
24194 1 9
29426 1 9
63740 1 9
58908 1 9
14510 0 9
38521 1 9
42606 1 9
15468 1 9
31624 1 9
18139 0 9
4430 1 9
65023 0 9
8387 1 9
34515 1 9
19176 1 9
30679 1 9
16860 1 9
61135 1 9
62752 1 9
9476 0 9
1786 0 9
40976 1 9
52546 0 9
17976 1 9
46272 1 9
57613 1 9
18720 1 9
8917 0 9
56963 0 9
21569 1 9
46773 0 9
8354 0 9
9640 0 9
21027 0 9
52494 1 9
54241 1 9
4789 1 9
18283 1 9
7712 0 9
65382 1 9
61679 0 9
48760 1 9
22476 1 9
16154 1 9
19007 1 9
8188 0 9
66591 0 9
50892 1 9
64191 0 9
56500 0 9
42573 0 9
32955 0 9
4935 0 9
36091 0 9
48225 0 9
22092 1 9
13339 0 9
31022 0 9
43912 1 9
65534 0 9
38424 0 9
6349 1 9
57873 0 9
20870 1 9
8669 1 9
630 0 9
64485 0 9
42506 0 9
39349 1 9
41003 0 9
11906 1 9
43436 1 9
10750 0 9
7657 0 9
48877 1 9
9439 1 9
31720 0 9
32175 1 9
62652 0 9
7484 0 9
51068 1 9
1512 0 9
17815 0 9
50885 1 9
8973 0 9
10341 0 9
22468 1 9
3598 0 9
21435 0 9
59516 1 9
10911 0 9
32518 0 9
17624 0 9
52140 0 9
61398 0 9
33291 0 9
59491 0 9
61561 0 9
16077 0 9
46389 0 9
56013 1 9
24967 0 9
43305 1 9
57773 0 9
49362 1 9
30631 1 9
26109 1 9
65925 1 9
65760 1 9
65726 0 9
45509 1 9
35042 1 9
48058 0 9
33082 0 9
54146 1 9
35124 0 9
6957 1 9
51767 0 9
20160 1 9
2451 1 9
63867 1 9
11971 0 9
45742 0 9
32960 1 9
31987 0 9
7298 0 9
18913 0 9
63691 0 9
47713 0 9
12617 1 9
55243 0 9
40066 0 9
60684 0 9
61373 1 9
61355 0 9
17243 0 9
11152 1 9
38212 1 9
18415 1 9
52159 1 9
953 0 9
22194 1 9
44162 1 9
38378 1 9
59146 1 9
23271 1 9
31067 0 9
13451 0 9
64537 1 9
1574 1 9
17987 1 9
63005 0 9
250 0 9
18876 1 9
7108 0 9
21252 1 9
40713 0 9
7759 0 9
2915 0 9
18704 1 9
11382 1 9
10465 0 9
15273 1 9
43224 0 9
51741 1 9
48281 0 9
57975 0 9
3596 1 9
43938 0 9
27240 1 9
37543 0 9
19148 0 9
41645 0 9
11151 0 9
46538 1 9
64580 0 9
52676 0 9
38298 0 9
23773 1 9
61749 1 9
52045 0 9
13184 1 9
1472 0 9
59078 0 9
29104 1 9
25840 1 9
23539 0 9
52754 0 9
52721 1 9
52015 1 9
54660 1 9
29592 1 9
63052 0 9
36203 0 9
35552 0 9
47280 1 9
59191 1 9
4303 1 9
30959 0 9
7887 0 9
31580 1 9
21786 1 9
44489 0 9
39637 0 9
5813 1 9
17353 0 9
35118 1 9
6857 1 9
24886 0 9
38413 0 9
15379 0 9
35299 0 9
10093 1 9
8561 0 9
45437 0 9
53098 1 9
27302 0 9
38964 0 9
61831 0 9
16304 0 9
65235 1 9
7071 1 9
63712 1 9
16445 0 9
35435 1 9
907 1 9
60986 0 9
12704 1 9
28851 1 9
40106 0 9
34912 1 9
9243 0 9
48852 0 9
32579 1 9
60425 1 9
23748 0 9
7659 0 9
9418 0 9
24064 1 9
14217 0 9
65552 0 9
34556 0 9
34290 1 9
10552 0 9
43984 1 9
39718 1 9
25552 0 9
9837 0 9
12906 1 9
23919 0 9
2949 1 9
33102 1 9
25607 1 9
59443 0 9
49323 1 9
53365 0 9
66215 1 9
7300 0 9
29680 1 9
48795 1 9
36217 1 9
40034 0 9
37428 0 9
34774 0 9
33506 0 9
59374 0 9
46738 0 9
12333 1 9
16826 0 9
57618 0 9
20233 0 9
41978 0 9
59774 1 9
59400 1 9
29452 0 9
44273 1 9
1016 0 9
6319 0 9
42394 0 9
9458 1 9
4632 1 9
52966 0 9
53183 0 9
58063 0 9
45365 0 9
10250 0 9
57989 1 9
38919 0 9
25684 0 9
29085 1 9
66098 0 9
6021 1 9
7903 1 9
31791 1 9
14585 0 9
58036 1 9
8094 1 9
29500 0 9
18375 1 9
1248 1 9
27248 1 9
35636 0 9
38688 1 9
1278 0 9
58025 1 9
29977 1 9
26216 0 9
47823 1 9
55766 0 9
44669 1 9
53151 0 9
24036 1 9
60693 0 9
5124 1 9
37546 1 9
55465 1 9
15477 1 9
55680 1 9
10605 1 9
16125 1 9
9907 1 9
23571 1 9
4888 1 9
9269 0 9
26975 1 9
20756 0 9
9036 0 9
9594 1 9
61626 1 9
8984 0 9
33997 0 9
36333 0 9
539 0 9
30668 1 9
11035 0 9
57303 1 9
8865 1 9
27930 1 9
43978 0 9
47780 1 9
36524 0 9
65824 0 9
62596 0 9
27805 0 9
60888 1 9
25769 1 9
66189 0 9
62677 1 9
52817 1 9
57021 1 9
6597 0 9
39636 1 9
50632 1 9
13356 0 9
37852 0 9
49994 0 9
48631 0 9
29450 1 9
54690 1 9
42979 1 9
22810 1 9
34843 1 9
60270 1 9
41668 0 9
28331 1 9
61403 0 9
9500 0 9
26513 0 9
61145 1 9
47591 0 9
10592 0 9
23065 1 9
7924 1 9
56040 1 9
10369 0 9
29912 0 9
7421 0 9
11699 1 9
31805 1 9
57609 0 9
2579 0 9
3336 0 9
58263 1 9
52755 0 9
39213 0 9
17959 1 9
21128 1 9
66330 1 9
62777 0 9
15663 1 9
48499 0 9
37114 1 9
8667 0 9
55771 1 9
42151 1 9
30083 1 9
60479 0 9
62939 1 9
26635 0 9
64184 1 9
49497 1 9
33282 1 9
49381 1 9
64003 1 9
7001 0 9
61441 0 9
59197 0 9
2166 0 9
66517 1 9
33729 1 9
20592 1 9
66319 1 9
40429 1 9
59543 1 9
53061 0 9
62326 0 9
9953 0 9
13860 0 9
26331 0 9
44958 0 9
27154 1 9
8747 0 9
38359 1 9
40309 0 9
19656 1 9
32319 1 9
64507 1 9
17960 0 9
13401 1 9
15178 1 9
39266 0 9
64545 1 9
36148 1 9
3161 0 9
17874 0 9
42944 1 9
923 1 9
26591 0 9
1220 1 9
60064 1 9
39284 0 9
35489 0 9
44136 0 9
34186 1 9
48160 1 9
21385 1 9
4721 0 9
13247 1 9
10015 0 9
49565 0 9
8531 1 9
50916 1 9
31857 1 9
24229 1 9
28296 1 9
6896 1 9
34222 1 9
19188 1 9
6510 0 9
30296 0 9
27671 0 9
55423 1 9
65184 1 9
9473 0 9
52539 1 9
8109 1 9
26329 1 9
22358 1 9
3479 0 9
18606 1 9
55427 1 9
65881 0 9
56772 1 9
46043 0 9
30081 1 9
40130 0 9
11734 0 9
20059 0 9
31862 1 9
45300 1 9
62050 1 9
10883 1 9
65098 0 9
49765 0 9
36194 0 9
61154 1 9
3803 1 9
3330 1 9
31898 0 9
65929 0 9
60446 0 9
38848 0 9
9396 0 9
58817 1 9
61993 0 9
19375 1 9
19502 1 9
43084 1 9
51556 1 9
46915 1 9
43560 0 9
31762 1 9
20289 0 9
421 0 9
65711 1 9
55301 0 9
8977 0 9
25143 1 9
25906 0 9
52867 1 9
25961 0 9
32050 0 9
25292 0 9
23098 0 9
7285 1 9
19666 0 9
32379 0 9
29953 1 9
63839 1 9
4562 0 9
52091 1 9
34969 0 9
37091 0 9
64456 0 9
37884 0 9
57661 0 9
57731 1 9
34323 0 9
11406 1 9
61448 1 9
40048 1 9
61713 1 9
24006 0 9
5272 0 9
36218 0 9
23637 0 9
52834 0 9
29665 0 9
62602 1 9
40090 0 9
63464 1 9
1689 0 9
26330 0 9
31838 1 9
35488 1 9
14604 1 9
54088 0 9
22061 0 9
50332 0 9
18058 1 9
66482 1 9
63286 0 9
4279 1 9
24689 0 9
9991 1 9
52157 0 9
41881 1 9
32203 1 9
45028 0 9
16372 1 9
52284 0 9
53792 1 9
9572 0 9
47855 1 9
45128 0 9
5260 0 9
20156 1 9
53370 0 9
51232 0 9
15799 0 9
47188 1 9
56497 1 9
38631 0 9
55917 1 9
9687 0 9
3731 1 9
17056 0 9
3728 1 9
5952 1 9
40009 1 9
31627 1 9
9941 0 9
32288 0 9
57964 1 9
13668 0 9
24980 1 9
45102 1 9
37307 1 9
4116 1 9
36179 0 9
52972 0 9
52277 1 9
18343 1 9
30288 0 9
44878 0 9
28871 1 9
63602 1 9
31042 0 9
49285 0 9
24571 1 9
9527 1 9
64127 0 9
63930 1 9
44725 1 9
570 1 9
43223 0 9
33720 0 9
45857 0 9
28673 1 9
405 0 9
19339 1 9
61794 0 9
17321 1 9
41029 1 9
34355 0 9
66163 1 9
14814 1 9
22835 0 9
51172 0 9
5291 0 9
32655 1 9
5859 0 9
43648 0 9
65768 0 9
18729 1 9
2094 0 9
26991 1 9
58384 0 9
14575 1 9
57185 0 9
7709 1 9
32814 1 9
24832 0 9
64005 0 9
58456 0 9
60343 0 9
32377 1 9
8027 1 9
8341 0 9
49373 1 9
65008 0 9
38493 1 9
17015 1 9
63689 1 9
54121 1 9
22527 1 9
24027 1 9
14241 0 9
24119 1 9
4703 1 9
6372 1 9
37132 1 9
61725 1 9
57709 0 9
43594 1 9
4838 1 9
50241 0 9
14788 0 9
38988 0 9
63203 0 9
30040 1 9
41692 0 9
35051 1 9
5565 0 9
20108 0 9
54890 1 9
7206 1 9
35746 0 9
36277 1 9
52000 1 9
7292 1 9
11810 1 9
18144 1 9
20168 1 9
41153 0 9
4750 1 9
48666 0 9
1501 0 9
8248 0 9
54811 1 9
18268 1 9
4173 0 9
6563 1 9
40287 1 9
16808 1 9
65260 1 9
190 0 9
30768 0 9
45669 1 9
13751 1 9
48132 1 9
49534 0 9
57416 0 9
51428 1 9
24554 0 9
10944 0 9
45502 1 9
22925 1 9
55763 1 9
8830 0 9
10686 0 9
50376 0 9
53714 0 9
29357 0 9
44651 0 9
13008 1 9
39475 0 9
19025 1 9
49400 0 9
30498 1 9
30006 0 9
46091 0 9
26792 1 9
30580 1 9
53212 1 9
15671 0 9
49773 0 9
48025 1 9
36741 0 9
9692 1 9
50328 0 9
32901 1 9
6356 0 9
56045 1 9
3726 0 9
7895 0 9
3186 0 9
22274 1 9
25167 0 9
35201 1 9
14962 0 9
19413 0 9
23568 1 9
46841 0 9
11563 0 9
60933 1 9
9526 1 9
33486 0 9
35696 0 9
45034 1 9
30529 1 9
64620 1 9
5718 1 9
22592 1 9
20579 0 9
22159 1 9
60893 1 9
29166 0 9
22363 0 9
66070 0 9
57275 1 9
15904 1 9
16772 0 9
39121 1 9
37165 1 9
32883 0 9
54366 1 9
26236 0 9
63971 1 9
55891 1 9
32292 0 9
21516 1 9
65762 0 9
9196 1 9
5703 1 9
2407 0 9
47243 1 9
39617 0 9
37121 1 9
4814 1 9
18358 0 9
38725 0 9
26527 1 9
49499 0 9
36221 1 9
34179 0 9
45228 1 9
65695 1 9
47034 1 9
14214 1 9
12686 0 9
54979 1 9
54994 1 9
39675 1 9
48533 1 9
39783 1 9
39960 1 9
40711 1 9
64550 1 9
20570 0 9
55855 1 9
10604 1 9
11258 0 9
30707 1 9
16353 1 9
48422 1 9
13058 0 9
21296 0 9
59022 0 9
6633 0 9
63649 1 9
30150 0 9
31119 1 9
43762 1 9
7672 0 9
23768 0 9
6006 0 9
23394 1 9
4536 1 9
51352 1 9
6252 0 9
39632 1 9
9888 0 9
49547 1 9
14874 1 9
19154 0 9
44377 0 9
4626 0 9
35266 0 9
60639 1 9
45969 0 9
55533 1 9
54074 1 9
20649 1 9
33495 0 9
60660 0 9
36054 1 9
62966 0 9
7630 1 9
12719 1 9
4902 0 9
54276 1 9
8350 0 9
62494 1 9
42166 1 9
60943 1 9
29179 0 9
17452 1 9
57400 0 9
1266 0 9
34890 0 9
60024 1 9
56920 0 9
4580 1 9
36567 1 9
21799 0 9
22238 1 9
23476 1 9
3765 0 9
2143 0 9
51261 1 9
47796 1 9
18543 1 9
29972 0 9
39984 0 9
57176 1 9
22351 0 9
14170 0 9
10417 0 9
62097 0 9
41229 0 9
43354 0 9
18982 1 9
40261 0 9
4075 1 9
14912 1 9
35419 1 9
40806 1 9
64087 0 9
53881 0 9
37980 0 9
50504 1 9
17494 1 9
12448 0 9
15079 1 9
5188 1 9
63217 1 9
52436 1 9
3714 1 9
27657 1 9
33546 0 9
58587 1 9
17325 0 9
65766 0 9
53472 0 9
54382 0 9
52574 1 9
6092 0 9
7910 0 9
52850 0 9
55934 1 9
64572 1 9
45778 0 9
63681 1 9
10356 0 9
24720 0 9
22015 0 9
41061 0 9
938 1 9
23485 0 9
57952 0 9
63108 0 9
44213 1 9
32961 1 9
31587 0 9
18054 1 9
2149 0 9
10051 0 9
21000 0 9
56469 0 9
31363 1 9
6522 0 9
23426 0 9
12223 1 9
56258 0 9
61390 0 9
58913 1 9
3528 1 9
44272 1 9
56324 1 9
43071 1 9
23583 1 9
54760 1 9
746 0 9
5742 1 9
12584 1 9
44753 1 9
6469 0 9
36033 0 9
3753 0 9
12417 1 9
39762 1 9
55649 1 9
38043 0 9
12254 1 9
29843 1 9
2983 0 9
22428 1 9
52806 0 9
24092 0 9
12782 1 9
23994 0 9
66322 1 9
66645 1 9
44683 0 9
59105 0 9
52449 0 9
17082 1 9
17432 1 9
6487 1 9
59779 0 9
9453 0 9
15789 1 9
38244 1 9
16234 1 9
27791 1 9
65445 0 9
25046 1 9
43321 1 9
24738 1 9
7669 0 9
47681 0 9
24761 1 9
41776 0 9
63633 1 9
65016 0 9
30774 1 9
40951 0 9
2669 0 9
21384 0 9
41426 0 9
33233 0 9
28542 1 9
63875 1 9
4017 1 9
62230 1 9
61421 0 9
4162 0 9
19269 1 9
12065 1 9
38447 0 9
19295 1 9
63210 0 9
48868 0 9
27037 0 9
40331 0 9
51898 0 9
25197 1 9
36775 0 9
18495 1 9
25264 1 9
24033 0 9
3967 0 9
47264 1 9
44571 1 9
44705 1 9
21952 0 9
6179 1 9
20800 0 9
10585 1 9
53378 0 9
49670 0 9
50169 0 9
34109 0 9
61676 0 9
13005 1 9
55641 1 9
56990 1 9
28957 0 9
53350 0 9
24750 1 9
28968 0 9
10346 1 9
52627 1 9
57279 1 9
55686 0 9
60708 0 9
41287 0 9
37164 0 9
52762 0 9
57643 1 9
49787 1 9
39191 1 9
14021 1 9
42210 1 9
61509 0 9
55711 0 9
34132 0 9
31669 0 9
51789 1 9
6171 1 9
23579 1 9
32997 1 9
12103 0 9
45616 0 9
45824 1 9
42178 1 9
11773 0 9
35259 0 9
20234 0 9
5033 0 9
25651 1 9
61404 1 9
7289 1 9
7775 0 9
30502 0 9
6151 1 9
7487 1 9
65367 1 9
1263 1 9
63031 1 9
42884 1 9
47587 0 9
35565 0 9
41244 0 9
37440 0 9
26297 1 9
23092 1 9
7925 0 9
13085 0 9
50522 0 9
1539 0 9
64688 1 9
15330 0 9
43607 1 9
49738 1 9
30194 0 9
19919 0 9
47386 1 9
52171 0 9
2887 0 9
25482 0 9
23501 0 9
50528 1 9
33484 1 9
49429 1 9
26638 1 9
64965 1 9
8959 1 9
5356 1 9
2610 0 9
57846 1 9
37497 1 9
27694 0 9
60229 1 9
10222 0 9
43290 0 9
54335 0 9
20639 1 9
11889 0 9
56184 1 9
59826 1 9
51423 0 9
37222 0 9
6642 1 9
54127 0 9
46972 0 9
29074 1 9
23211 1 9
49242 1 9
4259 1 9
42191 1 9
33276 0 9
41643 1 9
61091 1 9
49336 0 9
962 1 9
17251 0 9
3657 0 9
17799 0 9
60655 1 9
25523 1 9
43277 1 9
21167 1 9
59510 0 9
35012 1 9
36522 1 9
27557 0 9
20104 1 9
63231 0 9
45136 0 9
48675 1 9
136 1 9
3847 0 9
36178 1 9
51223 0 9
60714 1 9
36764 1 9
30321 0 9
42989 0 9
2566 0 9
21115 0 9
58998 0 9
25128 0 9
61296 1 9
22695 1 9
29366 1 9
33138 1 9
36687 0 9
32237 1 9
21956 0 9
33283 0 9
3450 1 9
14050 0 9
62151 0 9
47832 0 9
21811 1 9
6291 0 9
8230 1 9
5580 0 9
62266 0 9
38441 0 9
30756 1 9
27171 0 9
25689 1 9
59787 0 9
63344 1 9
40302 1 9
57950 0 9
44703 0 9
27909 0 9
13561 0 9
57385 1 9
29913 1 9
1877 0 9
42520 1 9
33236 0 9
15142 0 9
42396 1 9
41247 1 9
28545 1 9
6986 0 9
11774 0 9
35698 0 9
35512 0 9
51425 1 9
45105 1 9
60608 0 9
53362 0 9
28862 1 9
7711 0 9
20212 1 9
32852 0 9
18047 1 9
58254 1 9
54120 0 9
52303 0 9
23200 1 9
45643 0 9
24984 1 9
14639 1 9
38872 0 9
32954 0 9
14876 0 9
49701 0 9
44611 1 9
35599 1 9
21456 1 9
5480 1 9
12046 0 9
648 0 9
35686 0 9
32304 0 9
9740 1 9
59389 1 9
8575 0 9
1670 0 9
6342 0 9
54030 1 9
57645 0 9
12582 0 9
8499 1 9
39847 0 9
28402 1 9
21276 0 9
13563 1 9
49776 0 9
8534 1 9
58626 0 9
41250 1 9
39330 1 9
27365 0 9
64922 1 9
18564 0 9
35558 1 9
23835 0 9
18828 1 9
21059 0 9
7948 1 9
47467 1 9
64649 1 9
63363 1 9
17578 1 9
33320 1 9
15076 1 9
51890 0 9
30405 1 9
39244 1 9
44682 0 9
53546 1 9
15003 0 9
14213 0 9
8206 0 9
34656 0 9
47477 1 9
46244 1 9
45787 1 9
55088 0 9
40107 0 9
16129 0 9
40823 0 9
45965 0 9
58285 0 9
56117 1 9
10830 1 9
14776 0 9
23228 0 9
26994 1 9
44255 0 9
46701 1 9
50456 1 9
60194 1 9
26844 1 9
34342 0 9
57332 0 9
36440 1 9
50236 0 9
57030 0 9
65804 0 9
29832 0 9
44652 0 9
59080 1 9
50588 0 9
10256 1 9
28788 1 9
47467 0 9
9084 0 9
33775 0 9
58558 0 9
9123 0 9
25162 1 9
30460 0 9
44942 0 9
12104 1 9
9287 0 9
50945 1 9
28121 1 9
993 0 9
16862 0 9
13541 1 9
15535 1 9
43724 0 9
24986 0 9
4254 1 9
43730 1 9
1633 1 9
50460 1 9
53864 1 9
63306 0 9
55451 1 9
46276 1 9
22954 0 9
12959 0 9
44797 0 9
9486 1 9
5106 0 9
24473 0 9
3189 0 9
50826 1 9
29344 0 9
29652 1 9
10173 1 9
62785 1 9
7228 0 9
16465 0 9
49959 0 9
40728 0 9
28776 1 9
46287 1 9
19184 1 9
39249 0 9
29886 1 9
6713 1 9
26437 0 9
26040 0 9
60377 1 9
6217 0 9
60323 0 9
17713 1 9
16198 1 9
27787 1 9
65218 0 9
32372 0 9
2496 0 9
23952 1 9
15765 1 9
14816 0 9
55555 0 9
49712 0 9
43731 0 9
52553 0 9
44505 0 9
1664 1 9
900 0 9
14041 0 9
55039 0 9
39471 0 9
25661 1 9
28134 1 9
40228 0 9
20686 0 9
17890 0 9
17092 0 9
29698 0 9
36073 1 9
56605 1 9
17908 1 9
4707 1 9
2897 0 9
38260 1 9
12114 0 9
27426 0 9
19596 1 9
36497 0 9
63401 0 9
42874 0 9
65004 0 9
11692 1 9
33979 1 9
13197 0 9
28528 0 9
28422 1 9
40570 0 9
18561 1 9
30687 1 9
59637 0 9
29169 1 9
45874 0 9
66087 0 9
61909 0 9
30068 1 9
22208 1 9
20824 1 9
64141 1 9
8123 0 9
54794 0 9
20153 0 9
46749 0 9
4343 1 9
28024 0 9
62459 1 9
59703 1 9
53923 1 9
7729 1 9
62901 0 9
9342 0 9
1571 0 9
49525 1 9
64318 0 9
25497 0 9
10014 1 9
28118 1 9
53022 1 9
41797 1 9
14026 0 9
26889 0 9
64149 1 9
60481 0 9
26944 0 9
59723 0 9
47701 0 9
25591 1 9
36397 0 9
48112 1 9
46849 0 9
1652 1 9
57265 0 9
57404 0 9
65317 0 9
44051 1 9
19702 0 9
61741 1 9
34431 1 9
11370 1 9
61520 1 9
17631 0 9
54702 0 9
11954 1 9
3622 0 9
15809 1 9
30862 1 9
50467 0 9
35697 1 9
34631 0 9
5996 1 9
54394 0 9
7660 0 9
43623 0 9
57735 1 9
6422 0 9
26592 0 9
60716 0 9
63720 1 9
17278 0 9
15424 1 9
22298 1 9
24333 1 9
50600 1 9
18887 1 9
46678 0 9
10080 0 9
58592 1 9
39030 1 9
24660 0 9
38874 1 9
54734 0 9
27185 1 9
60215 1 9
41193 0 9
4627 1 9
40738 1 9
32118 1 9
11557 1 9
50059 1 9
35753 1 9
35097 0 9
63208 0 9
44740 1 9
17137 1 9
22511 0 9
10537 1 9
5774 1 9
25773 1 9
66135 0 9
27646 0 9
19274 0 9
52498 0 9
1674 0 9
2742 1 9
8085 0 9
58523 0 9
56556 0 9
16356 1 9
58073 0 9
20978 1 9
51274 1 9
51032 1 9
3443 0 9
53779 0 9
21737 0 9
17882 0 9
31167 1 9
31478 0 9
22343 1 9
57463 0 9
45004 0 9
10713 1 9
30054 0 9
45022 1 9
29567 0 9
12116 1 9
46021 1 9
60172 0 9
4037 0 9
15426 0 9
10485 1 9
35765 1 9
56477 1 9
18257 1 9
25704 0 9
55510 1 9
36604 0 9
52779 0 9
10548 0 9
9765 0 9
20404 0 9
28483 0 9
28342 0 9
20690 0 9
49839 0 9
14297 1 9
8546 1 9
14078 0 9
23815 0 9
4676 0 9
37692 1 9
63314 0 9
56078 1 9
32616 0 9
7972 1 9
27641 1 9
43225 0 9
65706 0 9
57843 1 9
44825 1 9
7314 0 9
7291 0 9
36894 0 9
23474 0 9
31376 0 9
31100 1 9
37613 1 9
29837 0 9
41851 0 9
34573 0 9
39214 0 9
20084 0 9
19393 0 9
37120 0 9
17041 0 9
56130 0 9
39441 1 9
13898 0 9
43221 1 9
3728 0 9
63434 1 9
61480 1 9
11095 0 9
47292 1 9
51175 0 9
46307 1 9
6339 0 9
32103 1 9
40180 1 9
36451 1 9
62023 1 9
2895 0 9
27738 0 9
26755 0 9
20271 1 9
17862 0 9
14008 1 9
59067 1 9
29907 0 9
40868 0 9
1896 0 9
42548 1 9
41189 0 9
28655 0 9
31460 1 9
34460 1 9
29995 0 9
30349 0 9
58366 1 9
41872 1 9
40270 1 9
59913 1 9
54111 0 9
61120 0 9
25182 1 9
21250 0 9
45953 0 9
41388 0 9
63077 1 9
53993 0 9
41687 1 9
64797 0 9
23329 1 9
10019 1 9
33086 0 9
30247 1 9
63083 0 9
63781 0 9
48011 0 9
25396 1 9
13994 0 9
42834 0 9
36529 0 9
10409 0 9
5069 0 9
20437 0 9
26615 0 9
50453 1 9
11366 1 9
58949 1 9
27537 1 9
17076 0 9
44001 0 9
65380 0 9
46503 0 9
35138 1 9
1783 1 9
34230 1 9
64683 0 9
47537 1 9
57050 0 9
55518 1 9
40527 0 9
20680 1 9
16708 0 9
5363 0 9
58801 1 9
21876 0 9
23177 0 9
36837 0 9
10325 0 9
16016 0 9
44257 1 9
51364 1 9
1209 1 9
20217 0 9
32090 0 9
44112 0 9
7191 0 9
63624 0 9
24572 0 9
3430 1 9
29594 0 9
24249 0 9
32840 0 9
16648 0 9
14572 1 9
20440 0 9
29378 1 9
45061 0 9
38915 1 9
37853 0 9
8485 0 9
52197 1 9
35898 0 9
5504 1 9
7318 1 9
13879 0 9
56781 0 9
7542 1 9
58248 1 9
38431 0 9
8480 0 9
53295 0 9
11518 1 9
52564 0 9
24822 1 9
410 0 9
60860 0 9
13578 0 9
6970 0 9
13406 1 9
37351 1 9
1289 0 9
42237 0 9
33016 1 9
4263 1 9
39847 1 9
24479 1 9
15432 1 9
50998 0 9
52104 1 9
10329 0 9
16427 0 9
53684 0 9
6628 0 9
64359 1 9
63656 0 9
47326 0 9
61911 1 9
6177 1 9
38940 0 9
40796 0 9
22913 1 9
49479 0 9
5348 1 9
50635 1 9
32080 1 9
35804 1 9
22343 0 9
7752 1 9
34821 1 9
6435 1 9
11076 1 9
58279 1 9
4502 0 9
26943 1 9
41473 0 9
30958 1 9
41182 1 9
25064 0 9
52693 1 9
62609 1 9
20987 0 9
50527 1 9
48962 1 9
35884 1 9
25183 1 9
7805 1 9
43849 1 9
35129 0 9
46335 1 9
20527 0 9
21150 0 9
38822 1 9
55156 1 9
23971 0 9
5389 1 9
43793 1 9
47569 1 9
40344 0 9
48193 0 9
6765 1 9
51502 0 9
11996 1 9
38003 0 9
63768 1 9
50538 0 9
12252 1 9
4588 1 9
47618 0 9
24143 1 9
3037 1 9
29576 1 9
11926 1 9
36222 1 9
37134 1 9
26582 1 9
55057 1 9
20039 0 9
1852 0 9
17646 1 9
7679 0 9
66415 0 9
31438 1 9
15871 0 9
21306 1 9
19347 1 9
57638 0 9
50035 0 9
65264 1 9
8842 0 9
25364 1 9
63079 0 9
33207 0 9
54062 1 9
31981 1 9
47367 1 9
54243 0 9
5982 0 9
46355 1 9
57452 0 9
38478 1 9
63789 0 9
26732 1 9
41999 1 9
61922 0 9
30215 1 9
9113 1 9
9206 0 9
1179 0 9
6160 0 9
66233 0 9
22707 1 9
8579 0 9
11348 0 9
59264 0 9
11691 1 9
17704 0 9
22185 0 9
55599 0 9
41435 0 9
8204 0 9
53946 0 9
44908 1 9
5140 0 9
16780 1 9
36225 1 9
15510 0 9
49137 0 9
4717 0 9
7222 1 9
27076 0 9
33395 0 9
35069 0 9
64697 1 9
25811 0 9
59047 1 9
12262 1 9
41124 0 9
58173 0 9
48793 0 9
4568 1 9
26640 0 9
52889 1 9
53557 0 9
15071 1 9
7365 1 9
38632 1 9
14953 0 9
4774 1 9
24891 0 9
43235 0 9
56202 0 9
65996 0 9
27446 1 9
50483 1 9
47328 1 9
13106 0 9
12614 0 9
52465 0 9
39464 0 9
61533 0 9
42069 0 9
50778 1 9
44605 0 9
11037 1 9
29212 1 9
2830 1 9
65894 1 9
33417 1 9
43359 0 9
55267 1 9
1424 0 9
53635 0 9
15996 1 9
26223 0 9
14375 0 9
54065 0 9
381 0 9
7636 0 9
66498 0 9
59843 0 9
21 0 9
20443 1 9
17110 1 9
2459 0 9
40755 0 9
66257 0 9
2476 0 9
65613 1 9
47732 1 9
24101 0 9
34223 0 9
57603 1 9
18869 0 9
34189 1 9
39870 1 9
64438 1 9
15625 0 9
19863 1 9
61642 1 9
51451 0 9
32581 0 9
2990 1 9
51817 1 9
64622 0 9
50283 1 9
44344 1 9
25513 0 9
65030 1 9
63684 1 9
18965 0 9
21232 1 9
43382 0 9
1967 0 9
57141 0 9
15619 1 9
7821 1 9
80 0 9
47288 1 9
60036 1 9
45362 0 9
22553 0 9
3719 1 9
53278 0 9
62870 0 9
56109 1 9
9003 1 9
47420 0 9
37035 0 9
56590 0 9
62634 1 9
39418 1 9
51104 1 9
52434 0 9
55656 1 9
22986 0 9
50097 0 9
32953 1 9
53907 1 9
58287 1 9
37313 0 9
13027 0 9
20944 0 9
57280 0 9
35469 0 9
44116 0 9
36425 0 9
15412 1 9
13949 1 9
44913 0 9
49127 1 9
63974 1 9
25711 0 9
41604 1 9
36609 1 9
55298 0 9
51555 1 9
56924 0 9
50367 0 9
9038 1 9
43245 1 9
45170 0 9
14931 0 9
59981 0 9
13104 1 9
41827 0 9
27693 1 9
28499 1 9
17079 1 9
17658 1 9
8235 0 9
56223 1 9
45321 0 9
7455 1 9
61827 0 9
41599 1 9
63012 0 9
29696 1 9
48401 1 9
34350 0 9
30968 1 9
40970 0 9
11379 1 9
24825 1 9
59947 0 9
52062 1 9
2825 0 9
24558 0 9
18645 1 9
32823 0 9
3409 1 9
12615 0 9
11859 1 9
31289 1 9
30227 1 9
18593 1 9
14731 1 9
27797 0 9
44185 1 9
17595 0 9
59175 1 9
60061 0 9
49986 0 9
8472 1 9
24198 1 9
30806 1 9
48832 0 9
3083 0 9
48647 1 9
30364 0 9
10896 0 9
52654 1 9
64770 0 9
2368 0 9
6181 0 9
12676 1 9
11303 1 9
7242 1 9
32048 1 9
10902 1 9
17329 0 9
56623 0 9
66408 0 9
35166 1 9
21126 0 9
34271 0 9
30755 1 9
46343 1 9
58153 0 9
10458 1 9
21655 1 9
39303 1 9
25914 0 9
33832 0 9
41095 1 9
10497 1 9
15813 1 9
57844 0 9
10788 0 9
41545 0 9
21741 0 9
35683 0 9
26189 1 9
33210 1 9
32884 1 9
44359 0 9
54097 1 9
34712 0 9
46559 0 9
30896 0 9
641 1 9
13032 1 9
532 0 9
52800 1 9
26922 0 9
61932 1 9
56387 1 9
43967 1 9
55929 1 9
28073 1 9
44105 0 9
44279 0 9
40383 0 9
49054 0 9
37159 0 9
36772 1 9
30925 1 9
43203 0 9
31507 0 9
55281 0 9
28912 0 9
16068 1 9
11788 1 9
47932 0 9
15840 0 9
55925 0 9
51043 1 9
59362 1 9
32733 0 9
47490 1 9
61781 1 9
46325 0 9
28013 1 9
53384 1 9
17398 0 9
24454 0 9
63059 1 9
18920 1 9
16845 1 9
51333 1 9
40893 1 9
18578 1 9
30731 1 9
43226 1 9
27972 0 9
10007 0 9
36965 1 9
29891 1 9
9375 1 9
47247 1 9
26551 1 9
18385 0 9
15808 0 9
42633 0 9
45293 1 9
43644 0 9
41543 1 9
61183 0 9
54387 1 9
5236 0 9
20312 1 9
24942 0 9
55355 1 9
29276 1 9
58506 0 9
18952 0 9
25042 1 9
23529 0 9
25761 1 9
1237 1 9
34412 1 9
4462 0 9
15449 0 9
64367 1 9
42720 0 9
36102 1 9
51076 1 9
51717 1 9
60720 0 9
3614 0 9
7541 0 9
14643 1 9
4155 1 9
54863 1 9
30881 1 9
25089 0 9
8011 1 9
16040 0 9
61895 1 9
50263 1 9
40284 0 9
23232 0 9
66272 1 9
16004 1 9
9335 1 9
5052 1 9
57935 0 9
40832 0 9
62028 1 9
47339 1 9
5315 0 9
53683 0 9
9229 1 9
9622 1 9
54574 1 9
37308 1 9
32276 0 9
10264 1 9
8338 0 9
41087 1 9
46900 0 9
36969 0 9
55015 0 9
33976 1 9
434 1 9
39680 1 9
15694 1 9
65299 1 9
22941 1 9
12483 0 9
4921 1 9
20103 0 9
15761 1 9
57139 0 9
12981 1 9
6476 1 9
57316 0 9
21679 1 9
24655 1 9
54472 0 9
53942 0 9
43956 1 9
4489 1 9
21031 0 9
38593 1 9
45693 1 9
16770 1 9
42982 0 9
15314 1 9
56895 0 9
58388 0 9
45483 1 9
46531 0 9
11173 1 9
23137 0 9
55139 0 9
40637 0 9
7562 0 9
27531 0 9
30275 1 9
6278 1 9
29311 1 9
26052 0 9
17698 0 9
11028 0 9
29456 0 9
40986 0 9
47009 1 9
62725 1 9
56568 0 9
7036 0 9
49108 1 9
20033 1 9
32411 0 9
50156 0 9
42495 1 9
32213 0 9
47036 0 9
408 0 9
64901 0 9
41633 0 9
54277 1 9
51562 0 9
47937 1 9
33003 0 9
56443 1 9
59073 0 9
21740 0 9
22634 0 9
35729 1 9
17093 0 9
40361 1 9
56086 1 9
6560 1 9
14357 1 9
8544 0 9
64439 1 9
20992 0 9
20191 1 9
46898 1 9
56499 0 9
52645 1 9
43920 1 9
46673 1 9
36503 0 9
50032 1 9
18613 1 9
61326 0 9
13067 0 9
12477 1 9
47403 1 9
43097 0 9
24524 0 9
46470 1 9
2358 1 9
7841 1 9
9131 0 9
40814 1 9
34040 1 9
15245 1 9
59752 0 9
11522 1 9
5118 0 9
21913 1 9
48691 1 9
16667 0 9
64835 1 9
59122 0 9
44978 1 9
19993 1 9
5734 1 9
8877 0 9
15072 1 9
15171 1 9
304 1 9
16015 1 9
19769 0 9
2674 0 9
23726 1 9
56731 1 9
22926 0 9
32485 1 9
24588 0 9
50132 1 9
37334 0 9
32646 1 9
64061 1 9
33036 1 9
50339 0 9
61553 0 9
52778 0 9
7818 0 9
14013 1 9
15524 0 9
49907 0 9
61262 1 9
54216 1 9
57749 0 9
12936 0 9
41142 0 9
14547 0 9
58576 1 9
47035 0 9
6363 0 9
15447 0 9
29507 0 9
65876 0 9
4301 0 9
65696 1 9
59358 1 9
64756 1 9
20418 1 9
30969 1 9
11616 1 9
20017 1 9
52531 1 9
44631 0 9
61040 0 9
53638 1 9
29178 0 9
12804 0 9
56462 1 9
62986 1 9
27782 0 9
50957 1 9
38279 1 9
9612 1 9
60921 1 9
64001 0 9
38210 0 9
12025 1 9
21473 1 9
47820 1 9
2815 1 9
28591 0 9
60266 1 9
53840 1 9
55184 1 9
38122 0 9
32994 0 9
59592 0 9
55177 1 9
40197 0 9
64262 0 9
28484 0 9
18709 1 9
31403 0 9
60644 0 9
49210 0 9
25431 1 9
56054 1 9
64763 0 9
6251 0 9
40659 1 9
16043 1 9
19567 0 9
31855 0 9
2215 1 9
64269 0 9
27232 0 9
42583 1 9
17591 0 9
16104 0 9
9148 0 9
15709 1 9
46016 0 9
44144 0 9
32826 1 9
38048 0 9
466 1 9
5744 0 9
8587 1 9
22914 0 9
46806 0 9
15029 0 9
32698 1 9
46149 1 9
652 0 9
14890 0 9
34612 0 9
2893 0 9
30002 0 9
45172 0 9
7718 1 9
49730 1 9
31582 0 9
2362 1 9
48941 1 9
575 0 9
30723 1 9
26464 1 9
23333 1 9
56212 1 9
59237 0 9
10164 1 9
7315 0 9
34787 0 9
21705 0 9
63957 0 9
5556 1 9
54864 1 9
33453 1 9
6102 0 9
29950 1 9
23229 1 9
4345 1 9
31942 0 9
62195 0 9
28376 0 9
49103 1 9
56383 1 9
1298 0 9
52269 1 9
33689 1 9
37257 1 9
16962 0 9
27516 0 9
43755 0 9
15874 0 9
45898 0 9
43285 1 9
58403 0 9
50422 0 9
39289 0 9
49384 0 9
42564 1 9
47221 1 9
16803 0 9
49259 1 9
52769 1 9
23262 1 9
7157 0 9
43032 1 9
23464 1 9
62556 0 9
38961 1 9
62971 1 9
63246 0 9
32449 1 9
64188 0 9
60233 1 9
31929 1 9
51242 1 9
52024 1 9
61263 0 9
31535 1 9
45137 1 9
31015 0 9
27217 1 9
13805 1 9
24463 0 9
48253 0 9
707 0 9
37256 1 9
51806 1 9
19137 1 9
24600 0 9
63393 0 9
21092 1 9
35800 1 9
832 1 9
47375 1 9
39827 1 9
31034 0 9
43402 0 9
64022 1 9
43252 0 9
22489 1 9
15608 1 9
58335 1 9
57649 0 9
9246 0 9
15177 0 9
64514 1 9
45084 0 9
20807 1 9
20158 0 9
56803 1 9
34927 1 9
51528 1 9
20795 1 9
27306 0 9
49650 1 9
62685 1 9
23212 0 9
16663 1 9
10192 1 9
26426 0 9
42152 0 9
1087 0 9
8318 0 9
19805 0 9
58095 0 9
30991 0 9
51777 1 9
64817 0 9
46657 1 9
24608 0 9
8082 1 9
6008 1 9
34689 1 9
35400 1 9
23785 1 9
24493 0 9
20566 0 9
60869 1 9
46955 0 9
57497 1 9
6838 0 9
46064 0 9
6646 1 9
50526 0 9
538 1 9
51748 0 9
11643 0 9
30979 0 9
58489 1 9
30528 0 9
8410 0 9
47356 0 9
37610 0 9
38877 0 9
26575 0 9
40470 0 9
16029 0 9
22764 0 9
3345 0 9
1201 1 9
58932 0 9
31468 1 9
40661 0 9
29990 1 9
1913 0 9
41075 1 9
19134 0 9
13107 0 9
62566 1 9
9080 0 9
18032 0 9
10124 1 9
28229 1 9
1682 0 9
49003 0 9
9732 1 9
30238 0 9
42568 1 9
53734 0 9
18546 1 9
21644 1 9
41312 0 9
61436 1 9
5807 0 9
47239 1 9
28611 0 9
39623 1 9
12885 1 9
14764 0 9
59594 1 9
38595 0 9
39069 1 9
41264 0 9
52073 0 9
13537 1 9
47935 1 9
66312 0 9
17384 1 9
56303 1 9
55200 1 9
25976 1 9
51512 1 9
22625 0 9
55174 0 9
39000 1 9
11883 1 9
64054 1 9
7566 0 9
65243 1 9
14198 1 9
19429 0 9
46919 1 9
53896 1 9
19981 1 9
46815 1 9
7994 0 9
27005 0 9
37065 0 9
13906 1 9
5382 0 9
32293 0 9
29471 0 9
49790 1 9
53 1 9
54486 1 9
12757 0 9
39419 0 9
36469 0 9
43862 0 9
8207 0 9
66659 1 9
4810 1 9
23116 1 9
22515 0 9
14229 0 9
66191 1 9
34924 1 9
48899 0 9
59663 1 9
64989 1 9
7697 1 9
50021 1 9
42544 0 9
15471 0 9
40602 0 9
44944 1 9
12816 0 9
54598 1 9
45546 1 9
59965 1 9
10243 1 9
35016 0 9
45532 0 9
11434 1 9
12678 0 9
8450 1 9
53616 0 9
23371 0 9
5095 1 9
49585 0 9
59540 1 9
57918 1 9
50168 0 9
55374 1 9
3253 0 9
2955 0 9
7737 1 9
28460 0 9
65575 0 9
51366 0 9
15415 1 9
3890 1 9
26378 0 9
36090 1 9
33829 1 9
21813 0 9
20235 1 9
20195 1 9
20604 1 9
47148 1 9
46434 1 9
10880 0 9
20540 0 9
31209 0 9
22293 0 9
14875 0 9
12779 1 9
27794 0 9
45903 1 9
30123 0 9
45810 0 9
34684 0 9
19918 1 9
59681 0 9
54015 1 9
32073 0 9
37400 0 9
53396 1 9
42047 1 9
11933 1 9
16218 1 9
24417 1 9
13840 0 9
48686 0 9
1239 0 9
38160 1 9
825 0 9
21598 0 9
20475 1 9
51887 0 9
51431 1 9
44547 1 9
41191 1 9
11876 0 9
55712 1 9
4834 1 9
1596 1 9
41320 0 9
20447 0 9
33508 1 9
34147 1 9
62686 1 9
4460 0 9
28701 0 9
7357 1 9
2997 1 9
57883 0 9
55654 0 9
2468 0 9
44382 0 9
66615 0 9
39539 0 9
7846 0 9
25891 0 9
6365 1 9
41416 1 9
41238 1 9
61322 0 9
1782 0 9
24815 0 9
16822 0 9
14652 1 9
50903 0 9
10412 0 9
37549 1 9
52279 0 9
716 1 9
8919 1 9
32391 0 9
63589 1 9
23100 1 9
51006 0 9
38341 0 9
15829 1 9
39138 0 9
4265 0 9
23652 0 9
38323 1 9
36849 0 9
19579 0 9
25448 1 9
28759 1 9
29819 1 9
63650 1 9
58961 1 9
40217 0 9
21286 1 9
50715 1 9
27142 1 9
50469 1 9
61677 1 9
59314 1 9
26962 0 9
37779 1 9
65764 0 9
44006 1 9
39111 1 9
2841 0 9
36199 0 9
19238 0 9
1139 0 9
27929 0 9
48139 0 9
15650 1 9
39050 0 9
49058 0 9
42326 1 9
63675 0 9
28749 0 9
33624 0 9
15944 1 9
6000 1 9
49664 1 9
36116 0 9
45047 0 9
48980 0 9
28428 0 9
13221 0 9
34231 0 9
33119 1 9
54593 0 9
13815 1 9
14861 1 9
35458 0 9
63181 1 9
58541 1 9
64707 0 9
34640 0 9
15684 0 9
45442 1 9
61844 1 9
20270 0 9
36273 0 9
63174 1 9
6696 0 9
29119 0 9
3822 1 9
51467 0 9
27281 1 9
29219 0 9
39288 0 9
12004 1 9
57515 0 9
55058 1 9
38104 1 9
25356 1 9
34869 1 9
36762 0 9
53053 0 9
20757 0 9
47655 0 9
27605 1 9
35122 1 9
18665 1 9
52977 0 9
21230 0 9
35263 0 9
61744 0 9
25210 1 9
5740 0 9
40853 1 9
9551 1 9
14301 1 9
26781 1 9
45072 0 9
4975 0 9
54576 0 9
8418 0 9
34462 0 9
39353 0 9
50058 0 9
14978 0 9
62437 0 9
8864 1 9
62716 1 9
27508 0 9
35306 0 9
45943 1 9
61637 1 9
33635 1 9
33247 0 9
3956 1 9
68 0 9
10862 0 9
30144 1 9
3376 0 9
33792 0 9
26456 0 9
54043 1 9
21350 1 9
55273 0 9
30525 1 9
37337 0 9
45368 1 9
30170 0 9
54270 0 9
6513 0 9
29715 1 9
40190 1 9
20498 1 9
1800 1 9
36021 1 9
40395 0 9
36691 0 9
62368 1 9
6879 0 9
38153 1 9
21558 0 9
32264 0 9
44771 0 9
2963 0 9
41926 0 9
65289 0 9
13987 0 9
7871 1 9
52360 1 9
64031 0 9
8818 0 9
20109 1 9
28489 0 9
7426 0 9
14872 0 9
27148 0 9
4117 1 9
29998 1 9
48149 1 9
5114 0 9
711 0 9
18900 0 9
11463 0 9
34830 0 9
31016 1 9
4734 1 9
6081 0 9
56525 1 9
58224 0 9
66663 1 9
29284 1 9
33820 1 9
14471 0 9
1736 1 9
31918 1 9
41185 0 9
47329 0 9
10374 0 9
39855 0 9
46124 0 9
5705 0 9
52472 1 9
7382 0 9
30172 1 9
22543 0 9
47070 0 9
46706 0 9
64776 1 9
49183 1 9
43167 0 9
2694 0 9
31779 1 9
6726 1 9
28363 1 9
15956 1 9
49380 0 9
48179 0 9
44294 0 9
17474 1 9
16469 0 9
28635 0 9
17288 1 9
31578 0 9
4798 1 9
59750 1 9
27998 1 9
36970 1 9
17779 0 9
10208 1 9
55931 0 9
47809 0 9
38514 0 9
9112 0 9
39498 0 9
31269 0 9
58316 0 9
28650 0 9
61103 1 9
11057 1 9
33834 1 9
39830 1 9
16763 0 9
51846 0 9
58438 0 9
44997 0 9
48435 0 9
64980 0 9
25868 1 9
13768 0 9
486 1 9
6690 1 9
53090 1 9
4479 0 9
21865 1 9
14917 1 9
36060 0 9
17180 0 9
47052 0 9
37603 0 9
28070 1 9
49862 1 9
64838 0 9
33854 0 9
64639 0 9
52038 0 9
10275 1 9
50198 1 9
30358 1 9
26429 0 9
20554 0 9
31943 0 9
63901 0 9
11903 1 9
34469 0 9
6762 1 9
64109 1 9
20129 1 9
52092 0 9
18341 0 9
17761 1 9
4431 0 9
50692 0 9
5301 0 9
1096 0 9
62481 0 9
22365 1 9
48574 0 9
13084 1 9
51873 1 9
53188 0 9
20155 0 9
46532 0 9
4082 0 9
61317 1 9
65206 0 9
55323 1 9
16793 1 9
27700 1 9
11392 0 9
55220 1 9
48252 1 9
29714 0 9
33035 1 9
12579 0 9
22362 1 9
48203 1 9
10519 0 9
4507 0 9
47094 1 9
18181 1 9
24940 1 9
18259 0 9
26237 1 9
32618 1 9
35618 1 9
28683 0 9
24059 1 9
63369 0 9
12808 0 9
32570 0 9
12008 0 9
46655 0 9
10633 1 9
26512 1 9
14400 1 9
1989 1 9
41338 1 9
50074 0 9
6817 1 9
41727 1 9
41865 1 9
40596 1 9
30298 1 9
21281 0 9
19042 1 9
34514 0 9
16235 0 9
48822 1 9
21880 0 9
66302 1 9
28681 0 9
11397 1 9
16759 0 9
59469 1 9
54445 0 9
4344 0 9
53558 1 9
46081 1 9
56143 0 9
56363 1 9
29951 0 9
56460 0 9
44075 1 9
4071 0 9
12615 1 9
25540 0 9
59998 0 9
44178 1 9
53978 1 9
9785 1 9
47899 0 9
44150 1 9
45346 0 9
39473 1 9
61702 1 9
50125 0 9
38759 1 9
37797 0 9
53742 1 9
2711 1 9
16657 0 9
65536 0 9
42612 0 9
3325 0 9
6473 0 9
24877 1 9
52667 0 9
45848 1 9
58765 0 9
17499 1 9
64737 1 9
4890 0 9
58347 1 9
58723 1 9
19652 1 9
59863 0 9
33963 1 9
28413 0 9
51307 0 9
21457 1 9
53553 0 9
59215 1 9
37143 0 9
51039 1 9
48097 1 9
63813 0 9
33791 0 9
45143 0 9
45369 0 9
9865 0 9
4230 1 9
35935 1 9
44111 1 9
49532 1 9
28265 1 9
9584 0 9
10802 1 9
36332 1 9
17608 0 9
33392 1 9
35668 0 9
48991 0 9
17199 0 9
57282 1 9
29330 1 9
25294 0 9
57974 1 9
33769 1 9
45301 1 9
775 1 9
13691 1 9
9599 0 9
38172 1 9
44166 1 9
18344 1 9
34190 1 9
28919 1 9
35222 0 9
48669 0 9
10 1 9
8594 1 9
52459 1 9
29022 1 9
56194 0 9
21402 1 9
54663 0 9
1836 0 9
9163 0 9
50535 1 9
56932 0 9
53658 1 9
57988 1 9
55082 1 9
45142 1 9
42013 0 9
53230 0 9
50105 0 9
27411 1 9
19216 1 9
49807 0 9
27432 0 9
58934 0 9
57707 1 9
10241 0 9
15704 0 9
9417 0 9
61299 0 9
11338 1 9
31824 0 9
23892 1 9
45341 0 9
10128 0 9
34300 0 9
61549 0 9
59288 0 9
9808 1 9
44483 1 9
51256 0 9
56501 1 9
34836 1 9
5788 0 9
48189 1 9
12419 1 9
46839 1 9
49536 1 9
30978 1 9
39913 1 9
54502 1 9
19207 1 9
465 0 9
32215 1 9
56352 0 9
39662 0 9
40714 1 9
12550 0 9
63719 0 9
40026 0 9
1897 0 9
12095 0 9
9697 1 9
31339 1 9
10339 1 9
29009 1 9
17938 1 9
18572 0 9
63672 0 9
32529 1 9
7704 0 9
3364 0 9
21977 1 9
54339 1 9
8163 0 9
14239 1 9
14466 0 9
3561 1 9
29957 1 9
54580 0 9
20138 0 9
18693 1 9
5887 0 9
23987 1 9
43642 1 9
4011 0 9
19356 1 9
61276 1 9
55943 0 9
46842 1 9
541 0 9
33744 0 9
1116 1 9
27118 1 9
3133 1 9
17311 0 9
55288 1 9
29463 1 9
43176 0 9
23588 1 9
30819 1 9
53030 1 9
47330 1 9
53275 0 9
14420 1 9
14040 1 9
59514 0 9
49916 1 9
2179 0 9
59611 1 9
19545 1 9
5931 0 9
36813 0 9
20468 0 9
31941 1 9
61726 1 9
56106 1 9
4180 0 9
45498 1 9
54642 0 9
27566 1 9
16352 1 9
55738 0 9
37663 0 9
9129 1 9
28487 1 9
365 0 9
37632 1 9
63396 0 9
43744 0 9
29301 0 9
56736 1 9
11183 0 9
19928 0 9
28856 0 9
2400 0 9
48201 1 9
47080 0 9
18280 1 9
31057 0 9
38275 1 9
30672 1 9
11349 0 9
54194 1 9
39933 1 9
7612 0 9
66069 1 9
61340 1 9
31027 0 9
5275 0 9
58347 0 9
52737 1 9
15129 0 9
36456 1 9
57807 1 9
25481 0 9
57189 0 9
10804 1 9
62192 0 9
56476 0 9
28593 1 9
14712 0 9
23802 1 9
17189 1 9
63039 0 9
19400 0 9
48350 1 9
16787 0 9
37443 1 9
20045 1 9
27335 1 9
26645 1 9
30151 0 9
21432 0 9
52932 1 9
46987 0 9
3494 0 9
22010 0 9
1100 0 9
58472 1 9
3855 0 9
16258 1 9
2799 1 9
55313 0 9
45874 1 9
28034 1 9
59924 1 9
32023 0 9
622 1 9
16942 0 9
49690 0 9
50315 0 9
1067 0 9
9218 0 9
54837 0 9
44263 0 9
7745 1 9
54318 0 9
28610 0 9
45727 0 9
55235 1 9
30385 1 9
40069 0 9
51037 0 9
28920 0 9
51740 0 9
28476 0 9
37677 1 9
42146 1 9
16859 0 9
46989 1 9
22177 0 9
65363 1 9
44253 1 9
37051 1 9
51756 0 9
6464 1 9
13384 0 9
47017 1 9
45783 1 9
8158 1 9
14985 0 9
9568 0 9
65580 1 9
62607 0 9
52496 0 9
34297 1 9
22529 0 9
26200 0 9
40915 0 9
51366 1 9
65904 0 9
16541 0 9
39168 1 9
45833 0 9
35050 1 9
65577 1 9
13014 0 9
60767 0 9
49777 1 9
52311 0 9
20642 0 9
50076 1 9
32664 1 9
29304 0 9
61839 0 9
20993 1 9
38189 0 9
50423 0 9
25079 1 9
41533 0 9
49562 0 9
43364 1 9
21584 1 9
15945 0 9
52046 0 9
14264 0 9
12812 0 9
16964 1 9
65378 1 9
34752 1 9
25164 0 9
19660 1 9
27227 0 9
22272 0 9
42288 0 9
16574 1 9
9521 1 9
10713 0 9
8536 0 9
7205 1 9
6488 1 9
27199 0 9
27178 0 9
29856 0 9
64846 1 9
34351 0 9
33357 1 9
5111 1 9
2059 0 9
46296 1 9
18031 1 9
1529 1 9
48880 0 9
22174 0 9
22837 1 9
53082 1 9
29252 1 9
32635 1 9
5099 1 9
4675 1 9
43246 0 9
42460 1 9
2986 1 9
57131 0 9
48545 1 9
4031 0 9
10028 0 9
11837 0 9
6269 1 9
18689 1 9
17419 1 9
18942 1 9
47532 1 9
905 0 9
30978 0 9
49861 1 9
44425 0 9
46740 1 9
31465 1 9
42026 0 9
52802 0 9
66201 0 9
53783 0 9
63150 0 9
782 0 9
31906 0 9
46078 1 9
10964 0 9
58515 0 9
14969 1 9
63467 1 9
8535 1 9
37491 1 9
20946 1 9
10746 0 9
26347 0 9
31031 0 9
35723 0 9
27979 1 9
19228 1 9
25998 1 9
43843 0 9
8311 1 9
51119 1 9
64832 1 9
2040 0 9
43250 1 9
38464 0 9
19527 1 9
62647 0 9
21219 1 9
402 0 9
35083 0 9
29900 0 9
32495 1 9
10453 0 9
35881 0 9
21499 0 9
35378 0 9
66107 1 9
40587 1 9
4754 1 9
8116 0 9
52253 1 9
27356 1 9
4739 1 9
43345 1 9
56445 0 9
58181 0 9
5843 0 9
64384 0 9
33459 0 9
33937 0 9
30933 1 9
31483 0 9
36084 0 9
44938 0 9
62447 1 9
59069 1 9
12650 0 9
61192 0 9
12969 1 9
506 1 9
19659 0 9
63189 1 9
1651 0 9
56913 0 9
29544 1 9
26057 0 9
15501 0 9
40677 0 9
44650 1 9
34631 1 9
11350 1 9
478 1 9
14495 0 9
49886 1 9
53473 0 9
36921 0 9
18277 1 9
21489 1 9
35447 1 9
42916 1 9
33177 0 9
33613 0 9
7189 1 9
18623 0 9
8994 1 9
19577 1 9
38839 1 9
37417 0 9
14789 1 9
18878 1 9
33437 0 9
15807 0 9
63932 0 9
38272 1 9
14765 1 9
9932 0 9
16313 1 9
18644 1 9
64464 0 9
36558 1 9
2679 0 9
34152 0 9
7399 0 9
15453 1 9
40117 0 9
12506 0 9
39292 0 9
15633 0 9
50883 0 9
27119 0 9
9621 1 9
64143 0 9
32137 0 9
52857 1 9
30099 0 9
64466 1 9
3942 1 9
31517 1 9
3610 0 9
27900 0 9
26021 0 9
1306 0 9
65376 0 9
42019 1 9
31643 1 9
52338 1 9
23429 1 9
66282 1 9
15186 1 9
9918 1 9
63604 0 9
10183 0 9
30330 1 9
58434 0 9
36697 1 9
5065 0 9
52609 0 9
30407 0 9
22352 0 9
58445 1 9
35136 0 9
5298 1 9
36888 0 9
21319 1 9
59219 1 9
32005 1 9
14494 0 9
24536 1 9
63869 0 9
65400 0 9
59825 1 9
18615 0 9
33320 0 9
13346 1 9
53777 1 9
49136 1 9
22473 1 9
57080 1 9
28260 1 9
52861 1 9
51450 0 9
29066 0 9
62452 1 9
59037 1 9
63469 0 9
48928 1 9
63880 1 9
35342 0 9
32940 1 9
1194 0 9
55671 0 9
50825 1 9
40096 1 9
60021 0 9
25882 0 9
10799 1 9
47080 1 9
27989 0 9
63830 0 9
51180 0 9
41041 0 9
9352 1 9
11045 1 9
24287 0 9
53496 0 9
17823 1 9
30045 1 9
20353 0 9
61182 1 9
10112 0 9
64059 0 9
26357 0 9
18877 0 9
52234 1 9
9256 1 9
29708 1 9
59232 0 9
12862 1 9
5630 0 9
24163 1 9
23799 0 9
20143 0 9
42710 1 9
56288 1 9
23366 1 9
48212 1 9
60107 1 9
33994 0 9
14385 1 9
28321 0 9
45099 0 9
44192 0 9
30868 0 9
57910 1 9
3383 0 9
12896 0 9
63916 0 9
4050 0 9
21696 1 9
27149 1 9
31254 0 9
31037 1 9
33151 1 9
27285 1 9
14666 1 9
5019 1 9
30219 1 9
43451 1 9
53736 0 9
4611 1 9
38676 1 9
11956 0 9
18473 0 9
12078 0 9
57430 1 9
35990 1 9
57443 0 9
9546 1 9
34870 0 9
55866 1 9
64110 1 9
25625 0 9
55181 1 9
51945 1 9
31514 0 9
31968 1 9
65241 0 9
52619 1 9
7140 0 9
42820 0 9
32531 1 9
8880 1 9
10650 0 9
44434 1 9
13012 1 9
7221 1 9
2914 1 9
11969 1 9
57680 1 9
35445 0 9
26175 0 9
30797 0 9
9868 1 9
17708 1 9
32973 0 9
43374 0 9
44415 1 9
52660 0 9
13943 0 9
3982 1 9
3713 0 9
66329 0 9
45292 1 9
54143 0 9
5188 0 9
46704 1 9
30893 1 9
55031 1 9
50012 1 9
7851 0 9
55268 1 9
15499 1 9
29806 1 9
46089 1 9
7020 1 9
47770 0 9
5074 0 9
3928 0 9
62201 1 9
1609 1 9
61712 0 9
48403 1 9
48233 0 9
20639 0 9
14030 0 9
6898 0 9
56234 0 9
26214 1 9
38145 1 9
23296 0 9
20802 1 9
32890 0 9
22433 1 9
58688 0 9
15647 1 9
66414 1 9
44585 1 9
26855 1 9
25297 1 9
41887 0 9
55168 1 9
54965 0 9
45020 0 9
55275 1 9
53408 1 9
32119 1 9
57448 1 9
55898 1 9
22200 0 9
65042 0 9
16817 1 9
18191 0 9
44711 0 9
39909 1 9
61988 1 9
2392 0 9
52157 1 9
53023 1 9
59187 1 9
28426 1 9
63757 0 9
29578 0 9
12863 1 9
63404 0 9
27259 0 9
29075 0 9
54271 0 9
60710 1 9
31525 1 9
21333 0 9
26714 0 9
42121 0 9
19209 1 9
63504 0 9
66548 1 9
3258 0 9
58882 1 9
2212 1 9
6144 0 9
32964 1 9
36010 1 9
36780 1 9
48865 1 9
8379 1 9
39025 1 9
34089 0 9
23184 0 9
16586 1 9
64308 1 9
19301 1 9
4219 1 9
65641 1 9
44783 0 9
65972 0 9
7434 0 9
19785 0 9
61190 1 9
20525 1 9
34883 1 9
33771 0 9
23685 0 9
47192 1 9
54436 1 9
53602 1 9
5086 0 9
38370 1 9
58084 1 9
50970 0 9
30963 0 9
5679 1 9
50273 0 9
26675 0 9
49212 1 9
13512 1 9
2472 0 9
38553 1 9
48090 0 9
50239 1 9
35034 1 9
39040 1 9
59291 0 9
26508 0 9
20395 1 9
11375 1 9
29579 0 9
31132 1 9
9016 0 9
35746 1 9
29442 1 9
33465 0 9
59318 1 9
49472 1 9
31070 0 9
14277 1 9
41996 1 9
27984 0 9
61954 0 9
4194 1 9
33870 0 9
17023 1 9
48535 0 9
62713 1 9
65838 0 9
5641 0 9
31819 1 9
8623 0 9
5006 0 9
52912 1 9
29099 0 9
21851 0 9
15754 1 9
12498 0 9
20111 0 9
40612 1 9
65149 1 9
40160 1 9
28967 0 9
2843 1 9
51049 0 9
23757 0 9
15298 1 9
27576 0 9
14695 1 9
16420 1 9
25852 1 9
46151 0 9
62550 1 9
42110 1 9
24779 0 9
65774 0 9
11791 1 9
32780 0 9
12340 0 9
39103 1 9
20478 1 9
34607 0 9
51494 0 9
22602 0 9
39043 0 9
7423 1 9
45278 0 9
6299 0 9
19560 0 9
54038 1 9
18668 0 9
45856 1 9
53486 1 9
59566 0 9
66374 1 9
40471 0 9
38516 0 9
9497 0 9
21760 1 9
32797 1 9
53107 1 9
44357 1 9
14007 0 9
60176 0 9
57359 1 9
44039 1 9
35848 1 9
56112 0 9
60505 1 9
9266 0 9
42486 0 9
8472 0 9
7944 1 9
10587 0 9
61689 1 9
17902 0 9
56807 1 9
64966 1 9
53540 0 9
7161 0 9
10056 0 9
34856 1 9
1429 0 9
48798 1 9
64682 0 9
44726 1 9
54990 1 9
52025 0 9
59213 0 9
21721 0 9
52261 1 9
48570 0 9
7110 1 9
30468 0 9
6819 0 9
9858 0 9
54200 0 9
2014 1 9
54153 1 9
66054 0 9
9238 0 9
25016 1 9
47668 1 9
27322 0 9
31971 0 9
55805 0 9
27888 1 9
34136 0 9
27082 1 9
58137 0 9
17096 0 9
11353 0 9
17928 0 9
31086 0 9
18643 0 9
45564 0 9
27649 1 9
2821 0 9
11700 1 9
4474 0 9
39528 1 9
3605 0 9
829 0 9
24000 1 9
42728 0 9
41151 1 9
30960 1 9
5917 1 9
39204 1 9
61328 1 9
13731 1 9
23946 0 9
40859 0 9
36297 0 9
35799 0 9
47337 0 9
13055 1 9
29275 1 9
55115 0 9
7569 0 9
50232 0 9
42329 1 9
12749 0 9
36692 1 9
27174 0 9
7054 0 9
26073 1 9
9521 0 9
43833 1 9
17852 1 9
369 0 9
33509 0 9
64710 0 9
58409 1 9
21344 0 9
59334 1 9
24677 0 9
21527 0 9
49434 0 9
21759 1 9
7038 0 9
26022 0 9
19447 1 9
15202 1 9
14559 1 9
41074 0 9
59977 1 9
46974 1 9
55901 0 9
40667 1 9
14164 0 9
50656 0 9
2661 0 9
19990 1 9
49969 1 9
34690 1 9
41243 1 9
49735 1 9
17472 1 9
37004 0 9
5184 0 9
23848 0 9
30742 0 9
53087 1 9
31684 0 9
43998 1 9
13189 0 9
60782 1 9
1295 1 9
13792 0 9
34265 1 9
40212 0 9
59239 1 9
44376 1 9
24285 1 9
5007 0 9
48278 0 9
38225 1 9
22312 0 9
63065 1 9
14858 1 9
20489 1 9
20195 0 9
55793 0 9
2333 0 9
1691 1 9
53380 1 9
7898 0 9
44355 1 9
19032 0 9
3048 1 9
21772 0 9
18691 0 9
29799 1 9
5777 1 9
22648 1 9
47112 1 9
44011 1 9
16474 0 9
433 0 9
55449 0 9
7792 1 9
13096 1 9
45918 1 9
6681 0 9
26354 0 9
66343 1 9
30103 0 9
25464 1 9
7908 1 9
45702 0 9
40379 0 9
46787 1 9
34140 0 9
58612 1 9
4696 0 9
60961 1 9
9164 0 9
11991 0 9
56399 1 9
8724 0 9
12250 1 9
58132 1 9
16437 1 9
11598 0 9
11233 0 9
44119 1 9
4590 0 9
61989 0 9
58417 1 9
13583 1 9
36966 1 9
35525 0 9
54249 1 9
7628 0 9
53104 0 9
56171 0 9
41948 1 9
2227 1 9
4053 1 9
32542 0 9
54141 1 9
55311 1 9
22287 1 9
51194 1 9
63485 1 9
51044 1 9
45444 0 9
15889 1 9
62692 0 9
14828 0 9
54403 1 9
52389 1 9
39004 0 9
6364 0 9
43996 1 9
65731 1 9
11669 0 9
54078 1 9
54291 0 9
10842 0 9
40072 1 9
2766 0 9
65203 1 9
11292 1 9
2814 1 9
12058 0 9
52601 0 9
47648 1 9
54376 1 9
14487 0 9
27295 0 9
23808 0 9
31462 0 9
40401 1 9
48416 0 9
21052 1 9
36317 0 9
63183 0 9
24784 1 9
29991 0 9
30286 1 9
62583 1 9
7043 1 9
25892 1 9
41785 0 9
41876 0 9
11970 1 9
55339 1 9
11546 1 9
24118 1 9
38825 0 9
5148 1 9
14997 0 9
51313 1 9
9590 1 9
30795 1 9
794 0 9
42614 1 9
59363 0 9
10091 0 9
34283 0 9
44736 0 9
55297 0 9
11630 0 9
39884 0 9
30585 1 9
11169 1 9
48194 0 9
10410 1 9
28338 0 9
25335 0 9
51462 0 9
46162 0 9
32077 0 9
32190 1 9
58124 1 9
3988 1 9
19500 0 9
43030 0 9
53508 0 9
53195 0 9
52427 1 9
10499 0 9
9563 1 9
7207 0 9
19165 1 9
22814 1 9
13192 1 9
34348 1 9
43455 1 9
55953 0 9
43219 0 9
39301 0 9
11125 1 9
2944 0 9
30849 0 9
19565 1 9
41341 1 9
25 1 9
59468 1 9
64373 0 9
40953 1 9
7539 1 9
41998 0 9
28159 0 9
37057 1 9
54154 1 9
11577 1 9
40644 1 9
50524 1 9
57703 1 9
38565 1 9
22502 0 9
61162 1 9
11207 1 9
65768 1 9
26201 1 9
65272 1 9
10972 0 9
6257 1 9
49851 0 9
26495 1 9
10846 0 9
15701 1 9
17496 0 9
4388 0 9
62961 0 9
41652 0 9
57035 0 9
33304 0 9
61141 0 9
23936 1 9
47720 1 9
55676 1 9
10163 0 9
26547 1 9
37082 1 9
40734 1 9
2414 1 9
19371 1 9
11155 0 9
32263 1 9
9957 0 9
7143 1 9
38156 1 9
24819 0 9
21098 0 9
22082 0 9
40436 1 9
20276 0 9
28353 0 9
55100 0 9
46713 1 9
43059 1 9
13720 0 9
45590 1 9
16928 1 9
23932 1 9
10582 1 9
30635 1 9
38665 0 9
56372 0 9
28084 0 9
59624 1 9
17396 1 9
20458 1 9
1882 1 9
57653 0 9
9708 1 9
51980 1 9
64521 1 9
2133 1 9
32192 0 9
14889 1 9
42532 1 9
63854 0 9
58808 0 9
29079 0 9
3820 0 9
9173 1 9
29191 0 9
40082 0 9
51097 0 9
41860 0 9
1241 0 9
46543 0 9
29655 0 9
43524 0 9
47657 1 9
21124 1 9
57174 0 9
46141 1 9
18668 1 9
37674 0 9
7837 0 9
58304 0 9
10562 1 9
1806 0 9
52036 1 9
42593 0 9
16724 0 9
10790 0 9
8503 1 9
61419 1 9
55987 0 9
8481 0 9
12080 1 9
65200 1 9
27578 1 9
36281 1 9
55104 1 9
61835 0 9
29931 0 9
39905 1 9
18282 0 9
24217 1 9
33887 0 9
10918 1 9
11712 1 9
23360 0 9
19257 0 9
5061 0 9
49434 1 9
45367 1 9
14275 1 9
7275 0 9
29126 0 9
30416 0 9
43142 1 9
18743 0 9
8728 1 9
28102 0 9
22788 0 9
61698 1 9
47175 0 9
49935 0 9
19890 1 9
39826 1 9
1262 0 9
61621 0 9
127 0 9
63772 1 9
28275 1 9
11928 0 9
31764 0 9
62246 0 9
52927 1 9
25566 1 9
6368 0 9
32989 0 9
29238 0 9
19951 0 9
63028 0 9
55044 0 9
11992 1 9
58201 0 9
38201 0 9
31767 1 9
37160 1 9
48990 0 9
30735 1 9
53733 1 9
45133 1 9
34611 1 9
23027 1 9
8726 0 9
60195 1 9
44091 1 9
53967 1 9
27986 1 9
66581 1 9
8909 0 9
65449 1 9
58800 0 9
64476 0 9
24115 1 9
24941 1 9
60604 0 9
38408 0 9
44973 0 9
60835 0 9
42072 1 9
50342 1 9
22540 1 9
10119 0 9
35276 1 9
62237 1 9
10134 0 9
5602 0 9
2614 0 9
43759 0 9
3135 1 9
49630 0 9
62636 0 9
106 1 9
39555 0 9
35135 0 9
35651 0 9
59308 0 9
58996 1 9
34307 0 9
39080 1 9
36167 0 9
7590 1 9
48069 1 9
2064 0 9
25380 1 9
31756 0 9
7723 0 9
47351 1 9
44777 1 9
41206 1 9
14500 1 9
3530 1 9
56241 0 9
8003 1 9
17791 0 9
42885 1 9
13889 1 9
4467 0 9
26647 0 9
48013 1 9
41988 1 9
63987 1 9
34309 1 9
54420 0 9
24222 1 9
50770 1 9
3766 0 9
55352 1 9
5239 1 9
57752 0 9
10639 0 9
37790 0 9
31415 0 9
60037 0 9
60768 0 9
44223 0 9
66397 1 9
25527 1 9
7497 0 9
16615 0 9
6315 0 9
630 1 9
24765 1 9
2138 0 9
11393 0 9
50797 1 9
27462 1 9
15850 0 9
21745 0 9
56472 0 9
5892 1 9
8826 0 9
28333 0 9
42059 1 9
19222 0 9
39778 1 9
62499 1 9
64410 1 9
60292 0 9
8816 1 9
42475 0 9
59603 1 9
33619 1 9
40852 0 9
21478 1 9
18489 0 9
62540 0 9
28969 1 9
20823 1 9
17623 0 9
50274 1 9
21259 1 9
5289 1 9
52310 0 9
5331 0 9
10013 1 9
16238 1 9
34636 0 9
25505 0 9
31087 0 9
60227 0 9
4610 0 9
52744 1 9
32061 0 9
460 0 9
14853 1 9
62409 0 9
36123 0 9
50999 1 9
29006 1 9
4651 1 9
22091 1 9
46246 0 9
60850 0 9
10924 0 9
59605 0 9
2755 1 9
7830 0 9
52944 1 9
64598 0 9
59963 0 9
40630 0 9
30209 0 9
34678 1 9
56744 1 9
39647 1 9
64103 0 9
32307 0 9
34362 0 9
43629 1 9
34193 1 9
40265 0 9
27444 1 9
29294 1 9
4714 1 9
5969 1 9
28674 0 9
49827 1 9
23633 0 9
58775 1 9
31317 0 9
31061 1 9
15547 1 9
6012 1 9
50723 1 9
30260 1 9
21756 0 9
36806 0 9
57327 1 9
6534 0 9
48293 0 9
36959 1 9
5823 0 9
585 1 9
15313 1 9
14042 0 9
9211 0 9
40420 0 9
45307 1 9
39846 1 9
24022 0 9
65888 0 9
12067 0 9
18117 0 9
34984 0 9
47682 0 9
43622 1 9
63167 0 9
46277 1 9
22571 0 9
62496 0 9
10638 1 9
21172 1 9
8827 0 9
48850 1 9
45307 0 9
22670 1 9
60108 1 9
41852 1 9
4350 1 9
28625 1 9
55007 1 9
64782 0 9
64588 1 9
32654 1 9
23289 1 9
3783 1 9
36803 1 9
30644 1 9
37572 0 9
39753 0 9
27374 1 9
65841 0 9
3188 1 9
23855 0 9
41368 0 9
16032 1 9
62380 1 9
46801 0 9
11299 1 9
54984 0 9
53530 1 9
21960 1 9
7366 0 9
37402 0 9
18260 1 9
45414 0 9
17754 0 9
41120 0 9
60803 0 9
61005 0 9
25096 0 9
1672 1 9
7271 0 9
4018 0 9
38443 1 9
65271 1 9
19927 1 9
26589 0 9
24899 0 9
35953 0 9
5610 0 9
50720 0 9
8565 1 9
31062 0 9
57811 1 9
13755 1 9
31349 1 9
51838 1 9
8590 1 9
13296 0 9
1156 1 9
44219 0 9
611 0 9
34097 0 9
40078 0 9
13334 1 9
60755 0 9
2337 0 9
62640 0 9
36472 0 9
5491 0 9
54173 1 9
29539 0 9
31006 1 9
53732 1 9
1939 1 9
52007 1 9
9971 1 9
41243 0 9
37739 0 9
53986 1 9
6886 0 9
20219 1 9
21857 0 9
4684 1 9
889 0 9
59921 1 9
41540 1 9
21470 0 9
23668 0 9
13207 1 9
49303 1 9
54589 1 9
40296 0 9
13811 1 9
7392 1 9
40854 1 9
32533 0 9
56617 1 9
17386 0 9
32898 0 9
36367 1 9
57378 1 9
39381 0 9
18750 0 9
35727 0 9
2514 1 9
61931 1 9
43866 0 9
54584 0 9
2697 0 9
32785 1 9
65377 0 9
13767 1 9
9255 0 9
1425 0 9
20845 0 9
28004 0 9
21409 1 9
45574 1 9
33651 0 9
55309 0 9
46854 0 9
47553 1 9
35258 1 9
34470 0 9
20264 1 9
3033 1 9
41414 0 9
56294 0 9
63983 1 9
61314 0 9
32517 0 9
35846 0 9
55651 0 9
20335 1 9
38998 1 9
61250 0 9
59476 1 9
28853 0 9
52359 0 9
51292 1 9
16795 0 9
21078 0 9
50693 0 9
51996 1 9
45446 0 9
21234 0 9
49651 1 9
14177 0 9
56407 0 9
29187 0 9
62263 0 9
35433 0 9
19496 0 9
48627 0 9
38910 1 9
44209 1 9
15771 0 9
11185 1 9
2404 0 9
30821 0 9
47807 1 9
25426 0 9
61599 1 9
66097 1 9
13423 0 9
59614 0 9
35061 0 9
36129 1 9
7415 0 9
36421 0 9
22385 1 9
61408 1 9
64929 0 9
12772 0 9
58112 1 9
42398 0 9
60402 0 9
38744 1 9
22653 0 9
60863 0 9
34763 0 9
65911 0 9
61034 0 9
25389 0 9
25758 0 9
7460 1 9
13720 1 9
18589 1 9
39592 1 9
248 1 9
19128 0 9
935 1 9
24526 1 9
51947 1 9
53693 1 9
30807 1 9
60667 1 9
30378 1 9
66179 0 9
43344 1 9
61850 0 9
46745 1 9
28807 1 9
64214 0 9
34511 1 9
2429 0 9
49966 0 9
34327 0 9
12158 0 9
21997 1 9
45661 1 9
36193 1 9
37193 1 9
29013 1 9
21010 0 9
46731 0 9
48262 0 9
254 0 9
51247 1 9
50071 1 9
16512 1 9
58087 0 9
50537 0 9
56608 1 9
4716 1 9
13888 1 9
58431 0 9
19539 1 9
38719 0 9
50567 1 9
52090 1 9
17724 1 9
34538 1 9
2034 1 9
28155 0 9
48300 0 9
45653 1 9
22566 0 9
40827 0 9
43711 0 9
36597 1 9
55487 1 9
57397 1 9
51030 0 9
4409 1 9
26413 0 9
54787 1 9
29482 1 9
27047 0 9
48036 0 9
46410 1 9
62846 0 9
61384 1 9
11405 0 9
5469 1 9
65244 1 9
18599 0 9
32902 0 9
37509 0 9
16126 1 9
983 1 9
2494 0 9
4822 1 9
31635 1 9
40697 0 9
58647 1 9
23938 0 9
24017 1 9
45083 0 9
43471 1 9
2045 1 9
45781 1 9
3969 1 9
56580 1 9
14957 1 9
473 0 9
59439 0 9
34063 1 9
16099 1 9
59016 1 9
31593 1 9
21229 0 9
46029 1 9
27077 1 9
16737 1 9
50133 0 9
27871 1 9
15691 1 9
42482 0 9
7820 1 9
49385 1 9
24370 0 9
18148 0 9
45025 0 9
57165 0 9
32234 1 9
64974 1 9
63570 1 9
36868 1 9
27249 1 9
5909 1 9
62760 1 9
8941 0 9
3232 1 9
44733 1 9
19710 0 9
38106 1 9
15971 0 9
58411 0 9
8306 0 9
61732 0 9
3095 0 9
24323 0 9
28057 1 9
26771 0 9
42030 0 9
47948 0 9
10195 0 9
33098 0 9
49840 0 9
50193 0 9
51212 0 9
37233 0 9
37971 0 9
5570 0 9
55064 0 9
56056 1 9
41538 0 9
63345 0 9
43553 0 9
3682 0 9
40387 0 9
21818 1 9
35301 1 9
50168 1 9
22987 0 9
53773 1 9
62077 1 9
51415 1 9
38597 1 9
59940 1 9
53560 0 9
6926 0 9
54075 1 9
43919 1 9
967 0 9
63264 1 9
53453 0 9
3621 1 9
54309 0 9
21554 0 9
25168 0 9
40445 1 9
36075 0 9
21055 0 9
22620 1 9
20675 1 9
64027 1 9
2230 0 9
7762 0 9
9377 0 9
25332 1 9
16173 1 9
196 1 9
25967 1 9
46095 0 9
16480 1 9
7546 1 9
57002 1 9
9262 0 9
14646 1 9
55995 0 9
4719 1 9
14544 1 9
64240 1 9
14045 0 9
28700 1 9
7488 0 9
46327 1 9
42883 0 9
5059 1 9
46108 0 9
57084 1 9
11064 1 9
21539 0 9
34376 1 9
32114 0 9
26240 0 9
8359 0 9
26688 0 9
10406 1 9
56526 1 9
61158 1 9
23502 0 9
40633 0 9
57381 1 9
57699 1 9
3217 0 9
39766 1 9
24299 0 9
54281 0 9
50973 1 9
8746 0 9
56662 0 9
48866 1 9
699 0 9
52951 1 9
36044 0 9
39739 1 9
29168 1 9
12035 0 9
61331 0 9
14830 1 9
19716 1 9
55210 0 9
48355 0 9
40785 1 9
32143 1 9
62046 1 9
4825 0 9
60618 1 9
65733 0 9
26958 0 9
3681 0 9
23534 0 9
29602 0 9
15830 0 9
38673 0 9
51532 1 9
39287 1 9
22206 1 9
50305 1 9
19663 0 9
59691 1 9
13152 1 9
56113 1 9
17139 0 9
3288 0 9
9012 0 9
22604 1 9
20196 1 9
35813 1 9
65708 1 9
17050 1 9
36666 1 9
22607 1 9
46915 0 9
32558 0 9
38950 1 9
44370 0 9
54201 1 9
40352 0 9
3079 0 9
49593 0 9
23872 1 9
57853 0 9
10351 1 9
30412 0 9
13111 0 9
61370 0 9
31126 0 9
51328 0 9
45875 1 9
13935 0 9
46660 1 9
19486 1 9
42254 1 9
19129 1 9
57857 0 9
19562 0 9
25124 0 9
55950 1 9
42218 1 9
61687 0 9
21746 0 9
10769 0 9
47416 0 9
32829 1 9
51117 0 9
51186 1 9
59419 0 9
53903 1 9
25428 1 9
54454 1 9
2149 1 9
48310 1 9
12341 0 9
39231 1 9
10927 0 9
50520 1 9
42864 1 9
12620 1 9
19122 1 9
17906 0 9
9193 1 9
52476 0 9
5281 1 9
5197 0 9
59131 1 9
43671 1 9
41007 0 9
38419 1 9
53160 0 9
39143 1 9
40579 1 9
38689 0 9
22983 0 9
9480 0 9
40408 1 9
57456 1 9
61571 1 9
62359 0 9
66300 0 9
6705 1 9
25137 0 9
48340 0 9
28766 0 9
60555 1 9
65327 1 9
63 0 9
59433 1 9
58348 0 9
50056 1 9
37749 0 9
10989 1 9
65463 0 9
13338 1 9
57461 1 9
9744 1 9
9426 1 9
60131 1 9
15658 1 9
28643 0 9
24374 0 9
32861 1 9
18702 0 9
66240 1 9
54957 0 9
27291 0 9
15145 0 9
878 0 9
18538 1 9
6972 1 9
14554 0 9
26273 1 9
32266 1 9
47133 1 9
27251 0 9
10219 0 9
38490 1 9
21795 1 9
53394 0 9
12206 0 9
58989 1 9
54873 0 9
33040 1 9
30001 1 9
35019 1 9
52708 0 9
15855 0 9
31370 1 9
23573 0 9
8874 0 9
17906 1 9
34214 1 9
1421 0 9
44944 0 9
44841 1 9
24549 0 9
22961 1 9
46445 1 9
23970 0 9
1977 0 9
6238 1 9
12297 0 9
61305 1 9
61310 1 9
29859 0 9
40158 0 9
18223 0 9
18953 0 9
45752 1 9
45562 1 9
32217 0 9
65152 1 9
47265 0 9
35904 1 9
9346 0 9
25020 0 9
51409 1 9
17545 0 9
31173 0 9
361 0 9
48462 1 9
65420 0 9
36860 1 9
9285 0 9
59106 0 9
54665 1 9
16268 1 9
52950 0 9
37494 1 9
66022 0 9
21821 1 9
739 0 9
17502 0 9
20311 1 9
49418 1 9
43035 1 9
8032 0 9
43504 1 9
2578 1 9
57302 1 9
32854 1 9
20631 0 9
23070 0 9
59414 0 9
25130 1 9
20427 1 9
18327 1 9
42278 1 9
3195 1 9
34733 1 9
40073 1 9
56054 0 9
5902 0 9
60891 0 9
5648 0 9
40372 0 9
21309 0 9
58301 0 9
17450 0 9
46873 0 9
28873 0 9
37453 1 9
30013 1 9
31297 0 9
44509 0 9
1166 0 9
26993 0 9
18023 1 9
17318 0 9
18002 1 9
22301 0 9
838 0 9
43969 0 9
29631 0 9
45814 0 9
47502 1 9
39732 0 9
28193 1 9
368 1 9
10788 1 9
15214 1 9
26129 1 9
63059 0 9
3652 1 9
11952 0 9
44715 0 9
32373 1 9
48369 1 9
9133 1 9
49614 0 9
25999 1 9
25618 1 9
42260 0 9
63107 0 9
56652 1 9
38495 0 9
5115 1 9
7340 1 9
28380 0 9
54651 0 9
8047 1 9
2548 0 9
10124 0 9
33948 1 9
51109 0 9
6113 0 9
53761 1 9
20262 0 9
17559 0 9
26566 1 9
61612 0 9
13838 1 9
49927 0 9
62534 1 9
39569 1 9
34987 1 9
43492 0 9
63828 1 9
52191 0 9
57737 0 9
62387 0 9
42561 0 9
27347 1 9
31193 0 9
47290 1 9
27598 1 9
58621 0 9
1607 0 9
49775 1 9
5611 1 9
50464 1 9
14860 0 9
25053 0 9
66095 0 9
14462 0 9
54935 1 9
64106 1 9
26651 0 9
49046 0 9
57947 0 9
7771 0 9
23114 0 9
48245 0 9
10472 0 9
20522 1 9
56125 1 9
25962 0 9
46461 0 9
759 1 9
39673 1 9
44898 0 9
14888 1 9
57555 0 9
50192 1 9
47581 1 9
3758 1 9
35823 1 9
53144 0 9
10810 0 9
56968 0 9
45103 0 9
3486 1 9
53665 1 9
27015 1 9
24665 0 9
30501 1 9
42000 1 9
34947 1 9
27244 1 9
28811 1 9
43744 1 9
56323 1 9
10404 0 9
42186 1 9
21937 1 9
24962 0 9
26079 1 9
59048 1 9
46652 1 9
20637 1 9
58328 0 9
12714 1 9
10318 0 9
53493 0 9
13376 0 9
55626 0 9
55893 0 9
29295 1 9
54848 1 9
34022 0 9
9429 0 9
18530 1 9
52955 1 9
31083 0 9
37841 0 9
65579 0 9
4662 1 9
46836 0 9
28849 0 9
56479 0 9
17547 1 9
60084 1 9
37599 0 9
63143 0 9
31556 1 9
19855 1 9
52259 0 9
17961 0 9
7007 1 9
36143 0 9
28174 0 9
56792 0 9
955 1 9
12918 0 9
24679 1 9
63488 0 9
34197 1 9
13321 0 9
47362 1 9
38618 0 9
2285 0 9
16758 1 9
16070 1 9
10822 0 9
49828 0 9
31442 1 9
2807 1 9
31591 1 9
27100 0 9
24857 1 9
23280 0 9
26888 1 9
51567 1 9
60953 0 9
44508 0 9
27925 0 9
17872 1 9
41536 1 9
35725 1 9
18521 0 9
39930 1 9
44773 1 9
22326 1 9
7624 0 9
36708 1 9
63791 1 9
21718 1 9
10733 0 9
31414 1 9
30699 1 9
61011 1 9
15810 1 9
18186 1 9
5278 1 9
28266 0 9
62549 0 9
49473 1 9
23480 1 9
32629 0 9
30674 0 9
44305 1 9
32221 0 9
46885 0 9
45785 1 9
40726 1 9
65627 0 9
35057 0 9
52185 1 9
61251 0 9
18309 0 9
37835 1 9
57426 1 9
48710 1 9
9101 1 9
51412 1 9
46026 1 9
11610 0 9
46627 0 9
52079 1 9
33695 0 9
16092 0 9
39081 1 9
4222 1 9
47511 0 9
52232 0 9
21110 0 9
44596 0 9
27816 1 9
49720 0 9
27190 0 9
16277 1 9
21317 0 9
5327 0 9
19690 0 9
27053 0 9
27321 1 9
32554 0 9
41357 1 9
3342 1 9
6114 1 9
14594 0 9
13655 1 9
57341 0 9
48564 1 9
22751 1 9
40715 1 9
27112 0 9
27758 0 9
35170 1 9
17224 0 9
32848 0 9
8166 1 9
17070 1 9
63764 1 9
1692 1 9
61204 0 9
55056 0 9
57241 0 9
27408 1 9
49949 1 9
11929 1 9
56712 1 9
28975 0 9
11326 1 9
46311 1 9
488 0 9
11297 0 9
46587 0 9
23513 1 9
5168 0 9
1559 0 9
34135 1 9
42918 0 9
14356 0 9
22479 0 9
9056 0 9
3983 0 9
25350 0 9
37394 1 9
27424 0 9
31648 1 9
2542 0 9
35995 1 9
46748 1 9
63187 0 9
14509 0 9
7657 1 9
46515 1 9
26162 1 9
40162 0 9
60419 0 9
56048 1 9
26519 1 9
43324 1 9
13880 1 9
29639 0 9
62147 0 9
39975 0 9
7469 0 9
51485 0 9
35087 0 9
25498 1 9
27958 1 9
50183 1 9
64930 1 9
22289 0 9
26424 1 9
749 1 9
9966 1 9
56374 1 9
2407 1 9
51792 1 9
2107 0 9
31215 1 9
11718 0 9
14992 1 9
30938 1 9
35877 0 9
1855 1 9
51506 0 9
33356 0 9
46589 1 9
34128 0 9
62150 1 9
53469 0 9
23192 0 9
32670 0 9
933 0 9
17736 1 9
50156 1 9
50265 1 9
54921 0 9
51944 1 9
20908 0 9
46140 0 9
31502 0 9
49509 1 9
2160 1 9
53724 1 9
28998 1 9
30141 0 9
13899 0 9
39861 1 9
33011 1 9
17821 1 9
14065 1 9
19224 1 9
53955 1 9
56863 1 9
11007 0 9
36356 1 9
42580 0 9
63988 0 9
18698 0 9
24271 0 9
44424 1 9
41135 1 9
11832 0 9
64396 0 9
43039 1 9
1950 1 9
60441 0 9
34302 1 9
61446 0 9
20492 0 9
24839 0 9
6644 0 9
50349 1 9
52863 0 9
47902 1 9
4977 1 9
16383 0 9
51596 0 9
8470 1 9
40415 0 9
45290 0 9
26000 0 9
3705 0 9
14140 1 9
38554 1 9
39814 1 9
32725 1 9
64957 1 9
31479 0 9
26989 0 9
17017 0 9
1995 1 9
9664 1 9
41456 1 9
4920 0 9
16717 1 9
39049 1 9
65748 1 9
58773 0 9
21549 1 9
7300 1 9
33956 1 9
37329 0 9
44621 0 9
37693 1 9
27159 0 9
21836 0 9
1810 0 9
18005 0 9
11149 0 9
14092 1 9
45495 0 9
43152 0 9
50864 0 9
14751 0 9
32122 0 9
17090 1 9
6771 0 9
58488 0 9
11635 1 9
34910 0 9
55823 1 9
38803 1 9
4478 0 9
37421 0 9
53533 0 9
12838 1 9
5651 1 9
21722 0 9
1830 0 9
58738 1 9
58443 0 9
36253 1 9
14377 1 9
13510 0 9
29034 1 9
31365 1 9
19558 1 9
57098 0 9
19498 1 9
26576 0 9
6231 1 9
28329 0 9
8289 1 9
27660 0 9
20577 1 9
19909 0 9
63236 1 9
16300 0 9
36531 0 9
6398 0 9
2798 0 9
65433 0 9
57162 0 9
32827 0 9
23692 0 9
27777 1 9
34125 0 9
4126 0 9
30564 1 9
51573 0 9
45309 1 9
46015 0 9
5176 0 9
60624 0 9
18295 1 9
7643 0 9
35372 1 9
15472 1 9
29137 1 9
3275 1 9
39758 1 9
24448 1 9
25275 0 9
45030 1 9
23555 1 9
64450 1 9
44925 0 9
58130 0 9
30155 0 9
10923 1 9
3437 1 9
48039 0 9
46061 1 9
42120 0 9
50696 0 9
44880 1 9
47027 0 9
41962 0 9
35785 1 9
62252 1 9
7746 1 9
60551 1 9
43809 1 9
15940 1 9
837 0 9
40298 1 9
4789 0 9
18077 1 9
13235 1 9
53204 0 9
50282 1 9
9351 1 9
20494 1 9
61646 1 9
20734 0 9
56493 1 9
5030 0 9
23677 0 9
61786 1 9
36275 0 9
47364 0 9
44911 1 9
6340 1 9
2589 1 9
34234 1 9
41283 1 9
45557 1 9
33841 1 9
24018 0 9
6246 1 9
52485 0 9
1401 0 9
47740 1 9
45678 0 9
51187 0 9
36050 1 9
34725 1 9
12785 0 9
51580 1 9
4645 0 9
3800 0 9
42057 0 9
27746 0 9
59904 0 9
46457 0 9
2981 1 9
56604 1 9
6462 0 9
20041 1 9
21507 0 9
51169 0 9
39190 0 9
9192 1 9
11251 1 9
43754 1 9
38909 1 9
65615 0 9
17359 1 9
37039 0 9
56862 1 9
42656 0 9
17394 0 9
43190 1 9
40454 0 9
32752 0 9
41028 1 9
8895 1 9
19720 1 9
42007 1 9
388 1 9
19006 1 9
6653 0 9
19320 0 9
63794 0 9
57360 0 9
27829 0 9
47660 1 9
9511 1 9
29014 1 9
58342 1 9
55727 1 9
46925 0 9
15630 1 9
16354 0 9
22088 1 9
50613 0 9
15603 1 9
12523 0 9
18190 1 9
44064 0 9
13127 1 9
8226 1 9
11088 1 9
52019 1 9
26494 0 9
18474 1 9
15336 0 9
54548 0 9
15508 1 9
46170 0 9
38425 0 9
63943 1 9
24706 1 9
43689 1 9
19305 0 9
3582 0 9
24089 0 9
63777 1 9
47736 1 9
16040 1 9
30624 1 9
26703 0 9
28940 0 9
39486 1 9
21989 1 9
28394 0 9
59360 0 9
32325 1 9
47754 0 9
46795 1 9
24852 1 9
20325 0 9
49979 0 9
360 1 9
28953 0 9
52562 1 9
49817 1 9
45780 1 9
29076 0 9
21208 1 9
19465 1 9
3328 0 9
10850 1 9
28290 0 9
41803 0 9
19328 1 9
63972 0 9
16363 0 9
10320 1 9
5962 0 9
10505 1 9
63103 0 9
1277 1 9
22404 0 9
13179 1 9
22971 0 9
1423 1 9
64933 0 9
65245 0 9
64342 1 9
44704 0 9
45452 1 9
39988 1 9
27773 1 9
64583 0 9
65176 1 9
64729 1 9
25187 0 9
51591 1 9
28482 1 9
28810 1 9
49603 0 9
18392 1 9
36581 0 9
46957 1 9
27109 1 9
14034 0 9
6490 0 9
52049 0 9
38332 1 9
57941 1 9
66081 1 9
11416 0 9
50214 1 9
7860 1 9
22733 0 9
52502 1 9
45629 1 9
37996 0 9
2780 0 9
24872 1 9
5979 0 9
58789 0 9
38277 0 9
59581 0 9
20544 1 9
7304 1 9
44082 1 9
34604 0 9
15266 1 9
44824 1 9
37423 1 9
14231 1 9
4154 0 9
59317 1 9
51738 1 9
1520 0 9
6979 1 9
64316 1 9
882 1 9
11026 1 9
18721 1 9
20927 0 9
12238 0 9
50116 1 9
46258 0 9
55345 0 9
16858 0 9
52921 1 9
5360 0 9
21058 0 9
5013 0 9
65128 0 9
66578 0 9
52710 0 9
48884 0 9
6757 1 9
36426 0 9
20911 1 9
3630 0 9
63129 1 9
33069 0 9
9430 0 9
46771 1 9
64345 0 9
36074 1 9
47926 1 9
5946 0 9
3533 1 9
42262 1 9
31754 1 9
11246 0 9
49655 1 9
62415 1 9
29666 0 9
49297 0 9
19921 1 9
28051 0 9
6460 1 9
21654 0 9
5383 0 9
42297 1 9
31741 0 9
16048 1 9
237 1 9
51303 0 9
19432 0 9
8627 0 9
65905 0 9
43508 0 9
63255 0 9
42827 0 9
27722 0 9
49174 1 9
14543 1 9
56714 0 9
10868 0 9
816 1 9
35541 0 9
1161 1 9
14791 0 9
34603 0 9
45169 1 9
29930 1 9
44621 1 9
54238 0 9
45126 1 9
11313 0 9
38462 1 9
60627 1 9
61894 0 9
36374 0 9
54790 0 9
38527 0 9
31804 0 9
30886 1 9
15785 1 9
22525 1 9
2104 0 9
22831 0 9
12895 0 9
18138 0 9
31177 0 9
6326 0 9
26643 0 9
9770 0 9
51408 1 9
57396 0 9
61295 0 9
2319 1 9
51098 1 9
6399 0 9
31700 0 9
14886 0 9
35337 1 9
48857 0 9
11466 1 9
2098 0 9
60737 0 9
59904 1 9
38141 1 9
5043 0 9
4104 1 9
54466 1 9
52748 0 9
33160 0 9
9019 1 9
24580 0 9
50240 0 9
28058 1 9
15591 1 9
66160 1 9
804 1 9
853 0 9
959 1 9
66346 1 9
66326 1 9
22583 1 9
57784 0 9
27316 1 9
44830 0 9
11777 0 9
30836 0 9
16538 1 9
7961 0 9
10115 0 9
53001 0 9
32761 0 9
36628 0 9
53593 0 9
12611 0 9
35224 0 9
64972 0 9
18676 1 9
10503 1 9
44426 0 9
42988 1 9
40485 1 9
56191 1 9
28244 1 9
44441 0 9
47747 1 9
16584 0 9
31786 1 9
47649 1 9
6146 0 9
8940 0 9
64293 0 9
45712 1 9
65307 1 9
62541 0 9
1276 1 9
65186 0 9
42735 0 9
13649 0 9
54356 1 9
52258 1 9
57091 0 9
40613 0 9
26461 0 9
55979 0 9
14254 1 9
22434 1 9
45245 1 9
55209 1 9
35580 0 9
35595 1 9
55602 1 9
35590 1 9
56745 0 9
13681 0 9
23409 1 9
33898 0 9
12605 1 9
37547 0 9
50993 0 9
66171 0 9
29508 0 9
21318 1 9
53637 1 9
42546 0 9
44371 0 9
59305 1 9
1806 1 9
5349 1 9
17776 1 9
18740 1 9
4420 1 9
1451 1 9
22380 0 9
58689 0 9
56811 1 9
42776 0 9
55348 0 9
45298 0 9
11764 1 9
22715 1 9
30537 1 9
30793 0 9
26544 0 9
30587 0 9
23809 1 9
61416 1 9
3323 1 9
53703 0 9
62180 0 9
35997 0 9
52008 1 9
54458 1 9
49885 1 9
61858 0 9
1663 0 9
57755 1 9
57767 1 9
40712 1 9
13752 0 9
11270 0 9
45897 0 9
47412 0 9
16511 1 9
21936 0 9
7743 0 9
49952 1 9
1527 0 9
59832 0 9
5975 0 9
6017 0 9
66286 1 9
19638 0 9
11856 0 9
51642 1 9
53559 1 9
42537 0 9
52878 0 9
18940 0 9
51678 1 9
44720 0 9
8209 1 9
26941 0 9
37215 0 9
15301 1 9
40513 1 9
25206 1 9
52426 0 9
64110 0 9
55844 0 9
25719 0 9
66479 0 9
14727 1 9
5294 1 9
57097 1 9
37602 1 9
10863 1 9
53233 1 9
51094 0 9
12482 1 9
30517 1 9
46293 0 9
53508 1 9
32514 0 9
11813 0 9
47390 1 9
34756 0 9
33722 1 9
34336 1 9
66291 1 9
46474 1 9
3749 0 9
25803 0 9
53037 0 9
27640 1 9
47989 1 9
55374 0 9
40769 0 9
51346 1 9
64088 0 9
44313 1 9
57526 1 9
48787 1 9
61812 1 9
33360 1 9
37368 0 9
56002 1 9
65477 1 9
29396 0 9
53939 1 9
61217 1 9
52985 0 9
9810 0 9
51215 0 9
55858 1 9
52228 0 9
46789 0 9
21852 0 9
59753 1 9
35501 0 9
44896 0 9
27995 1 9
59354 1 9
22181 0 9
17568 0 9
26298 0 9
34310 0 9
60437 1 9
54077 1 9
14032 1 9
28796 1 9
15827 0 9
66051 0 9
19263 1 9
46422 1 9
1554 1 9
12664 1 9
18718 0 9
44751 0 9
20542 1 9
34781 1 9
16060 1 9
65275 1 9
45007 1 9
45774 0 9
13708 1 9
12624 1 9
38800 0 9
37140 1 9
48231 1 9
13671 1 9
47504 0 9
66091 0 9
6204 0 9
36520 0 9
15881 1 9
8112 0 9
28943 1 9
62954 0 9
19399 1 9
4686 0 9
22779 1 9
63397 0 9
35728 0 9
38234 0 9
66290 0 9
51658 1 9
7118 1 9
7530 1 9
64542 1 9
57870 1 9
20625 1 9
22167 1 9
8137 0 9
64215 0 9
49801 1 9
52320 0 9
1318 0 9
39929 1 9
54012 0 9
2531 0 9
59659 1 9
29504 0 9
58575 1 9
57678 0 9
1919 1 9
60687 1 9
53328 1 9
65102 0 9
23358 0 9
28824 0 9
47861 0 9
44982 1 9
1513 1 9
23975 1 9
63218 0 9
13625 0 9
10904 0 9
45707 0 9
15032 1 9
27172 1 9
39977 1 9
45247 0 9
32356 0 9
36714 0 9
47573 1 9
31781 0 9
36502 1 9
39395 0 9
13358 1 9
60779 0 9
7921 0 9
40152 1 9
1774 0 9
54781 0 9
31199 1 9
22297 0 9
56951 0 9
42741 0 9
44021 0 9
22834 1 9
15627 1 9
44672 0 9
25136 0 9
4630 0 9
45403 1 9
38730 0 9
33491 0 9
59373 1 9
57683 1 9
41897 1 9
9575 0 9
22545 1 9
7877 0 9
61495 1 9
12849 1 9
48528 0 9
31151 1 9
55535 0 9
46960 0 9
32608 1 9
30554 0 9
31201 0 9
35012 0 9
24936 1 9
3499 0 9
14485 0 9
44065 0 9
44282 0 9
52517 0 9
18370 1 9
31390 1 9
28201 1 9
28657 1 9
43491 1 9
37410 1 9
