16666 54 4469
7751 1 9
9140 1 9
4522 1 9
8422 0 9
14859 1 9
600 1 9
12613 0 9
9501 1 9
336 1 9
4814 0 9
1812 0 9
14133 0 9
10574 0 9
6384 0 9
4835 1 9
8125 0 9
9272 0 9
511 0 9
13400 0 9
1475 1 9
2316 0 9
2766 1 9
1888 0 9
10408 1 9
775 1 9
1994 1 9
2171 0 9
5671 0 9
3659 1 9
1620 0 9
8244 0 9
11647 0 9
12355 0 9
2049 1 9
16522 0 9
11601 1 9
9946 1 9
3220 0 9
10962 0 9
10262 1 9
3648 0 9
9360 0 9
1829 1 9
6385 1 9
12658 1 9
10209 1 9
14774 1 9
3214 0 9
15300 0 9
13507 0 9
2194 1 9
12452 0 9
10088 0 9
11321 0 9
9828 0 9
8806 1 9
7312 0 9
6889 0 9
7558 0 9
1340 1 9
5370 0 9
7290 0 9
14784 1 9
11237 0 9
13716 1 9
954 1 9
2951 1 9
5155 0 9
7739 1 9
8759 1 9
10058 0 9
8944 0 9
12359 0 9
460 1 9
8370 0 9
4518 0 9
16591 1 9
15457 1 9
11205 1 9
2730 0 9
1366 1 9
15916 0 9
8941 1 9
5696 0 9
12578 0 9
1100 1 9
7016 0 9
9025 1 9
4011 0 9
279 1 9
16469 0 9
1751 0 9
4188 1 9
15474 0 9
537 0 9
10886 1 9
9305 0 9
2676 1 9
14022 1 9
8728 1 9
16325 1 9
3954 1 9
9622 0 9
14690 1 9
10295 0 9
14657 1 9
10928 0 9
2397 0 9
9557 1 9
14678 0 9
10485 0 9
3962 0 9
1092 1 9
16284 0 9
2134 0 9
1300 1 9
3682 1 9
5107 0 9
668 1 9
12139 0 9
10212 1 9
8897 0 9
10059 1 9
14286 1 9
5039 0 9
1652 0 9
10119 1 9
2258 0 9
911 0 9
14081 1 9
13976 1 9
2455 0 9
164 1 9
14423 0 9
173 0 9
5413 1 9
9207 0 9
13268 0 9
11435 0 9
2891 1 9
5806 0 9
12189 0 9
16424 0 9
3810 0 9
3348 0 9
13798 0 9
3915 1 9
5395 1 9
5072 0 9
8079 0 9
7789 1 9
10722 0 9
13860 1 9
12252 0 9
12932 1 9
6459 1 9
14599 1 9
16151 0 9
5685 1 9
11870 0 9
8920 0 9
12482 1 9
13504 1 9
14983 1 9
6236 0 9
361 0 9
7414 1 9
7047 1 9
7722 0 9
7602 1 9
3537 0 9
11907 1 9
5610 1 9
6006 1 9
8408 0 9
15711 0 9
12979 1 9
13865 1 9
6287 0 9
7849 1 9
9416 1 9
14394 1 9
984 0 9
292 1 9
5048 0 9
7740 1 9
14447 0 9
11083 1 9
12343 1 9
7965 0 9
15342 1 9
4886 0 9
12329 1 9
1569 1 9
2530 0 9
423 1 9
7633 0 9
13505 1 9
14624 1 9
6220 1 9
11503 0 9
15422 0 9
7641 1 9
10177 0 9
7985 0 9
15427 1 9
7559 0 9
5362 0 9
9198 0 9
15901 0 9
7008 1 9
1441 1 9
14762 1 9
4184 0 9
12222 1 9
774 1 9
9793 0 9
12229 0 9
14000 1 9
16043 0 9
15503 1 9
11942 1 9
9046 0 9
6016 1 9
13584 0 9
2717 1 9
14206 1 9
8025 0 9
7455 0 9
5045 1 9
9140 0 9
5611 1 9
6660 0 9
5886 1 9
14852 1 9
6263 0 9
9753 1 9
15380 0 9
3107 1 9
6333 0 9
6227 1 9
3562 0 9
2636 0 9
8878 0 9
7106 0 9
8665 0 9
16257 1 9
11026 1 9
5465 0 9
1514 1 9
3473 0 9
13797 0 9
8064 0 9
632 1 9
5226 1 9
16094 0 9
7908 1 9
7706 1 9
14314 1 9
3835 1 9
12470 1 9
6588 0 9
8315 1 9
10382 0 9
14923 0 9
7157 0 9
16114 0 9
7429 1 9
6990 0 9
14132 1 9
4338 0 9
5618 0 9
7330 1 9
15167 0 9
11195 1 9
1495 0 9
14554 1 9
8012 1 9
5471 0 9
5140 1 9
9054 0 9
15453 0 9
8582 1 9
375 0 9
3848 1 9
10314 0 9
10923 0 9
14390 0 9
3748 0 9
7213 0 9
4337 1 9
16377 1 9
244 0 9
11992 1 9
10637 1 9
4773 1 9
11821 1 9
14683 1 9
15018 1 9
13258 1 9
5973 1 9
12033 0 9
6324 0 9
13631 0 9
2271 0 9
3359 0 9
1013 1 9
11480 0 9
13511 1 9
9081 0 9
9639 1 9
11787 0 9
1197 1 9
10160 0 9
3544 1 9
16406 1 9
2181 1 9
14374 1 9
5673 1 9
11606 0 9
12574 1 9
7735 1 9
9477 0 9
3879 0 9
10685 0 9
4028 1 9
15856 0 9
7750 1 9
11638 0 9
14367 1 9
11651 0 9
15263 0 9
3852 0 9
8506 1 9
1487 1 9
2382 0 9
10737 1 9
14415 0 9
10615 0 9
3532 1 9
4805 1 9
8647 0 9
7266 1 9
300 1 9
10868 0 9
15953 0 9
14869 0 9
11590 0 9
10471 1 9
13641 1 9
435 0 9
16252 1 9
10797 0 9
12389 0 9
6923 1 9
5470 0 9
16262 0 9
14148 0 9
13122 0 9
12496 0 9
3509 0 9
7992 1 9
3042 0 9
7441 0 9
4519 0 9
4447 1 9
10054 1 9
2823 1 9
12662 0 9
8535 1 9
3760 0 9
2663 0 9
11481 0 9
6862 1 9
4122 1 9
4983 1 9
16064 1 9
16628 0 9
15149 1 9
6552 0 9
6604 1 9
14169 1 9
4065 1 9
16267 1 9
636 0 9
11002 1 9
15865 0 9
15477 1 9
1713 1 9
1897 1 9
13682 0 9
943 1 9
6254 1 9
15888 0 9
8563 1 9
11587 1 9
15962 1 9
10163 1 9
7860 0 9
489 1 9
13117 1 9
3815 1 9
4968 0 9
14456 0 9
11786 1 9
9394 1 9
9384 1 9
3278 0 9
11184 1 9
9559 0 9
10176 0 9
12319 0 9
9756 0 9
6312 0 9
2838 1 9
16419 0 9
10036 0 9
11961 0 9
6064 1 9
10832 1 9
6055 1 9
13639 1 9
10261 0 9
16493 0 9
2139 1 9
11524 0 9
5377 0 9
8711 1 9
14578 1 9
14586 0 9
14799 0 9
10942 1 9
2776 0 9
1157 1 9
13335 1 9
3732 0 9
11187 0 9
4771 1 9
4363 0 9
10945 1 9
6288 1 9
15745 0 9
1393 1 9
755 1 9
5836 1 9
113 0 9
4408 1 9
3080 1 9
15006 0 9
7534 1 9
7303 1 9
3923 0 9
2243 0 9
10315 1 9
745 1 9
3840 1 9
5601 1 9
4356 0 9
11557 1 9
3930 1 9
2894 1 9
15355 1 9
15955 0 9
166 1 9
12720 1 9
11358 0 9
9958 0 9
5002 0 9
2608 0 9
3114 0 9
8695 0 9
14129 0 9
10106 0 9
9903 1 9
5663 1 9
14035 0 9
14443 1 9
10828 0 9
5963 1 9
2920 0 9
2782 1 9
14488 0 9
1519 0 9
12281 1 9
16089 0 9
3887 0 9
3748 1 9
14984 0 9
5808 0 9
2524 1 9
5613 1 9
9180 1 9
15053 1 9
16472 1 9
8276 0 9
14734 0 9
9691 1 9
13990 0 9
8532 1 9
3551 1 9
4530 1 9
8420 1 9
15267 0 9
3136 0 9
13658 1 9
10929 0 9
1585 0 9
6307 0 9
2388 1 9
4415 1 9
9922 1 9
4277 1 9
15664 1 9
3858 1 9
4149 0 9
16082 0 9
10989 1 9
13814 0 9
16421 0 9
3013 0 9
8220 0 9
9561 0 9
15023 1 9
1080 1 9
21 1 9
3265 0 9
7065 0 9
11458 1 9
3606 0 9
10952 1 9
11318 1 9
11154 0 9
13808 1 9
621 0 9
2471 0 9
969 0 9
5407 0 9
16510 0 9
12300 1 9
16351 1 9
1993 0 9
9181 0 9
13968 0 9
8823 0 9
16639 1 9
11445 1 9
7898 1 9
6334 0 9
8439 0 9
14872 1 9
9128 0 9
8519 0 9
10588 1 9
9917 1 9
1094 0 9
1952 0 9
4976 0 9
2508 1 9
10860 0 9
6606 1 9
12526 1 9
3237 0 9
601 0 9
1173 0 9
2191 1 9
16362 1 9
12804 1 9
2048 1 9
14301 0 9
6683 1 9
9912 1 9
7000 0 9
3814 0 9
14340 1 9
7002 1 9
1537 1 9
11328 1 9
13381 0 9
12987 1 9
1541 1 9
9885 0 9
9748 1 9
5239 1 9
6471 0 9
10440 0 9
11594 0 9
16169 1 9
16308 1 9
5090 1 9
163 1 9
11745 0 9
1762 0 9
15370 1 9
12258 1 9
1767 1 9
16574 0 9
9485 0 9
4476 0 9
6974 1 9
15754 1 9
8930 0 9
2620 0 9
9523 0 9
5653 1 9
994 1 9
4216 0 9
6187 0 9
10787 0 9
4275 1 9
6949 1 9
7109 0 9
8295 0 9
4531 0 9
7763 1 9
5781 0 9
6461 0 9
219 0 9
15932 0 9
14389 1 9
4903 0 9
14957 0 9
4038 0 9
5522 0 9
9042 0 9
13666 0 9
123 0 9
14215 1 9
563 1 9
3180 1 9
2182 0 9
10801 0 9
11025 1 9
5834 1 9
14112 1 9
3759 0 9
3172 0 9
2052 0 9
6228 1 9
9845 1 9
9987 1 9
11601 0 9
11220 0 9
12015 1 9
9310 1 9
4632 0 9
1548 1 9
337 0 9
1467 0 9
1975 1 9
4720 1 9
3336 1 9
15615 0 9
363 0 9
16655 0 9
7102 0 9
1972 1 9
4422 0 9
3335 0 9
14016 0 9
14669 0 9
5994 1 9
6119 0 9
10812 0 9
1291 1 9
5688 1 9
4432 0 9
16148 0 9
8453 1 9
7026 0 9
14244 1 9
14722 0 9
2315 0 9
184 1 9
16317 1 9
7461 0 9
521 0 9
6628 0 9
11196 0 9
5032 0 9
15944 1 9
15381 1 9
12931 0 9
2017 1 9
12161 0 9
11229 0 9
3974 0 9
13790 1 9
9908 1 9
11400 0 9
8462 1 9
9122 0 9
1670 1 9
2876 0 9
3641 1 9
3052 1 9
16288 0 9
1568 0 9
11541 1 9
14165 0 9
1376 0 9
2495 1 9
10239 1 9
2163 0 9
1130 1 9
6515 1 9
5499 0 9
16390 0 9
7769 1 9
6623 0 9
2020 1 9
11642 1 9
6086 1 9
753 0 9
788 1 9
7962 1 9
13544 0 9
6605 1 9
12253 1 9
10461 0 9
4344 0 9
509 0 9
968 1 9
4306 1 9
10354 0 9
6 1 9
11725 1 9
12155 0 9
8855 0 9
502 0 9
13113 0 9
4585 1 9
5861 1 9
6756 1 9
2909 1 9
10150 1 9
6873 0 9
4983 0 9
15529 1 9
4568 0 9
3537 1 9
9186 1 9
10198 1 9
3422 1 9
12525 1 9
287 1 9
7527 0 9
7046 1 9
12339 1 9
11244 1 9
13738 0 9
6872 1 9
3707 1 9
11226 1 9
2739 0 9
6345 1 9
10049 1 9
8256 0 9
837 0 9
3598 1 9
11046 0 9
1043 0 9
341 1 9
11754 1 9
3541 0 9
4394 1 9
10680 0 9
718 0 9
14569 0 9
6317 1 9
15499 0 9
2230 0 9
4511 1 9
12608 0 9
8660 1 9
15614 1 9
5952 0 9
15789 0 9
5820 1 9
1686 0 9
7282 1 9
6135 0 9
9151 0 9
4586 0 9
199 0 9
2151 1 9
9322 1 9
13159 0 9
14120 0 9
11500 1 9
3275 0 9
1860 0 9
15384 1 9
6042 0 9
1763 1 9
10823 0 9
8850 0 9
6871 1 9
10001 1 9
15566 1 9
4198 0 9
11512 1 9
12715 1 9
712 0 9
12801 0 9
5528 1 9
7075 0 9
14911 1 9
16396 0 9
242 1 9
9082 1 9
2270 0 9
14872 0 9
13423 0 9
15656 0 9
14518 1 9
10690 1 9
12119 0 9
5074 1 9
515 1 9
9885 1 9
16339 1 9
16054 1 9
328 1 9
3309 1 9
13345 0 9
3415 0 9
10544 1 9
11452 1 9
9211 0 9
16515 0 9
5907 1 9
1941 0 9
15548 0 9
10666 0 9
7838 0 9
6635 0 9
12512 1 9
4229 0 9
13669 1 9
16374 1 9
15539 1 9
5867 0 9
11808 0 9
756 1 9
4877 0 9
2155 0 9
15812 1 9
11928 0 9
15441 0 9
9251 1 9
12021 1 9
9831 0 9
14854 0 9
2266 1 9
11740 1 9
8886 0 9
1684 0 9
7779 0 9
8619 1 9
3718 0 9
10923 1 9
4001 1 9
2419 0 9
7745 1 9
3643 0 9
15482 0 9
8120 1 9
6416 0 9
12340 1 9
14796 1 9
11567 1 9
3135 0 9
4229 1 9
12623 0 9
9142 1 9
4072 0 9
11380 0 9
1192 1 9
1516 0 9
3790 1 9
3836 1 9
13616 0 9
7477 1 9
13496 0 9
14505 1 9
9530 1 9
1508 1 9
6872 0 9
13348 0 9
5804 0 9
15897 1 9
3715 1 9
467 0 9
9077 1 9
6791 0 9
5573 0 9
16127 1 9
6305 0 9
11345 0 9
2020 0 9
263 1 9
4594 0 9
2467 0 9
5183 1 9
9324 1 9
8640 1 9
7195 0 9
11156 0 9
4521 0 9
9852 1 9
6961 0 9
8330 0 9
776 0 9
6917 1 9
8669 0 9
9432 1 9
9357 1 9
16550 1 9
15299 1 9
14069 1 9
15005 0 9
2068 0 9
15329 0 9
10220 1 9
14812 1 9
15489 0 9
10834 0 9
4501 1 9
1241 0 9
9949 0 9
7784 0 9
8508 0 9
4111 0 9
14467 1 9
1327 1 9
13813 1 9
10151 0 9
15040 0 9
10539 0 9
15581 0 9
5198 1 9
10742 0 9
15665 0 9
6944 0 9
1091 1 9
14177 0 9
15827 0 9
7864 0 9
142 0 9
4835 0 9
6025 1 9
10004 1 9
12072 1 9
264 1 9
12884 0 9
6402 1 9
2761 0 9
5529 1 9
369 0 9
13908 1 9
5546 1 9
8914 0 9
2075 1 9
10305 0 9
2666 1 9
1282 1 9
9626 1 9
11795 1 9
14072 1 9
10492 1 9
13141 0 9
13831 1 9
4607 0 9
7931 0 9
9300 1 9
1682 0 9
3260 0 9
15091 1 9
13385 1 9
1927 0 9
8805 0 9
6634 0 9
7584 1 9
13702 0 9
13509 1 9
24 0 9
338 1 9
13620 0 9
55 1 9
2518 0 9
12842 0 9
12508 0 9
9612 1 9
992 1 9
10034 1 9
1677 0 9
9212 1 9
14059 0 9
8990 0 9
2475 1 9
16630 0 9
1405 1 9
16344 0 9
16558 0 9
1377 0 9
9983 0 9
3239 1 9
15095 0 9
14220 0 9
15527 0 9
15172 0 9
766 1 9
13298 0 9
7691 0 9
16270 1 9
271 0 9
1347 0 9
11840 0 9
3601 0 9
12375 1 9
10234 0 9
10412 1 9
5845 1 9
12481 0 9
833 0 9
16023 1 9
3997 0 9
1411 0 9
10285 0 9
4112 1 9
11261 1 9
8656 0 9
3593 0 9
8385 0 9
13262 1 9
10970 0 9
2170 1 9
3837 1 9
13016 1 9
11141 1 9
8192 0 9
1994 0 9
3050 1 9
14320 0 9
6008 1 9
16103 1 9
10625 1 9
16230 0 9
13766 0 9
12897 0 9
2125 1 9
13011 0 9
4271 1 9
14134 0 9
2770 1 9
4382 0 9
9505 1 9
2355 0 9
2447 1 9
200 0 9
1538 1 9
8158 1 9
12 0 9
468 0 9
8325 1 9
6865 0 9
8483 0 9
8432 1 9
13063 0 9
6260 0 9
10948 0 9
4649 0 9
1301 1 9
1834 1 9
13200 1 9
11915 1 9
12305 0 9
11969 0 9
6530 0 9
7583 0 9
89 0 9
11460 0 9
13351 1 9
9864 0 9
2725 0 9
10988 1 9
8585 1 9
3428 0 9
4234 0 9
12659 0 9
742 0 9
10785 0 9
832 1 9
11276 1 9
9659 1 9
2212 1 9
15931 0 9
713 0 9
14686 1 9
3568 0 9
4897 1 9
12645 0 9
14412 1 9
9213 1 9
9914 0 9
10118 0 9
16577 0 9
14661 1 9
3782 1 9
14038 0 9
1693 0 9
7138 1 9
11239 0 9
11906 1 9
4046 0 9
14840 0 9
13711 0 9
10826 0 9
13500 0 9
679 1 9
3408 0 9
15949 0 9
10268 1 9
1225 0 9
358 1 9
6592 0 9
657 0 9
11042 0 9
12943 1 9
15928 0 9
3307 0 9
660 1 9
10692 1 9
3662 1 9
16076 1 9
1513 1 9
642 1 9
1276 0 9
9203 1 9
14345 1 9
11290 1 9
12385 0 9
10260 1 9
7603 0 9
12877 0 9
9618 0 9
2417 0 9
3939 1 9
5967 0 9
13638 1 9
6060 0 9
11822 0 9
13157 0 9
4867 0 9
12927 0 9
13350 1 9
4826 1 9
4947 0 9
5226 0 9
10679 0 9
1265 1 9
3386 1 9
7663 1 9
8475 0 9
6255 1 9
10375 1 9
4904 1 9
11041 1 9
13522 1 9
11650 0 9
14076 1 9
3587 0 9
13023 1 9
7035 1 9
400 0 9
11958 0 9
58 1 9
9075 0 9
11455 1 9
13347 0 9
15563 0 9
8360 0 9
11033 1 9
1538 0 9
14258 0 9
14606 1 9
8096 1 9
10721 1 9
3315 0 9
13455 0 9
4449 1 9
16440 1 9
7424 0 9
1749 1 9
12550 0 9
8570 1 9
5091 1 9
8009 0 9
6913 0 9
3770 0 9
13610 1 9
1936 0 9
5819 0 9
9835 0 9
549 1 9
2558 1 9
16175 0 9
5072 1 9
4956 1 9
198 0 9
15303 0 9
2934 1 9
11778 1 9
3156 1 9
3068 0 9
11300 1 9
4821 0 9
14008 0 9
11815 1 9
9710 0 9
7684 0 9
374 1 9
12927 1 9
12365 1 9
8076 1 9
11096 0 9
15021 0 9
703 1 9
1431 1 9
3322 0 9
1862 1 9
15187 0 9
5492 1 9
5316 1 9
5598 1 9
787 1 9
16464 0 9
15541 0 9
12279 0 9
42 0 9
2993 0 9
4997 0 9
9096 0 9
3678 0 9
15234 0 9
1067 1 9
13628 0 9
9238 0 9
3210 1 9
10719 0 9
7375 1 9
15712 1 9
1560 1 9
5406 0 9
11502 0 9
2340 1 9
10568 0 9
12661 0 9
4535 0 9
7635 1 9
11934 1 9
7849 0 9
11498 1 9
12995 0 9
10747 0 9
11676 0 9
1702 0 9
8018 0 9
12737 0 9
6717 0 9
9690 1 9
2410 0 9
1754 1 9
11307 1 9
9269 1 9
15413 0 9
900 0 9
14275 0 9
4367 0 9
8051 1 9
15212 0 9
8193 0 9
7928 1 9
10743 1 9
6185 0 9
3708 0 9
4985 1 9
6945 1 9
8118 1 9
10856 0 9
1171 0 9
1201 1 9
9248 1 9
5205 1 9
9231 0 9
5188 1 9
9342 0 9
15883 0 9
2563 1 9
7004 1 9
12533 1 9
8441 0 9
1586 1 9
8862 0 9
2462 0 9
9041 1 9
659 1 9
14063 0 9
12753 0 9
4085 1 9
15759 1 9
7563 0 9
11871 1 9
13388 1 9
15126 0 9
12368 1 9
2887 1 9
4002 0 9
158 1 9
12494 0 9
16007 1 9
8185 1 9
13647 1 9
7499 1 9
10462 1 9
15843 0 9
2929 0 9
8135 1 9
2593 1 9
900 1 9
6251 1 9
12990 0 9
5245 1 9
11721 1 9
15482 1 9
1698 0 9
10384 0 9
13272 1 9
9930 1 9
179 1 9
6390 0 9
13612 1 9
16586 0 9
1463 0 9
10238 1 9
16060 1 9
1754 0 9
11351 1 9
4168 1 9
12928 0 9
8054 0 9
507 0 9
11532 1 9
10840 0 9
3957 1 9
985 1 9
15476 1 9
13341 1 9
1103 1 9
11579 1 9
9934 0 9
2552 1 9
3513 0 9
11065 0 9
1913 0 9
16050 0 9
13902 0 9
11350 1 9
12358 0 9
330 0 9
5850 1 9
11988 0 9
3981 0 9
3474 1 9
4512 0 9
187 0 9
9970 1 9
13329 1 9
16236 0 9
14894 0 9
6905 0 9
8251 1 9
16181 1 9
6647 0 9
4280 0 9
6788 0 9
13174 1 9
4070 0 9
16031 1 9
11513 0 9
12585 1 9
13307 1 9
16644 1 9
16425 1 9
2189 0 9
11789 0 9
1626 1 9
10827 0 9
3762 0 9
1299 0 9
9317 1 9
11061 1 9
12221 1 9
672 0 9
14236 0 9
7968 0 9
4492 0 9
12463 1 9
7243 0 9
13863 0 9
12326 1 9
12325 1 9
749 1 9
3238 0 9
8747 1 9
10722 1 9
16408 1 9
6110 0 9
10890 1 9
16387 1 9
12457 0 9
1925 1 9
16058 1 9
95 1 9
644 1 9
7910 0 9
12891 0 9
848 1 9
8966 1 9
15885 1 9
12320 0 9
1393 0 9
14413 0 9
12156 0 9
2422 1 9
6563 1 9
5084 1 9
14287 1 9
8702 0 9
6460 1 9
6171 0 9
10695 1 9
16382 0 9
15796 0 9
8962 1 9
8314 0 9
15725 0 9
12390 1 9
12674 0 9
636 1 9
11235 1 9
8428 1 9
5548 1 9
3363 0 9
13201 1 9
16519 0 9
14909 0 9
5943 1 9
11784 0 9
8161 1 9
9014 0 9
10281 1 9
15617 0 9
6103 1 9
9328 1 9
12528 0 9
15320 1 9
206 0 9
15762 1 9
10852 0 9
4595 1 9
578 0 9
5600 1 9
14041 1 9
13356 0 9
12899 0 9
14042 1 9
3867 1 9
5005 1 9
160 0 9
8734 1 9
7238 0 9
9433 0 9
1372 1 9
4802 0 9
1353 0 9
7562 1 9
3687 0 9
6483 0 9
4462 1 9
9012 1 9
11623 0 9
14201 0 9
4737 1 9
15080 1 9
15463 1 9
118 1 9
1434 0 9
713 1 9
7879 0 9
8481 0 9
6126 0 9
14015 0 9
3866 0 9
14574 1 9
7721 1 9
255 0 9
10559 1 9
11212 1 9
9130 1 9
2472 0 9
7315 0 9
13832 0 9
13775 0 9
4890 1 9
2186 0 9
11097 0 9
4762 1 9
13368 0 9
13195 0 9
4600 0 9
10227 1 9
889 1 9
6759 1 9
979 0 9
9177 1 9
3452 1 9
9330 1 9
4046 1 9
3520 1 9
6906 1 9
11260 1 9
11208 1 9
9979 1 9
11294 1 9
8970 0 9
1390 1 9
8428 0 9
5211 0 9
12403 0 9
12400 1 9
2868 1 9
622 1 9
7994 0 9
12641 0 9
15666 0 9
14145 1 9
16190 1 9
7520 1 9
4053 1 9
15109 0 9
4921 0 9
11162 0 9
10723 1 9
2045 1 9
12483 0 9
1915 0 9
2858 1 9
4195 0 9
7586 1 9
4283 0 9
10199 0 9
4202 0 9
10242 1 9
7896 1 9
9810 0 9
665 0 9
3955 1 9
6366 0 9
4755 0 9
14092 0 9
4218 0 9
11570 1 9
3488 0 9
10541 0 9
7786 0 9
10089 0 9
7011 0 9
4916 1 9
10059 0 9
1935 1 9
14523 1 9
4032 0 9
7618 1 9
12767 0 9
428 1 9
10083 0 9
4139 1 9
9372 1 9
7049 0 9
15832 0 9
8570 0 9
14435 0 9
12462 1 9
12199 1 9
11296 0 9
598 1 9
5467 0 9
7808 0 9
7041 1 9
15589 1 9
240 1 9
11231 0 9
3273 1 9
15059 1 9
9594 1 9
1617 0 9
3863 0 9
9481 1 9
11405 0 9
13870 1 9
6545 1 9
2033 0 9
6016 0 9
10982 1 9
11420 0 9
4613 0 9
14074 1 9
8820 1 9
11837 0 9
10317 1 9
15077 1 9
15971 0 9
2575 0 9
1211 0 9
7850 0 9
9412 1 9
3329 1 9
4866 1 9
9755 0 9
16469 1 9
16259 1 9
16556 0 9
13545 1 9
8232 1 9
12363 1 9
3549 1 9
13603 1 9
10230 1 9
4445 0 9
7753 1 9
15501 1 9
9595 0 9
7303 0 9
428 0 9
9983 1 9
13706 0 9
10241 0 9
7360 1 9
10662 0 9
10955 0 9
8732 0 9
331 1 9
4440 0 9
5864 0 9
3293 1 9
14516 0 9
11774 1 9
1603 0 9
1522 0 9
7698 0 9
9156 0 9
8835 0 9
7382 1 9
5356 0 9
11889 0 9
16036 1 9
8091 1 9
3215 1 9
7245 1 9
2428 0 9
14492 1 9
13218 1 9
16188 0 9
1580 0 9
14918 1 9
12271 1 9
4153 1 9
12948 0 9
2999 0 9
11367 0 9
10449 1 9
12042 1 9
13484 1 9
4794 0 9
3979 1 9
4392 0 9
9185 0 9
3824 0 9
1945 1 9
6733 1 9
9615 1 9
16620 1 9
13132 0 9
10993 1 9
6001 0 9
2695 0 9
6287 1 9
9358 0 9
9182 0 9
9585 0 9
144 0 9
9400 0 9
7569 0 9
1453 1 9
12437 1 9
2220 1 9
1711 0 9
14263 1 9
7402 0 9
2373 0 9
4662 1 9
3750 0 9
3360 0 9
2927 1 9
6295 0 9
1567 1 9
1981 1 9
3093 1 9
3129 1 9
8165 0 9
1316 0 9
4896 0 9
10190 1 9
11694 1 9
8203 0 9
9456 1 9
1550 1 9
1474 0 9
14444 0 9
3291 1 9
7214 0 9
1350 1 9
11905 1 9
6277 1 9
7301 0 9
15609 1 9
2946 1 9
2716 0 9
6689 0 9
1208 1 9
6906 0 9
7232 1 9
14348 1 9
12683 1 9
14859 0 9
8817 1 9
12344 0 9
15286 1 9
10785 1 9
10237 1 9
14626 1 9
5528 0 9
9274 1 9
13403 1 9
11246 1 9
1959 0 9
11292 0 9
11726 1 9
16560 1 9
16618 1 9
8700 0 9
1545 1 9
10633 1 9
10363 0 9
13905 1 9
2937 0 9
5347 0 9
3377 1 9
2919 1 9
16032 0 9
9867 0 9
831 1 9
12000 0 9
10359 1 9
4160 0 9
16280 0 9
12025 0 9
5041 0 9
12187 1 9
2423 0 9
6553 0 9
14491 0 9
16611 0 9
5162 1 9
3817 1 9
16140 1 9
9937 1 9
15368 1 9
14532 1 9
11070 0 9
6651 1 9
15390 0 9
7989 0 9
9953 1 9
13785 0 9
16096 1 9
3962 1 9
4082 1 9
12733 0 9
825 1 9
5316 0 9
16199 1 9
2814 1 9
8777 1 9
13336 0 9
10947 0 9
2721 0 9
11047 0 9
13422 0 9
12431 0 9
8164 1 9
10113 1 9
648 1 9
506 1 9
7713 1 9
11204 1 9
464 1 9
12024 0 9
13344 1 9
2707 1 9
167 1 9
14302 1 9
13324 1 9
3826 1 9
7066 1 9
1912 1 9
11012 0 9
9834 0 9
4785 1 9
7634 1 9
7851 0 9
9636 0 9
12011 1 9
15404 1 9
5343 1 9
3933 1 9
15504 1 9
12028 1 9
15194 0 9
8087 1 9
4996 1 9
7051 0 9
16113 1 9
6479 1 9
8727 1 9
7216 0 9
15094 0 9
1484 0 9
178 1 9
488 1 9
972 1 9
15345 1 9
8083 0 9
16391 1 9
4778 1 9
3806 0 9
7401 0 9
12268 1 9
10362 0 9
9699 0 9
12280 1 9
9982 0 9
5326 0 9
1213 1 9
12800 1 9
9370 1 9
1885 1 9
11289 0 9
9183 1 9
6418 1 9
4757 1 9
9398 0 9
5050 1 9
12130 1 9
16084 1 9
5255 1 9
8498 1 9
3536 0 9
11009 1 9
14969 0 9
6669 1 9
9779 0 9
6074 1 9
3973 0 9
1671 0 9
13823 1 9
15305 0 9
8488 1 9
5173 1 9
5134 0 9
9655 0 9
9672 1 9
4013 0 9
6866 0 9
13582 0 9
4282 1 9
4678 1 9
10631 0 9
862 0 9
7504 1 9
105 0 9
6041 0 9
10071 0 9
15372 0 9
9712 0 9
9477 1 9
4442 0 9
14158 0 9
244 1 9
13541 0 9
16149 0 9
8383 1 9
15717 0 9
10911 1 9
8284 0 9
7681 1 9
2111 0 9
881 0 9
6546 0 9
1839 1 9
10221 0 9
11748 1 9
15583 1 9
1747 1 9
8884 1 9
15987 0 9
15971 1 9
1673 0 9
15983 0 9
4419 1 9
3538 0 9
3555 0 9
10604 1 9
11659 0 9
13326 1 9
5562 1 9
1806 0 9
119 1 9
1607 0 9
8324 0 9
5648 0 9
10502 1 9
4557 0 9
7411 1 9
15740 0 9
8303 1 9
4137 0 9
4452 0 9
3171 1 9
5353 0 9
6363 0 9
7067 0 9
9284 1 9
6653 0 9
13671 0 9
9492 1 9
12365 0 9
2860 0 9
13834 0 9
14808 1 9
5381 1 9
6569 0 9
1677 1 9
7210 1 9
10481 0 9
819 0 9
12687 1 9
13807 1 9
7057 0 9
8036 1 9
14837 0 9
16213 1 9
1234 0 9
13699 0 9
7547 1 9
990 1 9
4071 1 9
7711 0 9
138 1 9
13907 1 9
5307 0 9
6414 0 9
13924 1 9
9733 0 9
988 0 9
4377 1 9
14245 0 9
1085 1 9
16468 0 9
1272 0 9
3712 1 9
12158 1 9
11668 0 9
359 1 9
16296 0 9
10573 1 9
14209 1 9
11733 0 9
6692 0 9
14860 1 9
8773 0 9
9356 1 9
4388 0 9
11937 0 9
3661 0 9
7723 1 9
1878 0 9
1196 0 9
8501 1 9
5434 1 9
15100 0 9
12327 1 9
3450 0 9
15606 1 9
15546 0 9
10792 0 9
339 1 9
14048 1 9
7486 0 9
10741 0 9
2164 0 9
15201 1 9
7139 0 9
12426 0 9
5301 1 9
16400 1 9
1071 1 9
1402 1 9
787 0 9
14918 0 9
7967 1 9
5013 0 9
2585 0 9
16554 0 9
4249 0 9
9836 1 9
8187 1 9
746 1 9
9566 0 9
13559 0 9
6327 1 9
14035 1 9
3205 1 9
4021 0 9
7018 0 9
5428 0 9
6803 0 9
12223 0 9
7083 0 9
4761 0 9
261 0 9
9162 1 9
9608 1 9
4574 1 9
16404 1 9
3952 1 9
220 1 9
12611 1 9
5621 0 9
16232 1 9
10867 0 9
14774 0 9
6107 1 9
9344 0 9
11312 0 9
4159 1 9
6312 1 9
741 1 9
773 1 9
5538 0 9
1223 0 9
18 1 9
4157 1 9
1288 0 9
11280 0 9
12217 0 9
14991 1 9
12889 0 9
1285 1 9
4186 0 9
8867 0 9
7095 0 9
10124 1 9
13434 0 9
16251 0 9
14444 1 9
14735 1 9
12874 1 9
7161 1 9
15036 0 9
10842 1 9
9917 0 9
9170 0 9
9479 0 9
4892 0 9
12622 0 9
8845 1 9
1327 0 9
10466 0 9
1520 1 9
9406 0 9
15808 1 9
9835 1 9
15277 0 9
8327 1 9
4288 0 9
5325 0 9
7470 0 9
7081 1 9
95 0 9
11904 1 9
5062 0 9
2933 0 9
570 1 9
5444 1 9
3053 0 9
10997 0 9
455 0 9
6831 1 9
9808 0 9
7257 0 9
7544 1 9
12660 0 9
14746 0 9
9964 1 9
11823 0 9
7754 1 9
1134 1 9
4984 1 9
11159 1 9
8701 1 9
10368 0 9
8249 0 9
5575 0 9
3620 0 9
7379 1 9
8079 1 9
4510 0 9
10651 0 9
13561 0 9
5415 0 9
7746 0 9
2481 0 9
13283 1 9
10840 1 9
2199 1 9
3310 1 9
630 0 9
1143 1 9
241 1 9
13524 1 9
6355 0 9
6297 1 9
11927 1 9
11490 1 9
13892 0 9
3079 1 9
9114 1 9
4823 1 9
3445 1 9
8667 0 9
14306 1 9
4571 1 9
7163 0 9
16460 1 9
13733 1 9
13723 1 9
9058 1 9
3092 0 9
13685 0 9
16303 1 9
15687 0 9
13905 0 9
259 0 9
8277 1 9
4874 1 9
5895 0 9
9675 1 9
11365 0 9
8099 1 9
8096 0 9
7324 1 9
6180 0 9
3706 0 9
8049 0 9
16481 1 9
5849 0 9
8511 0 9
8807 0 9
10976 0 9
11896 0 9
14782 0 9
519 0 9
16074 1 9
633 0 9
640 0 9
2156 1 9
13574 1 9
6133 0 9
8395 0 9
6817 0 9
579 0 9
1215 0 9
16022 1 9
12212 1 9
1415 1 9
12080 0 9
16402 0 9
13820 1 9
13635 0 9
6205 1 9
5837 0 9
11877 1 9
12236 1 9
14503 1 9
10069 1 9
3301 0 9
15569 0 9
14100 0 9
2839 1 9
11147 1 9
1055 0 9
3292 0 9
16525 0 9
11833 1 9
16505 0 9
13450 0 9
458 0 9
13568 1 9
12150 1 9
6693 1 9
9720 0 9
14896 0 9
12421 0 9
14718 0 9
8317 0 9
10113 0 9
14030 1 9
3322 1 9
3203 1 9
12791 0 9
893 0 9
5568 0 9
11980 1 9
14173 1 9
6573 0 9
4083 1 9
13212 0 9
10746 0 9
72 1 9
6534 1 9
7431 1 9
6902 0 9
5349 1 9
4526 0 9
15695 1 9
8594 0 9
5897 1 9
13094 0 9
12212 0 9
15848 0 9
10646 1 9
13592 1 9
2361 0 9
9004 1 9
2050 1 9
4096 1 9
7108 1 9
11361 1 9
15572 0 9
3677 1 9
5440 1 9
3777 0 9
3702 1 9
3018 1 9
2 0 9
1452 1 9
709 1 9
8225 1 9
15035 1 9
16172 0 9
5569 1 9
9625 1 9
10964 0 9
16141 1 9
2272 0 9
2781 0 9
4920 0 9
13371 1 9
268 0 9
9131 1 9
15249 1 9
15113 0 9
10937 0 9
6687 0 9
206 1 9
8736 1 9
6306 1 9
7624 0 9
5138 0 9
12584 1 9
14600 0 9
9754 1 9
6907 0 9
6316 1 9
10920 0 9
7815 0 9
221 1 9
15086 1 9
2336 1 9
9609 1 9
6941 0 9
5966 0 9
14060 1 9
11899 0 9
8448 0 9
10752 1 9
10158 0 9
11030 1 9
15093 1 9
12220 1 9
12675 1 9
463 1 9
7651 1 9
7486 1 9
3504 1 9
16019 1 9
14149 0 9
10930 0 9
13122 1 9
1310 0 9
5763 0 9
3459 0 9
8493 1 9
5613 0 9
16502 1 9
14703 0 9
8474 1 9
5622 0 9
8927 0 9
1506 1 9
8854 0 9
7454 0 9
10692 0 9
722 1 9
4453 1 9
6590 1 9
887 0 9
1253 1 9
12034 1 9
13980 0 9
10103 0 9
15156 0 9
5857 0 9
8420 0 9
6111 1 9
6785 1 9
9027 0 9
16479 0 9
10105 1 9
8152 0 9
8574 0 9
5157 0 9
14699 1 9
635 1 9
13787 1 9
9425 0 9
14747 1 9
8943 1 9
644 0 9
1590 1 9
15195 1 9
15416 0 9
4117 1 9
12379 0 9
5854 0 9
11678 1 9
646 1 9
11063 1 9
16590 1 9
14747 0 9
14902 0 9
15750 1 9
7469 1 9
14100 1 9
7819 1 9
47 1 9
16072 1 9
4404 0 9
10598 0 9
11715 0 9
12239 0 9
12997 1 9
4260 1 9
9467 1 9
5497 1 9
4195 1 9
2864 0 9
12924 0 9
12859 0 9
9228 1 9
7699 1 9
16606 0 9
5105 1 9
14849 0 9
16628 1 9
6262 1 9
12703 0 9
324 0 9
1083 1 9
16244 0 9
8798 1 9
15133 0 9
10062 0 9
3845 0 9
1845 1 9
10040 0 9
2364 0 9
5640 0 9
14426 0 9
3303 1 9
13716 0 9
10048 0 9
5177 1 9
784 1 9
7952 0 9
1354 0 9
3771 0 9
3948 0 9
13552 1 9
2475 0 9
9640 1 9
5270 1 9
14656 1 9
13743 1 9
15245 1 9
12338 0 9
16068 0 9
2227 0 9
13640 0 9
2957 0 9
8552 0 9
995 1 9
7007 0 9
1478 1 9
1902 1 9
1189 0 9
10653 1 9
646 0 9
16654 0 9
8698 0 9
14622 1 9
9202 0 9
9507 1 9
1963 0 9
1076 1 9
4974 1 9
1620 1 9
15068 1 9
3323 1 9
2172 1 9
13244 1 9
7668 1 9
7015 0 9
15339 1 9
12615 0 9
8851 0 9
4747 0 9
11297 1 9
16174 1 9
2938 0 9
15125 0 9
6431 1 9
12393 0 9
4286 0 9
397 1 9
2713 0 9
12598 0 9
9109 1 9
15131 0 9
5703 1 9
16513 0 9
5637 1 9
1432 0 9
2327 1 9
2976 1 9
8886 1 9
15465 0 9
9083 1 9
5207 1 9
6006 0 9
15874 1 9
10081 1 9
11288 0 9
9629 1 9
7030 0 9
2272 1 9
2867 0 9
12942 0 9
7793 0 9
662 1 9
2551 0 9
13781 0 9
6179 0 9
12654 1 9
5689 0 9
15677 1 9
10949 1 9
5574 0 9
2115 1 9
12417 1 9
16175 1 9
14428 0 9
441 1 9
707 0 9
216 0 9
15610 1 9
15044 0 9
1800 0 9
6833 0 9
14280 0 9
8161 0 9
13462 1 9
5776 0 9
1702 1 9
547 1 9
15809 1 9
2135 0 9
13702 1 9
11038 1 9
11785 0 9
6373 0 9
5178 0 9
16369 0 9
4131 0 9
13995 0 9
14573 0 9
13645 1 9
7802 0 9
11916 0 9
3231 0 9
4446 1 9
3559 0 9
14954 1 9
1422 0 9
4839 1 9
8041 0 9
10906 0 9
15974 1 9
13811 1 9
8031 1 9
1625 0 9
2723 0 9
11710 0 9
3432 1 9
12885 0 9
15859 1 9
143 1 9
16315 1 9
1379 1 9
5989 1 9
2149 1 9
6934 0 9
9393 1 9
4299 1 9
7672 1 9
15573 0 9
16349 1 9
9729 0 9
2781 1 9
12960 0 9
16568 1 9
15263 1 9
2888 1 9
15531 0 9
12765 0 9
8810 0 9
10409 1 9
11436 0 9
10631 1 9
11193 0 9
1026 0 9
2605 1 9
14143 1 9
6924 0 9
14704 1 9
11440 0 9
6157 0 9
11966 0 9
1480 0 9
526 0 9
11043 1 9
16049 1 9
13555 0 9
477 0 9
16182 1 9
10357 0 9
12501 0 9
5617 1 9
7958 1 9
13199 0 9
14687 1 9
3317 1 9
10128 1 9
14556 0 9
6617 1 9
9159 1 9
12348 1 9
3688 1 9
13400 1 9
3966 1 9
6219 0 9
5177 0 9
72 0 9
722 0 9
9474 0 9
8014 1 9
12792 0 9
13862 1 9
11531 0 9
2836 1 9
16132 0 9
11349 0 9
14413 1 9
14827 1 9
14517 1 9
14312 1 9
12696 0 9
8033 0 9
1712 0 9
6078 0 9
15140 1 9
4666 1 9
2632 1 9
3686 0 9
2083 0 9
120 0 9
15616 0 9
5170 1 9
12985 0 9
1597 0 9
8103 0 9
4837 1 9
7422 1 9
10469 1 9
1098 0 9
12699 1 9
6005 0 9
5281 0 9
11851 1 9
5716 1 9
3016 0 9
12190 0 9
1133 1 9
3143 0 9
3242 0 9
15042 1 9
15264 1 9
13585 0 9
5962 1 9
8392 0 9
8375 0 9
10542 0 9
12427 1 9
473 0 9
9698 0 9
8305 0 9
5740 0 9
8482 0 9
11500 0 9
7998 1 9
9378 0 9
133 0 9
12440 0 9
14305 1 9
13546 0 9
11989 1 9
9138 1 9
13013 0 9
719 1 9
443 1 9
12156 1 9
14905 1 9
15886 0 9
5659 1 9
8146 1 9
11605 1 9
15956 1 9
15151 0 9
8355 1 9
1531 0 9
15851 1 9
14679 0 9
14769 1 9
14783 0 9
13143 0 9
282 0 9
16154 0 9
15554 1 9
9473 0 9
14789 0 9
10010 1 9
14938 1 9
6602 1 9
845 1 9
12081 0 9
3583 0 9
9840 0 9
3019 1 9
2451 1 9
4838 0 9
13182 0 9
2437 0 9
7025 0 9
2490 0 9
6033 0 9
4736 1 9
15671 0 9
4658 0 9
1034 0 9
241 0 9
1319 1 9
3595 0 9
13143 1 9
16092 0 9
1924 1 9
10548 1 9
13459 1 9
15275 0 9
13931 0 9
1268 0 9
14473 1 9
4300 0 9
11167 1 9
4020 0 9
7773 0 9
10319 1 9
6607 0 9
2014 0 9
6677 0 9
12937 0 9
1193 0 9
11262 0 9
7884 0 9
11524 1 9
14038 1 9
16167 1 9
2049 0 9
5412 1 9
2214 0 9
9537 0 9
11093 0 9
12241 1 9
16143 0 9
16333 0 9
4259 1 9
4679 0 9
14979 0 9
15165 1 9
2275 0 9
14336 1 9
3885 1 9
7383 0 9
5109 1 9
15629 1 9
6657 0 9
12625 1 9
5750 0 9
6184 0 9
1320 1 9
191 0 9
4151 1 9
5666 1 9
13395 1 9
813 0 9
10273 0 9
14500 0 9
4738 0 9
7851 1 9
1719 0 9
14638 1 9
8797 0 9
11344 0 9
11413 0 9
45 0 9
5387 0 9
597 1 9
9176 0 9
12007 1 9
12255 1 9
7308 0 9
16210 1 9
11397 0 9
9694 0 9
10309 0 9
14572 1 9
1588 0 9
13767 1 9
14064 1 9
14706 0 9
8399 0 9
13619 1 9
15301 1 9
8201 1 9
3130 1 9
10978 1 9
2574 0 9
3618 0 9
2976 0 9
3654 1 9
9139 1 9
5216 1 9
12589 0 9
13699 1 9
8202 1 9
9597 0 9
9989 0 9
14619 1 9
1560 0 9
16539 1 9
1574 0 9
7788 1 9
10560 1 9
2057 1 9
11408 1 9
1602 1 9
13209 1 9
8509 1 9
4670 1 9
13558 1 9
9506 1 9
4951 1 9
10619 1 9
16013 0 9
6405 0 9
7661 0 9
14055 0 9
10448 0 9
3381 1 9
5295 0 9
10071 1 9
9995 1 9
2845 0 9
9628 1 9
9379 0 9
12496 1 9
4493 0 9
3910 0 9
16290 0 9
13438 0 9
10512 1 9
16017 1 9
14710 1 9
6102 0 9
3520 0 9
11854 1 9
2449 0 9
14086 1 9
7483 1 9
2288 1 9
9890 1 9
4192 1 9
3011 0 9
16097 0 9
10763 0 9
10643 0 9
6922 0 9
2672 1 9
920 1 9
14165 1 9
529 1 9
6835 0 9
10985 0 9
1663 0 9
14603 1 9
1504 1 9
5611 0 9
14161 1 9
10455 1 9
8902 0 9
957 1 9
10731 0 9
4428 1 9
10585 1 9
8048 1 9
8977 1 9
14069 0 9
4664 0 9
2248 1 9
6914 1 9
9118 0 9
12712 1 9
7981 1 9
13036 0 9
6417 1 9
3193 1 9
16646 1 9
8277 0 9
14772 0 9
12372 1 9
16566 1 9
4071 0 9
4989 0 9
16455 1 9
7556 0 9
1659 1 9
8884 0 9
15072 1 9
3336 0 9
522 0 9
3775 1 9
5202 0 9
675 1 9
5654 1 9
1892 1 9
9669 0 9
762 1 9
8691 0 9
11517 0 9
15729 1 9
2367 1 9
8731 1 9
8362 0 9
6369 0 9
14612 1 9
2637 1 9
3590 1 9
15904 0 9
802 0 9
11550 0 9
12738 0 9
13646 1 9
4287 1 9
12395 0 9
14938 0 9
12862 0 9
14524 0 9
14230 0 9
14814 1 9
1232 0 9
9850 0 9
16594 1 9
2295 1 9
2935 0 9
1293 0 9
895 1 9
11546 1 9
13103 1 9
6544 0 9
6229 1 9
12404 1 9
7475 1 9
13215 1 9
15661 0 9
1154 1 9
7697 1 9
7621 1 9
1812 1 9
6636 1 9
12361 1 9
5869 1 9
12719 0 9
3114 1 9
11851 0 9
12548 1 9
760 1 9
12620 1 9
7482 0 9
9298 0 9
15491 1 9
10247 0 9
15037 0 9
1852 0 9
10250 0 9
6411 0 9
6502 0 9
16076 0 9
11639 1 9
3920 1 9
15052 1 9
1231 0 9
15976 1 9
1590 0 9
4463 1 9
3187 1 9
2871 0 9
14890 0 9
6365 1 9
12978 1 9
12493 0 9
12988 1 9
9894 0 9
4661 1 9
8675 1 9
2880 1 9
9560 1 9
15163 0 9
11368 1 9
9369 1 9
1678 1 9
2405 1 9
2870 0 9
9776 0 9
11756 1 9
9664 1 9
12286 0 9
9935 1 9
3582 0 9
14382 0 9
10587 0 9
3492 0 9
10206 1 9
6643 0 9
85 1 9
4529 0 9
7748 1 9
10028 1 9
4871 0 9
10870 1 9
8857 0 9
1246 0 9
9576 1 9
3079 0 9
14044 0 9
15154 1 9
6696 0 9
6388 0 9
14078 0 9
4866 0 9
528 0 9
14296 1 9
10900 0 9
10996 0 9
8184 0 9
15323 0 9
7874 0 9
13519 1 9
11701 0 9
10942 0 9
4596 1 9
9891 1 9
7110 1 9
4100 1 9
6742 1 9
5393 1 9
5632 1 9
11869 0 9
3580 1 9
6981 1 9
9044 0 9
7843 1 9
774 0 9
15828 0 9
9116 1 9
4522 0 9
7814 1 9
4616 1 9
14630 0 9
16441 1 9
6318 0 9
8346 1 9
15225 1 9
13664 0 9
14023 0 9
3530 0 9
7084 1 9
991 0 9
10294 1 9
10594 0 9
9126 0 9
9662 0 9
10888 1 9
12734 0 9
14655 0 9
12393 1 9
12060 0 9
7331 1 9
16177 0 9
10887 1 9
8943 0 9
12613 1 9
9962 0 9
12036 1 9
12490 0 9
15917 1 9
10341 0 9
11262 1 9
7491 0 9
5915 1 9
3711 0 9
7511 1 9
8766 0 9
14829 1 9
16237 1 9
15823 0 9
119 0 9
13216 1 9
14221 0 9
10144 0 9
5101 1 9
10547 0 9
12853 1 9
1182 0 9
387 0 9
2837 1 9
12076 1 9
2984 1 9
10258 0 9
1784 0 9
4036 1 9
8911 1 9
3903 0 9
1204 1 9
2449 1 9
4370 1 9
14150 0 9
7564 1 9
7011 1 9
5053 0 9
8723 1 9
9518 1 9
7329 1 9
11321 1 9
6409 0 9
2118 1 9
15244 0 9
3500 1 9
10822 0 9
3250 0 9
13681 0 9
150 1 9
2730 1 9
2673 0 9
4816 0 9
12888 1 9
111 1 9
10967 1 9
12775 0 9
3254 1 9
12793 1 9
16228 0 9
16260 1 9
308 0 9
4173 1 9
16227 0 9
7942 0 9
10526 0 9
2507 0 9
15091 0 9
6789 0 9
15207 0 9
3142 1 9
4599 1 9
7976 0 9
13718 1 9
14194 0 9
8342 1 9
15460 1 9
2352 1 9
4162 1 9
6957 1 9
16579 1 9
16117 0 9
8358 0 9
6391 1 9
230 0 9
13925 1 9
15761 0 9
999 1 9
3777 1 9
2071 0 9
3515 1 9
11347 0 9
14770 1 9
8645 0 9
7018 1 9
12088 0 9
16015 0 9
13035 0 9
7460 1 9
5418 1 9
6596 1 9
839 1 9
11966 1 9
3951 1 9
2900 1 9
2936 0 9
3259 1 9
13108 1 9
6358 0 9
14155 0 9
5965 0 9
3291 0 9
11713 0 9
9226 1 9
9902 1 9
6172 0 9
10654 1 9
13081 0 9
11275 1 9
1578 0 9
8958 0 9
2028 1 9
15037 1 9
8812 1 9
14109 0 9
1661 0 9
4328 0 9
11629 1 9
10465 0 9
4573 1 9
12669 1 9
1060 1 9
14315 0 9
4152 1 9
365 0 9
7169 0 9
3941 1 9
7048 1 9
5448 0 9
13180 1 9
15535 1 9
10286 1 9
5086 1 9
421 1 9
8885 0 9
13410 1 9
8523 0 9
7660 0 9
5976 1 9
2768 1 9
2410 1 9
9244 0 9
5215 1 9
12739 0 9
13479 0 9
4384 1 9
11190 1 9
785 1 9
617 1 9
8185 0 9
805 1 9
15444 1 9
13709 0 9
12031 1 9
8569 0 9
5213 0 9
5518 1 9
13222 0 9
4915 1 9
8 1 9
15481 0 9
12423 1 9
9936 1 9
8589 1 9
1919 1 9
4350 0 9
2404 1 9
10104 0 9
8330 1 9
8909 0 9
6759 0 9
13655 1 9
7807 1 9
3274 0 9
681 1 9
2290 1 9
108 1 9
14058 0 9
8220 1 9
9270 1 9
16357 0 9
7954 1 9
9161 0 9
2792 1 9
8836 0 9
9349 0 9
8776 1 9
4079 1 9
8813 1 9
14152 0 9
453 1 9
14609 1 9
14298 1 9
15738 0 9
5117 0 9
2576 0 9
11347 1 9
10821 1 9
5764 1 9
9584 1 9
15787 0 9
2621 0 9
8954 1 9
6641 1 9
16118 0 9
3871 0 9
3502 1 9
11704 1 9
16529 0 9
9780 0 9
1320 0 9
11207 0 9
8690 1 9
16560 0 9
1895 0 9
4962 1 9
5448 1 9
9750 1 9
4314 0 9
5169 1 9
5318 0 9
9327 0 9
15736 0 9
13960 0 9
16213 0 9
16418 0 9
8286 0 9
2652 0 9
13092 1 9
3433 0 9
7960 0 9
2633 1 9
14609 0 9
11167 0 9
6081 0 9
506 0 9
11848 0 9
466 1 9
7215 1 9
3158 0 9
11652 1 9
464 0 9
64 1 9
5750 1 9
5176 1 9
618 0 9
523 1 9
13541 1 9
5899 1 9
7489 0 9
12566 1 9
13 0 9
1013 0 9
14223 1 9
11762 0 9
8783 1 9
13808 0 9
1529 0 9
13287 1 9
1054 0 9
10447 0 9
2576 1 9
7300 1 9
8089 1 9
5396 0 9
10912 1 9
15961 0 9
6687 1 9
8789 1 9
14650 1 9
10017 1 9
2989 0 9
8059 1 9
14498 0 9
10654 0 9
10030 1 9
2870 1 9
13076 1 9
4015 1 9
5289 0 9
4754 0 9
3183 0 9
8610 0 9
14065 1 9
16261 1 9
7051 1 9
14948 1 9
9689 0 9
6868 0 9
14881 1 9
3507 0 9
13630 0 9
10075 0 9
3816 0 9
2664 0 9
5220 0 9
2105 0 9
825 0 9
11077 1 9
1985 0 9
8104 1 9
881 1 9
13978 1 9
9154 0 9
7276 1 9
14010 0 9
6336 0 9
284 1 9
9909 0 9
4356 1 9
8233 1 9
7810 1 9
11427 1 9
15864 0 9
8384 0 9
8323 1 9
8401 1 9
4563 1 9
8797 1 9
15177 1 9
10714 0 9
1638 1 9
6901 0 9
10468 0 9
2492 1 9
3546 1 9
13033 0 9
9069 1 9
3707 0 9
4697 1 9
1763 0 9
8870 0 9
2176 1 9
744 0 9
8259 0 9
1722 1 9
15464 1 9
5243 1 9
10446 1 9
15675 0 9
2635 1 9
4615 0 9
5424 1 9
8403 1 9
13667 0 9
5852 0 9
4886 1 9
9592 0 9
9839 1 9
12441 1 9
9084 0 9
11423 1 9
809 0 9
10941 0 9
12357 0 9
14080 1 9
11792 1 9
11689 0 9
6482 1 9
2460 0 9
11888 1 9
15096 1 9
2909 0 9
8353 1 9
10084 0 9
10618 1 9
16248 0 9
15734 1 9
13145 0 9
7820 0 9
12474 0 9
10441 0 9
1961 1 9
5044 0 9
4147 0 9
11244 0 9
945 1 9
8587 0 9
1006 0 9
14704 0 9
13609 1 9
5964 0 9
143 0 9
6037 1 9
10393 0 9
8528 0 9
4256 1 9
12068 0 9
4705 1 9
5526 1 9
3959 0 9
10826 1 9
12078 1 9
14885 1 9
10008 0 9
8228 1 9
7111 0 9
5512 1 9
9543 1 9
11954 0 9
9346 0 9
6902 1 9
9603 1 9
4370 0 9
10787 1 9
10180 1 9
5808 1 9
11079 1 9
16038 0 9
12155 1 9
1443 1 9
2511 1 9
2430 0 9
5733 1 9
4711 0 9
4248 0 9
9385 0 9
5693 1 9
614 1 9
5619 1 9
4903 1 9
1405 0 9
13889 1 9
8742 1 9
1872 0 9
11584 1 9
225 0 9
9299 1 9
13354 0 9
2342 1 9
11098 0 9
13567 0 9
15848 1 9
15857 0 9
4066 1 9
13056 0 9
1081 1 9
3397 0 9
13884 1 9
402 0 9
5196 0 9
12879 0 9
3640 1 9
15017 0 9
731 0 9
14121 1 9
5567 1 9
9882 0 9
10394 1 9
2653 1 9
12864 1 9
13420 1 9
728 0 9
9617 1 9
10132 0 9
3184 0 9
4406 0 9
2021 0 9
7508 0 9
14754 1 9
15003 1 9
10091 0 9
9051 1 9
15181 1 9
14290 0 9
11148 0 9
1940 1 9
16243 1 9
2996 1 9
14879 1 9
8607 1 9
9434 1 9
1073 1 9
4254 0 9
14054 1 9
7625 1 9
8860 0 9
744 1 9
6803 1 9
11533 0 9
1455 1 9
15653 0 9
5791 1 9
5635 0 9
9642 0 9
12097 0 9
6719 1 9
7604 1 9
6233 0 9
13710 1 9
16410 1 9
2227 1 9
6869 1 9
7816 0 9
14557 0 9
10325 0 9
364 0 9
5517 1 9
15863 0 9
12908 0 9
8209 1 9
2259 1 9
5069 1 9
4298 1 9
3768 0 9
14793 0 9
15335 0 9
11753 0 9
15444 0 9
12640 1 9
11973 1 9
6732 1 9
5120 0 9
13004 1 9
6105 0 9
13539 1 9
1427 0 9
7327 0 9
4718 1 9
16253 0 9
7616 1 9
1325 1 9
14171 1 9
11316 0 9
16483 1 9
14178 0 9
9463 1 9
4475 0 9
16330 1 9
12454 1 9
7616 0 9
2529 1 9
10211 1 9
9169 0 9
13068 1 9
3014 0 9
5660 1 9
11541 0 9
7210 0 9
1282 0 9
6661 0 9
9374 0 9
5984 1 9
11217 0 9
9895 0 9
11608 1 9
12396 1 9
2822 1 9
1705 1 9
985 0 9
6927 1 9
6590 0 9
4861 0 9
13762 1 9
2634 0 9
1927 1 9
14090 1 9
11408 0 9
15577 0 9
6147 1 9
5777 1 9
14651 1 9
8636 0 9
12354 1 9
7529 0 9
9552 0 9
9650 1 9
11219 1 9
13192 0 9
7319 1 9
4159 0 9
6497 0 9
16133 1 9
6313 0 9
8556 0 9
7736 1 9
5320 0 9
2513 0 9
7565 1 9
956 1 9
4651 1 9
14392 1 9
8437 0 9
14002 1 9
13226 1 9
13529 0 9
15330 1 9
6487 0 9
13535 0 9
5272 0 9
7587 1 9
10039 0 9
15641 0 9
13531 0 9
4795 1 9
6020 0 9
8377 0 9
7716 1 9
10198 0 9
8916 0 9
6010 1 9
2872 1 9
9166 0 9
16206 0 9
3451 0 9
10529 0 9
5319 0 9
12064 0 9
4367 1 9
407 1 9
15978 1 9
12183 0 9
9348 1 9
14159 0 9
15044 1 9
6797 0 9
12041 1 9
10632 0 9
13179 1 9
9069 0 9
115 0 9
3596 1 9
11875 1 9
2660 0 9
11143 1 9
797 0 9
5541 1 9
10992 1 9
8676 0 9
2313 1 9
3788 0 9
11673 0 9
1627 0 9
7872 0 9
12384 0 9
9918 0 9
8003 1 9
7423 1 9
14815 1 9
6398 1 9
11574 1 9
6364 0 9
9105 0 9
940 1 9
9769 1 9
13103 0 9
2858 0 9
1681 1 9
14077 1 9
8756 0 9
230 1 9
2056 1 9
12351 0 9
12700 0 9
11252 1 9
15428 0 9
14828 0 9
14736 1 9
11472 1 9
11501 1 9
8713 0 9
10352 0 9
10159 0 9
4272 1 9
7841 0 9
14523 0 9
15374 0 9
15071 0 9
8729 0 9
3592 0 9
8558 0 9
13815 1 9
15087 1 9
4896 1 9
1374 0 9
13069 1 9
2177 0 9
3805 1 9
11959 1 9
2132 0 9
13175 0 9
4908 1 9
3625 0 9
14571 0 9
10076 1 9
13098 0 9
7309 1 9
7320 1 9
11713 1 9
6323 1 9
9548 0 9
7466 1 9
10200 0 9
7682 0 9
10628 1 9
7707 0 9
4448 0 9
3156 0 9
6442 0 9
11140 0 9
6415 1 9
6641 0 9
4534 1 9
3408 1 9
1326 1 9
5941 1 9
11165 1 9
1041 0 9
2610 0 9
1012 1 9
13976 0 9
14914 1 9
7399 1 9
5974 0 9
581 0 9
15782 0 9
15449 1 9
15793 1 9
13473 0 9
14341 1 9
4956 0 9
5921 1 9
3234 1 9
9643 1 9
4177 0 9
7017 0 9
3308 0 9
13254 1 9
2659 1 9
13001 0 9
13354 1 9
5286 0 9
1095 1 9
46 0 9
13576 1 9
4550 1 9
15075 1 9
2224 1 9
5173 0 9
268 1 9
7686 0 9
14227 0 9
1589 0 9
6373 1 9
4859 0 9
14394 0 9
10875 1 9
7987 0 9
8334 0 9
6406 0 9
2736 1 9
16274 0 9
13325 0 9
15245 0 9
12614 1 9
7829 0 9
4278 1 9
11330 1 9
16425 0 9
10428 1 9
16079 1 9
2844 0 9
2361 1 9
12709 1 9
11050 1 9
2547 0 9
9623 1 9
13733 0 9
1764 1 9
15847 0 9
7316 1 9
7718 1 9
3378 0 9
13197 0 9
13271 0 9
14254 1 9
9136 1 9
373 1 9
7185 0 9
7198 1 9
11949 0 9
11649 0 9
3105 1 9
16417 0 9
10421 0 9
78 0 9
265 0 9
6932 0 9
9209 0 9
8480 1 9
12756 1 9
4276 1 9
15384 0 9
12414 0 9
8452 1 9
1894 0 9
8230 0 9
2696 0 9
7708 0 9
15994 1 9
13339 1 9
7149 1 9
11072 0 9
13610 0 9
5692 0 9
6487 1 9
16656 1 9
7172 0 9
7583 1 9
12929 0 9
5364 0 9
9568 0 9
16003 0 9
4330 1 9
13110 0 9
10335 0 9
8163 1 9
3538 1 9
2809 1 9
14810 0 9
6725 1 9
898 0 9
986 1 9
11965 1 9
12415 0 9
2588 0 9
8539 0 9
1356 0 9
12195 0 9
14509 0 9
3873 1 9
5998 1 9
8308 0 9
4165 0 9
1033 1 9
14275 1 9
11003 0 9
16565 1 9
9110 0 9
10973 1 9
2830 1 9
10551 0 9
108 0 9
12378 0 9
5935 0 9
317 0 9
6564 0 9
14026 0 9
9568 1 9
8575 0 9
14011 0 9
1425 0 9
11333 0 9
16134 0 9
10049 0 9
14317 1 9
11955 1 9
2263 1 9
4817 1 9
5192 0 9
4847 0 9
15078 1 9
11573 1 9
14942 0 9
2319 1 9
8275 0 9
11744 0 9
7525 1 9
12527 1 9
56 1 9
14383 0 9
10235 0 9
7237 0 9
3600 0 9
9287 0 9
9901 1 9
4349 1 9
11369 1 9
15914 1 9
7380 1 9
5870 1 9
8461 1 9
5214 0 9
13025 1 9
8324 1 9
14410 1 9
9341 0 9
2540 0 9
2238 0 9
12593 0 9
1734 0 9
765 0 9
3576 1 9
7052 1 9
2481 1 9
4459 1 9
2098 0 9
9572 1 9
7459 0 9
11133 0 9
10357 1 9
5447 0 9
10362 1 9
7638 0 9
13508 0 9
9392 1 9
14660 1 9
1501 0 9
4880 0 9
14604 0 9
7336 1 9
6045 1 9
13467 0 9
2580 0 9
15176 1 9
3764 0 9
5535 0 9
8426 0 9
1899 1 9
1170 0 9
6156 0 9
3514 0 9
10035 1 9
6102 1 9
2625 1 9
14618 1 9
2950 0 9
4634 0 9
11515 1 9
13162 1 9
7193 0 9
3125 1 9
10798 1 9
5574 1 9
6929 1 9
3162 1 9
10006 0 9
15149 0 9
556 0 9
13685 1 9
8890 0 9
2176 0 9
16466 1 9
180 0 9
10170 1 9
6795 0 9
2974 1 9
9609 0 9
29 0 9
13942 0 9
10068 0 9
4061 0 9
4606 0 9
6955 1 9
14729 0 9
5181 0 9
10933 0 9
10756 0 9
1710 1 9
12350 1 9
4626 0 9
10765 0 9
8546 1 9
1836 0 9
2773 1 9
9508 1 9
2106 1 9
11722 0 9
7206 0 9
6184 1 9
5627 0 9
5501 1 9
1182 1 9
4516 0 9
15603 1 9
7067 1 9
4677 0 9
14088 0 9
16016 0 9
12503 0 9
41 0 9
5322 1 9
6210 1 9
6775 0 9
3467 0 9
245 0 9
15637 0 9
4396 0 9
8074 1 9
6234 0 9
14504 1 9
15055 0 9
10983 1 9
8873 0 9
1038 0 9
10746 1 9
4721 0 9
3711 1 9
13200 0 9
3104 0 9
7495 1 9
977 0 9
6208 0 9
5361 0 9
1414 1 9
3897 0 9
12361 0 9
9168 0 9
2116 0 9
4152 0 9
7468 0 9
11651 1 9
1553 1 9
6820 1 9
11301 1 9
10070 0 9
6085 0 9
13439 1 9
9101 0 9
7347 1 9
16277 0 9
10655 1 9
5830 1 9
12466 1 9
3117 0 9
9158 0 9
8449 0 9
12921 1 9
12914 1 9
4488 0 9
6887 0 9
10380 1 9
12422 1 9
12744 1 9
9549 0 9
7410 0 9
12706 0 9
11280 1 9
3409 0 9
3532 0 9
1247 0 9
3818 1 9
8673 1 9
1235 1 9
11425 1 9
15271 1 9
8584 0 9
4974 0 9
1989 1 9
13846 1 9
4 1 9
14558 0 9
9241 1 9
6223 0 9
12883 0 9
7282 0 9
3797 1 9
13489 0 9
3090 1 9
5641 0 9
11397 1 9
213 1 9
10912 0 9
5569 0 9
8254 0 9
3522 1 9
2928 0 9
1552 1 9
4198 1 9
1502 1 9
5251 1 9
141 0 9
8442 0 9
6589 0 9
14528 0 9
4940 1 9
2012 0 9
7664 0 9
13073 0 9
13951 0 9
8205 0 9
1955 0 9
13851 1 9
1273 1 9
14472 1 9
13312 0 9
1999 0 9
12124 1 9
8373 0 9
9189 0 9
3988 1 9
2735 1 9
6779 1 9
12714 0 9
6867 0 9
11340 0 9
2963 1 9
2291 1 9
5241 0 9
10473 0 9
8250 0 9
6743 0 9
3376 1 9
8714 1 9
9207 1 9
4275 0 9
13481 0 9
3771 1 9
13933 0 9
1651 0 9
12691 0 9
8635 0 9
11404 1 9
3476 0 9
2135 1 9
6577 0 9
5500 1 9
12871 0 9
68 0 9
15601 0 9
7487 0 9
13009 1 9
1544 0 9
759 1 9
11828 0 9
1950 0 9
4848 0 9
6638 0 9
15205 1 9
8741 0 9
6736 0 9
4953 0 9
438 1 9
10730 0 9
11968 0 9
603 1 9
6061 1 9
9976 0 9
13968 1 9
9540 1 9
10026 1 9
11570 0 9
8194 1 9
7131 1 9
11901 0 9
9514 1 9
5745 0 9
3061 0 9
9473 1 9
1221 1 9
10386 0 9
10979 1 9
16218 0 9
13127 1 9
13985 0 9
1379 0 9
13764 0 9
11760 1 9
11165 0 9
13606 1 9
8545 0 9
16592 1 9
4773 0 9
8066 1 9
7357 0 9
13840 1 9
10242 0 9
6210 0 9
1262 1 9
12865 0 9
16401 1 9
12425 1 9
5960 0 9
5194 1 9
9878 0 9
7383 1 9
486 1 9
14318 1 9
3877 1 9
10137 1 9
7890 0 9
10712 1 9
7402 1 9
11327 1 9
4518 1 9
11125 0 9
11286 1 9
3780 1 9
11488 0 9
1423 1 9
2359 0 9
3521 1 9
7103 0 9
12017 1 9
9699 1 9
11098 1 9
12398 1 9
8721 1 9
15643 1 9
1287 1 9
15773 0 9
8070 0 9
724 0 9
1938 0 9
15814 0 9
14387 0 9
13719 0 9
12113 1 9
16627 1 9
2589 0 9
7397 0 9
7813 1 9
2454 1 9
13622 0 9
4687 0 9
6586 0 9
16340 0 9
3900 0 9
11723 0 9
8312 0 9
1986 0 9
1655 0 9
3921 0 9
12893 0 9
5841 0 9
14108 1 9
16438 0 9
9586 1 9
10767 1 9
2583 0 9
12973 1 9
1249 1 9
10545 0 9
1599 0 9
8160 1 9
12210 1 9
3629 1 9
2094 0 9
9857 0 9
12144 0 9
11746 1 9
1044 1 9
9111 0 9
16021 0 9
4357 0 9
12845 0 9
487 0 9
11062 1 9
9419 1 9
6200 1 9
13344 0 9
9949 1 9
3844 0 9
11981 1 9
13928 0 9
14339 1 9
2760 1 9
2304 1 9
8404 1 9
4937 0 9
12409 1 9
1479 0 9
5658 1 9
1910 1 9
9238 1 9
4924 0 9
1904 1 9
13932 1 9
11138 1 9
15498 1 9
9686 1 9
14932 1 9
5305 0 9
853 0 9
10765 1 9
10302 0 9
6840 0 9
1252 0 9
4121 1 9
11816 0 9
3071 1 9
7693 0 9
16306 0 9
975 0 9
10101 1 9
13568 0 9
6883 1 9
6524 0 9
3098 1 9
7691 1 9
15533 1 9
11040 1 9
3468 0 9
2473 0 9
2226 1 9
2862 0 9
14835 0 9
1503 1 9
13228 0 9
2649 0 9
5213 1 9
15771 0 9
6685 0 9
447 1 9
10050 0 9
3956 0 9
11488 1 9
8801 1 9
15107 1 9
6119 1 9
4443 1 9
13411 0 9
6885 0 9
16575 0 9
2462 1 9
12387 0 9
11438 1 9
9040 0 9
823 1 9
3161 1 9
10710 1 9
14448 1 9
14766 0 9
2476 0 9
4189 1 9
101 1 9
12285 1 9
34 1 9
7350 1 9
10280 1 9
10681 0 9
556 1 9
13665 0 9
275 1 9
6348 1 9
14472 0 9
2444 1 9
13920 1 9
6786 1 9
2763 0 9
6527 1 9
13718 0 9
4826 0 9
13063 1 9
1031 0 9
15178 1 9
7939 0 9
7334 1 9
4973 0 9
10718 0 9
11962 1 9
151 1 9
1556 1 9
2323 0 9
14285 1 9
15259 1 9
8266 0 9
3942 0 9
3074 0 9
9380 0 9
13330 1 9
13084 1 9
3 0 9
7335 0 9
12019 1 9
6220 0 9
11163 0 9
9828 1 9
2925 1 9
15006 1 9
9665 0 9
1778 1 9
15831 1 9
2076 0 9
12867 0 9
2037 1 9
491 0 9
